71.4775999999999954 2.0734411184343582 72.1419999999999959 2.1223423068330600 3.5044000000000000 4.4983336427072880 3.5044000000000000 2.3028333088284203
79.2912000000000035 2.0319518512172312 79.9542000000000002 2.0926964031237616 3.4935999999999998 4.7097747967102572 3.4935999999999998 2.2928171410054525
86.0687999999999960 2.0500017222949549 86.7387999999999977 2.1045332907973715 3.5150000000000001 4.8877619667296281 3.5150000000000001 2.2671574715048179
86.7627999999999986 2.0503114191222451 87.4301999999999992 2.1098858461198158 3.5236000000000001 4.9727019207749192 3.5236000000000001 2.2954077675576232
89.1363999999999947 2.0403498831154194 89.7912000000000035 2.1014484950042034 3.4950000000000001 4.9285332024757205 3.4950000000000001 2.2861802912423190
91.4579999999999984 2.0397715885919006 92.1217999999999932 2.1018678192659817 3.5608000000000000 5.0384945495122944 3.5608000000000000 2.2737056334234413
91.5648000000000053 1.9872067728728260 92.2313999999999936 2.0347683151698828 3.5022000000000002 5.0376983753480316 3.5022000000000002 2.3002289822263640
91.7019999999999982 2.0374558265761369 92.3611999999999966 2.0939941552698902 3.5022000000000002 4.9415527062482827 3.5022000000000002 2.2655290076132037
92.0923999999999978 1.9934535388120487 92.7399999999999949 2.0499854848504708 3.5124000000000000 5.0380152401031797 3.5124000000000000 2.2993267755419509
92.5032000000000068 2.0502757097759368 93.1551999999999936 2.1095978385958118 3.4904000000000002 5.0111105361747059 3.4904000000000002 2.3109686183916560
92.6239999999999952 2.0439813041988382 93.2894000000000005 2.1036474767748774 3.4738000000000002 4.9891491581094636 3.4738000000000002 2.2937231291414908
92.9279999999999973 2.0650590533393363 93.5930000000000035 2.1262773128268591 3.4369999999999998 5.1384326343728199 3.4369999999999998 2.3102160980488247
93.0983999999999980 1.9808842016746182 93.7526000000000010 2.0382895193845663 3.4596000000000000 5.0930466152161769 3.4596000000000000 2.2940401836220774
93.4304000000000059 2.0336132760658598 94.0848000000000013 2.0894214740973838 3.5693999999999999 5.0225107947058296 3.5693999999999999 2.2762732533649817
93.6055999999999955 1.9977103917639998 94.2604000000000042 2.0651016364706583 3.4678000000000000 5.0289300082030852 3.4678000000000000 2.2961745673029101
93.5896000000000043 2.0400990762333504 94.2574000000000041 2.0920852286942861 3.4683999999999999 5.1731250520899756 3.4683999999999999 2.2861423248227282
93.8388000000000062 2.0198095172805828 94.5023999999999944 2.0752001183274400 3.5154000000000001 5.1041499105396442 3.5154000000000001 2.2782451404938926
93.8539999999999992 2.0154146916393794 94.5138000000000034 2.0755411665941113 3.4596000000000000 5.1368292401956079 3.4596000000000000 2.2830265618376875
93.9471999999999952 2.0660265857850506 94.6036000000000001 2.1168285789469419 3.5026000000000002 5.0869037417603638 3.5026000000000002 2.2891573314776013
94.7912000000000035 2.0666051222587902 95.4605999999999995 2.1318903891444010 3.5604000000000000 5.1324879431419319 3.5604000000000000 2.2989147095463012
95.4368000000000052 1.9936902267263157 96.1028000000000020 2.0388878273986881 3.4750000000000001 5.1239339281239715 3.4750000000000001 2.3005289580219022
95.4451999999999998 2.0169805656278457 96.1148000000000025 2.0729882817042684 3.4927999999999999 5.1333081468489796 3.4927999999999999 2.3140914337667744
95.4912000000000063 2.0508446437384156 96.1466000000000065 2.1085534471594274 3.5922000000000001 5.1794261121257623 3.5922000000000001 2.2742325269675798
95.5367999999999995 2.0507283724012488 96.1880000000000024 2.1065477703346156 3.4824000000000002 5.1453779280830831 3.4824000000000002 2.2940668666274120
95.5972000000000008 2.0268630429209940 96.2683999999999997 2.0851932874938099 3.5142000000000002 5.1197846242708085 3.5142000000000002 2.2856165839076610
95.6295999999999964 1.9810069958845546 96.2886000000000024 2.0340446178738314 3.5148000000000001 5.0076609603345483 3.5148000000000001 2.3044398557154233
95.7668000000000035 2.0171344839413314 96.4256000000000029 2.0761808074801844 3.5327999999999999 5.1377117529510432 3.5327999999999999 2.3162895327311497
95.7223999999999933 2.0755239820247784 96.3961999999999932 2.1313221405534555 3.5152000000000001 5.1411266466251666 3.5152000000000001 2.2786854634829043
95.9419999999999931 1.9745925663692325 96.6020000000000039 2.0260347882977428 3.4775999999999998 5.1136758888513105 3.4775999999999998 2.2743202823149842
96.0491999999999990 1.9885598391918733 96.7203999999999979 2.0535499150131926 3.5099999999999998 5.0986977105598967 3.5099999999999998 2.2788020071339115
97.5687999999999960 2.0053106527824642 98.2244000000000028 2.0600226646024398 3.4851999999999999 5.1363600145277752 3.4851999999999999 2.3099021818289027
97.6372000000000071 2.0082785654782338 98.3002000000000038 2.0678818116704365 3.4638000000000000 5.2810724086265877 3.4638000000000000 2.2968118401222566
97.6812000000000040 2.0663059996275526 98.3431999999999960 2.1195075424363292 3.5358000000000001 5.1019527618743084 3.5358000000000001 2.3002122848361326
97.7012000000000000 2.0927480686637319 98.3588000000000022 2.1503923822129520 3.4718000000000000 5.3078772095908944 3.4718000000000000 2.2938738263963616
97.7155999999999949 2.0604770693095880 98.3747999999999934 2.1140526965430055 3.5097999999999998 5.2371171190974746 3.5097999999999998 2.2859897440325416
97.8175999999999988 1.9741098403919644 98.4729999999999990 2.0407116162702059 3.5314000000000001 5.1055135778664571 3.5314000000000001 2.3237241615122390
97.7747999999999990 2.0334482885946419 98.4407999999999959 2.0904950116847387 3.4920000000000000 5.1830553125038605 3.4920000000000000 2.2582639241661364
97.7319999999999993 2.0760149247039430 98.3948000000000036 2.1378136049248733 3.4683999999999999 5.2610939985912060 3.4683999999999999 2.2900764900033388
97.8580000000000041 2.0538450905390082 98.5255999999999972 2.1075656589063412 3.4232000000000000 5.0906914842639592 3.4232000000000000 2.2651110139640211
97.9388000000000005 2.0102394813938242 98.5973999999999933 2.0663414997136091 3.4729999999999999 5.2236305979007227 3.4729999999999999 2.3143772960461071
98.0131999999999977 2.0726516680299656 98.6825999999999937 2.1381233720977986 3.5188000000000001 5.2029091182393845 3.5188000000000001 2.3163591396700092
98.1407999999999987 2.0195521974476529 98.8032000000000039 2.0675891141493734 3.5175999999999998 5.1154054418557005 3.5175999999999998 2.3114408475577202
98.1895999999999987 2.0309792749713309 98.8468000000000018 2.0905989287226174 3.4727999999999999 5.1430609227512587 3.4727999999999999 2.2807675331142412
98.1400000000000006 2.0016996178927680 98.8003999999999962 2.0583020092863649 3.5501999999999998 5.1948865829122646 3.5501999999999998 2.2880837015732358
98.2248000000000019 2.0641504556162285 98.8897999999999939 2.1237132555028042 3.4409999999999998 5.2198697692645188 3.4409999999999998 2.2981678169931397
98.2288000000000068 1.9668310158346014 98.8859999999999957 2.0227264482516887 3.4567999999999999 5.1930320311293352 3.4567999999999999 2.2535193431355269
98.3588000000000022 2.0480482075117417 99.0213999999999999 2.0959533974134126 3.5297999999999998 5.1136873310385260 3.5297999999999998 2.2839779488984151
98.4539999999999935 2.0108437777559223 99.1261999999999972 2.0786384263602722 3.5114000000000001 5.2469638807593482 3.5114000000000001 2.3002017793326588
98.5364000000000004 2.0080541567147190 99.1894000000000062 2.0626144854778703 3.5356000000000001 5.2346696852182255 3.5356000000000001 2.2993455673316272
98.5371999999999986 2.0371171123000873 99.1881999999999948 2.1001102001015362 3.5000000000000000 5.1846235759527293 3.5000000000000000 2.2766283419393392
98.6140000000000043 1.9993507647974478 99.2849999999999966 2.0524662052040470 3.4680000000000000 5.1579208669321304 3.4680000000000000 2.2986153933499418
98.6295999999999964 2.0118681275552168 99.2916000000000025 2.0537314825946744 3.4580000000000002 5.1626372644904022 3.4580000000000002 2.2909573756705792
98.6804000000000059 2.0328015880698467 99.3494000000000028 2.0934651081954643 3.5344000000000002 5.2541515377533923 3.5344000000000002 2.2909968077836020
98.7232000000000056 2.0550976729316437 99.3824000000000041 2.1208181944624092 3.4882000000000000 5.2230669654624506 3.4882000000000000 2.2779153934481284
98.6808000000000050 2.0473762990574031 99.3329999999999984 2.1094551334863794 3.4765999999999999 5.1766203723757780 3.4765999999999999 2.3090514900618286
98.7275999999999954 2.0400565203251659 99.3979999999999961 2.1029694472576677 3.5042000000000000 5.2874953921024179 3.5042000000000000 2.2860943999583885
98.7331999999999965 2.0830952011666257 99.3941999999999979 2.1263373726021055 3.5186000000000002 5.1898373310060943 3.5186000000000002 2.2841842175069642
