2027583685
2027608680
2028282863
2027714756
2027742792
2028156998
2027780299
2027809598
2028093284
2027518169
2027547798
2028356208
2027387102
2027416492
2028487228
2027452636
2027482485
2028422508
2027649227
2027679153
2028226287
2028303658
2028326115
2028217895
2028113340
2028135142
2028155598
2028508286
2028530032
2028550416
2028443022
2028465121
2028355999
2028181682
2028203651
2028093816
2028247545
2028269486
2028290419
2028379189
2028401586
2028422976
2028238155
2028258365
2028407127
2028176341
2028195504
2027951485
2028571358
2028590203
2028608740
2028114753
2028133345
2028020994
2028377149
2028396985
2028284506
