7.0651405962978670e-08
1.1678013803412315e-08
2.4822765454653772e-09
2.1038015694359706e-09
1.2210548937438032e-09
7.2865266293402196e-10
7.1501502961592253e-10
6.7988915087284166e-10
6.3433825199213925e-10
5.7315688507573986e-10
5.4746673455254172e-10
5.1309232018807908e-10
4.9883696162397372e-10
4.6273331013497005e-10
4.5220099791716222e-10
4.4213746938198026e-10
4.1913484699691978e-10
4.1620797079884875e-10
4.0766757481413417e-10
3.3357194846713684e-10
2.8964191280677785e-10
2.8885563197712725e-10
2.8668795993707775e-10
2.8455257948336065e-10
2.7880292062787531e-10
2.7750482095250198e-10
2.7095850487264678e-10
2.6973226375499678e-10
2.6036961028397475e-10
2.5184704623710292e-10
1.7763387065802870e-10
1.7710603426824658e-10
1.7218609184061767e-10
1.7141350663010302e-10
1.7064782350646466e-10
1.7016063163626463e-10
1.6951701043868799e-10
1.6924737890815470e-10
1.6781775662901116e-10
1.6530029443288444e-10
1.6154214594202092e-10
1.5721802083264551e-10
1.5522006635347398e-10
1.5459195299415242e-10
1.5396890259280554e-10
1.5374643154532383e-10
1.4883286753606890e-10
1.4676615455063140e-10
1.4342152705489345e-10
1.4133518501270392e-10
1.4033683366141747e-10
1.3935248751854607e-10
1.3884602018015828e-10
1.3757071306614991e-10
1.3713122841468757e-10
1.3681644281900429e-10
1.3664075001561121e-10
