3.2084139551317779
1.2093191475870122
5.4992553159700739
5.0560847499898012
1.1912104987228826
3.8801047393224097
0.4087543541083517
2.1149592263414156
3.9804142912308187
3.2657830749826111
0.1723857986633258
1.6658699795861254
4.2406744551060687
5.3836376143539919
0.5927656489178016
6.2520786145512162
4.7079060409647457
1.7231960709727001
4.3858981949089175
6.1106622332552352
3.9709334072435518
5.1103347639780718
4.3593559606377612
6.0056116949964133
3.3229085055341221
1.9546449699697943
0.7344755995742349
2.7721903012639695
2.8650232608607307
6.1620928245221558
3.3297248074775885
2.8817886535532429
1.6308041739219514
5.0695659514801221
4.0181392342095812
6.2493501173186763
3.1534177324222195
1.7948993771642561
1.7809211106676557
0.8332692423912458
5.4635137967383036
0.6097532246391245
1.2698411707172477
2.3319418225124986
0.9048168183777339
2.1740184948521577
2.5650632571136183
2.3443599838595919
3.6357772236284429
1.0820847350336047
0.7787763369226228
1.6733887652359769
2.9039832362271287
3.5451826641727799
0.8607158276635012
3.1626188040119243
0.8309819548197448
3.8686829663401134
4.2261810212876858
0.5262427174978278
4.1000538691862651
1.1205024562420423
3.7470126701450379
4.0223634928629819
4.5608850609880021
5.2598649435931177
5.6988175009683077
4.3192810006095916
5.1734743539122761
3.6154720212712879
2.0784844833664033
4.5313615107466241
1.3233745158948229
1.3099625041184204
2.9047379629792118
2.3585093170885538
2.6527139967053350
4.4895083568160352
1.8593798372267070
3.6860503250523391
1.3626336546367777
4.7644903097377309
3.9327583232483305
4.4870211096706187
5.1953242393926962
0.4248081613676948
1.7384884879781934
1.2864147257437539
4.8030409974704540
3.9060799383385576
6.1569236300005619
5.5106879108849531
4.3108619308058911
5.8815064866856330
5.3584183000592427
2.3866418599148838
2.7018525810452090
4.8313934563678682
3.7302754821200113
5.4805930365473818
1.6696467925106655
3.7434025034476552
6.1106442895173645
3.8428819459671528
3.6686484623127198
5.8038367868671568
0.1332686980376040
5.3380200586348812
5.7574771570808547
1.4922976569602731
5.1642096860597810
5.2502949618857793
4.7220489978967128
0.4505465413964799
5.9957843537840576
4.5336187209591090
1.3469658229667010
1.0722739087917035
4.9718666348573990
0.4609432998211986
1.0664536586265008
1.1847574124933973
0.8452526732108686
1.5784417322688089
1.4972167399516352
2.0957901674016588
3.7168354036660625
1.8174254647164798
3.6517441954781038
1.4751908487155418
1.3444405117268143
0.9822549148625648
0.4238785522070568
3.2368009943799967
3.1448216069361354
2.8220514956062099
4.3794926204259141
0.8372694312660840
4.8830122910452491
5.3253922368369002
3.3138183810650252
3.8945861602403649
2.6293127294874465
0.4883183473754946
3.3416709699143010
1.7588823374747484
0.1693946386516667
1.5035484126691092
0.3986042019122831
2.6792722229437489
5.3116634798570805
0.7847902811034874
3.8122602999968382
2.9787524726655348
1.6541004877360967
0.6119302721844714
5.5589524178837548
2.3944282103213888
2.5551832948257727
3.3657170270132650
5.5925697444984115
3.2378802828535078
0.9572656925214212
2.3011035842058005
3.5533457504697998
2.3712047369868552
3.3414923972825696
1.7485404442221022
5.1587644135447075
5.4830153965140180
2.2113753815584181
5.4826611780295753
2.0313308012434335
2.2833963527504002
4.0226962557894170
4.0277110583389053
4.9332181313484105
4.6851881700363274
3.7982490504897064
4.8320298580151784
2.8724729014497998
5.9711605437014201
3.1376035247385992
5.2942591882543049
0.9246680840877378
0.0980791360248905
5.6096416054339704
4.6338342964290904
5.6678222710911577
1.5676159875242655
4.9304397115081580
5.2504147077943193
5.6265408306530889
0.5912093520384066
3.5813875277928706
2.3953730135097135
3.7732095580086189
2.3524658285010749
1.0855480637712029
2.6160364430468448
4.0581465711246709
0.8174406499569690
0.6191380320179508
2.9549031930261296
2.5106244865401481
5.0238073544891817
1.7187821046244836
2.4588129517729982
1.3846450665039576
2.5109479341845939
3.0913586257315293
5.2433616045481886
1.3977015957825474
1.4376254003058702
1.4101500753870519
4.5388451169681483
3.4432164715766733
2.8930036961399055
1.3225071305490197
4.5971541329702603
1.9764118484994229
4.8262873825632333
1.0084470994648964
4.0264733177566923
4.7108869459421179
5.7165448146291986
2.4942323200297292
4.7234344062152704
0.7740379387337858
4.1249587898603322
2.7164942567204244
3.9107170242378801
6.0206552524299264
4.7957031861814219
3.2420963562939913
2.1266901600881924
3.7973427228138328
0.2017632251756502
5.7120336707302872
1.7953358446573784
1.5749439759643666
1.9545026405726413
0.4214047397081448
3.2442271417654069
5.6530376075623767
1.6215142270570739
6.1137707030710207
2.7990193275020143
5.8338065678933892
0.3945223738910683
2.7799810892050294
3.0265812545909823
4.4656321514204942
0.3770170836856969
0.4811306361923583
6.0670962125468479
4.0718148204725724
1.2065674757765470
0.7746436507705332
3.1632243539188507
5.7073773849486438
5.5961067777566074
1.6886148697805095
4.5047296648732118
4.7268625055706073
4.8242392889883901
3.1026907562377199
1.8465117098249824
2.2168234524580988
0.6948481555615268
1.0995243100140379
2.3188123597115236
2.5223359151369595
5.7290840387291428
1.5593648787588292
5.3908998473129763
1.2844497698534512
3.9390646823967779
1.3106882714198094
6.2413357484199228
2.7151120631630183
2.6400497332513462
2.0724020669999796
5.0214983203887718
6.0803791080847107
2.4678730982125954
2.0295764939844534
1.8429119298275625
4.8846049374358529
5.2601405949730182
2.9673735948661140
3.0835909075994588
3.5943295494099954
0.2727802655575527
0.2880943456920912
2.4603996924177771
6.2001634996997046
1.2853555674593273
5.0204220745834087
5.8403944950718074
3.4459860245941525
0.4430790571741483
1.7301923572723263
5.7185657647102133
1.6173645908489980
3.7878449100128924
0.9374520765164245
3.0881116361373055
0.2120231168030744
0.7046198386245179
2.9975870715202784
3.5912016050896849
6.1972573545412226
0.6501245571778607
5.2174952129165808
3.7495994487810558
0.2245683329889858
2.0937121406808301
0.5262424730950644
3.8440540999995667
0.1099701851087290
2.9271843404501054
5.2310816289214621
5.3863144218708525
4.3331465771064348
0.8696504706611351
4.3950818372357494
0.6454959593140500
0.5489540090479517
3.7213134636478222
1.0034129677951635
0.1045165256900452
3.2330406892336434
2.7934515573259620
0.0437956278666260
0.0819540713813414
1.4526432905925568
3.8976403110830784
0.4118753865783423
2.3792562291100228
6.2655485698118873
3.1621860591067947
6.2024373904252732
5.9881909049850082
5.3517340472722514
5.6882840693377270
1.8603161970969300
3.8306502717122668
0.8988034701414360
1.9837514500580693
2.4361069468963565
4.6920453926185539
0.2973253116787428
4.0718222580989885
4.8874581456335262
2.0078133720455753
1.7185884561809697
1.6125372447795667
2.6115233328027174
3.7340577562491126
2.6171982779732850
4.2890152654780298
0.1350258897751878
5.7982297450958171
3.6053823664277953
1.5074260330177900
2.5835716962109783
2.5630354629376781
4.3023600589240649
1.8663883663671956
3.8203902494210307
1.4859581956748256
2.8920282816979372
0.0358248381392435
2.0756974407802207
0.5762352425820108
5.6396678275798395
5.7926464551840553
3.8725113045645938
6.2451433835233479
5.4984953328854589
0.1112453309729596
1.1212521448325108
0.3075065275565265
3.0443618572322948
1.9507635902152154
0.7856756624835077
5.1753037425975901
5.0481859264257292
1.8289744869885372
3.9941819948855408
1.7447112925863999
3.1410897742823054
3.5849177827879188
4.9132472279218193
5.1061998623423648
2.8473819082212688
0.8115871924513165
5.2853554503048841
0.2282526772121493
5.9480370417343371
3.3471491415066232
1.6301751638960293
4.2327300312431824
4.6469719067797701
0.5924348042377950
5.7544693251049681
0.7776404649395912
4.5512177123150561
1.0793977101752212
2.4621729379884467
6.2639655678748820
2.5314318115165739
4.5184423178252766
0.3739208610569734
0.1748091899795335
4.0202990166884378
2.6942368445675209
2.0592979365302120
3.1399081975734404
3.8056872425074579
5.2665262051810604
0.4652532900424512
3.9348910468947018
5.9437734801636353
0.9718716276567163
5.2462083023699595
0.7456297704807844
0.4886324306820548
1.1919600380868849
3.3605307270149409
2.9212255229958703
0.4888672734718335
4.0554093736272963
5.2499319377492091
1.3732825916407778
3.1534687337939040
4.2241186619789968
4.1606752426081881
4.2748195972277854
3.1832385016275651
1.9342625186240807
5.0909890052629398
2.9352551271610903
3.1451479340887927
3.6163515486943814
1.2017743948822652
3.0017205601105750
2.0287869043376823
3.4968886432971633
5.9997278450564018
0.5190509277725145
0.9313100107889011
5.2348928199604892
4.1672736560015853
2.0965583566832873
3.3208502719599955
3.9160480104581117
2.0621123683603471
5.4976441662567170
2.4076984508392743
0.4193563515334484
5.2231994855547192
2.0535519653235998
2.0842229367827021
0.8361414951347013
5.1101638752256191
3.5559681242239334
1.3683310554506809
5.8569429276403397
5.2396435010359417
6.0517586999730471
4.8667874011479464
5.0382612906996309
3.7631977487319919
1.2430712713414960
1.3049068543396969
3.8532262576635694
6.2650219801785640
5.4948452509220997
0.2388665390791353
0.8487675712935444
0.8223867054699022
5.8257819839418339
0.5103391492104129
3.5547821995159987
0.7526189941950361
2.5682255656816073
0.3083171463979374
0.9372451010997719
2.2822507968420180
0.4163967347462214
0.0258353447099910
4.1333726600481162
1.5226045458665005
2.3436107252689116
0.5409900013348830
1.7688511776230635
2.4706225881895634
2.8448802409056113
0.1850889215206521
5.6352850988125516
4.4393506024348950
3.5362561912520807
1.6395385578087045
0.9462019656596001
0.5656077452520133
4.6712971024249335
3.1896676101567709
1.5639591212311752
6.1076031343268733
1.6054520229186255
6.1272228785527592
1.1331839002529229
6.2149227452059383
2.1683460364346412
0.6965638319555937
6.1148197745703419
5.2575380180314326
1.0242985155828561
0.7713939054083981
6.1385740515145111
5.7382090171341114
1.8669763119344012
6.2186376791801008
5.2321954697925257
0.0192822566314488
5.8566911388396843
2.2297714108745743
5.0913118444144017
1.6834941213978478
1.8184034818971870
2.5547851950778329
2.4096685253653614
3.7975108636495802
2.4717113631114480
5.7794233593188675
4.1056605045595260
3.3396491859715010
0.2954466045259124
0.7933109471649639
5.3380905282459015
5.8095313098652106
2.6232842223509776
3.4812116713355694
3.2279133518461460
5.3305207021430867
2.3686745778558276
2.2127593356300381
1.2834677441769828
1.1332446653752040
3.3021805621791818
3.3084472490751295
0.9931157094065414
1.9722450573087444
3.2444448399498689
0.2614944028306331
2.7896796049254249
1.1450926308916201
4.9605509403595063
5.3682054275136029
0.3959942275280033
0.4967305660888995
2.4397186690192347
1.3251495268272446
2.8727529191286307
5.2869961515577719
5.3289245254707991
0.6417787837447625
5.8904093222908713
0.1528049655506594
0.5853426934435092
3.9687402290018228
3.9731452460378605
1.5703575756909662
5.5145310136735715
5.8579199175326373
4.5681520814188508
4.5556797785589840
1.4471998763720979
2.0130174154103471
1.7160418167591374
4.0720945091532208
0.6987102303043176
3.7857187276327724
0.3509469637840553
0.1225560763179118
3.3008884056175836
6.2096537146344950
3.5021290088279216
3.1240802238432650
5.5929781197876896
3.8160948504803534
2.3500245532337924
2.8285985926164074
6.0753749535183212
5.2463645693625391
1.4735660166754063
4.5003776489901393
1.4239771105993948
4.5481600796812591
2.2839472465307646
5.3982736068441595
2.7444194650190146
2.1369708873822932
4.9230980879648296
3.7359038944683642
2.6317235602336111
4.4889212188706535
1.8974679276513433
1.6365031270292660
0.4768036305709440
1.3337455431942513
5.1296609566787295
5.1086962591970169
0.8904110962130117
1.7099557252463999
1.2969123298949543
5.2861083384164358
0.4861590016641436
4.0759632023491115
5.2634321981888821
3.8791450014502846
2.6155657688788589
0.5314951410797187
1.3456234551288344
4.4544282301506497
3.8218096675594730
0.6838258329090838
1.0225574562033657
2.4008624126206426
2.7185116686884889
2.9276393608513831
2.4420291884139993
2.3390743629018216
2.5908491631816064
3.1916072798014170
5.1531994130703760
3.2427821425351704
6.0891696096501571
4.3446009217180972
5.9094120795244391
3.8145868038067334
1.3138448586806213
2.1690809571630281
3.6117502896554718
5.2615069140812230
2.9017761893987655
3.6585319187195138
5.2312833224851412
3.8325764280509937
2.4789933214347308
5.4699824204939960
2.0035893302478227
0.5721714374135053
1.9938203447015161
3.0364273238326573
0.4217755377398884
0.0451141015215867
4.8601650273069552
2.6834085040697735
0.9165059821903689
1.4207243919862746
1.2095790334563503
0.0666226933839038
2.4851225271271642
5.6153386006019934
6.2187132052100056
5.3673490868112141
2.6916285409670344
3.6971560820883465
4.7627692514607354
4.2670546924740442
0.3889628351634382
0.2657092607109696
2.2926265240978423
4.9545875517694205
1.6957930001456991
1.7145176280954242
3.9646721101620335
3.6046694332553399
4.5015147502945485
6.1684752960728790
5.4054208621510043
0.7514838958354336
2.3057832889024428
3.2728507990673226
4.1166177494923568
3.8035329107671569
2.3943444108260890
4.4333048088052651
1.3895695704004518
2.1243069175619391
3.3762116971944760
4.6643030431631765
4.5227461523207539
4.3958902104735609
4.6502381369492074
3.0941454506049411
5.2329716097163210
0.4215107969363849
5.0334625379742164
4.4353702179348629
3.2053198425765137
2.9867765102215666
0.5633064772649095
5.7806316549585022
4.3125274899858548
1.1190268646092114
2.2134571205973859
1.1395084870875956
5.0286128147758511
5.6969748508694185
0.5520864391674517
1.5181719897828874
0.8014179249834125
0.4439925193892409
1.5508543562904580
3.5511084062226215
5.5674059531690991
5.9868908187034267
5.2501664241622938
1.2026906947288030
0.3103153594628826
4.1985482229776219
0.3795714662487424
3.8936245791462865
4.3554902378741200
5.5010677173949736
2.2636850607405616
5.4018859915013406
1.2989437673343553
0.0802395224006093
3.8586065268350191
0.0324971767002204
5.7536764088210006
0.6236774167897350
1.8718724227495929
0.0481965008616875
1.5183439087496873
5.9900564578282998
5.7609595304284680
3.7179092846733566
5.8580465378374527
0.6569552938884921
2.5695754561096567
5.2805768968176539
3.3495527204482429
5.3765492279853753
1.5457599369824906
1.8904292276767689
3.3657099926985166
0.0761514868503643
5.9466577011387711
4.9899369538210321
5.8775986794242927
1.9913665059674788
0.9220593223077918
4.2508191703846974
3.9144751438388181
2.6313980179101533
3.6344200892261687
2.3972091344918756
1.4118140146095981
6.0461774438856084
5.2051298617018427
3.4490235041621680
0.7362748806757811
3.2806741930355190
3.5875408284747596
5.8044594807946179
3.8750332663626530
0.6309309912689117
2.7342674779975211
5.9273232663489495
5.6997059979071558
3.4064096550054019
2.8217440025387619
5.3018477591971047
0.2804596254644767
3.9660776405788094
4.2298889388036347
5.3481682742589527
0.1710720608138196
6.1735908426445860
3.7310055074657313
0.5846236434321572
2.3709941317383296
2.5365099930007622
5.6286329542746110
2.7465918658956596
4.2387364856675962
3.9282679657722470
0.7445391548862802
3.4880055603285860
6.2355070000164821
3.5537220862287979
4.5229673897848759
6.1052452937125343
3.1306403341174072
5.1805980649245988
5.8098736095519294
0.3868226094826832
1.8891815502469822
3.4902132032465727
3.3418487798061114
4.9941442990838070
2.3694921246706819
2.2327926237638631
0.6223540212600934
0.1659445544995360
2.7373137789060360
2.0802569158210473
0.6167801327703987
0.3781104358113683
5.3151623181724199
2.0892758050988656
6.0134387581604711
4.9949763729255432
5.9319366103577966
5.4192581579413277
3.7141858417275881
0.9622143885489198
4.2343603071792630
5.9348942735462717
6.0923646630051014
0.8354983832118535
5.9670436628410553
4.2434995788397556
0.5582827506055974
4.5965744685391430
5.0150298662889456
5.3632726867997578
5.8196057738680027
0.4619342144305182
0.0822112009283398
4.9748164261281218
1.5052579564917359
1.5281475756755885
3.4463397896840382
1.5955455666175093
3.3756518540153460
0.2686160839628756
1.4698326833468145
1.6216709934565869
4.2159068290146537
0.2975597329841138
2.9137142433048941
2.6053066946883465
4.2619133742799402
2.7897267284744038
0.3635465193333384
5.2750495786837392
1.0830990349491116
4.1769374079234396
0.8772907418071327
3.2328799617652013
3.9564767031123167
4.7375404018638045
3.5347289428962818
0.0004934806882772
5.7660256964165564
1.4132119573787150
6.0009213725258270
1.5611392243282403
4.9164642160437149
3.1740577409565649
4.8137807660865217
5.5895907533851830
0.0084450418480086
6.1468597491608135
1.1701788553708752
1.7676738849219500
1.3329295361671363
5.0737231105409046
1.2449771516315329
5.6578574949315668
3.1836116598495781
6.2141378763252355
4.4672257994472258
0.6386678309363170
1.4209720849331227
2.7347326250624278
4.1998060106439095
1.0807838410117441
1.4615791396796223
0.3532513875653402
3.9737469948870507
3.5519018407095229
4.7375335406875081
3.2868411261019985
5.4502076778366888
5.5257648494645766
0.5482899258981174
5.4064798252743875
1.3500067764588777
3.4406637284646391
0.5921172481598382
1.9739529021612989
2.9582639459210651
1.0527644454565184
5.8489900466628288
0.9987657562523926
0.5556941325205876
3.2043288680912663
5.8005610526657687
1.6977612112112859
2.9001187010157246
1.9662548230507220
1.0496379394853648
2.0511059667330014
1.3832931523342684
1.0592728772289570
5.7473889275090908
5.9877424072823056
6.1791802164764684
0.2946446370868258
1.3200004036035407
3.7462328044627591
4.5790080459537732
4.4095453636514037
0.6316468303487937
1.5564531201746115
3.2267141373407315
0.0168632804733417
5.6770945356262565
4.7134730386875061
5.4655500723285826
5.4693459510053941
5.9684553603812658
0.8995318225244376
4.6096458369259645
1.6590676180017343
3.0724018555329962
5.2748251392166257
0.2181728616708736
5.8873265414755789
0.4137178675519725
5.1056368420675593
4.7321827165907644
5.0569648239016542
0.4663329957796491
3.4361375682582564
4.4194857489930710
0.3313072525237996
1.8853363114884361
1.9960582477590552
4.8108968031455559
1.0244594776844389
2.1606412929136400
3.7520416561703120
2.0723264442415128
5.1359096877042196
3.2292109316620290
5.7637926283932535
3.2309193464299608
4.8278621787997720
6.2602025608446379
5.5918195841912715
4.7750713416164610
3.7592985320154839
0.8575980068465607
5.5736630820282640
2.8851865183388075
0.6554047003759802
1.3028828582033389
1.9629650730916888
1.0156521473261018
2.6167529421771683
1.9244308834022483
0.1826959877589748
4.9634320020618024
3.2620192506295207
0.5472766405003018
3.9278666730304974
3.4129173450976618
2.8596076413648395
0.6832255346195540
3.3567298617684416
0.0944978222762029
1.5597550957875708
2.0886389272744261
4.9427225351582544
3.8671560194001433
1.9003917034751097
0.6609737780280744
0.2780567492285766
1.9978651045498701
1.2061972147798181
3.4554612921290455
5.0474849949037930
5.3827267916948021
4.1907193996791055
5.3744288437035035
2.4440174388052154
3.1982487745843176
2.7463425571343971
3.4673627945984649
0.0023745514182069
5.7345454599009349
3.4437871140463368
4.7085460573739359
2.6400969421652625
1.7979501377752152
2.1181056180876134
2.0621486547628818
5.8605846956685657
5.2617024251778499
6.0556726996950649
4.2847247654595479
0.3113229235431560
2.2594775926896205
6.1687334206042390
1.5759516499891699
4.9429711831507612
3.5081496625387625
4.9625199534656552
5.7322998433601438
3.6756631165225251
2.5511316099937615
2.5992965898444509
1.4230087271704650
2.0959069692427597
1.5847039198220614
4.4296552629788977
2.3789994876439882
1.1254414126392123
4.6436409932276650
0.8338879916765806
0.7019443548826775
5.6402482801074934
6.0537056808051517
5.7808949027532739
4.3958102655208444
5.2834438766758272
4.3640947213239709
4.5712798115165389
1.5667827527612364
0.4411500568402255
4.3306194763746184
4.5454360349986977
5.8063050993475622
5.0735004450087979
4.7216036405770119
2.3718705427491513
2.4951763724026952
0.7789851379690549
0.3929124738448984
2.8757825053861428
4.0834470867482224
3.4744197386155857
4.0360656055292461
2.3092497863200578
4.9693054701755619
1.9749143533390494
1.1897311572069722
3.2714123185412602
1.5320735206628211
3.9866767310847222
2.7325049445793672
2.7766876668682592
5.8873898733098864
4.5440281391725144
4.7926764738027057
6.2157566092386851
1.8945987153337922
2.8428957311201972
1.1510084051428542
6.1894067382703151
3.4538756261858863
4.8597234670885197
2.9750475632340110
4.1966366654649043
2.7521803819577135
6.1428682206723799
1.1232791859641020
2.3615317010901560
6.2108211471403179
2.1703794814206754
2.8936364052445445
2.8928718004543228
1.3094711502869942
0.3363356972123605
2.4089601499194382
3.6847861392277261
5.3807772825037619
6.2110787648432861
6.2788796259555806
2.9620361453174149
2.8272860443686305
2.5290486653235442
2.7221688685861749
0.6566973306134180
3.8531187560871389
0.7631486923079108
4.6431186509951070
0.4620606357445607
4.6005401086760553
3.4794234522517802
0.2957909703981996
0.3928922140925421
0.5973431973975603
4.7336218857459542
5.6965277964704644
4.6533515280744613
1.5751963602042067
5.0783560410045245
2.0669655946522805
2.7328223805465242
1.0041089172482187
0.5433493671674403
4.2114540786804229
5.0023443697345673
0.2279059863539497
4.9854316189051513
5.8175254507268450
4.7931801693143727
1.1398231396871619
2.6576649671104198
2.4253495913024361
3.6088277170442766
6.1700791591938904
1.3880484265544479
4.1023644780600286
3.1647165974773706
2.5577032645215128
2.7429261724032146
1.3493278799617416
5.2190815680669207
6.2528449525719756
5.9004318479978854
1.8985135844704910
1.3584291220491482
2.6558082991357854
1.2430411478517709
1.1200370531566377
2.8507382234989436
1.5572821118867146
0.5189583303774382
0.7519688224988900
1.5539069336414650
4.6071648230451654
1.3456427532571655
4.4692153026331658
1.7160586657435188
2.8049297582127717
3.4263450545168346
5.2177901030055152
2.7441792576862776
4.6028220008806633
5.7756302120156313
1.0709243888418842
2.1235621368693551
2.6174165145557233
2.9948334495239703
5.4111224350949234
0.9636101564098468
3.2961696337200750
0.4409048146438210
5.7153224887991740
5.0207755440899051
5.9196541243986038
2.1811165697827577
0.2359829449067264
3.0121481023867589
3.6974533778728502
5.4783881178067562
1.8398167724576058
1.9044740938915627
2.7213626435738818
4.7191559266941780
2.5797343462265809
0.7340501182644803
2.9234788694027305
2.7490349048023930
4.1751696540429233
5.2091100488236988
5.2731509560152059
2.9048667832228028
1.3158199208341357
4.3949894319092868
0.5615586371478076
2.7443244996048612
5.9873803384493671
0.9477045118598578
4.7820261835952298
1.8684003374086855
3.8234513589144963
0.1994245603633687
5.4233121798295780
2.6949891306414306
4.2897174247249081
4.8894943184796755
1.3180622357304141
1.1652234405565862
4.6081005792614134
0.3320680345799599
4.1685398367166204
2.4838822681044683
4.1245511338763583
0.3588188756545235
0.5894099074729303
1.5542127319160775
5.7081567358518850
4.4882062883151859
3.0670938845866349
3.5568828117412563
6.0585254169506024
0.9877205789865626
0.2348369206501023
2.1868571622937818
3.3190527158098004
2.3175197071347924
0.8463872087260191
0.8602764076071933
4.1932678477571788
0.7155735281760423
5.3891802839585621
0.9334689443457377
4.1490374469523630
0.0046009194271685
2.2867023842067717
1.9630861851604484
3.9508518455247570
4.2093724021899073
3.0924580197259890
1.5238828811516199
4.1132107896369812
1.4921401000157715
5.2632969046178877
3.9604202902108074
2.8268027704322649
2.7701322452501840
2.7638144386318308
2.9055413157717749
4.3286753215145808
4.8396827235120776
1.1746721315567878
4.8931263730850914
4.1032699048365853
5.4480299775837420
5.7543832465685449
2.4416656599470650
3.9005242853401274
0.1544187869535679
3.5220497306706164
4.1049200157016497
2.1129179869697898
2.6344995179632793
1.2637381146546585
1.6464494710245148
0.9040532941141730
4.9407879898217741
1.0818939351014960
6.1119649958662192
1.2938211360663681
0.6926651540835926
5.6772679057024709
5.4813032895539662
1.6736886991360769
2.6000712409448790
4.6342719337685043
1.5520364438920693
3.4959461520365203
4.3510049777469701
0.1963761190663538
3.4259277548337921
1.1397143254234070
5.5696743765649108
0.1225671249330584
5.2199738016328965
0.1655650532562112
2.8999589665606420
2.1694960291316190
2.0788864583728195
5.8049366587269846
4.6093341263821950
2.0082591833467238
3.2165687489480561
1.6995763896751332
4.5807009638640368
3.0048178720557193
1.3776521109591777
3.0826481920458577
1.8038300897522896
3.1977636680426818
0.6967811383844787
2.6657067337654321
4.3159340272174331
0.9601876751098189
0.8235701813564875
4.3631025068849212
2.0016224771303257
2.2115152851890261
1.0496341522471389
3.4175165336625870
5.9381319115555096
0.2790787082400519
0.2157449738874083
5.3765534200133525
1.1320615477442482
1.6468635084833285
4.5589014714026064
0.5150560041213292
0.6700113324092548
0.5271595866814923
3.9306143418476225
0.2259972463327832
5.3325327537244407
1.5892825222708573
0.0518983166135674
2.7354580250348941
4.2681848874823292
4.8990061793904651
2.4993782931117270
1.9657290831166350
3.6360638794807878
1.7379321587612451
5.1175157007699630
0.1232050172153656
3.1718257726189090
3.8953688477549062
1.0764304975315957
0.1164315478580449
5.4549934113126026
0.4888060810554495
1.8501456191344798
3.4219907863175107
2.1322007312212032
1.5105197717510905
3.9822086572464204
0.1317984042408045
2.0461966392178614
3.1627631304954695
1.7690997230593812
4.5366741789277389
2.2256433950811227
5.3737606925861856
0.7764353878690606
3.1370916945748335
0.7147372376890075
5.5972841942467566
5.0922048065844017
4.3223655684332094
0.3455300764822446
1.7609952357416454
4.9167588736251515
0.7194456130263474
5.6032944122646873
4.1989333207436168
2.8317452142417974
5.2899264458895079
1.6676017227375295
5.1576571625584604
1.3290610129516203
0.7220088266375275
1.9265441056371377
3.3200866348139524
5.6697884024318768
1.8978971381868039
3.7575808743807508
5.9088915934815320
3.0719699682081618
1.0664200011278435
3.2143558466295725
0.9820319367543002
1.2595663700772393
0.5030990129970898
1.8976392448975372
3.0654514666968558
5.7109521839484474
4.9221622906690641
2.2291160108072923
4.2236553016237854
1.2527069243650555
2.7727394266556402
1.6681799525834637
4.6596201306522831
3.5341150960342844
1.9665586187481858
2.0204616207979065
3.1017185815743131
5.6608146013134597
5.3462497491993020
0.7303126914094197
3.4483930938313230
6.2270642394948714
1.3385419500423812
3.8963456037346695
2.4057882838373152
3.0109297930698089
1.5551661812280313
4.0671165618981666
4.8553863152248136
0.7083821514203751
0.5075089013872044
5.4928087205673561
0.4202832912183684
0.2613301703557872
1.4671108576554983
0.1617365056278639
2.6018246541223284
0.2174615967553932
4.3110199529669471
0.7547466458265698
3.6304960606135381
2.4184303869339105
2.1007510899220323
2.6903449520208635
4.5962917293365315
4.2237068059958176
1.3656003424053871
0.9641249889848470
0.1023872076186763
1.9934637739839487
2.7364757920457490
1.7038759172295854
3.2438469540331325
2.9750682936686310
2.2567116443080977
2.9037214105758031
1.4115676391556931
4.7817811418366434
0.5714035153691358
0.6409037338181216
2.2683283967962122
2.4285320933360346
5.1604156439743072
3.1662542907952047
5.4684460137326720
2.1073374877905833
3.1041480571108990
4.3752840908599309
0.6222148017771285
2.4691016972352950
2.6744092634753218
4.3080496353182767
1.2003990068359718
1.9131789796782315
4.8022029348265614
0.9637533837718989
5.2871184710275472
3.9108371899939391
2.6682607828482903
4.0932346597472797
0.7181015452838394
2.1807932052604202
3.6184042575635003
0.0640540486173334
5.8306321042201352
3.7884031636266529
3.1536220809568611
0.3441265665863000
5.5846053399055053
3.6600198476596715
0.1745111678669642
4.8653502517958271
3.5066030631972995
4.1422267506534665
5.1252080625108309
5.5564113260992665
3.3631952523973236
5.0553690131946309
0.9575474808191611
1.0184870572954663
3.7295192947726363
4.5843835200472736
1.6024316443590512
5.2560745255570840
3.0131103979509124
0.1504576479848267
2.4472921519016588
5.7500735775620520
1.7652388574047266
1.9340450878593274
4.4459222697962790
3.9331689023521355
1.8520646175343858
5.6497886846270537
0.7281864075597647
5.8322965770749740
2.5508659775521121
3.3384070490397164
1.4482644357903984
4.2375815969929276
3.9998654247207157
1.4651871027540468
4.1361322837912384
0.1374743844582555
0.4450543532215182
2.6179563724166939
6.0817122969209150
2.3368544591541611
5.1425749512967842
1.0382227792518886
1.9378113200286626
0.1153508137368032
5.9953921496552933
4.0213323557905154
1.6147556762434814
2.3820140154911518
3.0019800227041062
1.2634477168191403
3.0123037775054655
1.4483946588884931
2.2291463025746778
2.2073541547779767
5.9969531704309151
4.7222991911613441
4.7337590356679407
1.2054250753842803
3.8041294232528675
1.0489010850425577
5.1229130314394142
2.6991543970818888
0.1100264449289474
2.0978321861567029
5.7008105770915156
5.9748928232170035
0.5999970240624941
1.6798912042008971
4.8587533628582840
0.0171567929596483
0.1801448135321921
3.0100790286925361
2.3521192696899851
3.0658945347013402
5.5477271183328192
2.4749440256144841
6.0270666015943215
2.3410584332270798
1.5717399606321092
5.2899931797683468
0.2693067288960266
2.7073037834731242
0.1863942965955658
3.6273979763663924
4.0655471758573016
1.7526331369117181
0.1187859473201392
5.8329337986566498
1.4604842731966927
2.7296559177103861
2.6940015546645784
4.5795254029721795
5.0962139747667612
2.9491778869004119
4.4065590998697539
4.5933041244404169
5.7521006131317156
1.4178050534320992
2.5816818824944030
0.7518871501679488
3.5116240120414233
1.7437040652014262
3.5562183167847885
3.4168627720341740
2.9939379577884968
3.1349745547874708
0.2311565386831043
4.0418527452379944
4.3443889804081586
4.1800516536867320
3.5488222693728479
5.7804056568695170
5.5185837743864816
4.0208424235329110
3.4994079982523827
5.1330270127530024
2.8925873055177322
0.7619611482879262
2.4180153106234163
0.5693365350053474
3.3153203096090214
5.6603188875922550
4.9901102420860157
1.8742186944853871
4.5185039983886570
2.7028558895164303
6.0892352762019080
1.8674954576534883
1.2945557068599407
0.6673962437762533
3.2993560432556119
5.2997561445763175
4.1972532900081729
5.8300398089268102
3.7579079839343859
3.8342833504234886
1.6766511727090883
4.8022098791968464
0.9006792126710850
2.7666065363499133
4.5712720929605819
1.2035737156309430
5.7951720325214273
4.5953152346153114
2.4410732912938569
1.1247540413928425
1.7025905815721039
0.9302234383209965
5.9904564967667202
6.1921310068014099
1.4605118696704196
0.6359134208018754
1.9045699949978101
0.9410433422050786
0.7514506725368184
4.6881286607790402
1.7975305612400552
3.6742743807159917
1.3736394878272595
4.6903737114063180
0.1239903581579932
1.8066599441443028
5.0341258658027357
0.1981564484309953
4.2303956184483722
1.3493550993594068
1.9249545299307718
1.2174586930071458
4.0438483009680253
1.1541341252743762
2.1721266609483743
5.0555332036447460
1.5803600540334377
5.0522979026608734
1.8371953302744888
1.4224402704056895
0.0914454260019795
2.3772511183866016
1.0259042104358604
4.4342437525507581
1.4723835941779251
2.4855212123476966
5.0212528884385863
3.7087832979594122
3.2573227476199098
4.4519270637236916
2.2585813169610982
4.0875189061708106
5.4226684930548599
3.1979699839059732
0.5269611071883614
0.9267814208478783
3.4172499240229022
5.3125227781002176
2.7457625194483137
2.9558298510010790
0.0839991125561009
5.3940643484439716
1.1998437904708334
1.1318466373008902
1.1413806168748257
5.9324846052937596
1.4312301985321043
3.2299143777691648
4.4508049390160593
4.6252246182324050
1.0971927429726100
3.9979619184887456
4.6906958960549501
0.5719861501082114
2.4049166690662669
5.5747231905360408
2.4167975149089522
1.4193010873919816
4.0482288276331921
1.6538164517307463
5.4732307796057942
0.7754089199962457
3.4928122249597733
0.0196250887480981
4.3566486698622677
5.1246406024113700
6.1323584466490271
0.6472191985170326
1.0755695353766643
4.0023031685355690
2.9436140031519415
0.1873683269760719
3.5164054165599077
4.8926339022670904
1.6605403239824388
3.5241972299966751
2.9134986200491504
0.6352681930836510
0.3365545008632627
4.6661374929695985
2.8935056164751582
0.5489238651364194
0.8630370194789626
1.8391814909853230
1.9978206699625096
5.3367924465661876
1.7186836394045326
1.3800999730627501
0.4922399707288809
1.9222330577780999
2.1417416180332274
0.0015051596411917
1.7545077433558876
0.1574644555847378
3.3173798908698231
4.8916168957526152
0.4990798275881321
4.9496145032441197
5.7303207184339637
2.8156522820147831
5.5552659049249549
1.0077172256315037
3.7530366149613461
3.0122079966738160
1.2423161160507106
1.0700264481472197
5.5984037501445121
2.4863032434703936
1.9197290736933221
3.6861131150900408
3.9887241682805326
2.2257361873548986
3.7924872347072620
6.2624632319544826
5.7184281758491711
1.3275074956178714
5.0828827859169943
4.8874461523660022
0.6876072724404528
4.5648953844793301
4.4017160451132771
4.0115725033176295
4.0722257090276281
3.3892981271929958
3.7908012654724246
1.8099022690946358
5.2846148908438346
0.0729510754191843
5.7838411416818056
3.2832995354209888
6.0713991056855683
4.3916659622520440
1.1113215005073667
4.3943744596337249
1.5963770377782354
6.1701827199848580
2.2445596155932854
1.5721269946235530
1.2644384614420661
2.8501480973566204
5.7649158835805761
2.7123096435502259
6.0679591707118288
1.9262150145440577
2.5729083648186992
2.6759480992490032
4.8164730935312816
3.0815952679130456
6.1044218607963749
0.9829641194987092
0.9407188748052768
1.9588491080504149
4.2327125875152429
1.4041534744990125
4.9827835291970528
4.9502779433562889
5.1251473533636061
2.8618468851059924
2.4984505409344142
1.7516314199401497
0.8262561231913379
6.2220627683776826
4.7751223467617718
1.9743844474074976
1.2168860565748907
4.3012345190250967
3.3227132001903632
5.5078761858645437
0.2484747322232932
2.4080233114353797
2.6854751566946229
3.5215272229846089
6.0792403029622086
3.9874487552723661
1.5689040933058882
5.3147758089124792
0.5651078544050183
5.7233580460077640
1.3613061532364246
6.2519845811488253
1.7481729159437718
1.4476532891672969
4.3677132801889638
1.1019338324114392
4.1721551710762110
1.6796057456093483
3.2441322216089996
1.2695236862967756
0.6658810499689300
5.9576756453838566
0.0285629391604735
0.4090054716093501
2.2389201472980247
5.1182729021690898
2.8299214097411558
2.7061518066754844
1.6764080494390614
3.6085339784406520
3.5967055308864584
6.2304324994390177
2.4241120741490092
1.1502711047009273
1.1623007568623418
4.8412903309205992
0.1651628455206852
5.6205231885313118
2.7639723015433524
0.3553431025189946
2.7601682091867743
3.8267141089738832
5.4447331885581116
5.4976901455710303
3.7340188592639052
1.5301708080030147
2.7571668639730729
5.5526577176294003
6.2441698196675102
4.7251964721834927
1.0351599006097076
2.3700892889596310
3.8022107530326563
3.6551946418443277
0.9269518898412956
3.8372830392291468
4.9751091549939943
1.6360837134494011
4.1147428902597962
6.0330723192241020
2.8727009950244482
5.1073336351267775
0.5036815364486448
3.5094551168441535
4.4613876147422697
1.2904817390658367
0.4610072693069494
2.2938022824039930
2.1082119386151934
5.4629766416948717
3.1377633622682870
6.1800796589695119
3.6904427270304776
0.2709048073729106
5.9104598383634279
3.0242443563738437
0.5341495673197431
5.8977315412428588
2.8747143555846444
3.2276980417815921
2.6562996245920307
1.1186931812326373
5.5399405474905867
1.3501238243963005
0.0007802796417686
0.5395823328560766
0.7171991512281534
5.7827192084075829
6.0998953648782370
0.3317107950078474
6.1670063324921829
0.2010761977716407
3.8898305836102249
5.7926748151003356
2.7350236913916279
2.0506876638545761
1.2446373344573340
2.0659905353641546
4.7370836735472306
2.2258780171615098
0.6106657586650360
2.2770733759662170
4.3558382534470592
2.7916612171121731
5.9308654139371049
2.0071640925393761
1.7155450998910902
4.2879315962131521
4.4272415417809015
2.1660626358115227
1.8307454374202727
1.4554882431031888
0.7971508468261668
0.1072930406088315
4.9983784736754311
4.0767422556705544
2.7669484883682509
5.0728049261246086
4.5796261715244553
1.6545393263269321
4.8101020127498098
1.3020264077389194
2.8981848953743210
3.4320625115360772
1.4516066579786018
3.4502642310195721
5.3757028134855487
0.6982233910551292
3.4229400348543186
4.5181947517335734
2.6107556734794000
4.3100907735308720
1.6527008559197358
0.8763165955877363
4.8310849951739847
3.3037915641247189
3.5858194565865955
4.8110674303603513
5.7499433179691239
1.6759925355047622
6.0680876341491166
4.4333884377781736
1.0883464484171537
1.2552219663345421
0.2323229712297081
1.4250115514242023
2.2653912919149177
5.4128569567677012
3.5079891318716565
5.9672665588433054
0.4998162168835903
5.5939047664298416
3.8308227624938032
1.0374105365038322
0.3725245709305746
0.0201323206044310
2.5731536855772430
1.7823646853405402
4.6603038911215551
0.8027260979293094
3.8939521529489047
0.2356399906619033
2.6915667640248460
2.7038002881911316
2.6769049070756523
2.0080274291424072
3.6843692868026929
3.7238181109572985
1.2058746016913469
2.6920374964610123
0.8253126454738873
2.4268386203541215
1.9747898822522294
3.7830254755574590
4.0716940407394873
5.6611396067881037
3.3609726799061637
4.4759763396384082
5.1954709593684862
0.7780052534495882
2.0387204816190154
3.9131982034518580
0.6572338525462308
3.8183160223031636
6.0582541731544808
5.4779752753988218
1.2949539390077769
3.6106443611226045
2.2662594273405885
4.9445615065774327
6.2363323461711389
5.0720844461892298
1.3246126073293616
1.1778119714244490
6.2624117775258039
4.6468796241021568
1.0496828140005137
5.9552380354786472
4.9066695140348946
2.3445206792069735
0.0914083370405659
1.4650659417577763
3.9949093214725089
5.4289494981330204
5.5242363677696753
2.5140216034740819
6.0229187044134873
6.1108844150995631
1.7530461321304192
0.1937843305327427
4.5869230269504788
2.5959619172175947
5.9333634307254020
4.2777779410481838
1.8363698484707993
0.2578188205661373
3.8694250393120084
2.9460075918363278
2.7927378071521027
2.8474201024997474
0.3793528624152063
0.2307596460982481
2.0796127994560676
4.0021290377434546
5.9142649781941428
1.1179129550840030
1.2235123776631061
1.7852214913381450
3.8167277253958072
3.6066747488400628
3.2165518147897907
1.6945070246235929
1.5002837524862143
0.8035066358011604
5.7258585816248679
1.6956995525092791
2.0600904549492527
3.1985064193878370
1.1321953365776161
2.7074621830173058
1.0181149931888915
2.9897136375695998
3.1909121689122149
1.5747058738971893
2.4688549969215319
3.5820780459812687
4.2660341967673476
1.4972481658359353
4.0076069254603466
2.4156536725634763
6.0293051209998900
0.6202995331667468
6.0289320952124408
0.0861427586075466
5.3679641389205734
3.3218663306659910
0.8721524768453479
3.1055399242258419
4.0956529374340542
4.4927393876652086
3.5003825942282543
5.5257700204168314
4.0108946105443879
3.5009800350753992
4.3577683974519603
6.1616334166137330
4.3894415972127172
1.8158662662263014
1.7665648638955751
5.4919543730550835
5.4754246862008173
0.9970396446059986
1.0851408151489290
2.3497397230356296
5.0487563361241214
4.1997272435831627
0.7522923593455171
0.1086035461155628
2.3183344778807768
2.4795296717728088
2.0767124872282237
5.9362371848248534
2.1338001359132615
5.3583996331476396
6.0578102356358103
5.3063470995703765
3.3498822103666659
2.3825402336239274
1.8469223539010200
3.4082598538955025
2.4772944304452431
0.9303475365969630
0.8741348918974197
2.9183963397611601
4.4977552614935172
3.8410347094858994
1.0819553298400282
0.7406496014207793
0.9240087879997599
2.3439307165963816
5.3146517717839332
5.2478916629423384
2.0422079869091316
0.7174712757639832
0.1988223598265145
3.5916705876166670
2.9107222073496861
2.1036892147424995
3.7405989178711385
0.3413006216472478
3.8292936707305900
5.5035701396606935
4.6652037149321446
2.9017598942909935
2.3679179731585918
5.7177852534362259
3.4633900302958023
5.8279952058325843
1.1529595915050883
4.0907434103035882
5.9426666436066924
0.1850666646081997
0.8262178463742330
0.0886832182489683
4.5919437671374022
4.4604342891978881
3.2370802942973320
4.4842921308716885
0.8060792436152100
4.0751561479727894
1.4321882153932741
4.9451746072347369
3.5790430815045986
0.1774866042388086
5.1857707801712341
2.1025935266101672
0.4920928194681624
5.6014079416611207
4.3460615835584218
0.3558247608191620
1.6295422396417332
2.9721242397748089
0.2508262977798824
3.1828007816084427
4.1493457432211986
5.0344529554404236
6.2465031787372451
4.9891349910318743
2.3877346450242261
3.4033365146793941
2.4258956554267419
1.6971465379389414
0.3569530233098064
1.8637000283227902
1.1871345656853083
1.2878283109079021
2.5001552419418283
3.3850202317319109
0.0242107340055567
2.8730090460819739
5.9830073426662649
0.2653639934261858
0.9533299766502534
4.8015681468806708
4.2338262118125556
3.4717177858775266
2.9363712887675004
0.8268555182680878
5.0316318725891351
0.9034499301583947
2.8308334280947172
2.1866688832906651
3.4523564212834308
1.7481411627445151
2.1817709531539138
4.9026668928474813
1.5229117103464613
3.4323927942945205
2.5003328764703951
3.5413489010333161
0.6517475945057474
0.7504772473709047
0.0958898464335104
3.4843053359861678
0.7828582431826470
0.5021409146922562
3.5060337741136798
0.7282870867216555
3.7027035823594026
0.4881115678884589
5.4950059635931376
0.9193817370075829
5.2526358145974497
2.2037168668572713
2.8144451903159529
2.1971818108671588
6.0819197835907657
2.5634171873360954
5.7590387551830480
6.2265957409557400
3.1123561468310852
0.7756452846515187
1.0373365639235070
2.2392465025893658
1.4961290444058812
5.3056612420098732
2.7705421576036553
1.7052484531574612
0.3647988704919271
5.4491961478445976
3.9910198216912711
4.7908591611262485
3.8286770664340368
2.6431461660184787
5.8080667682333180
4.7447593470276095
5.4628334306286854
1.8747183830011926
5.2515976268822024
0.9638075767896839
4.3694381262212829
0.1012096014001941
0.6576952701501565
1.0851009294825400
5.3359731594452979
4.4385179738348581
6.1053419575722945
3.5459981803726643
0.4039118722609552
1.1563442358052340
1.9120068812770938
2.3475179070334793
1.4165667901623364
0.3696688467238120
4.2183459542106787
1.9073177358815858
3.4315415263484135
4.7377557958278542
3.3887804024032135
3.1739884073350670
0.7566718553247306
0.3871579243090210
1.5899222077222825
4.2951795264223742
5.8095670187743593
3.2927730334210530
2.7645094851964545
5.7366589739240288
5.4767199879967157
0.7479149555434909
4.6665671246137164
1.8790623913923068
4.2708353678686342
1.7507710833990748
5.3196443559500004
4.4958871988259039
0.4665524205297835
3.3636456020943291
0.7654194429892460
1.6269417883688075
1.0660257721384938
3.0852277783679343
0.5413278070578610
1.3279224561423135
3.9043390203340840
5.1066777371202425
0.4789453501200296
3.4699239821978254
4.6802972029768029
4.1837034242450297
1.1218500611953657
5.6463557641739204
4.7332445948957815
3.9106152751866179
4.9274608285353523
3.4961479355171199
2.9702606607079125
0.9664879234322896
2.1204606650571027
4.7236639339713191
5.1120041576758828
2.3930767920876161
0.3182304389094949
6.0831498118593714
1.4721242719120695
2.3486955598686516
0.5061146374694151
0.7422242000981893
3.0229578322060013
3.3067896015321656
1.2894911979548671
1.9600176754307386
2.7340067981383913
4.1127079070324495
4.3753949474412588
3.7294272994773134
5.0469584135964887
3.1469421612016930
2.8706990766189149
2.8390011310258330
2.7141074288797227
1.3649376211528779
4.9077774020359781
5.8433293586714541
4.3096673774005714
1.1769368025476930
5.6054503191493428
2.0206544727401297
0.3998614259659820
4.1845431513769773
1.2432589356821939
4.4720522928010080
1.3880073526558612
5.2926706736817231
5.5471196107211505
1.6558578334423162
5.6585382623479967
3.5870554009599669
2.7075472171899877
1.5864192336609140
2.5877898324625699
5.6492012451594205
4.0482839446169709
4.7038398966437196
6.0072403699227257
0.5321510508515739
2.2070659260995846
1.2178004569160299
3.5031346357978115
4.2437851476205317
5.6417597970080786
3.6325118133681538
1.4028901949604571
1.6765546458010538
0.5955465819294201
5.2436831382991373
3.5452378097378108
1.7506651312906871
0.0215446548178964
5.8091027421687320
4.2409938481484337
0.5679539544120795
5.2603488900490181
2.1181205777365792
2.9538817685899064
0.5376722124438831
4.8266119692116076
0.5084754562069651
2.0761605396172005
3.9227309000012993
2.8940770114208547
3.8683619751448717
5.6651351311803886
3.4786468331831801
3.9093482155923223
1.3483948657014524
0.1130085408788136
1.5381871392908613
1.9432823311461507
4.1072721779775385
3.1345366652433366
0.8943819803592697
0.4479388121695682
5.8592369555252253
5.5734939416770768
1.4679040665127026
1.8687695555710628
4.1377274867927403
1.2655922370102137
2.4361734162668678
3.7782107685325550
5.0932199009360666
4.8402375871001659
1.1464731396048178
4.8797733720049425
0.4803551475693311
3.8486222909899892
3.0383141192480174
0.5722514565550347
3.5144656483589172
5.8949625806220185
3.6478070588101135
0.9137483776588236
0.5547279280690757
0.6880649330442292
5.0933179595458506
3.2938874806489826
4.2876625545992146
1.1399963947069576
2.9734930810620104
1.0056300611352560
0.9229974676803324
2.7349799858176356
2.4870321076291755
1.9733393489954945
6.0519974503574465
2.2783553586086533
4.8377118075649479
5.9547360578062634
4.7262646287155157
4.8330467253096447
4.3852055641426810
5.9427886335801077
4.4437533305356833
4.6154986468879775
3.5312553416387278
1.7964626793836485
5.8589845347909675
2.0235193143133348
6.0232332344801227
4.9041261690057398
4.4864997972305165
0.7252598620248782
1.9811542388760000
4.4592269865703562
2.8945689991854677
3.6760380904499992
1.7164207921423666
5.3962259952218083
3.2059981057991647
2.1102069655748110
1.8404928713154292
3.1476274398949773
1.4350791039601998
1.9911943052975440
2.9923213770783725
0.9135338044307523
5.2755253089632914
0.2671903998170763
0.1604830549111081
0.7172144483310513
2.2499489709001685
1.0687905224868255
3.2305878781715083
3.3832471980866958
5.0529223219744077
0.0825950467971391
4.0382068662114685
2.9925306362862578
1.4086526427987505
2.2222267513585221
4.9654739397589518
3.2408609185856680
3.2619814689778286
4.5134544649916908
3.8350534328600427
2.0345235603957921
3.5403249486813118
3.0626453784802421
0.3965758985134957
0.9739156370999585
0.1395193354808899
4.1134079001357708
5.0458986801807830
4.2606686472816877
1.7240518567772751
2.0845308704310996
1.4003356843651105
0.0783370982983807
2.1686373528759701
0.7839647439420491
1.2050728888690723
3.3363430030537393
5.4332443769337742
3.6854646235482518
5.2346035448065349
1.6989837877032661
5.6536539903297012
4.5840864157916252
2.0462682178071732
1.8113503905298576
3.0056448586361122
4.6143571248486666
3.8006969854482064
4.7961705778282822
1.3138134102132382
2.7949656108767562
3.8750474724596971
5.7548655843094689
0.4405286259882248
5.8555748138947434
5.2487729076076661
2.5361148627106105
2.7131297389873432
3.7824345836130417
0.4725089974969899
3.1550901483008804
1.4910323434490249
4.3977939018469705
0.4662850522181325
1.9848872486714133
6.1682613242258055
3.0605451832089927
1.9961030345606878
0.4682883505214699
3.4664081198423480
2.8327941004046853
3.9594856649934722
0.7784013547886161
2.1445010006532805
2.4914820863408367
5.1006202246435084
4.3292755860119581
3.3758536623874003
1.9375088986864268
5.5722316091244783
1.3961246745797871
1.5861603964686901
2.4238191360901040
4.6065254548324406
5.6787875646252033
5.7518747981411948
3.5982330883864582
0.3113062645521202
5.8509276333096789
0.6723782750988270
5.3415294493637715
5.8346614879952021
0.2072561317420034
3.6790690887809450
2.6312756133364483
5.8537050668353183
5.5852632784353649
2.5852766425190161
0.1956377333276046
5.4818425630270076
5.5450773270987659
4.0346658615678654
2.4520208263650072
2.1478710385658784
2.3708012095426865
5.8534715963842627
4.5855431261953186
0.3812421943322059
4.9285338847152529
5.5870610749058764
4.5131709108781877
4.1776137064777350
0.5655458792524896
3.9378342256321250
4.0806625316330614
4.3635938420063640
4.4025497914479681
5.0665988332353020
2.9978111390568563
4.6571798316664648
1.1033368289286041
3.7138119227098843
0.9344892669478837
1.0832030058071418
0.0134611788853105
4.7902338996142699
1.3649511330548691
0.7195496421128067
3.6811885208342079
5.7946909898873402
4.1136042435587390
1.5718079280495627
5.3684972118314134
3.8847840801107529
4.3703076427100020
1.4732820224348016
3.4969680212987906
2.1388566427622968
4.0882548922126549
4.7608494148962350
5.0446539398418997
0.0186055058721881
6.2182085516280878
1.0646273427274815
6.0590372491626754
1.3920904769756173
4.9710938733905889
4.9457011078781834
2.7675719497791147
0.6700882264974003
1.9725453913928614
4.7894582489785948
5.2541536976131971
5.4215279208874216
3.0271081336848806
5.9313201323677216
2.6560171220612618
1.2314929562846255
1.1627398877990041
2.9059661443546023
5.7623732947144974
4.7977441516127088
2.5575392191332980
6.2182402389857696
3.4362772435260882
2.9648155882948690
4.2593134898496219
4.5757312775946053
2.3060290896754827
4.9631179873197713
1.3198186713329443
5.6594442914032355
0.3364559056453633
3.8145551585159998
4.8418745934486465
4.8448427355648365
1.0241351568246759
0.9878084585418854
6.1630083016293646
0.4219224796401229
5.4741979539576588
5.1949622873584760
2.3947396303523152
5.0353743989770825
0.7074933842672150
5.9385310015910777
4.8661916396990232
1.1000862437628913
3.9646480809948077
5.5964505004897491
5.9264367246991982
4.5382773151928388
0.0219735462449472
3.4918762630315232
1.6171807262830031
3.6651586021851101
4.3934785802703509
1.3598706636718247
3.6815756587426520
6.0382762885734289
1.9468334191410968
1.3536763682923645
0.3307702491823084
0.2286289986800738
0.7664049790595892
2.2177187476638265
3.3750858941711903
2.8858006925915198
0.1251320086240482
1.3302469662000722
2.5333587280949752
0.3381362716036039
1.3699359659969290
1.1115281356527704
2.7223225109162650
1.8102254457406173
1.9758314110137203
5.2373350260091955
2.8990889871275090
5.0775205500448095
4.8430601006026635
5.6081313404886206
5.7397095859389431
3.7817322916689662
2.8869264945289754
5.6948129611741818
1.2284075284837781
1.2475153715151599
5.8725983680584211
3.1743185994246099
0.5803292601451040
3.4908578103391150
1.5010598992262376
3.2950821650945858
2.2003337349271184
5.4824503147354084
2.3513349447719589
0.1889410560974894
3.0206364901562255
3.2149255811646023
2.2985106861864031
5.6280932445788068
2.2386244569842240
1.8707616229484985
1.4540539666273620
2.2435630332907621
1.2481926165657282
0.5515727577496415
4.7646446275892727
2.4505805964956600
2.6345181414071988
6.2646236877016692
0.6992729539590319
5.3103825793969692
3.5039706821059355
1.0155827124726680
0.5641462424458483
5.6733005225902291
5.7923326948578362
0.3857333720335781
3.5524973505973776
0.9179467813340721
5.7991977843058811
0.3416155971590286
1.9526994897057157
3.3674439851581464
6.2401545123909550
3.3304967008310227
4.7252391294047520
1.4556551453492743
4.6883333104206768
4.9657914015363271
5.4876262238325486
2.2950451619506138
1.5278331248393615
4.9195131410702571
4.1123470556967430
3.2863726997289207
5.4128906851038501
0.3556125507632268
0.3069936499718156
0.4537347936734667
1.7142770456773808
1.6336958004232387
4.0586882264802329
3.7184865282943642
2.9465195697179558
3.9744022761070754
1.0627859082475577
0.3556484006560374
5.5815628167450244
4.4320894970559470
4.6851242210592927
0.5973960866733118
2.0659566471182504
5.6251236616479012
0.0790034773535745
2.2134594868680577
1.4221532487763533
2.5817672642994762
5.8964114817048552
4.1659170888345312
0.6097495100203981
5.0868183017773267
1.6539930173065003
1.1088888593267403
1.8362270469967021
3.7412607953928387
5.3597082240034482
0.0516313614963766
3.7494314169758760
5.6008403490249883
0.0161204466626425
1.2097767632855196
2.4513617408309987
6.0760592197000145
4.8136423205785697
1.1447844518205661
4.6314022092985940
4.8911215097630514
1.4539533736714056
3.4144901509932208
2.7670039895182574
4.8251513973807336
3.6379456335988682
5.1811475441386472
2.2225591814803725
4.9541134774605782
4.2612863028419588
2.1919488051238680
0.4209952014185679
0.0287597556037227
5.7235996399973361
0.5294335762532747
6.1934099655935757
3.3835294710117925
3.1023685574823143
2.7420050476742563
1.4768849158136326
1.2815596300814129
0.0085500649817996
3.9869598398346238
5.9636552791195436
3.7944864483174379
2.9230532505123490
3.7988880461316166
4.1989553125109991
0.0093222510677582
3.6143940085135009
3.9513557796722236
2.6111154576607145
3.5319152375564937
3.7251051242644238
4.6561423641564605
2.4322689753465245
5.4251314023773238
5.7614105685491284
4.5624897577209946
6.1696425836943289
5.5887034450114141
2.2433136419637645
5.4915725729309530
2.7247743344059758
2.8585397171781874
1.7038395909294339
1.1971468197493327
1.3912696941023397
3.1703188031223162
4.7588443192236776
4.5923098833069860
3.3629821991640028
6.1551154849202963
0.1669975112730086
0.5261388062350221
0.3878336842153242
3.6854473139773667
2.2168747651809220
2.0851220165237749
5.4041809130832794
4.5901385291007930
5.9680927567180238
5.1176956477848004
1.8695519788022594
1.7425149078006379
5.5836693812042340
2.7386614759410222
6.0613160913163009
3.4463749855250900
4.1440419497981509
4.7022276249878443
2.1036177259344120
2.0245283045574314
4.1236476917890066
1.0621935827411677
1.1700331570756937
0.5026093081500237
6.2001295066545294
0.7310662933747342
0.5938444757201176
0.4530240133496887
1.8428297222919996
1.0554906062954548
0.5702264259446920
3.8470197091535292
1.4044475591710697
5.3121160498353710
6.0423339242747698
1.8524615166045939
6.2454068079442182
3.9128975937223998
1.8632745259524213
3.4059348571418488
4.5065459396914038
5.6697745454025634
0.1708970551240709
2.5085416402993483
2.4978701748462599
4.0888270630184520
5.7814060773097991
0.3887161023785803
4.3494017999938874
6.1798082090813606
2.3026338585770487
0.2944140649238134
3.1577499739063764
0.6525076777638483
2.7222436196583328
2.9099322444607014
1.2400580166283866
4.1819588866982542
1.8331372226745279
4.6306702159700093
4.8453822621687195
3.0194783746104381
2.8071553278893906
0.9227234647280161
3.4954067440917065
1.2093095461654657
5.8296861073533233
3.4132673682508945
1.1363252483869180
2.8575470170741748
4.5706091331330132
0.4079190493661488
4.8081149286822953
3.3043717832830124
3.2244130128145847
0.2257331922785588
2.5104981928460806
1.0743837789384032
4.1914957980260930
3.4004335942042845
1.3710090603973655
6.1650900261795289
3.1616330240375099
4.5826931110950504
3.0010693983169352
4.1256791500532213
1.1267043267692107
0.7238262290494375
4.4322722996874981
3.8882068005719628
5.3010860100667685
5.5860407385128745
3.4139638324024419
5.2032434639771905
0.6821067346039545
1.1703258267966634
2.1286093565453377
0.2464017558993130
5.8027056627347893
0.8122126778742500
0.6343657353220385
1.3312768200635854
0.4522658597499220
3.4738811832671406
0.6863450085012791
0.3683123152360850
0.6600147868418125
0.9093825780130972
4.8700348319981313
3.3049114976722986
2.4158219797422098
1.5240081637262328
5.9494494765043315
4.3972201172906900
0.0300881654953918
4.0649081716236699
0.3083129478363017
0.7237924611060703
4.0319780441089090
5.8555710113025743
3.6125155625772352
0.3844016643759187
4.5240282489137442
0.3888337276920460
3.3056368731968360
2.1616798183826385
4.8724370553839558
5.7745858158134373
3.8584762611670689
1.8977232097514229
4.5531773320087954
1.6518604451549939
2.5686213675058922
0.6194596326107646
2.2374711757663452
6.2535323693088669
3.9134131582275269
0.5627464441569722
1.9524795699763886
5.0295768220234054
3.8596337189665135
2.9593208843048764
1.4187125285467566
2.7221803993770401
2.0129350181319188
0.1668321169729390
5.3728133111455412
5.2372817974481478
4.5603010640884101
3.1719779916645421
1.9176506449104067
2.1465721481931452
2.6163292057262417
4.4115879173998565
3.9474871801465463
3.6906265990505784
4.5864878425015370
4.5283644648271508
4.0261392640790250
1.2466033258903952
1.1689748148359682
1.7953389411491276
3.3726506174405486
6.0320472182013329
0.9775852462895741
5.4640713273519621
0.5974202149557581
0.2584812063637061
4.4817308534452405
3.4117161466611328
3.8664030338276176
0.0529632077675136
5.0968752405144411
1.5088089259374289
0.4671183150591716
5.7590300438890258
4.1786207216754176
2.9120868157814312
3.0005669064541505
2.2264005692545754
4.8221150137876192
6.2399084968609229
6.2054165753989539
1.5180007274483822
5.6017205162572488
0.8380771113509586
0.0212110591398951
3.3115923158967266
3.0814674272680862
1.2175509602010188
5.3260919967707849
4.4943064123680427
5.0087201484818262
2.0816385758775233
3.8821340107697910
6.0593251735586451
4.8510101170772435
4.6338031214960864
1.4025473759160709
2.2269309356703695
5.1936247240627145
5.4739267817502517
4.2567684404034001
2.7399410779158631
1.5014212950445798
5.5674435920527285
2.3711321798616352
4.6462163764444808
0.7558913430900690
0.9553110613498257
2.2863816225359042
3.5209360780988685
0.2434880483113339
3.0195532751029175
1.7873773011260290
3.8202315685679071
4.3105870889184654
1.2127473173444578
5.6311398575485896
2.6885908057953274
1.7202776733003522
1.9255713998805981
2.5109791162653758
3.9994307796961790
4.5663571917975734
2.0447522532280935
6.1821464632939156
4.6084303750858755
2.0963415747375471
4.8455578141046969
2.3781133247111024
2.0053623500592379
0.5800618846626222
3.1270127078726637
1.7426632317806019
0.5336793754826351
5.0811836037373848
4.2405140650533308
3.1104659487961879
1.6471439657100324
2.9735638169605791
3.1192897426230188
1.8834005848048130
5.7389068416724331
3.0725502080785256
5.7143767730346724
0.3092292645703257
5.4000107201269794
3.0509861700895189
3.4460139089363819
2.1360730712462099
6.2077438070412727
6.0500823452709396
4.8160917398353469
6.2003811946073499
3.3393809873289251
4.8106918329043475
2.2640544950489745
3.1209797310658192
5.6174064548632723
0.1574104861125702
1.8839931310323743
4.1159257229693011
5.8826424760850635
3.4681309841026211
0.3341482541032656
3.6924056173133843
5.3253374836761100
1.0668852066053738
0.7785551537347175
4.5869010866421016
0.9421038845623463
3.7533306537949991
2.4484418245789454
1.0213577846225010
4.4542507289302096
4.8675522168235332
1.7890761191872055
1.5286247969272657
0.5457406135969640
3.5929949508266708
6.0756359918857745
1.4006219853942223
6.1564612631918019
3.2191209547951294
1.9797476715686770
1.2771019393694618
0.6101939176553202
4.3025519338070994
4.4593152360353780
5.5058380141018768
1.7308510499490792
6.2154364092240710
3.3782477515312923
2.3445404618801327
2.4127345199021026
2.2803636101237252
5.5825590249946027
5.6189699490666278
4.8798902348631517
3.1530679928843384
2.2256393080099155
4.2249002368373398
2.0026465677072780
6.1074709710523170
0.6464872581797457
2.6627397391485870
0.5120130643250644
5.2806999349451589
4.6807930077246249
1.1899281459890958
0.7354438850164114
0.4535021029568838
4.2932085424902837
3.4367971315432975
3.7928311987956542
1.2716099952713324
2.1609902894277990
0.6354211763596771
0.4277008300971698
0.0196419167330112
2.0771918667938576
5.9491350674353294
1.8289410810406208
5.1408092007130355
3.3791368270428386
3.9342943774940977
4.8557829740004301
0.9274956549194069
5.3011345124380593
2.1104220390262123
4.6244995992440394
5.6475222790849156
3.3223342667339684
4.3838714824890159
1.1560767641161269
5.7907616016858103
2.0804914306299072
0.8664066801254255
2.6335396421069532
1.8336559991903820
0.5811555723407962
4.7007195582371670
2.7118348547655780
4.0425394668555779
3.1901629730374546
1.6752266572270458
3.3937600852152157
1.8063032898703593
1.8566747133128116
4.5460260159889483
0.6255314147782549
3.6826748809965082
0.0008737931434057
5.4236563896550329
3.0121746467174804
4.6136912157756571
4.5950347930556523
4.0588612806354520
3.1691489448010897
0.6554966272851036
1.5039969215994635
3.6246001222239936
5.2379613605875655
2.3042366989694094
2.0299211884236175
3.0866463222527880
4.4738661742143933
5.3383225464732202
3.8173578387563349
3.0364008683441588
1.3030780913736875
5.2174077550115241
1.9101787620765762
1.1445170270448368
4.1387245250957818
2.6182603726143165
2.3152993028735822
3.5810259878553938
3.0508735752867318
1.7581375594998812
0.5626078638119741
2.1517567985594903
1.9770843268176752
5.5527015890239442
2.3693979542132397
3.3585509387952799
3.1054786846314681
2.0541388712991946
5.2255632086986514
5.7539004391806738
6.2131071969140992
1.5242738960235744
3.3909705601910094
1.0506722727538302
0.5280418281758201
1.0143747837016375
0.1436466926428772
0.3205574849360118
3.2391915121337744
3.1356858986097369
2.7151354909842200
1.7813427889235871
1.5869400353277352
4.3945885562578502
2.7504168991302174
2.7220216550248009
4.8807488568974309
0.0653754308480823
4.8663659702781175
5.9657517683367187
1.6280866095064044
2.8081513875163235
5.4859764859622402
5.1555308288492272
3.5286912481091428
1.5903577032298981
1.2416846501384313
1.7959772403665724
3.0777246265696436
5.7221003987030823
5.7195462479626320
1.9142898586079240
0.7326290082247167
3.1143402399725955
0.5446042865785079
3.8265147213859083
2.0686896232658905
0.7357747438951951
3.1880003324945108
2.8139333805278626
2.5217883982519274
6.2091933756905400
1.6105314017309831
0.0921422805837371
4.6774094000776296
3.5021151210618178
3.4675650035582017
5.5522043861540951
3.5084949502476794
1.9900953729989441
2.0360157884437937
5.5285478388310416
3.1792365559990357
1.8749629195921442
4.6313053640401991
5.5016224335019706
6.2614684852217053
0.6153987972750544
2.8010310817943633
0.6554267431844140
5.5527099227606422
0.5920536221685531
4.4311687228402361
5.4314411275348178
2.2417173790569764
0.8951426802833705
2.8634350438490470
0.4009062497791377
4.3247315769272632
1.5840815781225548
1.4267043518928524
4.5533040199335941
5.2024107203342593
1.3146347741468687
1.9757409654977567
1.3916272473570657
3.9444371058878707
5.2385576294283727
1.4431480518941604
1.2122397377151803
4.9896739793247145
1.9494416811970501
2.2664614128211307
2.5191501418839461
2.7965691308496350
4.0068384655807279
0.8554141911756105
2.7627223332940791
2.1463128208858264
6.0986064247189296
1.8961866777584622
5.4636640878166398
0.9916718232787325
1.4299330435492676
6.2392907130339914
0.4990436071231530
0.0870161675949841
0.8394117919257075
5.4070217346471665
3.1377547304304687
1.1375659359345713
2.0384136506219335
1.3783419463945441
3.9921530455603143
1.6450099740179680
0.7719674991675030
2.4578341471777723
1.1821561905617788
5.8254841653219014
5.2715989192585617
3.0348846781113474
6.1637565081661583
2.5021424060226796
5.2105836235605132
1.9551458826375590
2.2448056215931613
3.8676616228953540
5.8258923327277063
5.0894981609192449
0.4912440667871026
5.6636254087978397
4.0554341732139481
2.7611031822369512
2.6686446514528126
3.1638948035181742
6.0080124364780314
1.0890536933580981
3.8966619697743310
2.9339981627667870
0.5845061923780239
5.3212045474445731
1.7129656517437211
2.4993492147696865
3.5373976274312322
3.4614299381972242
3.7125762128305957
5.9445565977576846
2.3500538188558542
3.1830584496692556
0.5780758280991751
5.8125775087626659
1.9626116101304909
3.2608441735243625
3.1395094532887855
2.4536450722567569
6.1298026055027846
1.8175924383685935
1.2091109852005464
3.8562874231063202
2.0130902053568347
3.6927564669004407
4.4086817514268892
0.9030462019719765
1.1015864434867850
5.5943130812265460
0.3977740715068119
0.0460421414761585
1.8619712525311898
1.9056041349390047
4.3305814639055757
5.7953496905989041
5.5647670549420383
0.0026358483076785
3.5938857284226100
3.9380565831783074
5.3831256979893372
2.9148050253382300
4.1760331191994267
1.2800263626121329
4.1854833971058261
1.8764793130661703
2.9979128003620117
1.7290520936793268
4.4416775505802955
3.3193601086761024
4.2379444209479686
5.8982490647529744
0.1267376262510234
4.2017867560099518
3.0691756423095136
0.0528322463103248
1.4275261100702648
0.1758073667844225
0.8812240833832583
3.0579659574052354
2.7224956717601403
3.7277765486396710
3.3875853869257608
2.5669057534850341
2.6715226148773503
1.5423061473152857
5.0008563044575700
3.3890259175112467
4.1626113041213708
4.5290622031989125
1.4984216549877329
4.4756033977428009
1.2109485840243603
0.7671357914662026
3.4146547499292370
3.1920424551087341
1.9708640558727553
0.9433330312748525
5.9683818453999180
2.3167214180741729
3.6545863527998295
5.0944328717331215
4.5402297459370109
1.0709646841633365
4.4954863481130536
3.7919924326125409
6.0369838121230464
3.4855122096585620
3.1519726941153134
2.8111451780850580
2.3994426868840031
2.5982943868303625
4.4833460101914389
3.0467460231141130
2.8511977987474766
6.0713691874726736
0.0960488064795114
3.3503118389125381
1.7848772071454362
2.8709853566542769
5.1415226253799400
3.1837284232380192
2.8260981626286634
3.5721818713447568
0.6360523272985408
0.2966926911723551
0.3166806278795125
5.3575104265581945
4.1365579294087809
4.5183482474229972
3.0694694033717451
3.0083619516442641
4.0137133721041049
5.3399250694112927
5.7879692258236135
3.6413343303879224
4.9756723694114360
0.3791338690634181
4.2582045576365504
0.4975291336104527
2.0922251151177100
4.5500454678535034
1.7654191021543684
5.0396552110499213
6.0375726325830072
0.4708274313462257
5.9743383739100162
4.0896443710482844
2.5087237950709182
3.9230466753462143
1.8139030873115034
1.1262481178337056
1.1455810178044448
1.4427380780599466
4.3105388061614027
3.1022286928655314
1.9362380873763476
5.2529942677646604
5.2382752848457024
5.3534482414093514
5.7424122341972570
6.2299808212629646
6.0544309865658441
3.7106533422285910
3.2179529660280513
5.5063048383690383
3.0796395292150471
4.0391653992794412
1.7346367804840888
4.6045811771619061
0.8549979433498210
3.0276998006387474
3.3623512217536939
3.0976311380250139
1.3583650628124457
5.2847846690552434
0.0661122237176613
4.7509571500342354
5.2670727821761449
5.4646366898191614
3.6132968826629210
1.0097853251541522
1.8484634847559409
3.6734739962251544
4.8468601216752356
3.1744984638340052
3.7028956755196538
5.5781336970130893
4.9658712930602711
0.8250505765930822
1.0460076367801552
1.2517762660400662
3.9082802070130556
6.1413056281540266
2.8305652208038414
0.2898031484193003
2.6198033036101291
1.3682762129366419
3.1115422951586242
0.0689257834639106
4.2083181017941742
0.3434015760202979
1.5855694019251325
0.5901354526790435
5.8799696656641709
3.1358536910277341
5.3581230595350586
0.6239831267188971
4.1682295001397351
5.9303278501289070
5.3807399558411602
3.0419839203020982
4.7890532533303487
0.3382333144569876
1.0820305533255214
5.0933912556877310
1.6605372018135047
3.4303653320624492
3.4246995251239172
1.4098935823319183
3.6244919141608092
3.3488587157182419
4.7894404279917140
0.4378199643912845
0.0351154141865306
1.1951907067450076
5.3884650724819450
3.7531013260155213
3.2074318350569508
1.8768039616064129
6.0124667221469075
3.7216226390071854
3.0361195426875760
5.9897833141478118
1.0365307289814807
2.1822200202344182
1.6778981601621861
3.3952821927194150
2.5715642342924259
3.6315940351760370
3.3402717992557025
4.4467486041843234
4.6943019604131813
1.3335861235858124
1.8543363207257144
0.0509303773404767
4.2406163343540140
1.3669369710831936
2.0467917803820774
4.0987398416627938
3.3846829796793827
3.0428085318366138
5.9878030709228574
3.5873012252478103
1.8554454424638038
4.3616190978522225
5.6993610541953856
0.3261627613730994
5.6419585927434799
1.0595157496670478
1.3489340717335576
1.3504134783722126
1.9578910742811733
2.7543459609785494
0.9390640725418570
4.7910358864049334
2.7874585303077484
3.7391368570103389
2.6764183283217071
1.8189945416341480
4.8800010205916236
1.9976370294599159
0.0008971312581197
0.1143698453122600
1.9657359777030960
5.9331863446987754
2.9413719442315589
1.0205137944723512
0.1816476009811162
2.3194900797378240
4.5416053111797758
1.3937938556499474
5.1938937386794493
4.6180567832578845
3.9524724570963032
6.1956724962206442
4.0592058656735590
5.7863809888186708
4.0474376641206762
0.3040173527900112
2.1100871683275710
4.1325714277775152
3.6269132523127907
1.4553631738462469
1.9027799402614194
1.1311227935258359
3.2778774348705868
4.0557964282592769
0.8905113491800482
2.6477947436604090
5.7282610520664230
1.8845319580218787
5.4444076734302955
0.8560500603465878
1.4242767660600115
0.8469908215836482
5.0894304500606253
0.3862583928173470
5.6035864734623448
2.4667379130939611
5.5842693834273609
0.1145019924855609
5.4284415769323537
4.9177618810239201
3.4575035936890268
1.9276907680274540
0.0882784460872982
0.0729629656521011
3.7753140789082589
4.4077448139842801
3.3998842071850564
2.3766234546994478
1.0052460752739312
2.0016493202581671
2.4276061953815171
3.0080579759392347
0.1835339032757033
4.5946198857884006
1.3767759788884963
3.6958036526741203
1.0605231595859868
3.6668442034828197
5.3981598528390728
3.8692185836827360
1.7797481704778075
0.7285840754769913
0.7082175824077394
5.8850949097253817
4.3995304396449848
5.3068325448526732
2.2077527152963228
2.6984722983703904
4.0943442289946850
1.6602979830003930
4.0917175987559959
2.0336239885513629
5.4078743532516009
1.5935648966425613
3.2785721850135277
1.2911671263175442
6.0462614648679986
3.7478201590831164
4.2433154130219544
4.6751874584227888
2.0051714684573749
1.9707276236303495
5.3208595463427910
3.6518457495394805
5.5202527714419478
5.2484611545628512
0.0367124134373730
5.1635578552945702
0.1394584520116836
2.7440305440670980
2.0551239295846311
1.8982553518122067
5.7261710288623142
0.8039984960769918
2.4404675176173418
5.9696920005130183
3.9025082166357126
0.8953109461479895
5.3124571641938605
1.6238144309752094
5.8437440369331286
5.9781468137997491
3.4800956956690898
2.4829449665434864
1.1829734644373306
5.1465046200463958
1.3099325458977367
5.9016050275249352
3.3971677834248295
3.8330286168475118
5.1933623460282634
4.1050423181166478
5.6437055133509997
0.3349212112175285
0.8445924901052049
0.7181967097612398
5.4096678868288963
2.7861107796541984
0.8659106154799626
0.4590868031355022
4.0579629533891763
1.8157277887225247
5.9072329150284872
2.9356652822007678
5.6534597601287997
0.0862906302128463
2.1189969956470422
3.2721574130614717
2.1210373711524948
3.2902317493534610
5.6026606805212689
0.3615676170215589
1.7252432261710975
4.8421701698270256
0.2936983816088837
4.6243796393503303
5.7685915210768952
2.7900302996109945
3.5701464714325710
3.0412647098190448
5.8051591522010746
4.7789945091615049
3.0308093105457661
3.9561364340013299
3.2092424041135397
4.1587315012259580
0.5021945240973609
3.9944179882445705
0.0752811211197311
4.1975116706915356
1.3776893920809261
1.4243225260805239
5.5030470817420012
5.4050246863615623
5.1638116248486785
2.7377994484909416
5.6267128305336582
5.1335044042712905
1.1314630196674424
5.2411229110365607
6.1882825584062893
0.1663685494499565
0.4736449688500975
2.2392920288773550
4.9647740372709395
2.8851661780138511
3.2535737484064713
0.6321439690496971
3.8650182478240978
6.1917138128061842
1.9508183074843228
5.3951077873390139
0.7044229728911596
3.4322674119495522
2.5385741614749162
5.1537706972022299
5.5069524818975877
0.1350135143984509
1.0707141422363213
1.4196962068389309
0.8345926122427824
2.9634360910142141
5.5861391292970293
1.1939007779716453
2.0602153670623742
5.8947699622639487
3.2513354241670300
5.0885647271724137
4.2896256795122918
4.3272416876321147
3.9802971038316550
4.2607467745300944
1.7955248539327249
2.4092591811758295
4.8271853717996320
2.8352541321805371
4.5512356493845578
1.0984876700727597
3.8310477599845703
1.3059812685179699
2.5018397020462761
3.4062532520397273
3.7179077580675801
3.9590545542475231
1.7911316878776860
0.7689557472161044
4.4684491500451831
2.0302487803773013
4.6537734155445429
0.9719719307665591
2.5201201705545251
1.2621188989234635
5.4204225164435584
4.5677502810941455
5.7655124347419804
0.1992350122512863
2.4801998955735995
2.0268184104568050
4.3445133945058165
5.4010824918107359
1.4061642534635959
3.0330607121240405
5.0336522973305051
6.0419236310469460
1.5776044415258028
2.7138564150859215
5.1248885697127564
1.5664145498119668
1.6900820762236015
2.2466255225048815
1.7813254678417205
5.0485551012155634
3.1380603542899688
1.6860371425007665
4.2262450283367174
4.5145255776063404
2.1812805524866956
2.8227928944515948
2.5210205644582135
3.4511333798143329
0.2581578072725457
1.7296109863051887
4.1537773147751205
5.7295482879928805
2.5470926559178202
2.6416986984396860
3.3140907247518960
4.9307041945821171
2.9799264597235515
3.9560393874420097
1.1808260642592470
1.0800251751944077
4.0895227375332945
6.0194447950847501
3.2361880813277302
0.2873936844396973
2.8172314548664787
2.1715735747836722
5.3613769489991752
5.5766509400250470
4.7072098256991790
1.8392576068388924
0.7378685478467834
1.4902954079809609
5.9021894378381257
6.1659717217895356
5.5100095674816210
0.2141425981184404
5.7497337932819814
5.0691542436033856
5.3769529935349718
5.4827381119685450
4.9964891513216791
5.7902817747867736
5.5402209012276957
5.4250361337057189
0.1518300689482591
3.1656112167378825
4.8985511924878651
2.5356572592558959
5.3164897903407287
1.0990496588547793
5.2384204191560375
0.1647739661974308
1.0579916451154703
2.5034702389520680
2.2597175181079803
6.2449415899798648
5.4623177269481813
0.5683063147002171
2.1183872164004649
4.5275975626831473
4.9467505386613571
0.0317145436625377
1.6827569070386947
0.4872828462767387
3.7126702661323732
6.1822707045463297
3.2558966146073591
0.4838394713374295
2.7907586735271983
0.6004576437455352
0.7382522642678573
0.6408707442655089
2.6669786550510266
5.3236931966468761
0.1217118832069368
5.8791095475838171
5.6851845723712406
5.0355259641388228
5.6526151079016271
3.0166246941177097
3.5653204951072350
5.7703849777553966
4.3001923427600603
5.1697245901675775
2.8914508846713525
6.0097312353161216
2.5011305606806080
3.5517558536965024
4.3981808580899688
2.9953418911583833
0.1994452993373983
5.0820209296911720
2.6000991320501550
1.2010628016894724
2.3997493354525039
0.7517497743382179
3.3015148210403105
1.3733101997367048
1.6889708239009806
0.8007050687444589
5.6528293943493040
3.4543670808794475
4.3242442993409291
0.3634106033349356
3.4060024984081743
4.2352898337957043
4.4000283720713931
1.2565401490586803
4.0333718863431693
3.7101573601897568
4.6678105226976845
3.0385043201835820
1.6373526112098680
5.4137758275672798
5.7004107512819342
0.9276325053995421
0.5249360362665298
2.6549129995712950
4.2955115859651718
0.6525770077673100
0.9904845111798788
2.9830737118656518
4.7659595860547732
4.0636084692251435
3.7267232681132016
1.1579980157803398
0.4864895267769633
3.0375947733555786
2.7113184263905334
3.5324629811415540
4.4244696267479338
2.3034962295115471
0.0033048195067369
4.2379807758795343
6.1207147963087580
3.1426039968496093
5.3123410180814608
1.9302977918895492
2.3381256157932020
2.0957142973589322
5.1793726995998082
0.5531919456954073
5.3513328035778782
3.8085752313946237
0.8478255658139829
1.8652926940878765
3.8002925645899710
5.8891429594681401
4.2557200428704656
1.9975377161239143
5.2504656835265529
0.4372813839690952
2.9043170921133767
2.1485490962652882
1.9284347375019195
1.9849526312791037
3.5174940502727581
1.5533313664585722
6.1427110546844030
1.3475802129121570
4.3084891000365619
5.6190312891583485
2.7752506012090055
5.0107731676451976
0.6649197113966479
5.3912740269537824
3.9203218567864089
3.0681134214846963
0.6587756669593561
2.0765252423813840
0.7236796826275800
5.7094247325259326
1.5843952029869659
1.6901604787023301
0.9286693819549963
6.2819535162358155
4.8610610351389694
4.3808313806600010
4.8936775126947136
1.6475219668959924
1.2539834530492264
4.5852759067462276
2.2125327104242669
2.5077337429245725
4.4732777524718639
4.3711593183411201
4.4598030154872506
3.7795908844785830
2.1270132709330940
3.6696493192535744
5.1678824693820999
4.5300909467509589
3.5777987340032058
2.2854494596529875
2.0381237778394516
6.2376484101873659
4.0477466693958233
2.5866100484597734
4.9184651329048252
3.8350117646814446
0.0644375469309030
0.5101247491180607
4.9146198776899466
2.1134100397358191
3.1219439794273720
2.4400901499379408
5.6567738546842472
2.7841489690014956
0.7150080714048941
4.9991885963587102
4.3679688984591492
4.5318753788551733
4.9955853815210229
4.0394980434722170
2.1907545137122533
3.1420007470987454
3.3114524366547671
1.1538180895798080
0.3290237177150400
4.7007193390377831
1.5436102836109638
4.1109168319168781
1.7719116755908042
1.6916260449037730
4.9799449555277873
3.7770318843090758
2.8016947469880056
1.9988879811388338
4.4314815183510641
2.8450165073625127
4.5080892126397085
1.4243349515322978
3.6278237091992493
1.2944819573263562
0.5686840395337083
0.7802053080309065
3.4832914246169024
5.0075436676451224
3.4533022799366595
2.8026892967086905
1.6947809911678309
2.8750649435721072
3.3959922605323123
5.6497288973304798
3.4319295014707882
6.0347045048510637
0.9674437439508032
4.5019644079139827
3.2632277191681971
1.2799342359583306
4.9489335004174855
3.8141660292348218
5.2627158970465135
3.6986368125066491
5.0921152620716432
0.9516145294515321
3.2989090348157104
0.1578715024754104
0.8814613088277196
0.0301962160791402
0.9926774681076739
1.7010578695531138
0.5333905662207795
2.4423724628259413
1.5260595164662618
5.8008777214865379
5.7414037335459529
5.5369790652581869
4.5982883205868612
1.8976035114729444
6.1683107037638365
5.6131125957073786
0.1049231919316696
4.0282044512775403
2.7400602984311915
1.5633088712143748
3.9303926596964627
3.9395259356605226
0.4909490922423842
5.4996129136089262
4.7455868854752161
4.5318811495414382
2.4512036851819317
0.8002210163344737
0.5597476191495384
6.2568939443896499
2.4579497027609958
4.8609087590508357
4.0807536347246174
4.7170361532052878
2.6466578709254165
4.3921964483973746
4.4166161811974982
3.6061744259989994
0.5329485451238900
5.6362309633147847
0.3155111473123721
5.5631742005534015
3.8227443252456172
5.2725358779796538
0.7788137612241570
3.8368289594964131
4.6604281574695081
2.8895623584893899
0.8800257675754798
2.3027152575795200
0.6378881619824371
0.9357324323826036
3.1211420795371239
5.7471773084702669
0.4841334005188869
1.8748814028142171
4.2425049366413115
5.5659374174120329
2.2424843755408590
3.9321189771598308
5.8534215401987515
1.8598616897434701
3.8409036805344323
5.3839294470508960
6.0045029018561475
0.9454450553505075
5.8664308942940258
1.5831507502093580
5.0281322768183427
0.6572767552949885
3.1625884452801216
4.7452389055155955
4.8764664731394012
4.7447707490445508
6.0658952497986860
2.0508851756430424
0.6172114399866355
2.4815248215898600
2.6839594240153097
4.1660067627635122
6.0065410350096391
1.9312646361213364
4.0328000112972955
4.2844934452765182
4.3729013927174201
1.2207675605929331
0.1052585968625433
0.2524125285957162
6.2470736010551855
4.2479999313519343
0.4085631563266380
4.7271935711612221
0.8179171710124945
0.6026651069346733
4.8051797924927833
0.3172471788213034
3.4991347298088211
2.5337294279427529
5.8577000098442493
4.6112925947624230
1.1558343678279925
0.2375161169778035
3.7982005056477206
3.4230167638477553
3.2609130761600436
5.0484512530471033
1.3849651626577459
1.5444491049760412
0.6432178379977378
0.1744303638083118
6.2058097907092993
6.1771305052969154
5.0007811119825751
0.2787781849417224
5.7063161090154964
0.4697478957296359
3.9528220980191642
5.3337779178607772
1.3119359093900653
1.8965514750883012
0.6854723630615023
5.6264225514979254
3.0966658617327050
3.3807844875713164
2.3938002222151211
4.9277310569068868
2.8570511819896325
3.3091568099248967
5.9639420472740001
2.0373112239893318
1.3981979900898398
1.6560501776740213
3.9920602790730837
0.0030842522171795
4.5620353218993639
4.9272899152212188
1.6892167867359245
0.4263871503752195
4.2519404211497953
2.8286971314594536
4.5875274304270617
3.5738685636681238
0.5301900266283620
2.1242505251694026
4.0632455997670940
1.0544202307588231
3.7461269200473768
4.6313373138396621
6.1706176922879727
1.8992329159338734
1.7185905520507747
0.7101353137636884
3.3786135232847148
6.2354189257107748
6.0728250773896386
5.5037372294490980
0.0224379511295970
5.0377431302997993
4.9181653515860608
1.4963888524013618
0.4745592299260084
3.4955879307397937
5.8719174149435664
2.8867371118431393
1.4795992408523388
5.2188009172499559
3.8624042250745898
4.3670980359044158
1.3845966702635448
2.7753474662152198
1.8195437067747395
3.3810501902602734
0.1625876230075575
5.1892550819633154
5.1452344637534901
0.5643426012905076
1.0941945845173424
2.3219983105431048
1.7226769667663639
3.0498709245136468
1.9884066161602969
4.5872298240960108
2.7526425568789938
4.2972082720651414
1.7504137527909773
0.1068798642130762
0.0725870957189809
5.9159019218157978
4.7352578452397891
1.2979829592627248
2.6873402439911112
3.5855601554185244
5.6705431888414068
5.1126442654559829
3.5134866412956907
3.5943918029383704
1.5623235113690255
1.3962715237931278
5.8391166758879711
4.7155975097038585
3.7694583182901504
2.8116949686674988
1.7943124619892696
3.8425399009631542
4.7200818617154257
4.1958800932869851
0.2321476695447847
0.0468824109546136
3.1589546260175956
4.2285789104219562
3.1013402120807445
0.2696074799498050
4.6500559802101540
5.2669713741653768
0.8654422836642822
2.8696466943020291
3.4232061147157817
0.4648430123146120
5.3598249634566226
0.8733941576554629
0.6339095978580120
2.6544205477355809
1.3637584293934233
5.7926934348771812
5.2586317065382202
2.9062348648906382
5.2782038138471963
6.0712038787349192
4.8389212041177219
2.5844864172423461
3.3832359239132330
3.9920485129249235
6.1801146627407473
3.1201728013314987
1.6442526596673364
3.6122295776111537
2.1450687417890726
3.4072699552240389
2.3438236225353299
0.0177329982939420
1.2783216179456192
2.3724565626123648
5.0481466892506424
4.9580300292451263
5.0334989041880123
1.0463036673562143
0.3514418420910882
4.6335381052186664
5.7184637611509350
5.7433603442064260
2.2543057225955314
3.8096876934556372
4.9421075395901450
4.5699311004801100
5.4786004593242792
2.1693848138830685
2.6521203800813220
6.2559389518150255
2.3087284969997897
2.1717399715401067
4.9355890902600610
6.2257748864690026
0.0252139556417872
5.3352096045129072
2.2252610213317241
2.6654974637294968
2.0967424008594318
5.3331921298462630
5.0735735186240074
5.6935671375577002
2.1329662839703154
5.4396216503447441
2.7570870358788313
1.8228316963830329
3.1921519084735923
5.7999867795903342
2.2331455137960745
5.3737935268548691
1.0942781373294759
5.5063592418053311
2.6225329173464114
0.1819509052906207
1.2478567407367214
4.7734739568154652
3.6021429697225389
3.0952326816985041
5.8016617892363573
1.0580493734419918
5.4062896470102118
0.8844068944307718
5.2715927893516277
4.6505164256615847
4.8545667186312649
1.6805313253132204
1.7386728131730964
2.6103976319140276
3.2116188177540819
2.2533278978480009
4.2144716094755506
2.0453066973516032
3.7149813517048367
1.7693859258334272
3.2410177403004834
0.5567618446357701
3.5450159638191785
2.3861459167922954
6.1331147832237658
1.2366514796125789
1.4809315327028960
1.6375599618565932
0.3101235988510326
2.0121852006314991
4.1487224002551910
1.3553649002863162
4.8536674919443756
1.5909584967331123
2.2857405883869886
5.2771704841465814
1.9855006065161740
4.5980845059511832
4.8749189095021981
1.2298372388183145
4.2401231458383117
3.4517367207096292
3.7103431282581929
1.3823564041702683
1.8036643408856603
1.9471278503943854
0.0424693670854323
5.2729763276749200
3.4793453572709621
3.6223978530342706
1.4492595261074008
0.9039923206106486
0.8564029931499102
0.8256265980164195
4.3715654109001036
4.0705389898522588
2.4396865528601857
5.4798825264187139
0.4107218333441943
5.9291335682551995
3.8863039073709928
1.7149268537276354
2.0698552151230327
4.9209850833317423
4.5414448362712427
4.6026820631924332
5.9455298422766703
2.4249919365707902
3.8249249823010225
2.2393967310112228
1.2877855438446379
1.2742982333519062
0.0664491493392928
3.1302393713660952
3.8586074451775558
0.4780248193206186
2.1110411798773914
4.4651891735267553
3.1383143400067297
5.5021280632451681
5.2757832993263101
3.1069364612819106
5.5561739283578069
6.0987877068541021
0.3157590966319632
2.8201742789502400
4.9727052748921539
4.5708233462241319
2.3348991592196695
2.9570037346127851
1.9400072871683554
5.9618803189857514
2.9953380196045463
3.3961041180252467
1.2847587193647341
0.7507351845058859
6.0203024180773941
0.1510855715863383
4.0581390542995903
4.7742116791523381
1.7055717418884659
2.4232848103593256
1.1598773562657976
3.2634252291318933
5.0442196739317273
1.7165382646389333
3.4382998427654021
0.8384329685039783
1.9995113888045990
2.6766199772675860
1.2481403098567827
3.4396978341990652
0.0922725655799012
0.7282394105791339
0.0926856219666328
3.9032060067794041
4.4454401194478645
3.7866924099002399
1.6852883673419419
2.0488090360494082
5.8755350846866339
1.1599836564963737
5.5145146156468918
1.0448783708703511
1.8771632545490404
2.8338329552359269
5.8087977357328784
0.8032364056607932
2.5585442443335413
1.3986931964329083
2.9494428172760943
5.5959379776399345
5.3305415407056209
5.2938713632590435
4.4710220953748356
4.0659852349616754
2.7575533757372268
2.7461487857750142
6.2413148213340133
5.5952176034958514
5.2022788973801477
1.6669927134712126
2.7961241590322317
4.4446594896142271
1.7891462105756040
0.5261332406395376
1.5059930304814675
1.1031109455189461
3.7599518954849236
4.0667468106179596
5.7384408493802077
3.5456856215974928
2.5847763670488466
5.0520140330960022
0.3776263158474205
2.2932057823725551
5.6814215131790755
1.8095610502351502
1.9777063485363768
0.9338947798091308
4.6555698759447344
3.6032620542901026
1.4156780083682636
5.4762884882038714
4.4710044308003782
2.7236945537976709
5.2074170576967207
5.4011322214414861
0.7963577221427282
2.3940147931244651
5.4213914581680438
2.0744803674688952
5.8022620059703947
0.7157550580461619
2.2586675720903293
2.6051227273963544
1.9037116682163993
3.1869642441063375
3.5248065757966303
4.1634441494837322
1.0810264717894276
4.7909243997808817
0.6104828051728594
4.9539037801935493
2.6756447091340689
1.8975609974652794
2.8988691222157308
0.4049032794961308
3.9321190823337102
5.6918124608265348
6.0985866230230510
0.4356365601116111
2.7812992859048191
4.8491669582468289
0.1260602132130357
4.5023276437064110
1.3292751501047779
3.6846784398431551
1.3442159472407087
2.9839336713871329
4.5838656145901266
2.2824727526464721
1.8283668606350187
5.8889866424783293
2.8078759147893178
4.3990382955925398
2.3111853283429316
3.8137687675758278
1.6890947887173562
4.3759471985343792
1.9559018219379847
3.8795032694124423
3.6679052840393123
0.9837372651664218
1.7713940357567031
2.7029812373010884
2.0795967683607244
1.6152626695926098
5.1859544547698242
4.4166503846510015
1.7836636115190072
1.6193690110605128
4.7548943735953717
3.0892051209094897
5.5121301567747549
1.2084349897284907
2.8063298628488358
3.1094626463906074
1.1138607315080138
1.5273853200977752
2.9314672528152603
2.2767996356411664
4.7023741308410472
0.6741912382270576
5.3538839874446111
4.0261332621670665
2.5387671512500636
6.2342950442769860
5.4360941473630566
5.2064830030078264
0.3995450765488643
3.6181018782926966
5.5094241638064041
2.4622300131128965
4.9195646798325958
1.0339042721175666
1.0962426072457716
2.7533935136500149
1.0633768005234980
0.1546124766466222
3.8789591564918817
0.2883489687354607
3.6063659088094440
3.7766966942162377
2.3660232519646573
5.2797336806400281
2.4025458595605915
6.0518435349072845
0.6666736834905865
3.3050269255054752
0.4185911011447613
3.3281390661924570
6.1126669798666668
2.1914612459958738
2.0682977589233631
6.2353839190565514
3.2869339696568565
1.9783141780251841
5.4401992231697793
3.5479115998005226
0.0221330915639432
4.5409749739107808
0.2153915850860740
0.3160953755036647
4.1238683806998626
6.1627047458956499
0.2452545999445412
3.9972645501787922
4.0811680605756342
4.7664366961961626
4.0208869470957831
4.6398143882064522
2.5825349277966216
1.2632546428716840
2.6149271942454106
0.8046719042724377
3.8207503812904231
3.3392560774039555
5.6044397915347757
0.4167179905436735
3.2482040165236405
3.8531114110155826
5.6673665202502512
4.8260958545494326
3.5410081491113883
1.2238382876347036
0.0405505125052523
0.5467654846596640
0.3958061336800968
5.7047276850443582
5.3327132029046673
3.3446157646683838
1.3035346255223785
2.1813140554649757
3.2070551234153655
0.5803622963866473
2.7713764692914391
6.1326874671087817
3.8416732621470695
1.7389650985081715
4.0309048333067761
2.4911809612713780
2.3753483422303532
2.1595944681296944
6.0418736378345574
0.7276031024234049
1.6945706189755587
4.5128363673347760
2.2427430753972790
5.8251269462770692
0.2928161337532991
2.2545882955931642
5.8169390120951334
2.1294159395458467
1.5375583952376901
3.9487899887352311
5.2248796890516322
5.2216033748919939
4.4234753658989137
3.9319168721661151
4.2534074729796831
0.3035394752017921
1.0901793889118905
3.9029319572677843
2.4074863688903543
2.7656996911581233
6.2576608633970707
2.3979442064833378
0.4892620722831231
4.6450024748565468
0.5911156058139229
2.6221827089420566
0.3874449914786854
0.7407529140737579
3.2740800957194325
4.8211339214822644
4.0873256380596148
0.0516179410057180
6.0869389165771288
0.5176754130721444
1.5573543746282665
4.7639494431828791
3.0008187885946218
3.6388151933667636
6.2438434000673881
1.0853296251149906
1.7184625032100134
0.8296909558482720
6.1137643978416554
2.7993118403333912
3.6482530495443823
1.5626754833901331
2.4738712975107298
0.8218494694696064
6.2398812617073336
0.2905797300377407
0.3546083742011910
4.7856301075832812
4.7834087417224902
5.9547185955710260
1.1401321361865864
4.6210439985545682
2.8441618214458320
4.8703291204284671
2.6100381314465242
1.3097558601276222
0.3785403007041024
3.8871956183306158
4.3416703406074459
2.0079414452577500
2.8518429761263073
4.6825229278012941
5.9129459488874438
2.7385462629517776
3.0263031595012997
5.2645017842870603
5.8780074418324864
3.0005711364972276
3.0008961443167319
6.0010374392565797
0.1412792709195135
3.1455526569777765
3.5222365980148989
1.0108028938694678
1.7548660187121405
0.9580142685478747
3.9764817156558747
4.0246822437611147
2.9357699638338413
1.8146508581779568
5.7310990478811856
4.2193284901117156
5.3373923744102525
5.9630364266566023
2.0333292132886003
4.7401977127685146
4.1855016620115206
6.2608496998923702
2.5737714673773255
1.6801131991414808
1.5362932120683019
0.5616080910593868
4.4692815577377782
1.2333951074774046
5.4559489308436104
1.8757937298133558
2.6818972391332618
5.4928662669935493
1.5718805493567207
4.4118020985627693
5.6034491819541676
2.4543857757901675
2.2502359738376136
4.3674848877192964
0.6075717768175853
6.1198620569895468
4.9704311999703110
4.3837847234559479
4.1631455473262715
1.6614039372440219
3.2658935151429480
1.8525716942532564
5.9595683231437535
5.0985989974396757
3.7638385086532735
4.1940413634403324
1.4423142005411949
2.3841170999081118
2.3103145572645714
6.2745384771250166
3.1514343493056569
1.7468677220654494
5.5880333466916046
0.9407788558820135
4.7054894009367132
2.2129770431666231
1.9347494505011418
3.6258669095739675
6.1641756216398385
5.4439115503428255
1.6602317052091373
0.5792234555238638
1.0903980657291537
5.8650105181713794
2.6362341915361580
4.6030268838338184
3.4817665097424815
3.9975458374445458
0.8122083439332385
4.3919760007112307
5.1908908433180221
1.3262596682090668
4.8173723700415385
4.7008301502562739
5.0022385028120633
4.6170844980132397
2.4833502751818068
2.1073927582760739
3.6207188295170516
1.6928201566745436
2.4662735353835585
2.2251748192415191
2.1967780819317793
2.3996414583470549
0.4441735765077454
3.3170425681686018
0.1560339428228024
1.8487408012768742
1.6293506490073213
0.5434566561073656
3.2310517724203782
2.0171449319305461
3.6245422993623890
4.4463218381805278
5.0210877352439471
3.1042592002873879
1.5716700349485420
3.1720387829126637
1.9150154678879514
3.2449301945905682
3.3245053355191456
4.3160192788554026
3.0366472782055469
1.9433245478782597
1.0584957670632005
1.5835153163675990
5.7359724196979816
0.8953623727289864
5.3654956281410895
4.7606037646639665
1.5979345494675987
4.8861168238335573
5.3060695431030220
5.9812985754189985
2.1080960904092292
1.1380677469011642
5.4814316479065965
0.8921228488835589
2.9775253417576062
0.2696040318086761
4.8249506754330884
1.0009180706511891
0.1150273193133954
2.2670686528875312
0.1711952284586556
4.5143704464030341
3.8950587557100338
3.3312593356127889
0.1112703871523839
4.9053623732559819
1.7811142459326090
2.9040410427145602
1.3105487122672488
0.3060707960343496
0.6477029263279152
4.3846241568368587
0.0010727576778594
3.3907892863427400
5.3292623474600216
3.9859743483814731
0.1496491108010328
5.1725761751394881
4.1002568958073491
2.0864955647797694
4.3959807294364612
0.4578274073822516
4.4291963963982139
2.3731899783995671
4.1408464989699256
2.8055500035763639
3.2709929548617502
4.2906778080564374
0.0184108150490022
1.3278575420030714
1.2663154082621841
1.7482738070651793
0.7980714044719800
5.0498847956163839
2.7906454610987455
0.7440753682161532
3.4435049526667920
3.3515735754707974
0.7713933453946751
2.4657692758267578
1.6130680213503585
0.7735148374870143
3.7726937545638330
1.5508513163977469
6.2028341802969660
3.6056074340704214
5.6708832174345218
4.9060920856429524
4.2093912570246941
0.7161183764667807
4.4837114225000949
4.2517353063551102
0.9172252265358607
1.8710721917991300
4.6469827522631562
0.8045220066982115
4.9517546000045272
1.3705788132057746
5.5789776501750614
0.4476544455246844
1.0646538109629231
3.3689092899788853
4.5838541133736719
0.5952290427782663
6.1241335332020972
4.1059156129221748
5.3461651160816590
3.5057211390132927
3.0097411795378179
3.1676698165355819
4.9797392470877480
0.2424300370410725
0.6280118766625019
0.7236238553104120
1.9134618862626021
5.7879877596495346
1.1102900720354667
1.8518317531749386
4.7404338291379720
3.8254622143677204
3.1268558815400347
1.9874744845601771
1.8354841477623325
5.2484566995893118
4.8635174298424397
3.2803274460531342
5.8343893326346494
5.2844811288473981
2.6751541048194580
5.8214688638483629
2.6681026658035596
1.2844674270656582
3.7901658109844041
3.5043977659195655
0.3632231124963196
0.7293392141310500
3.2864754596431185
4.9136873640536152
1.7870010939111434
5.0170355576270698
1.9516204976421976
5.2555291626529907
0.7492129109516992
1.4713553089232949
0.4195665520602161
5.3391092483908924
1.7210743460099793
4.3843603499770021
4.5329024525764927
3.5411750018441470
5.8299076618000623
6.1874812269801769
5.8084047734721560
5.8029345624359197
5.8289535540689119
5.4666112768047403
0.6091842594454525
4.8464334640658562
4.3141639114080492
3.5930107497720143
5.8900066363389971
0.3492882882568403
4.0344804431876140
2.8802361501433889
1.2684337902353455
2.9522632063204139
1.8809433780330196
5.7092851593237137
1.5991148151452927
3.1689561447213066
1.3088753507240605
4.5558742668242536
3.0364863620521758
3.7351376118948538
4.9151997685979367
2.0801212857540454
4.2113927302617533
0.6480035017759713
5.9973334440728667
3.2389224059604365
6.2212883209125156
2.6764955116599429
3.4687122396324757
2.0024952645135365
0.2314943007848723
2.2132561199396643
2.1956860947621681
3.1095188288731506
5.5951165182884059
4.6496628526309793
5.2106032154834683
4.8683338806653387
3.1524438204779619
2.3564996143205805
0.4135375422155757
1.5053109746077189
5.0947184060472077
5.6149960736636926
2.9279556903584987
5.8168805226260050
5.9625821906453034
4.3282154597783933
1.5924013792350711
0.8040722609737672
3.4515478923160527
1.2090178335567179
2.9130781939590862
1.8216093008125447
0.4863184345501828
5.5389812428957210
2.8678225035202076
