0.2352520642231814
5.9472312686473048
2.7747864953033843
3.6817903313496632
3.7279779505702924
4.4958884278754576
1.5669556625297976
3.1472675195742275
2.2146047507864091
4.6894138821203857
0.8768154934549364
2.5389225716742292
5.8613931561036638
1.8147433368581600
2.4907260288513853
0.3894548070083498
2.4394559988205362
1.6573388292075031
5.9160486089879880
5.4214812000099304
1.4471428795675811
5.3019793045484445
0.2982049842916181
0.5035466224808115
1.3402128128772730
3.4097207171880606
6.0273860671719053
4.3148870075046490
4.3491910655249280
4.4073789279826840
5.4770683141094683
5.5914831601007737
5.5571023604319327
1.4259482208774985
1.1312229369797386
4.5436588533834152
0.8889800198966987
2.0599363463888833
4.7730968812138101
4.3978483648353057
5.5683946634827768
3.7708904454506724
5.0208698301406720
3.7238336007181982
2.6198051546576857
1.7971006162043461
5.7592884664114194
6.2446409669869025
5.5488482137545612
4.5122155141526346
4.4612457858323848
1.3941145732003914
4.1069321673410455
0.7748555890059404
5.2987973655722334
6.2385517841180418
2.0406179385434231
4.2636416432036448
1.5520222617751274
2.2000766452102183
1.3796568605133919
5.7987204192980091
2.5773051887525882
3.6064553381849680
3.7796649878389807
6.0546544450466158
0.0565375029242302
0.3856080151080779
3.2888457283985555
5.8601729322915643
2.6518734228873146
3.8098193418722230
0.9887505752179913
6.0766647775073928
3.8853172703585104
6.2168731036043505
0.3376294200453009
4.7454153308954119
3.0427470626009181
4.2989426566835069
3.5232802443162954
2.0016466406706233
4.8780656717538804
4.3043841713255162
2.6206529114445103
2.6031525344273407
1.5831542269611556
3.0361433547424150
5.0261033748980726
5.7128622837349594
4.1211483838580714
2.8424650826508486
3.7620269223746274
0.7627189949176246
2.8265286065773556
5.6538412723700224
6.2469837439285314
3.0959962412681890
3.9261404792939474
0.1632416727744861
6.1510519149919061
4.7474113699391873
1.8144868679703736
3.0748685155117630
2.0831398757294473
1.7236875263015634
3.5361092767950542
0.9284950354263189
4.2131589417888122
3.4977281702822087
3.5833667763902675
5.3610550781410513
0.1954559505584470
2.4796586676997601
4.3333581880208341
0.9177126016993991
5.1130875032360112
2.4554859053924178
3.4841757885006044
1.3234661920125770
3.1827557515701144
0.8885973481554261
3.1044372394530457
1.8136855725917853
3.5376309718008758
0.8125941438383503
0.4392237019824690
2.8690112860483792
5.7952107543601024
0.3503891115694136
4.8169244189264209
2.8601679693464259
5.7041791556851900
2.1746922694102340
2.5667648655695880
1.9335992778931612
3.6225914655219635
1.3331446787233761
0.7061747775036483
2.2361637499788465
0.5532571654711304
0.2257090365299383
2.2691886452931822
1.7258112121583928
3.7117296932663666
6.0301919228726186
5.0409745076346706
2.6716419779303360
2.9185877521266845
4.7410793646568559
4.1288973982054449
0.0033710151393800
5.8541688963162679
2.2135483798687181
3.7258410393480106
0.2377456034771394
5.5841772709038322
2.1631819178773197
4.5626612772940458
3.3612477343292149
3.5117713508962187
0.8864804140065958
2.5954379962845264
1.5627570036095406
4.2062628121300509
0.8080236368165897
3.6797143693177863
1.0343211611811203
4.2576186989278355
2.1962987362909585
1.1450130105413692
4.2206180191347071
1.5113474909408082
1.1047402236506265
1.7073444453642650
3.5295011638467897
6.2027657576117923
2.8568568618636156
1.0649745641029078
3.0816626966301501
0.6503065560297836
4.6152287830564074
4.8689989391982289
0.7222138609843878
1.8806291808901314
5.4584522792803511
3.0498184822983041
5.0662027819739892
5.7681236174411135
4.3880712262231203
3.3074049283364775
2.1126312857272027
5.1330049651829723
3.9587754424085060
3.5942349902458162
4.5268478665507663
4.7386665524303480
2.0167750226073813
4.2407563790466742
0.8367666440614518
3.6985112686814925
5.9268023012515911
5.6120144785233119
3.1599985013786895
0.5145566928641154
3.2736418600842070
5.1168931570139566
1.3763081885909332
3.9471882430329503
2.2552962132493999
4.7166552585926418
3.1233739280881587
1.4757561718888148
3.1594737577656433
2.6478698987582789
5.1966502310604472
0.5731081687988364
5.1993239389307888
4.3562838362500145
0.9415647317577470
2.8058363751023085
1.8176508293107345
4.5658456856734615
0.1101987049191990
2.4757155532227313
0.9862454465504360
0.5074762596372466
3.5747606986273541
3.4755460274728347
2.8316597115651505
5.2381631586718038
5.1193186353006546
0.2561047645882782
6.0481099267379994
0.1726251450688009
5.0305196453064669
2.0176784694273056
3.8947833559599450
2.2187888867661649
2.9243366945319971
4.5700900591786047
4.2683259378879956
4.0125381844035335
6.0570321646697138
2.8765069644800718
0.9498071654401048
0.1200941368220904
3.9310056142725855
3.4438971454806793
2.7288123654032672
4.5992185265264451
6.2238523269276689
5.5021827158112950
0.9776197979173205
3.1897321532002798
5.4854128996225047
4.9142017872960890
3.7107691456525842
4.3932192601813984
3.3681646318323781
1.6762138062240557
1.2718905311023869
3.2605443114010213
3.5447233861280480
4.8496484775941058
2.1361133735361277
5.4670126930557243
0.4760761810109190
4.1223469750685586
1.6476281032388325
5.0224872207421027
1.2939416431243573
5.3913948364047588
2.7849641325887537
4.2033095301579309
6.2222389484859502
5.0014295707476304
3.9262939536136883
5.4260848498036163
0.3389350847331312
4.3749583788748811
5.1411764942227345
4.9615407927403066
5.0454047048912871
1.8731682363680975
3.2889727183123929
4.5145697815223551
3.6091921250391650
0.1502281476190825
5.1538711077069932
5.6082645917629641
2.5287675671561960
4.5886307147673042
3.7783844518786109
1.0442421551807914
4.7652832236243814
4.9471187163401895
6.1525114884736976
0.3738759601016928
3.6086105608188563
5.8437166985585272
1.0604985431500360
0.9476731277902632
4.3861142016574757
1.2424665496326794
5.0661572612798889
2.1273627923876384
5.9239978951719490
5.7546642725382640
5.8720243147288436
3.4465329688178032
0.6654521385750815
2.0799731638828449
4.7206026063583764
3.7832745833093862
4.4874106409222163
2.7977016347346995
4.9620657164431092
0.2603898944882096
2.3555352367213533
1.0598484416818548
1.0328210543670229
2.3277712922204903
4.5036275787121411
4.5974158065696171
4.4586527795688253
1.2381019980487349
2.2285996447355334
3.5309257180646245
1.9364570078846204
2.8327741543004339
1.1446345073376183
3.3137049462528463
3.9621622864638590
3.5048503659978358
0.0430551658573433
3.9138053789534011
1.9626093689505693
0.9395605084240013
2.1952484298016572
6.1321989121345446
3.2078533186580782
3.4093069395517981
0.1114304464604424
3.2552927969085608
0.9669837472834383
4.0269754294062432
3.7934503660655898
0.2995146686136206
4.2240128266678116
5.0269976350878416
1.9871708975846294
2.4812402573851626
4.5759126952982507
1.7951639160107256
4.2560968279450062
3.9277256461261376
0.8634353438569974
6.2408468818142797
5.1700784879494250
4.7918812052522224
4.9650398398568303
1.4420457325115641
5.4299028968158920
0.2926120478312619
6.1517333696230949
5.9251572099554943
2.2975514824860235
1.9960881884103363
1.1465242858167284
2.8668668304494607
1.3486360621414162
0.8392801844766175
5.1694586837752050
2.3367781801116476
1.1204527411610337
6.0123336519562853
3.9030225250563557
3.4783019705282596
5.9842145425278908
2.2786280263278660
3.3824067147678059
5.4678974947375965
2.9406335233453489
4.7562235261743560
2.2849888779760237
0.3656336964028817
5.4836418494759256
6.1428299157394610
2.2155173962523405
0.8293265681777743
2.9932388218776280
0.6362916584999897
6.0463337443137304
4.1053300896607485
1.4934599041944594
1.2680509183463122
3.4923878306315586
1.3584663324914954
3.7680940288267193
5.0466847137656305
4.9954361692641021
3.1328497554983028
4.7716075534899831
4.0621581310005652
5.5320097594544295
1.2802913233223876
1.3021492731570579
5.4554359868331534
3.4660328092853594
4.7054865163059221
4.4412930526967251
2.4058804521839479
3.0812232956080510
3.8805019150524154
4.3912434997464862
1.6523613059798630
3.1824150439146157
5.3462480109386910
1.9055363714379103
4.2136006429193449
4.8850063500626923
3.5126987458391876
3.0134178624892760
2.2216582106001916
5.9247776073206273
2.7109344688142762
4.8051888528169036
5.0256420503821522
5.5215724692886168
4.7562837611643642
4.6360482085022738
2.2822020771503322
1.1545127170651395
4.4237987285236526
6.1177434095730296
2.6178222036700727
3.8098146880891064
3.9464577918907673
1.8951070634366107
4.6450632831592049
3.7759426319472209
6.0198472050438534
0.8615267537806816
4.5864593124115611
3.0972384393337986
3.2292286858671853
3.2115938953348522
2.6866501089284394
1.9516946973308233
0.7401722278901165
2.7447290755374025
3.4243510570560209
3.8908838872408631
3.9431964537410193
2.5356514434987591
6.1566029415254269
4.4022694171612775
2.6711743099912519
4.0496581114366013
4.0008001763687018
2.1506251652061570
2.6985363769931809
3.9041810814931353
3.4926769418166161
6.1947229074012222
0.7417304161548313
5.0176950710922474
0.2660163301608447
0.1474173326138033
3.7066323854457743
4.1151985368365898
0.4778914398328772
3.4999427254386961
5.5746193082460014
1.0792228932430692
1.5587437963628534
0.0528741418913221
1.4802702384666195
6.2796041641305704
2.4345189869069328
0.2381102591309788
0.1670463206449339
1.2149114991406580
1.0117750238124223
4.8867004278261632
4.1022272534312032
1.4013653761932534
1.1521983733159462
0.3833516775973776
1.3502690010637726
2.8707460049130362
4.5835885307610242
2.1496634439062112
5.7279908747678556
4.9879489593392634
1.0029290454783950
4.0488818587839086
5.1104882977351247
1.5720997495527651
0.5269535190508264
0.7283399315120699
0.5975022710586622
4.2305812219033045
2.2624141560914843
5.8164187199451112
3.0115822365457556
5.2502323405271625
5.0852664112294255
3.0117044731667248
3.6982078275963088
4.4125836043832090
4.3616897687399909
0.7235147388648743
0.4683002702190042
4.9979869006732534
2.4546379014637756
5.9924293401551161
5.9584881838283623
6.2157647970856864
0.7447798993969598
2.9098365446067000
3.2653324852224359
5.7713850339859967
3.3483024306669131
4.1840926221540791
2.2241223247472237
5.6197487683465770
0.0969659635872737
2.1008844967072946
5.9520313883918652
4.7446183115285612
5.8926082164305749
2.2623500657995428
5.4044879532703742
0.5968275466227498
3.1602628701799933
5.2643742210091098
5.6259413131651073
0.7999371053051767
5.7207687096251458
4.5473274367014413
2.7446228444394891
1.2332600562854994
2.2024516542541348
1.3672051373880212
1.0108070529333708
1.9892563995128589
6.0522574981278616
1.3695145869388163
1.0187301640867548
3.8727640221278592
3.0247852172661180
1.8121796516035198
2.7692322542463397
1.3023156316925513
5.6000693585937933
4.2436793109774431
0.0407017163327466
3.5733172355222251
0.8290780352495773
5.0019129772531210
5.9939031634310336
0.7249114809763388
4.7730621351099405
0.0735274564321113
3.2133886164470544
0.2384474591793176
0.3936385932512702
1.8287162325552868
4.6821558065855111
1.6775821290756230
0.2417795533203856
1.1901018204404781
0.8125027236282990
0.4907422187427656
1.9930243808367547
0.7091363777131385
4.8755054438451815
3.6011758194047618
1.5639170055396827
4.4637998437489328
3.2120099658416681
0.3539528386256739
6.0028164315652290
5.5244511260356521
1.6745825483191974
5.0208747687802298
1.2628857867653278
1.7983307024689161
2.1500826162939126
0.7255730940075726
0.3664308530144302
3.2935762696488120
3.5963633808383655
4.6271813924155056
5.8123827398905767
5.1636202384571197
1.1218624078152086
3.8456991766397177
1.8835887849558206
4.0094148328667663
4.9317542431388635
2.2475747879964296
2.0778525121907943
6.2323860543000302
2.9080581291623346
3.5182457639999494
2.9636834321044909
1.4822238908529894
2.6197931173870521
0.0059922836929759
4.8008269680535491
0.2126229571065498
3.7517704387436295
4.8916671081694902
4.2812415083170849
6.1921732641575851
0.3219819002279091
3.7258220088909937
5.4163117025178158
1.3713627859033835
3.8072095799376116
3.8857404931588948
4.4037424236660208
0.4058581292378006
5.3967964593398925
1.5150025107478522
6.2216301809450840
5.0657082862226543
3.2935731042406355
3.1684290739213159
4.3125450615302707
3.8182473042367793
3.9518584375499950
2.0947718040339893
5.6280506667217507
0.4716846246297954
2.1172107814672398
1.9635330632426871
0.5481043641278578
2.3696069325259046
4.0708870949240525
5.4430681039257642
1.3741067701854388
3.9534722516007057
2.5757247284470601
0.5972279191981386
3.6639640080286329
3.5434912932676061
4.9612095408324839
4.8440705693788901
2.4060602989505866
2.8774409434791548
1.5492987175150585
4.8417384082857824
1.1962984239380143
5.9147389172155220
0.5264470846801123
2.6149591759008075
5.2967275586571612
3.5228757811969644
3.5603982919679966
0.3116459646854820
6.2031769435333288
4.4968896483384642
2.4494701778879020
3.0444295472855343
0.0249643970796394
4.2214970586803817
1.7778581227916366
5.9332818462723118
5.2896213169622008
0.3580236043914354
3.7151003191498133
1.1286234456262751
1.8314218250686907
0.0149116973018389
4.9092764059496874
3.2037507195247881
2.1911996276754850
0.8227392648169802
5.1758914150361868
4.2392364587782874
2.8428821856629778
3.4258977630143046
3.5165664515720660
0.8362288593742462
6.0396579197150739
2.5236022369654014
4.4068501293323150
5.0477887904335947
3.5780168639683132
1.9245675450168165
1.8313173957935360
1.5627926525495932
3.5298981994462992
3.1116399163802937
4.1767983351574207
1.1960393647081831
1.7162438496024683
1.4559259969716880
4.4546025954465716
3.5243980988840580
1.6139095004391275
2.2854392289754148
4.8521493676835314
2.8173743833199225
5.6804584852336895
0.3324270225961563
5.2958649557590993
5.7168659526088632
2.1799919163040853
2.8493605869545289
0.2080869705689419
0.4511704535629547
1.7712561643062195
5.3549440998460875
3.9039132333983591
1.2924884506729415
4.5152041178317148
1.0228851376601487
1.7595068617331875
1.9849003869007449
4.6061385261200432
3.1019419200399763
0.9962657900540504
4.8667262954606718
4.8058166230965700
4.8755179580618284
1.9972470974840861
2.0532316933406656
5.2199972299178281
3.0223349527350858
0.9289053819073135
2.9772896918776088
2.8118945516389542
1.5306278661945996
2.7795573719027451
0.8379572598119011
5.0779557594674047
2.6677997852659665
2.4589611813688927
2.2620670936744198
3.2950105813761752
5.0372201080037389
2.6320650008710675
5.1810711698625296
4.6813354392994402
0.7297267757715072
4.1705230641799940
0.2341943888364729
1.3024739695583494
3.6999605887466003
4.0889204379592003
4.8424400598986912
5.4606322405599421
2.6622967354673412
2.0565673254981660
5.8631782255290634
3.6871786208231359
4.6762562848388987
0.8661050847416163
5.5285603882421057
2.9293121525886487
3.3652304083874962
0.3347205776711668
2.2582994830833263
2.3626243911552485
4.0150546516644328
3.3059305891260253
1.6009350778109750
4.3480792048498387
2.9869100868260499
4.8087408229874669
0.4435923253129804
4.2337320318213800
3.0749263835288922
4.2675112083330680
2.2425937555239610
5.4876241589898198
2.6103531041724271
2.4220754081858948
1.6526727084357566
4.7971441227003178
3.7007364356791421
5.4128247051881031
0.9681487220300108
2.7169518522065390
0.2806026593380269
0.1628128919892881
5.1388984424885269
4.8803969985891555
1.7225421699104513
2.1395728034211947
5.4157231818190947
2.7779259585446399
2.1007100760400501
4.5217069038530262
2.6550019797674089
3.7500715802904563
2.8862009215227431
5.7029098572343164
0.7844886471649110
2.4782581597804527
2.8176533248035494
5.3595044839774522
5.9241323705585094
4.7324274065505429
1.9702762443160153
3.2468318322854186
0.0948202785202237
3.5939789834284306
5.4610702594148890
0.0692389121289553
1.0263976364603351
5.4527359453887669
5.8642338022872220
5.8401068803392757
0.2903899113983567
3.9334411977334773
3.0913091384227234
5.8227730191086478
4.5395465243317386
5.9978528595162359
1.8626757222221610
2.8548506541103031
1.2745516336468565
4.2446134959567967
4.8516390655730559
2.2259248016966970
2.2632996859882240
3.8970686691675622
1.6530205685313595
2.6274186173490355
5.0094237594285493
1.6334286418347677
2.6080920073104887
0.2180101412647989
6.0932569039410325
1.7549612845463529
2.1196688458557160
5.6006113298738560
1.8616186810208373
5.5019060355328877
1.4713747523313523
0.0834214542477435
3.6129883614417877
0.2149803393914209
4.7029171855076450
3.1166744329048637
5.3116582499375893
0.5301228663552978
1.9505989825650831
0.0910790762178357
5.4088386531584547
5.5032588435310386
1.1598299656008941
6.1953980337727943
0.6459216756328577
6.0202211849342788
3.8801582410503843
5.1952734445450615
5.6440830944687885
6.2774448351955554
3.4841836849378680
2.9135259402829417
0.4626987815559928
5.4904501374110604
5.0446911614553338
3.2442640203156690
3.7145238043383006
3.9075228471037460
6.0406701422418196
4.1336534865550636
4.1049218730673109
4.0256708150496348
2.9026264121398260
3.3130510428002005
5.4890621957618491
4.1199896013741881
5.4034152551115699
1.1024945457706581
5.8195249653282204
0.2442727500595477
5.1555631935724806
0.0592211259886211
3.0112894021673462
1.2303387354064153
0.1610964702707756
3.3023887734093629
1.8118293955840288
5.7741939476484738
2.4688708465094491
4.0258824737632439
4.2260596643851436
6.2525914262921116
4.4644645617089589
4.1856915215323554
1.6193313568393848
5.6727734162262387
1.6700729220408104
4.4370934489550633
5.3451718258356422
5.7558459840715148
2.0800090918655076
3.9211532631338528
3.9634514820347757
4.3926850040035808
4.4088641760226217
0.5823020405970599
2.4523003302619415
5.1601297968333375
3.8828643877895908
3.3386337639929007
3.7306416075648912
1.4807510282829834
5.6560590729834601
3.0459926415572771
3.8911927127526362
2.8604426786799815
2.6753859678127281
4.0244450758654047
3.2170643447401948
4.9196024127839797
5.0818406669441405
5.1801006963204186
0.8643713366369972
4.3986642050769831
5.1751983210847481
5.5793441335060319
1.6743138734386716
2.0916192217622016
5.5959398133670408
5.9173824081152011
2.6794859703672498
4.8103452654787908
5.4111277454722808
2.3374685276749343
3.4549732992333704
1.8475824155443510
3.3966527951521073
0.7787892326468511
5.5227463476985044
3.2541135874457039
3.2874139017874668
0.8059080071349766
2.5935558147624582
4.2362234998501354
2.7192801722068607
4.3207067126686596
2.2020915577808742
3.1417094419740299
2.0298339927017559
4.3355453956512422
3.8208639335654873
5.0775247566561115
1.4831189484658160
1.7470165279011722
5.9811490226145381
3.6688161709799481
0.3426257355952081
2.8599551527227476
4.0585638335668639
3.5677542558443545
3.9427920702309462
2.5508178861928732
3.5623527631811398
5.8272959903853350
1.3152998617905867
0.9218602721242543
2.3956814561982998
2.0302565620074335
5.0522849884393342
0.9633300244649825
1.6146305387607733
6.1382579780061608
1.1982935201805820
1.3676824748676910
4.4198304328155498
1.3999675029524106
5.6982605151597729
1.8834763457134962
0.7143378246908262
0.4279590965698906
5.6849185046788016
4.1529201388521715
4.6083824346241400
6.1423728952390517
6.1349995486581630
5.6264747250007643
4.6696812804990309
3.7541404547548960
0.5509736555508719
3.8815719934284401
0.4110713835068644
2.2776538299483700
1.1590754891013322
4.0388901380667201
0.6050229195514260
1.8911380778581439
6.1040584652382597
3.5242804525017490
1.0163169984679050
4.2367092901597339
5.3938143659272066
3.6789237634149896
4.9017296232760410
5.9729632643730408
2.3807658528562956
0.9486172369531637
5.5639395402178957
0.7672854130768335
5.2397516243772717
0.9467304112121210
1.8557486633832494
4.3569428765231484
4.0408771942170159
4.1327606763204887
4.3848813842187768
0.9230511157265032
0.0175087357185519
3.7532166932040472
2.9151285556830762
0.6866829001124839
2.9953361630452267
2.5463686065687727
4.1249363049505687
4.9049488312681602
1.2396224147877313
2.6876994423555205
5.1378977375577524
4.0105343237872733
0.6556889748903516
4.0122501910853536
1.5089036912764848
3.3077777713826868
5.3919777768032686
5.3936638697378063
2.4431286874099607
2.8186326650427915
0.0227885929554004
1.6121603752162916
4.3499604054594005
5.4763755893193009
1.4115451959686052
3.6073283769526254
4.9436445423459814
0.7795363256343155
1.5067854223138442
3.2082629764188897
5.3620454484640820
5.6362766243572908
2.4717592578688605
2.7897967352382049
5.5811388417768066
5.6176196468039388
2.6449006051834436
1.3082402308035119
1.9758980257702696
3.4533800456663557
2.3609778884194177
4.6518552076066628
4.7534984352623972
1.9032876103738403
5.3424077038635573
3.1274306894259474
4.8968198039328428
2.2378240072308664
2.4073723593669505
4.5820619346928968
3.9721278411496721
5.6644973084870234
0.2700824088660819
5.8707904665872919
1.5805636650839179
3.0064546957773017
0.7471037135181713
2.0664739225351743
4.1435350188174702
3.1951189342127937
3.0699757500137532
3.0003155937881063
1.6040086555357247
5.2976501492859835
5.0854541648758049
3.3414027293428843
3.6126920516758316
5.7003864655561394
3.5292279471930477
2.8444775053629194
3.7185332505757471
2.2140912788047755
0.2436449343363384
1.7793525960833294
2.6862159611000003
4.5309452951933791
2.2282772414983603
4.1794294374106222
3.8836578800040935
0.0333415576489435
1.1811505575926324
5.5176226224639260
5.5459117962692899
2.1217278181343691
4.0364315600846501
4.1514286652503563
4.2673192686445356
5.9937558678034080
0.8348195518151433
1.5075502472981464
3.7930299912717484
5.9154972764583658
4.6690812756085593
0.6052761596144942
3.3733766191344099
3.5047738764730831
2.7418356096251153
1.0976991532821248
1.2915879392862273
3.8856572259801636
3.8954827718199176
3.8226204235064039
0.4432583839790758
1.4555902989875096
2.4561016828043507
5.3679066147491614
5.3663524166820444
1.6064414975116323
0.7358157215021676
4.5261134866000603
0.7292514236491291
1.1530875850458076
4.7655038838866188
0.4130011817563025
5.8269071945793023
5.3754034236825703
5.2580486150844887
5.8656304552874934
2.2185238036464145
2.4364336746051181
3.4162073315359969
2.2423530056747718
1.7703062057380843
5.9839121174326886
3.6872512215159414
5.2009857936462387
4.8591002133424253
5.9540304044607471
4.7854678588675865
0.8715906971871138
5.0672739143577941
2.2483266537916595
2.2569632737163774
0.6715978988703740
0.2236730542109039
0.0000312317017726
3.7364771679628657
3.9589516505386388
4.8367724134119960
5.0382659395066209
5.2591875825747216
5.5955235259601350
2.6467535200075529
3.8677779605054048
2.2201775202420926
0.9018086848206838
3.7334046715617846
5.2513761606463580
0.0314669595411427
4.6795699478560779
2.1025285351844945
1.5887331277876617
2.8086806494718877
0.2670921869784939
2.4344477324330898
2.2880552543813319
3.1011619284629970
0.6957013812686389
5.8982527247594607
1.9432015893710211
0.5864142515008310
1.8582141903230780
5.5261709000301140
0.0068677516558836
4.4259868500718422
4.4300235198668423
2.1627100147885456
3.6056511343839071
5.9185991820066022
2.3721822609962375
5.2888035869133789
5.3882554965641560
3.8231703087441864
0.8485739946891850
5.4144711313850289
1.0973298134327678
1.0257266483297369
1.5082608680321776
2.5377701836795801
4.8219947192127144
6.1183636197130706
1.7002881874013265
1.2482163215068012
4.4993424345686499
0.0632156569305327
1.4209013071035037
5.0893835268335854
2.0542749129315587
5.8485050532790561
3.0647320732544343
0.5616556029765746
1.3289613311300854
4.5011445707213440
3.6565930303731138
3.1779465787522190
5.9979726225979553
5.3382064489257859
1.4443511125202013
6.0742646196044427
5.1524625091750273
1.2328474189036625
2.5471907680427019
2.4549847448361923
6.1504399391885283
0.7599340499865924
4.9988200478515674
3.4954616125780249
5.9580740083675892
2.8483826607793952
0.7474030910598224
0.4111246324681354
2.2410749983293661
4.1324113372161291
0.6026681285823123
0.4487305862432552
3.7468882271343849
2.6358921983895303
0.2165766129712026
5.9065222948938363
5.7935580326492362
4.1147285153941580
1.0488786768104037
2.0051792305033516
6.1975894580226436
4.9575806439062946
2.7565163211944910
6.0958124949667827
4.9922932391160186
4.7503459592971797
0.5352025940446974
5.2781910040851185
1.3817820072228608
0.8062142740764923
0.4492973199591279
1.3722551581259090
4.8143422423902997
0.3305480117986668
5.8894093707078996
0.6876870645492086
1.3210783797419905
4.6394144272796440
5.8959235094453293
6.2645402072879932
1.1910004151662990
2.8861992196858699
4.4793525629053086
2.0142545511590990
5.2061105702241584
2.9504967217120148
5.5982610321639967
0.2768794659514772
2.7597285261156692
5.9903157118395978
0.9340458563804700
5.3538090379070482
1.6050173624655484
0.7523276389509590
3.2344438292008504
1.2069273211947118
1.1510288277487559
5.9175320328998939
4.3324542133149180
4.6088141707701915
4.9270022717728681
5.0215781197037401
2.1248502243964453
0.5787043966421367
3.0310771790686184
0.9900306553071355
2.3084445081172658
0.9842341487701585
0.4575420599507314
1.3397777592452089
1.3702289570463895
4.8924624815616884
4.3077891597651634
5.0601707606792017
4.5351969551040163
5.8816268484085255
3.5589444391346383
0.2475356514657618
5.0976259908985462
4.1901536588383852
4.6929374651641735
0.8912227988045693
2.1760198246641171
0.3995261070534631
5.6839566010580249
2.5732317795471844
1.8130454955535837
0.3173928680157744
0.4413358784047845
1.0167238576182471
3.0499011120628738
5.5701767562229634
1.8875015323962927
2.9308588884009432
5.5615936750209229
5.4778181407703244
3.6822018180160905
3.1507849004316153
0.5426048324426433
0.5105242751555844
5.1579714676826978
5.1868681107513934
4.8106120888368018
2.3388568479721514
1.5947738259685362
5.5297018848433002
0.0729303119130258
5.7064195249294443
4.4428581031005345
0.5943639968170688
4.6219424661469199
5.3294235367695357
5.6835287774577967
2.6230936051956268
5.4397420942175190
2.4468717544048304
3.6782022348642234
5.7117886771302526
1.8701582790393809
1.0088708597060321
4.0850416717434461
2.9657889913207791
0.6213071462502046
2.9271245059491076
3.1273389000846921
4.0202065208889302
3.5060866434462099
1.5416459471435071
3.1741220240109800
2.7833729760957131
5.6305696691180342
5.2522503803483565
4.7946382799719975
1.5914519845088415
0.8964237851845117
6.1131291236027865
2.6282404901993672
5.5525802116584222
1.9180351355618994
0.6702372468820894
2.8500523333667256
1.8861860111394222
3.0245607218507833
6.2371286681051821
4.7329865442907764
3.1016345940213248
0.4680273428636282
2.1665816834948481
2.6650671837526683
3.9549028985992214
3.3360486130934324
3.2115505077277513
3.8761903982717167
0.6099163484023110
5.3097464657129061
4.7057618032996631
4.3701586428662695
4.8418940084305664
2.7581373208793134
2.2556203745560293
4.0523773737255722
5.4538231332075107
0.7861204473214201
3.3949169133973514
4.4037961808171300
2.0646226371469121
6.1203564859540434
5.4816701842579949
2.5332007110673413
3.5286662912037365
3.9505465291085899
3.5628626348433010
0.1333578904108378
3.2916998815008149
4.5670878692592742
1.1247636203463582
5.8030587085312400
4.6762413615121616
1.5898437109017565
1.8979663076819016
3.9167455343610498
4.3437910535750062
3.1590696051765375
2.8988878332031143
2.3746130827882510
5.0400220651091674
3.2900388573260071
6.0749789399159573
4.0633429361193159
5.3478579525324594
0.6100466742147143
3.0454053513740647
4.8323612154637923
5.4970118762812161
3.8717425717532956
1.5438714984732917
2.4049386549087490
5.6803824599006685
2.6196895976520973
2.8115157460822928
3.5095940851366070
1.0200009004130219
3.8978491983302552
2.5982893508762563
5.2314481395351784
5.3151762674942216
0.2402955366425394
5.3735798143146303
3.6898848407528289
3.3408797284409975
4.8308855148222545
5.2347407613377053
4.9239931580509761
5.6978491815376531
2.7975632957874899
5.8896825152105832
5.0111135703313154
4.5762842559062626
2.9821458635428919
4.8202922300339459
5.2219474741403182
4.3982542050154478
1.6943304494446161
3.4901510176730466
3.8143857687712526
0.4206323888719303
1.3538377544068128
2.2115116283075644
2.8826745934210343
4.2385513162965536
2.9121410680047219
4.7020283898886284
4.3823840757874430
3.8721735814129086
4.7548353615776096
1.0479638874913029
0.6664370676238836
0.8470000295624256
1.5132761849306320
6.2087445452809584
5.6646891347661565
1.8638868078448301
4.1380060341090124
1.8164092910378178
5.7809761729144880
0.0153579937695805
4.2290818504502106
2.6918997365537920
2.2683050813548591
2.2006624248750870
5.6259477903675110
3.6065712427310803
3.1975226582161098
3.8599555412838735
6.1274377182625406
2.8968677489004042
0.3657868916219332
4.7839468490586308
2.5293852243913597
3.6759635685945886
3.4179654302984872
0.7207972120716638
0.0068327417413748
2.2788443277240122
4.4974235605019848
2.4696361543830458
3.2330350498344447
5.4847886319717780
2.4117982500187320
0.8109836870335652
5.0441504854067523
2.4838049954185890
1.4650075645007903
2.9588067260866588
2.1716140114456564
0.7819913227382930
5.9943221995507860
0.6031517000608529
5.7688106785360329
4.4113465238290752
3.5140030614692077
0.1969594277865768
2.0294508607630073
4.6625439981032493
3.6606825950866115
5.4394813057098839
2.2354234847700871
1.5469771526476650
3.5176750320038983
2.1099033590010223
5.7567129150433125
2.5774593726584283
5.3591854447903780
1.0230732121371393
4.1029463867896041
2.9068786897565841
2.4360146725850238
4.4429356654596903
5.5745657999596148
3.0740691313741566
4.4660960706207433
1.0720217445871154
4.6282208524772699
4.2393266172469390
1.9734550581755810
0.5867187916543875
4.5432683203768569
2.1016917175309571
2.5608457167200833
0.2358004986217268
1.4063111268747874
1.4644155572478039
2.7368076704518569
1.2434234019291786
2.7480873263120476
2.4495506094098864
0.9785689043153311
0.3441732614327319
2.7105622883588771
4.6609896616803104
3.9239941345675042
0.4021541280544430
3.6196925538415687
3.0796364430917516
6.0042498586829405
6.1903930771751101
1.3689509011399372
2.1400635029273465
3.4164357453898520
3.7361262157739970
1.1299046228537815
1.5393057522349987
2.2161198745383373
1.8742581098304123
1.2274956323156623
5.4890722088434600
3.2535841010881001
1.4972614681569878
6.0653051899654509
0.6448253449986090
0.5632516245014849
6.0467687964481769
2.5438825406062571
0.8992855470740335
6.1757312974927112
0.2529133172853039
1.3685848210681246
2.4831065728047443
3.8874550363203131
0.9843345427072758
3.2459437462303917
2.7099274273658276
3.0815221752625175
2.1661765241883595
2.5942141226431352
4.1583068177615399
1.3466349254205889
3.0258469832359651
0.9643230839701600
3.5271887376600466
0.2175033706438467
5.3134813534137617
2.4596714465753782
0.0862959310413996
5.8520598828684767
3.1666702478652300
0.1334455594678675
0.6257119983754422
6.1046819211487087
5.1623432104572577
1.1883858060991688
3.3055063172095562
0.4514569386487580
5.1939013249998363
1.2478568387299716
4.7604304614199204
3.9911057597644586
1.7449332568354157
0.9575219696648541
0.7433367977085140
4.9326641798727708
5.0856675479928652
1.6904142564702791
4.2496668928688281
5.3409915939874173
1.4728427126179076
4.4745433186066315
0.8668171995566097
4.4234433501436268
2.0733402121576217
5.3810947299140111
0.8837133043572031
1.5150638570030561
0.0240377512184803
3.4579170191454902
5.9609686245446101
6.2295542963214752
0.8514159029786450
2.2065685872076934
4.9459644883373395
1.3882704716364933
1.0277536364444824
5.0071136203857440
4.8888786622688940
3.0893753041159164
4.2788148035132956
5.3156641461821907
1.2328449668673729
3.3293332884684101
1.2500035059772616
0.9507942483215209
6.1880201086628439
5.1546988041950872
1.6535642242275082
5.7350037458217304
5.2279180341149907
2.4975405369195558
3.5375078279188781
5.9515296207331918
1.3498838400698974
3.7468614550533195
3.0957224671629251
0.0667457598406501
2.2973876147754879
4.9139096981900421
1.9469853724339374
4.4822030239169548
6.0900313611194807
1.9418092179416047
6.1664968166866796
3.6494142793434459
2.1540473300845462
4.1129550612019532
3.0330282274597997
3.8430799340576858
6.0306193385193838
5.4133349302901523
6.1544794872508799
0.5978381195146170
1.3402019959282969
3.1335949832223453
6.1228777320962209
1.9140773927142283
2.0370989015856189
0.5374815701643904
5.1460220092104967
5.6266700040190853
0.3650215883920427
5.4347641176560444
1.8892916764195156
1.3525885521652548
4.2249442539428861
6.2008809808327490
4.9386476754610227
1.3357997355960443
1.6998421082622894
6.0881986050203176
5.1535623882830599
2.2261920638787451
3.4098314151424058
2.2237506057508969
2.6754985947383849
6.2388445499557408
1.8442086153945683
0.8826452311470961
2.6489246552050663
1.1882224392686596
1.1435112682910551
2.4571548858267125
4.3191985872391943
3.0880261127652706
3.0438642710674819
3.7207099925695628
5.6032069259030637
4.2671928082500781
1.5743308828336631
1.8160791701235039
5.2721624911976752
1.9107306249004055
4.8664793845160439
1.9227815685521383
1.0784329429175481
3.6554782913082247
4.9517477890008141
4.1946535333957167
0.7972022055676932
0.5911570819716676
0.7573600964229441
1.5963228936134404
0.5523527753752777
4.4471785908383854
2.9319688608056995
3.7273008755075927
1.8585185466584846
3.3807433920153795
0.1796940103995423
0.8816183813377875
5.6422774388671648
3.8741262698090591
2.0567192188193615
4.6319075927262894
3.2333510479539158
2.5678657598486820
2.0651793906138689
2.1044475498413688
2.2535021717718311
5.0590034539436664
1.6685854785091951
4.4825969913568002
0.7803204141993015
1.3684513719861695
4.9299623405289186
5.2872088517424665
5.8280803498497544
5.3595518808310407
2.5049063744259890
2.9024010215069262
4.5461640357543862
4.2525317859628586
2.2233140712247068
5.7181014330170452
1.4954170379703666
1.7096872096358560
6.1571181941547817
4.4570481007811722
4.6735628063385137
0.5817666624054425
6.2622483257088133
6.0587512896796190
2.2925382059378965
0.9165342819336374
4.4165201269968204
0.7561020611077821
5.6028660388279121
3.3453817595210733
3.6770737879151607
3.6279937520127552
5.2272315983997188
0.2381894648045929
6.0509291600424850
0.6883293014464527
3.3231791897202734
1.5005624068380690
3.8680004857253012
2.5616172581575825
2.1199640667221975
1.4084040487102492
4.7870110742042193
1.9153081066430833
3.7578734193577006
4.4329743287842192
0.1445942891344590
2.4698010704642002
3.5681186551459878
1.4286941780271538
4.3979263981998118
0.6930646932484879
6.2520388784787038
0.2075866531420346
2.9176323507910391
3.4137003606946523
5.5089382291518696
0.5029922617561557
2.9701427491304817
0.8146496567001925
1.9320658572334126
6.0996060607034117
4.3500649174459909
1.5793770655958947
5.1687164337299070
5.1646578728813788
2.1418650596508120
3.8065464257293704
2.0365529800434454
4.6524772099440641
6.1097921627743403
3.2943338275511840
0.3834671409148730
1.0217088293594163
1.6886773024996353
4.3992589601820775
0.2411098212735202
5.1898196334692210
4.1001840452894243
1.4885926106251155
3.5844458097153549
2.6076069275110982
2.0269532456897292
4.0173312094390337
1.7197923243123470
5.7728503964411733
1.3111804436372756
2.0811787322735946
5.2490847569076644
0.3932496376770886
4.5105015577456262
0.3505858252862027
3.4505960651583973
1.1887500916097220
5.4672530141618916
1.7093834938645351
4.6936425649653852
0.1956835587850056
2.6962219171056732
2.7857184448444183
5.7998717876936547
4.0353856562598622
1.4820030538400184
2.6418544435706699
3.3559753160464441
3.6677020861702680
5.6812102126789989
3.0296125891064056
5.9131314546784415
2.9530602346366805
6.2585078351753243
1.0047864493485710
3.7137856657384765
0.8951294832628274
0.0204094776897318
5.4049962287211049
4.7557195438383966
2.1322675875822945
3.1014855373817052
1.6675254362001115
3.7083350060069966
2.1814661049105020
3.9474140430250455
1.9475262535132281
2.4716780558618581
4.8123356332196607
3.8559525811119788
0.6024851761628465
1.9329507553254275
2.4005569437335721
3.5644313011846407
0.9260306502964124
1.3586639201181272
2.2709120920882486
5.1540134274305878
1.7684808236201839
1.5128656546873060
2.6402698804995266
5.7462291092541626
0.3681058691391927
5.0894882249705180
1.2303608201403371
2.8832558449434127
0.8324136500354382
2.6705065292950612
3.6449452382155547
3.6217879990850870
5.8427982252558639
2.4571689427402945
3.1457686266077620
5.6374023419812387
4.6896250228253216
6.0369940770222481
5.8364269366012813
5.6609783919649761
1.7240179019601116
6.2216662099832849
2.3543439528919503
2.4339224968614710
6.0804725715048251
5.6343478464348848
2.4966098305661935
4.4023547333467041
0.4220526483067120
0.0286250558011300
2.7680924255594346
2.7315442428086327
1.1340611287541844
5.2314807114096586
5.4439255670447020
2.3890660907698988
5.0890402138569089
5.4923015974931060
1.0009847128760296
2.3044444699415845
2.7987235318630357
4.7363095414216012
4.1671120853643817
1.4872189971750771
2.0488987555535041
2.1178692518526683
6.0100306071734382
2.6114607153799900
5.6109454121825504
1.6801344989122244
3.4051959068275259
0.8619152925968883
3.0149705133130213
4.2875369926121980
1.6659655720019824
4.0889981496447945
0.7461324646735588
2.5181723512112839
4.8931528918466372
3.2467246957262845
3.8558837183715364
2.2342339603911170
4.6173098818282625
1.6707706709562269
2.9364213445680245
0.5113757333589717
1.7859200803790800
1.4431203158965122
5.1055993184888999
4.3758709280625485
0.5562381593066007
4.0950716109563361
5.6542614343051838
0.8774432363010902
4.2040039000242340
6.1253939116613392
4.8719008258178045
4.3802560096566046
1.6737262975547689
6.0721103975488386
2.6726802153422238
2.9785396326944489
4.2830983177028692
0.4150643209504284
0.2464267582383521
1.8267898914697300
3.4470227179062638
3.3708632069381124
3.7154949764894871
5.9282021761993091
3.5607358194980177
1.5422199768204901
1.6951466289259933
1.6267514352927970
4.4065796516035167
0.1138180566215632
0.5638575150348840
0.4919478405558800
5.9290245767549834
1.4753558774025577
2.9768987557173552
0.3733302869034715
0.6531867831474790
3.0627365095091590
3.0150070558674953
5.9098821502464798
1.9509569378332243
1.1119557860504397
3.8282340777564685
2.9782321613506841
5.7032575570162605
5.8673299357186810
5.5504252570293602
2.9595489377053230
5.2091512392451680
1.8842903044395882
2.2482079860715127
1.1071080759156371
4.8484778305483873
0.3310529409286822
5.1705756278405115
3.6651396839557311
5.0885743219745976
2.3474825077004988
5.5069784552031402
5.8285017527180907
0.0098422795790854
4.1367761561305336
3.8774964636373670
3.9663584364760158
3.6861408982528254
5.0052186660810127
0.9702934214746572
3.5766381071182489
3.5783933860468777
3.1747152204888063
5.9402277730191315
0.8383088248957608
5.0679809426752698
5.0182160948609642
5.7875008111462449
5.1269057352845593
3.6138094316944107
0.8796507903528000
2.9232953592794684
0.2238762352208582
4.4580117394435925
4.6739016459802434
4.6465317973378433
0.9694964022399080
0.7476697859063177
1.5192990535719033
5.5878749786338311
3.1215875211031237
0.3181473571717723
5.6683352077820270
1.2351003881785594
1.7251371478072686
3.3776478442992532
4.5482547625151559
2.8384930206402941
2.1922664874528439
1.6193980671090009
5.9785297560497757
1.5625434383939767
4.0349880941655503
2.1521560550504479
3.1275799779250573
3.6304463153773949
5.8174354967332098
5.9956100905938561
4.8436771209350882
2.4576409022844961
2.2401002483783881
5.5725537375003196
0.1393972426415033
5.0434066741191641
4.2711528444850018
5.2928148019523276
0.2656278324161576
3.8026734297109219
6.2588812652409178
5.9541880510760956
3.3427644708859234
0.2053590033282277
0.9151019374980652
6.0179952211804562
1.8267221519943944
1.8904024751153923
4.2983555946226328
1.8521926523812215
6.1873824664622372
2.0392059176473589
3.0657795922758746
3.8881082275302963
1.9662893867395344
2.7368713200507382
5.6617606960344204
3.6847669016796316
0.4803167336676566
1.9090556200409909
0.4900066534595577
0.5383461052420272
1.6731864670945185
4.1556672464016371
5.8704934081865270
1.6895012267117311
1.7226489518021864
1.3292866329280117
4.5351728283925299
0.4346848070744616
4.8696808677401151
4.5053341673571321
1.4094763207248313
5.0789360805499832
2.7941610462764470
0.5659426217769001
5.9496186267963918
1.6701081940983917
6.2227919971460945
0.9716008877628439
1.8191836042217193
1.4206345031144649
3.0969428084817303
0.2955858460662100
3.1245759838501592
1.9273845780272738
5.5672783885719017
1.7501105901213541
0.7678372265563858
5.3025990707938107
0.9845461995579141
2.2622942684066669
4.8374982063048266
1.9532022691115256
5.0933688719445041
5.0622574908652167
0.7982366643132004
0.8321775186075021
5.3629868000925178
1.5137315441495971
6.2500989060280432
0.9623787101258295
0.4716921712841564
4.1269154185666634
0.4639400086520491
4.3190027358436147
4.4778915668206603
3.4914746777309684
1.2113879230468729
2.0194301149018274
4.0337408754243036
2.4836275998745934
4.0118762978909892
4.1845183336649638
5.8860022642110197
6.0675722916066270
0.5738128112815875
4.8254732001082381
4.0857813771179625
0.0579782831636372
3.7498150249956370
2.3435425979353495
2.7457323268585840
0.9343206354179306
4.4161395590842707
1.5581594280676621
0.4816742032226533
6.0045097871148627
0.8913873117104107
3.7440918136897263
1.2608790689239362
0.5188632122607781
0.3208595930930705
2.8926329126618122
5.6615191297893341
4.9018866706736031
5.9924186142513971
4.6801999395828640
3.9098971128565445
2.4638720194415917
1.2545933253283026
1.7010099842700817
5.6546160761734185
2.8191444310932847
2.9963513459247926
4.1091089171701212
0.7635994722638481
4.0463700714524613
3.4172539235264106
3.9647204526536077
3.0458425772084925
4.1688586448649412
0.7437746593148455
6.2659571407074264
4.4950631651836686
1.2756112762949547
1.6124087185357814
0.4276499963656958
5.1619605787688858
5.0477259785619824
4.6791781598166304
0.1657513703347579
3.8175611405962400
0.8704244395550609
1.3693228238791668
3.9984959944885272
4.3122632613785088
2.1017379256210766
2.3612632135696554
1.4816843569544280
0.4580709279277745
0.0749619874671264
0.0863585788461477
3.2668617275800078
3.5313080879111109
4.2352862479302198
5.0189800337757733
2.0441714216404088
6.0550243813647979
0.7933647535926482
5.8487131929226210
3.6017468367305558
1.7563296013635736
1.2669017293313838
5.7645301902157620
0.3785485432865874
5.7189118265629819
0.6498722155272401
4.9670528861532288
5.5166183310767583
2.3230506780184546
2.8489493800001342
0.7326035458034635
4.2261453230756354
0.7925744453247975
2.7036973129015580
0.3581772251246734
0.7512623654657105
0.9384856496972821
2.1332584202115039
1.7169440433791785
3.8788173255920109
5.4108529877451481
0.4034579841797715
5.4804734473810770
2.1974078357109526
2.2233927917564218
0.1491984680847797
2.3983882982378191
4.8749871279979633
4.7612570208971761
1.7086454333210086
1.4004518954374485
5.3162523762696887
3.0300583710310138
4.0378019323721732
2.4930180631991012
5.7358933165216568
1.7222723042672821
4.3081474212699202
3.5476249024792761
4.7330185842478496
3.8474385597642629
2.0978710328934653
0.9606598801469601
0.9468545956651669
3.2177649453569330
0.1846609390502598
1.9208932158544894
6.2089551275046277
0.8472041583749051
1.7496468299811199
1.1680891699504767
0.9120999582107016
5.7157236843998387
4.2788253734411494
0.7385189922901967
1.1742344828646112
4.9360241407003196
0.4413716173798053
2.3100078749823401
3.6314879182192024
2.7014688871290140
3.4923242104433583
0.7064328654262059
1.7023377464048219
5.1556807179445698
4.3156967862364644
5.1451799177417756
0.5706226220813705
2.2477040781757376
2.8510428662218903
4.9102107827409789
3.9267487450485863
2.2187418997416586
6.0185074122991207
3.3995636175051258
1.8463730246755741
5.0706400666646552
3.8548390976099198
5.5841264041674110
5.0644530813735047
3.0558410882543900
2.9567167924072790
4.9943868808877303
4.8534395269847028
3.5878858537601137
6.0728145684626504
0.6828394723184859
1.6325450585985675
4.3261578018812417
1.1364469943300328
4.6733315886822906
4.6821810739009511
4.5500265508883100
4.3427952460906800
0.9840068230319424
1.8262084529112139
1.4778074744910870
3.3904629642692607
6.1630490726896490
1.2031946081407292
1.9864694926348387
2.4956924504444205
0.5351551909324254
5.8709584339313716
1.4907678010685901
0.7939979931240256
1.1438696019352133
0.7328881282079805
4.6327114585161375
5.9888496854439186
0.8273850965364703
3.6935660601902787
4.8773309694519238
6.2185625298315221
4.8087974066183810
1.1158130578678107
2.8748326562362609
0.9199441797532558
2.2051714894123906
4.6883198274485558
2.5473145436883842
4.0903919882364699
5.4253104143628885
3.6415982703187244
2.5659677984585074
1.7922821815713177
2.8951232258537098
1.9614600809499469
5.2187913294057235
3.0017543471019539
0.8475083077605774
1.5083044281781777
3.2443490593167548
1.1040761313503582
2.5235811298886310
3.8370393874131761
5.9525618326744949
1.6287995053450042
1.5657003073509934
0.4934146351383246
0.3190629816232832
2.5685542574048226
0.0144829005428212
4.6258276372540239
1.5541110028017326
3.5872219716884932
5.5894990624515950
5.0044759956804059
4.9534311320159183
0.9825805122382655
4.4933082785687750
2.9641827805570808
1.0693115072140082
1.9197425934626893
0.9409553660553982
2.9663988061266857
2.7900805553657348
5.2381466643104924
4.2135065042127264
4.6761203086768628
3.1690389360582363
0.1460819400330392
3.0757722680593886
0.2885794739245707
2.0226474849487301
5.0282007108050788
4.0780215338724197
6.0648944605358670
6.2702621537862839
6.0819702554354622
4.0472074197424952
3.1431679477549239
0.6134970681325445
5.9782122582706814
0.0465267240019556
5.3961497121381621
3.6557661916980622
3.6305635892087427
1.7554045827154492
2.3229884166458108
1.0523715572682988
1.4220961521566069
5.7435410590592308
1.7544733512920163
5.8517417804013041
2.8796731573574679
0.6931457934730447
1.0103660406523844
1.0747797169333253
4.9095115498515742
3.0278159826394710
2.8290259371633426
2.9962671064526543
3.9656473414922826
2.0178653584120556
4.4520109211339305
4.5109067561755225
2.1226263882608851
0.5009348020573453
5.8369193845813205
5.3540410479864446
1.9925757682624885
3.2816372172432846
0.1306938057093404
2.1831308852042630
5.8518479847306493
5.4141264634933535
5.1913384388400035
5.9783214374694094
3.2904409157050343
6.0860777267957253
2.3644137490541448
4.1934587127295417
4.4724510585469543
3.1601155220358064
0.7172589040220908
0.9356853094789204
3.7106731438059355
3.0926633726445649
5.0983143536079405
3.5276015537953573
0.5142100229237911
1.4124749842793862
4.4949604984862592
5.4606020361876135
3.0960337673664018
3.2582262997962848
5.2695394121881067
4.6723287253168229
4.3775929829884763
0.0416729605772833
2.7701210503108760
3.0923690150032423
1.6815718103393520
2.0730020264048474
4.9339602539966769
4.2192539037322696
0.4569119032386698
4.1251193821391885
3.2165767524719078
4.7822412198259059
4.6765665943944210
4.1452882062174314
2.5762541309945735
5.6909312122690432
0.4689295369746917
4.9461318766215587
2.8017360838556225
2.6819669526288883
2.5239059586155173
1.1515816998444219
1.1528937603031204
1.9368881687899770
0.7351828268730229
5.3195729684487834
1.4195171944655187
5.3947203480910995
1.5984429425650237
5.2032820972897040
1.3228435404309460
3.2648906230304693
2.2445842754659027
6.1722189183066014
1.5182606109418835
2.7669852432169795
4.4139526417231378
5.3178000673079335
5.1293983331965913
1.5791979894002461
2.7316840389975665
5.6774114993623321
6.2582961283427974
0.7330962084912266
2.4390444810154186
2.1219539497027440
4.5913027720739201
4.8727604419326065
0.6265167054264996
3.8029037291887553
4.1035144758432898
4.0974229004551805
4.4625913463646896
2.3604410911870759
0.3967566951790251
1.1112454551853750
3.8125847879947048
3.9376188244748520
2.9294330119523289
3.7459817512165592
5.3060400849725013
3.5406968362278444
6.0055122269713745
0.7825506205111761
4.7114120718094590
4.3856719210731514
6.0562611795465999
1.5797137993966477
2.6254091818654910
3.2532671868132619
3.3807234714387659
4.3596901866111955
4.8862430217667043
6.0356890185409391
1.1227164357885886
0.6554652212441815
0.1872519466791097
0.2102843253090273
1.9728773300380209
1.8747025757971740
0.1243107779143039
5.8890375110142665
4.8550429889624329
0.6016554792797713
5.5791371682152553
3.1465831764365868
0.3096026573123355
1.6611683348905075
5.0537926830993314
4.1153983078985519
5.0806483675336711
4.9163789492758472
2.6725282853153587
5.6683799704147004
3.7247788279355531
5.9506625955614680
3.1676894986427913
2.7160919685788931
0.0926052689776503
4.3566149400469367
1.7247744866179646
5.6008396882611473
3.2010377495641529
1.3328908671190589
2.6102827326586482
0.1110355137515826
1.7278730640849509
1.3672080535244189
3.6004870362843304
5.0494753402175139
3.1496160944721958
1.8133475485269313
2.1125555669754785
2.0180200797519703
4.2956337490640868
1.0273542774327107
2.9448328744745287
4.4986581967319452
5.1779555794960679
3.0442205714019410
5.4373812132344632
2.2076191275867574
0.7582078306500815
0.1210704115831661
3.7417612483453118
0.4920222954592562
1.2379543249164096
0.0641977490221329
2.9487171814611610
6.1564736902927031
5.9129329665342008
2.5828110225439658
1.5997380636252672
0.0706797358612999
1.7098739752327266
4.6335217526551267
3.6740101199843433
1.6536541312801993
3.3527119347174370
4.6172570336628276
1.7818119117737015
3.3804848783905395
2.6547916807646166
4.7807322926260740
4.8187645971221009
4.3295480969602353
5.2340848386590793
2.5282783225289696
4.8223866579267973
6.1430961150697776
2.5208690204823276
5.2895185590050682
1.8748017320266943
4.1482065821635947
1.8509867006638163
0.8284097528548703
4.7053083230051884
2.7431967923564757
1.0093476924772609
5.8155678625215845
2.2999446222310227
6.1092500992821268
2.0963454532917773
5.2076039636334723
2.0453998424204531
2.6097154571396826
5.0278424479909773
3.1122517143096617
1.0010221677741096
2.9416628027057881
2.9207939562767762
3.2680920692135698
1.7814145482633246
2.8657082102475795
2.5951922412917718
0.9051637600350898
2.3955122579916681
3.7644626189608847
3.9157525700320885
4.2223137279651937
4.4330696433842069
1.3338484250851532
0.9374326508541985
5.6516778041356623
2.3488185799050685
1.8184574813847876
4.2763906951930846
4.4160162723279477
0.6292413697060580
5.4473997299836237
0.3149187284851146
2.2565104416630408
0.3359608969156853
6.2174530334168043
1.3067833795496107
0.2619962715504888
5.7729066272583989
5.4705224316634933
1.8646345445002372
3.5010755869507180
3.2181351771998616
0.3079627959626743
6.1930308264487843
1.9982610354564592
1.7351597325200099
5.9812732334705530
2.8050463483775334
1.4449913820073155
0.3728670339220319
1.0466720987382363
0.6524104340128714
2.4395509187748976
2.2223979879275357
2.8663619708487595
6.2595215900709222
6.2740594959019598
5.4666906063052361
6.1942487439669982
0.8945156609984030
2.1145839541397229
3.8261605770260170
2.9743982266400044
4.2448659967187519
0.2604523187241453
2.0193283260505641
1.5406997834736540
3.9645817063062530
2.3610006381138406
0.3285170345101885
3.9429555828541334
5.6847605543108122
5.5092923628687007
1.5914205240916486
0.1008833375936514
1.8720502393756493
0.2346659911757952
1.9053733159224697
4.9696227621886218
3.9935425093758101
5.8989464363039685
6.1542507012895271
1.7427004454474457
0.1443985775123207
5.0813316003847184
1.9025496064306986
2.7942345978968701
5.4221759178135107
3.9742200151855913
4.8271414915458868
5.7465488086407559
2.8740986129368480
0.0122223299254874
0.7104151106657367
1.9562329088667285
1.8788412209538892
0.7948705564409684
2.8790694743495373
1.4622029322640748
5.0233656317921964
1.6892331925080282
3.8940254253532278
3.4478212588000465
5.7675261099672177
5.2749184233560324
4.6300148031204831
4.6923831829052780
4.2978258700019554
2.7716702730611478
1.4419852138368714
3.3326035421518827
2.2942317206442517
2.9871458593722915
1.5297591381449989
1.2937056292595508
5.4777027148741242
2.1818330728968087
6.0845034989927518
0.7091915001377369
2.4803698516127439
1.4014446862227972
4.6067148004375271
0.9443489451865947
5.8635967213199196
3.1988968598136895
3.3088803689339845
2.0286305936421978
5.4938140746522706
2.4580486775022017
2.3986850917411395
0.1152866866291757
1.7244794672116621
4.1237324373329685
0.2716501497875263
5.0081485383800661
1.6701788529022439
6.2076838385182898
5.3240265301786724
5.7023099910311048
5.1204666454865562
4.2915683314869995
3.5243321177716864
3.5978699038615995
5.8928301047648297
4.1441569672731084
4.4464696185170443
0.6865850331116887
3.3219716282235061
2.7538361859495275
0.6773375330852545
1.5844589727227911
4.4617593302563954
4.9780200625055606
3.9291782366541042
2.3516463551214852
0.4551835728097263
6.1552433635813513
5.3715792707025916
1.0085381570093961
0.1634677310883088
5.0565289533959730
6.2720741876034243
0.3221680923793576
3.5649046513902363
2.4595879413261557
1.3754737051578234
5.4572155936313020
5.9495377572383559
4.4359704757573235
3.8556000295257675
0.0801321323761345
3.7502879574279619
0.2389799722755550
2.1420402213976444
5.4565886955970422
1.5141391365071026
3.3118379135977660
2.2118717960781979
3.5819150500506640
0.8263799555061160
0.1332135776636769
2.9845943937857200
5.8609960519882192
2.7951171756778281
0.1797561277955499
4.1577503268536793
5.4002585616504284
1.6058532632862088
2.8853621985232887
5.9022180141951788
0.8087201711026138
0.3149712654293046
1.1282949476221908
5.6525659037983962
1.1314302610181937
6.2186684166627826
1.8658109626055051
5.1381093080631874
3.7818163402653635
1.9503385465968175
2.2098620714146260
5.2754481688366033
1.9196944325084129
3.2823264464209458
3.7844126680037800
2.1320217472322622
5.8712980575750864
5.0014346829541587
1.4280942253405038
0.7856650448299362
5.2688865884800631
2.1663892456368723
5.2112418130367288
2.4747599447461095
0.0012863623032219
3.1823499800176838
5.1133532273442963
2.0451184477998847
5.4551742147920823
3.5397819946815745
0.5004830206532365
5.8866270830494907
4.0700816264472959
3.8497875379500455
4.3298908839460797
2.1466232854605796
2.9268270121624971
5.0876315045631912
0.4888048996504211
4.9128435494163485
4.8268514152342155
4.6898396785500562
2.5518942611792839
6.1632499640126293
1.4634556048464302
5.6224997935476217
6.0657581947172998
4.7371167920018040
5.0897591888843099
1.2680715345960907
5.6600004862059903
3.1280006170239996
3.7317532269290448
5.5810189987333843
0.3408625974881875
4.9669382245788514
3.4308699593713317
3.6906181756503931
1.5213076433482333
1.5628891255303876
1.1407651584905030
1.6246272250085769
2.7448775045745717
4.9488669185765808
4.7769310756117811
5.7771645605380604
2.5299986429733643
2.1297075973301389
2.7418579013160524
3.3325493515040834
6.0160228167550338
5.3997454522981521
3.6096401604696142
5.0603863828790434
5.2568761248642524
6.0522462881900028
1.4614543526456218
5.6418084307264103
4.0592415896356817
3.2436261601175254
0.4349266858089534
4.5009127484057894
4.3543046479390970
2.5740561546673639
5.8853811677126320
2.2853707195547219
0.2347603867464752
3.6095368839587034
4.8797118351734419
1.9034915245881379
1.8487213326524994
5.4600665308841911
3.4309008270653094
3.6500319867309980
1.1405283735386285
4.1643943228202396
1.1161290606376919
5.4935483899488924
4.7540109958384340
0.7289787452772178
5.9165296649285004
4.6801032591721929
1.9625081160251534
4.9409451292710127
2.2565249506062290
4.6124152487604437
2.7675671618790187
0.9145777932315552
6.0874833486846631
0.6867440511108933
4.0571454785699537
4.5191482771005989
0.9333219147449688
5.4655232982389306
2.5884402822429746
1.0750998924661177
5.6647668350845848
3.0689656836087802
5.9957549744486380
5.2055660908951182
0.4813040630957381
3.3764187100245042
5.4168641676982006
3.2836716482009169
3.7368789924122199
4.5945518686799582
1.2084576639061706
4.3361860378117942
0.6166920733260685
2.4378801686357598
6.0325973769635857
3.0856631727674224
5.2452858302446943
3.6431763870752394
3.8693565935938268
5.1935345184885646
3.1607664004045715
1.4014891916725722
1.7933904730331063
5.8431161513580845
3.5367923463554409
0.3155275812500847
5.8245806298443208
4.2536375401287394
5.1646697365468306
5.3103233319088083
3.4046273140440699
2.5988076702050447
0.1234777858076330
5.0267367430921031
4.5201409661761298
5.3187627639420532
2.1258348424809146
5.0502059156577781
5.6842024796501578
2.6706651921135776
0.1035714055211351
0.9911090763316327
2.0941215027134090
1.1361821403948269
6.1717648881524649
4.2944993043807642
5.2429433076035936
2.3512406646751836
3.2996671133886251
5.2119356040304075
3.6145266543902634
2.9838004283584008
0.8005155965155980
3.9114711109766866
5.3121056524162578
6.2491294013193084
1.2326252009368397
5.3073761888115927
0.2672632843226381
2.7393946229272044
2.4098013009294688
4.8815638030566566
5.8403266472497037
0.3410661811696455
0.8158113016205365
1.8237180272509710
1.5381115479569578
5.7749018048569285
2.2709711803587100
3.3383452638169455
3.8864735093589795
2.6057526899009029
0.6925809834763541
4.8950594085722647
3.5899483641766805
5.9368247233594236
3.4273594275941925
0.8265257448997020
5.8791498540307403
1.9180698696010197
3.9786997296235813
4.2845092438000512
0.2994075627420819
5.3618579288261925
1.8387288144699701
2.9264482818630286
1.6799369341104669
4.3096653578517143
2.6931810191277874
1.0095989776363805
4.4029552790908548
0.1001920186776857
6.1523130655717679
1.8677763334371813
3.8816088287891106
3.8108857252675579
3.5176907009992227
2.8043863254396002
3.7036799010291048
2.8592595925838253
4.0633038169839280
0.0257918800819478
5.0143191265304843
0.3523833469625254
0.6258906846329356
4.7465023496006555
2.4051631404316076
4.4190460552012789
0.0129805811215445
5.2075827344462713
4.6658919558110137
3.3176694986992015
3.2266303104641660
6.2371557241891082
3.6885196267857547
2.9790034730280128
4.0755283927360555
1.3375434392691572
1.7160075108960002
2.2942465412390454
4.9640025955269138
2.3896961707365811
1.9515247510576468
5.0714039696827049
1.5767594794741071
3.5048066600408414
5.2111013608617807
1.4243095760302142
1.5806170820729937
0.4776290786874247
4.3782470849592423
1.4287629661831263
1.0558700536434655
5.2077670983359559
3.5450694034466155
5.8722885297948126
0.5915057170112979
4.5101445682465364
0.3673630064598314
2.2335484667464818
3.8656407649300224
2.4263874545928248
1.0805530493467448
5.3126248571322856
5.7121668205402107
4.8618917558884363
0.1065667683733776
4.3622109801693210
6.2341920506950510
2.4995485193543301
2.6532260075524161
3.8890061293310003
0.7463051989261024
3.9298230694810576
0.7143014583662983
4.3026456594062736
2.2065238451033635
4.5060379366732164
1.4282705976087657
5.0055397307653759
6.0538099988937866
4.9366023097643099
1.3473141692361583
0.2005418290967207
1.0944824239077136
0.0606869224351087
1.4382458718565079
5.4900264630461484
5.0063000416300918
1.6782593360192901
1.4400826099927397
5.2179886981845458
5.1145133596114123
0.6358215970729652
5.4969593216834731
6.1136703992587584
2.2364274069944683
2.3310306599957884
1.5040291120404907
3.6709985379790666
2.6531455291865975
5.5928290267008380
0.6667722582230338
4.3213411199573093
1.7816063158060158
3.3638094935742102
3.2386946503924001
0.7014116401930798
1.6257965806136767
4.1000207065773484
5.8875096906722773
5.2841179582102269
3.5876811089535394
5.9613710119232248
2.9118407271832814
2.9382856641494723
4.2143256472528972
5.6121094622402499
4.4631692109695615
5.9530824032713268
3.2804797264396326
2.8465478208775385
5.2270269433712446
0.9998365057316457
0.0622755640403788
1.2700468086801375
2.4895800279711171
4.1255901637728360
1.4101032069412398
5.7231959858146633
0.3856797485984234
0.4653383718816613
4.0956971742004562
2.6927085375607405
4.7635909451587715
5.8572005182963274
1.7324123101234443
0.2680166680553181
2.9132579530453011
5.8148765727233025
2.9391741047247355
0.5476361087645046
0.0261476772185153
2.7469456787036659
2.6831692752456449
3.1820833789805656
2.9778038274812264
1.7008659625343681
3.8349566701370765
1.2703434750810108
1.6322713297333091
4.4853889812760528
4.8647599913558182
2.9280417399161007
4.0198237152542280
3.7968302292545206
5.2636881137559213
5.0579713245999463
4.3834186495953968
2.0432244406283648
0.3130487406833631
3.2945305857880811
0.9225708479467175
4.1606916583960274
2.1981226803654992
3.6331864555993572
2.8944700573404880
5.8745399770065374
3.9191331867885881
5.6429886835564478
4.5347732029331214
1.2068840655329969
0.2810425228407728
1.8836204504458924
5.9799176096622153
3.4269639352645447
1.7209410201637003
2.3448150765809275
2.3751883083344554
0.2679667657968045
2.9933889413643371
1.0094742045591090
6.1169472226547859
1.3286473059338644
0.6065185774830680
3.0401986351843262
0.3694590479380082
3.7352805040025392
3.7710859858923813
1.7878805651662821
6.1359058040877850
5.8043180660155320
1.4105501648349963
0.9072972780179295
3.8780099835447284
3.7384578770281625
1.2143853783292597
2.3797809755806725
2.8734927155532213
2.0821248057999817
5.5870002078795054
3.4903734134258917
0.7667195666706832
2.3400736783992806
1.5399620849327287
4.5629869401308669
3.1360073291465231
2.8173147824877169
3.7720112468572204
1.3042705086650821
4.5860516651449297
1.9419245087807975
2.9363010777953726
5.4283734794967140
0.0083344817868329
0.7941682775431378
4.6669528489853915
3.2990761368058608
1.8332302162941381
2.2158316285501898
2.7355555345900480
5.7099622620615316
1.5661777277984521
4.5427654357996765
5.3803635451278922
3.6507571913544341
0.5828171062781720
0.6235918642851965
3.7679258029653955
1.9158046400094548
2.6580484525400041
4.2531398695386740
2.8863845048667551
2.3215366689817758
3.3952566089717466
3.7834259205498246
2.0945085214430392
2.2321276105360215
3.2619203826963226
3.5091166655906592
1.2140840090994989
2.5387669332705256
1.4284829515456461
0.6975103887108794
2.5813798660332843
1.6042434213896062
4.4790421910848615
4.1217495739563725
1.6496454566349179
3.8934553371177536
5.8932477159097614
3.6556739311016204
4.5269059204047899
0.5284429728546918
3.6303348670868054
1.3731325822475078
0.8553465442923029
5.7778547205115665
4.1263329479508091
5.0027450831640392
6.1852561513856843
1.1110393682802908
5.4203596200983686
0.6927240037728187
0.2612844416882374
2.3309902887966776
4.4661131086020776
0.4337846357691801
1.9097003822657352
3.7791236154985839
5.0044772646769147
4.1896811903450644
5.8624467812908758
4.7260377671162486
1.4013151979254117
2.1570649386126681
1.7773325792446715
3.0907667979260953
1.1253524481898021
4.1736864902591488
3.4764022833466570
4.1697763701604842
4.5610718478146408
5.7180378859710679
4.3194460933000496
6.0798107295725039
3.9740547613122579
2.9617116880167655
0.4469814508201179
1.4990357874488938
5.9288981627779576
1.7237793536999402
5.6153958821226801
3.1563585954296580
2.4451990282570102
3.9688268944013436
0.3212496563538493
0.1406304411295372
0.8764010156593943
1.7214948148032263
0.5707106136025778
0.4961856095524748
0.9865706092761944
5.3323681345565976
2.6820038129976145
5.0218245199723572
4.3303173594234732
5.3567275763640492
1.1881517436315665
2.8403766615876549
0.6289175541360318
1.2696216573759853
2.6209863463137131
0.8772932969537449
5.6230636059338357
6.0145808724306971
1.4639044128798322
5.1769368512608587
2.3957110545122298
6.0795196178877475
0.3483344377696827
4.2563719143245784
1.3465633792418221
2.9904021175368047
3.9651312677662776
5.5709830609575874
4.6697624042160042
0.8570473255547029
2.5148703275781927
0.4176248119473003
4.6495749166434530
2.3572174389669827
1.9891001942932893
2.7304511699120875
1.6021395004941694
3.6286078920225178
2.0364360411485252
2.9484392532290995
0.0966152755024207
0.8184143828367724
5.0137250883949251
0.2876505961927144
5.1283216232264000
4.0863979536017618
1.5716433849969182
1.8602421750899925
3.7953148843025390
5.6154208903469325
2.3943975781925020
2.8716958547222737
2.5638282114148820
5.1393392709394830
1.0338445385146771
0.9496679484305584
0.5840971595612834
1.2298404826446048
5.9303997333544869
0.0952954037139572
5.0409316311452796
3.3987461777291066
5.4361149269727642
5.9811677335916507
3.5469949184054017
0.3286402228154645
3.3270112629490964
5.7045389562456306
4.8581644443536458
1.4506581496895619
4.1324326334050197
4.9972646075077227
1.1531434547615935
5.0615402937478002
1.7584060153916103
3.5325716131894236
3.9816235230306267
1.3763517273117509
2.4941265233427190
5.1182244657019327
3.4321503024004802
4.3521862990380722
5.9184189444891233
3.7744523615872283
4.5299882572808059
0.9833334687459085
4.3635160350961923
6.2551360959202720
4.8988317731615867
1.9927857304278531
1.0510402252887356
4.8146077033397692
3.7650642989365330
3.1606997024195893
1.7537268656611362
1.4045137097555787
5.9156814331215548
6.1515978373647933
4.6520364235634322
2.3935161577539152
4.2209317959788368
1.4054905032649085
1.4250354975429766
0.0034943078411438
1.7705033970095374
4.0346073410514780
3.2780941552996525
1.5792320284504244
0.0556284780494443
0.1764776937749328
3.0461120932493602
4.8618831526866284
1.1907771226924571
5.1685303274642891
3.0485032619478640
4.3716235000000383
4.0073773076698238
5.5617486764194473
5.6698686257875162
2.3190289420204451
2.4303257393914883
5.4630946319280760
0.8203936598858171
5.1255622310617950
1.6411345973030282
2.1977570556524477
1.8204056445228129
0.4563879254690644
1.7073001264523464
2.1466153716548426
1.7619261001399178
1.2850409198366455
0.4577495335396193
4.5644729319974848
4.6869912397560531
4.1630576593401640
3.5412649376539975
3.3115270669962915
2.6063642908808946
0.3056671077504877
2.3028740281756264
6.0769666321717022
0.3490740143434360
0.1101828085461891
2.6595929138592687
0.3155197612353696
3.5563534042455376
0.8403005024864614
3.8485033855027093
3.8133177021470708
4.0134075380439169
5.3389493718800987
0.3795969555706696
5.1658196901002889
0.6778072896421358
0.1606672255745295
5.2890628849811163
3.6180992283528157
5.8749655644560663
5.8805508131499549
5.9826868023070210
1.4591474437215566
0.2587471796833193
2.7748545469262260
2.5307044034177943
0.7892198804420012
2.0324388761180567
3.3889576051241233
5.7903597661948583
2.3284179562803828
4.9559524745199415
0.7630618980675921
1.9578426616651035
5.6139409527128459
2.5013518300169939
5.6099654488551751
3.3947534484796718
5.4881550193994064
3.2321347770747182
0.9824963056844899
6.1748890986681442
0.6419178666156357
0.4190396669173209
1.3570676183502572
1.0451621673336218
3.1496955723322109
4.5636308186697390
4.0205761312004809
3.0999719032941249
3.4208830822390097
1.2784036436693664
2.1121983310697940
1.0052094917340133
5.2852374284163588
0.1826242866719398
2.3215935946130482
4.7196043067042908
2.4456318958455197
3.8101728816524805
1.7009814055148222
0.6323276317841543
4.1755752204974694
1.3195952763202883
0.3430475346965092
2.7297589855361193
2.4378967993314671
3.2366346170108007
4.4755731718854275
0.2487729919949542
2.5271152725030910
4.0786425592970508
5.3389064891263045
4.2297871444853881
3.2018364608968688
3.0347060424064614
3.7578918872555382
5.2569655454620090
5.8988260780631618
5.9355945122991827
1.2984656305690738
0.0657968934185994
2.5873119621985219
5.4507910971152755
4.6856667776909413
5.4340158958831664
5.5867616254136285
5.6879505226497162
1.1614383637133368
4.1562793378815863
4.5162736818580749
2.3224603004341855
4.3812942140354796
2.8681758298856206
5.7077270699845917
3.7997017628253595
4.0002157599026011
3.2031454831829183
0.7415305288813614
3.0502935808100164
2.0336944027396715
5.0231238556261451
1.1179174273970367
0.6144216267454191
1.6329234906669592
5.0274931635467990
4.0901144890303742
4.5839416006079725
3.5013315033082750
2.1955369283404864
1.9569606621958047
5.8227734204277759
5.3976477500862741
5.0030521585536505
0.6725650792615131
1.4926573890096670
5.1646501331876333
1.0290584643301932
3.5119278876073921
1.5426542810046320
2.0859592756093579
1.1846490572033643
3.7557381342448166
2.0038292722525695
5.1791307177826686
3.8117168017962975
4.1965317117672489
4.8784066452390586
5.4822120171228743
1.0232392337635907
5.8763078080187441
5.0074855355163583
2.9721831702286239
1.9721250837842603
0.3654580261490198
1.4991095890448742
2.6430769584846394
1.5625708899724871
2.1730946385844017
1.9457857256894751
0.0797465859361508
4.8647478525182120
4.1735717246966848
5.8868803483191314
1.5797719596385242
1.8097821302663319
5.3217275022285362
1.1158410937317331
4.4114381905299505
0.9404448918920214
4.3974229689491189
2.1033416340695501
4.4471303887154692
1.2322581604772351
3.1628563825080405
4.0270339775731410
0.6967373703031161
0.9103473890309958
6.2604440616386032
1.4440778530209035
1.1955231029300564
0.5761190577730393
3.8682559704648507
6.1675354222596122
5.3111040238167053
0.9598535953916694
1.1035697326867948
3.1417157029157177
5.7906758473104372
3.6016160616055761
5.1367579213739543
3.6118695973476385
1.1081841139038100
4.1401889789227901
1.8617908239149392
3.0706356338531156
2.9035969964386981
1.7625397125701143
5.4637352530564289
5.7534507061716678
0.4570611875846392
5.8090394017058218
1.2276398455159987
4.8850023069286816
0.8119969033407727
5.2945273609766446
4.1634704428618692
5.6782077733418115
3.1540555295390091
1.0527999178209577
2.4494780801885430
4.8135889790469601
1.8883788723277830
0.4240980059866035
2.5535929882694841
4.7664116875634530
2.6729344718775918
5.8813046310312904
0.5795520691164263
5.8740915839311008
4.6273744330982431
0.5381480942985032
6.0536592238452913
5.2903642956603800
6.2058647285376320
5.5543265253827094
2.3314148207307470
4.5583211766728731
5.7665446086872860
1.8588921989912934
4.7674888618934590
5.0882494392695872
0.2166790945405900
1.7914421570620336
3.4468793750248206
3.2454195776973305
6.0500497204131065
2.8043148917589842
3.3602950816607349
0.7752807286040737
4.4512010462920824
3.7901490660065997
2.1380091679353850
2.9390981033526606
5.8796411912589734
2.8384603401527979
3.2644497170466891
5.5963704165071224
3.8450616788397838
4.6718894431184701
0.2689824027053839
3.7053884697977844
1.0230401285006154
5.7497996721320135
1.1352192965687282
3.6969594783430599
0.8045015380138055
5.9531189123244497
4.5087254443914375
5.2383167429266599
1.8426979982958318
6.0090568766077892
3.2627884694884886
4.4684962481860673
3.6690951083161103
0.9832709878572811
4.8476268000056715
2.3838388003092241
0.0278802941641407
1.2170312930666689
5.8574992315042822
5.5266902411406935
5.4424757857197559
2.9586780203063121
6.0841205384479577
4.3128254591314814
5.1335505761489824
5.7620235027050422
1.1244058883666410
3.9878448035600513
1.8728382095854443
0.0265469121376348
1.0853795908240642
6.0476706223854499
5.7578677216029535
0.6690268880235671
3.0422957257549847
4.8934185800511463
4.0653298140880736
2.4103413156455238
1.0470411213806978
2.6499415957429848
3.2450935491030521
3.7592884674127762
5.6966524032430987
3.6545759538627776
1.1880442154805031
1.5661872258690717
0.6254915538222982
3.4571105184293476
1.0609306735042150
0.1853393494888314
5.7653030220591166
2.3928773902146547
2.0881118240843564
2.6745835335858854
2.4892359509341282
5.1678854927088622
3.3569603349806529
3.4241966077328598
2.8784011636443574
5.5703587968183230
3.2404146606051221
4.8539362786382956
4.6799508395563771
0.9587002154988775
3.1202699856689891
5.7281653663531991
0.2573344847994726
5.1646441756766537
0.6287861379612170
5.5407705373512375
4.3774671941730627
4.5248181941869863
4.4812436687419979
5.4032762951917679
3.2462692211288968
5.7141117419489023
6.0647275491723489
2.1346617117587345
0.8981690628292298
6.0995085821495785
3.5652432503479812
2.4301538875162154
5.0721999647630795
4.0770788459791216
2.1054729915631230
5.0035171081844396
1.5399173876812022
3.9485286257302041
4.6391530578386879
3.7606720369231490
5.9758983392880154
3.1084076763037416
3.7918326140538490
0.1586387627577401
0.7194078346665154
0.3998848992246624
4.3799968737304900
1.0508920536571746
5.1383408081423951
5.7775924637823168
6.1660177084661756
5.6792747528209571
0.1440418272321970
3.6665386381879670
3.1730852895458517
3.2923841517703436
4.1662478364296316
2.5512980647905281
3.7788318929033289
1.8470608295923090
0.2775823269485155
2.8767343837793664
5.4617441163303457
3.1276032116041064
3.0532217109275401
0.0572825937328305
0.0012019962509952
1.3236929930560872
2.0472057489550677
3.0339939317748201
2.8963972287891906
5.3478740293354798
3.8139989068008764
4.7618564225036586
3.5423083328722162
3.4594275622080946
0.1110281789632572
0.4181229873617957
6.2609998274332037
0.3488968575140663
2.2647422695722739
1.5584890280662922
1.0191283265453872
5.9425128188166010
2.4035291875993026
0.9473158363749038
0.5258120564438744
3.7838755471049419
2.0126183505115871
1.6925890520260891
3.9227978946361768
4.2259332971896058
3.0241978951106514
1.9139677647600071
5.3281544567784698
2.0438285078651348
2.1721754023378508
0.3169833576965261
1.4401237613087343
0.4192285924107853
0.8138649133548596
2.2515649748041704
1.9445628418195218
6.2645012101104616
5.4156887634096691
0.7478985260676891
2.0616657973197792
5.0793045153789667
1.8638033530433933
1.8394669701596955
2.8039411098508031
0.0742759844274613
2.2654941267302702
0.4487684584542698
0.9764222756667214
0.6489528591482153
4.5638654098006786
2.6633403565240172
1.7248860513561126
4.8771127940604480
5.3465279309354097
3.6841982810762541
2.0812708461543510
0.2122732535234991
0.6122487800654473
4.8583984570477492
0.4746092166445642
2.8577726350395736
0.4063009387078701
0.3530588411547847
3.2029167294398970
4.7669215214219891
5.3684496162337592
1.1520242764313136
4.6992748122663075
4.3149599886599548
1.3120877056171762
1.8233382602972981
5.3919584577198023
1.7574610596142597
6.1267000684856612
5.8954883299820162
6.1873827504248178
4.3388717829976757
0.2328651510029046
3.2716316490283845
6.0946332566459001
1.8585204379683604
3.6184390180203909
4.6905157956505610
5.2338728024023391
2.9593033679315495
2.7717115400044028
1.5936608299995569
1.3637111225992189
0.6840102684909000
5.7799317667983399
4.7848201200188916
2.0162436476939258
2.1302439080770741
0.5778210930871476
6.2556823855918449
1.8674325919707859
1.1959655212464226
4.7720955196437842
5.8308579702503769
4.3555388754126598
5.2823440029145194
5.4937373347059824
2.8749529336511248
5.1643312521105935
1.1151106795939685
2.1378128354242945
4.5530457550756358
4.3672536235587893
5.3366669798238622
2.5304445154972801
5.3322809972123615
6.0512905947154216
4.1644798792827888
6.1139912059791977
2.6313616642652384
0.2083084173995471
6.0412475388332885
4.3266183534650633
6.0896165375025877
2.7774101743799924
3.7771249604545249
1.6071222730731887
3.0928402558869958
5.1607929445644896
3.9007184331503404
6.0940924211502088
4.8605867055402108
0.1207264581969710
3.3658622896244452
2.0592721784365740
2.3227228715016284
5.8217213368628915
4.7921837489487054
3.5309965112218342
5.8337860664256578
1.8572931904724810
0.5257287118367766
5.5834639255725973
5.0930261475850385
5.7248970788596303
0.6772827324221132
0.7881070362592419
3.7315841105815952
4.6113132894072217
3.6500987645762866
4.9258435010568347
4.7682530684265565
0.2449098475864288
1.2522872442352770
5.3772393822541247
3.9095370748192213
2.9040655457496443
4.7675738135676582
1.2910590309038090
5.1030488716590368
3.0279882698060279
3.5094445425642786
1.9327344477779356
5.0299137819176805
2.9030459347163222
2.7523684158939088
0.6295668998354595
0.6832236571426379
3.1713645130304289
0.9214139204566151
1.9136087594695343
5.8795736456713206
1.8445289828238702
2.9920957872712637
5.3944762016068220
2.3444558368512345
5.2594711990827809
1.4551192686360608
0.5758359195422319
4.3482292841663108
2.8314488556941284
2.0389016725097751
1.9194867544600898
4.2194883115270025
2.4447776365795244
3.5876764896572850
3.9638095866745418
3.1340496721209048
6.1786083721831178
4.1675155466553102
1.1276949634887685
3.5774272649213876
0.5412076206766451
3.2338609866447001
3.4775543862332214
5.6391773239152609
2.4024080513470687
2.6640460537164214
1.5250130250513991
1.2745864403947533
5.5283200566699469
4.9991018043412883
2.4519391094579177
4.6648644412233935
1.5138804206465342
5.1467327243219847
5.9084300913809988
2.8666378319719512
1.4970406514274419
4.8537387945465973
3.5715915864973051
0.2948165431405238
3.8173390935329508
3.9353575074420868
1.9990769648403959
6.0098371153626928
4.9471294987357997
2.3222979560505790
1.7521998245803161
6.2757530093325844
0.4053894236790733
0.7194176981396573
5.2644161071320017
1.4153557153148826
5.6978241637289111
4.4580960959551614
1.3321121127668523
0.6746051288550601
2.3811768060968119
4.6900282870758021
0.8073030354741663
1.4114895002164569
3.9361636229912822
1.0884220883443432
2.3814441563299917
0.1168305942456422
0.4031852124113695
2.2877736945025524
2.1772056213657485
0.3081202543389115
4.1798326657300588
1.0508711204601726
1.3600248917813753
6.2316614241652442
6.1301447968599305
5.8479103535011747
5.4348361870598714
3.4215935510202868
1.4034484002617398
1.4962566362198175
0.0134171482754420
2.5933346018085537
4.1355822030825768
0.7694829540427465
4.6658770050276397
2.7443982407607406
2.1510987386140505
0.0762609652930494
4.6008219079215653
4.5630082491641071
2.2738040416439063
0.3436351576232317
5.2947317103158920
5.4845852066803769
1.1521057327136648
4.5090544518931166
4.2314300386043522
1.2869743432528222
5.9766809512848678
2.3186244546304930
4.0049167764760831
4.7818027910845542
3.7318671943696025
4.0915165376945968
5.0468780156798188
3.0857039432077675
3.9961980841690385
0.2571314108845994
1.1993392844086213
2.3965333358067031
5.2949987236628671
4.8783361360963937
6.2109893185961802
4.7008561964738833
1.6480831549888650
2.4275927739260177
2.5069920477302770
3.7168571728498336
2.4926947732285853
5.8114703480761234
2.8682455181387208
0.4354741152410942
2.6891728972199962
4.6776037364889032
4.0940340612833017
6.2374083844097754
6.2825674112418186
0.1629236611504530
2.9834833414780655
5.9183603723601461
1.3657727951416907
4.3196764304739110
5.7096028489712447
4.3287259122290349
3.3026860759416392
3.8894705224676831
3.1961509224543181
5.9528325470078336
5.8995251715215220
0.8578437577685459
5.6038219687095241
5.0582748044219521
1.2472498924591306
0.5949099562780428
4.8458889116334358
5.7226497495052167
1.0118896257449863
0.4605365997242251
4.4560341847775025
4.0136359614896691
2.0703728403205903
3.5309749013073497
3.5770144155406265
0.9330835403891353
4.8268049884188020
3.1309446017099618
5.4429766473375851
4.0679458899839371
2.5585139618915389
1.8487495698860434
2.1884019335916127
2.5961442663968830
5.9237640300938699
4.9081954325338506
3.1111197417977272
3.7316949275232032
2.6010525689791990
0.6546794158107349
3.8932549346262952
2.7925806437178462
0.4382336052339870
6.1121839440812646
0.4042399470705429
0.3233376236377026
1.4478557554225289
5.5113885749586959
4.0971117334324161
1.7004031414779350
5.9632976681428724
4.6687817066045474
4.7223578884689230
2.8747288493149847
3.0668288657845419
2.8694221923927019
4.3950040790783094
2.3607961979019998
6.0188668693221921
2.2703982026553309
2.7091724181183223
3.9911561278759566
0.2334829935700481
3.6396384060890443
5.5010220558183747
1.2070103958849288
1.8277278385513080
4.4890263403254789
0.1652270795259949
5.4704268382218135
5.7677736020449872
1.2598168062044095
5.0381829698925005
1.2477360464708700
2.5039106816777235
1.7870766681191250
1.9484256918768237
6.0718121665637801
4.6133902748844964
5.6295430890809843
2.4265242586783859
3.9353021656767790
4.9917604312904604
5.9408488400056063
4.5084195150726716
3.6910320831606072
5.3012313133676585
4.0311229066546899
5.8451552839802687
0.4790186810820606
1.4500855698060977
2.4992763412438359
5.2764140458926780
2.7136440431838933
0.5668660769268657
0.3505090580334359
4.4822119168086916
0.5779943877976814
0.4206355345900630
0.4337956665632817
3.7227412956610793
0.1368556192110554
0.4217798141684360
3.6210467154232369
1.7062765738194610
4.4842404534327862
5.3346619805785647
2.0572812655160573
1.1851348489098690
3.0095266420569620
4.4475487123187634
4.5967360402132869
0.5508184737329224
5.4632616290038554
5.1437854810436345
0.6438550115494611
2.4578806349900204
4.8397810136841084
2.1211418078935074
1.9156630188758419
4.8261414867904291
5.1345049742238844
1.7880878274958694
4.4494237709206628
3.0619853395689942
0.3941866504907585
4.2053442495165481
0.7058965406165761
2.6823755993006602
1.8851894863761542
2.1744924067757716
2.3448464072237680
6.2736295133633311
1.0184239641440098
0.8724335191415493
5.7259017588773728
3.6365359958460353
4.5300899960704726
4.2494022245577829
1.6038071579308706
5.1484649938232101
4.4578801032745767
5.8811007148661529
4.4825913897788556
1.0087714773197280
4.1654846414943663
4.5815207767249921
4.4375049522507473
0.3956982149239602
3.2215273324582072
1.4759800738925177
1.3904851694596454
3.2880742859245138
5.4830715464379347
1.8348221192485976
0.6088879276435677
1.6315170186243690
3.3015608658376503
0.7282055480116431
1.5075385355477888
4.0548728361681308
1.0717001008129250
3.6318796802847366
4.8424878313360056
5.3942354730256161
1.4927657319325380
0.4857160693022148
4.3935650926472904
4.0103657203919294
6.0546769752822502
4.4234121411919203
2.5482360715957229
5.6538405628734720
0.7019507092788437
0.8926125315326915
5.4438946971236799
5.4830305220381188
6.2723551630209835
1.4284305146974656
2.8403058936528343
3.0579852395614195
0.7835523433659368
4.9900158976465043
4.0509244383547172
0.2448099827732907
3.1377641655180972
4.5278462428738884
4.3194456802799444
5.2935850715692512
1.9435609340550730
2.8663047696725377
4.6498629151730944
5.9464057650062738
3.1704362654785783
3.1257067652381627
0.5519060269345342
3.4116333878269320
2.1808341284921533
1.1320652869038774
1.8299074824974517
1.2920298154014807
3.2482771439607294
3.7152208626873637
2.3082338943509852
4.6984586300137270
2.5806203859555628
6.2359708969666547
1.9739422865949683
3.5178714634538459
0.1008076133462350
0.0354608902529763
4.0785462443327916
5.3936618598817079
4.5176209803792240
1.9004504472549144
4.2442394307592473
2.6889069922128295
4.9908754233163783
5.3893650031745723
3.7809090621776940
3.4878205186927493
6.2466869875956998
4.3887977345885734
1.2815939041150872
1.6299646442367921
3.6653021289494148
6.0171212426158895
3.1352917554624540
4.3940599868012695
3.9069089891255131
5.6812889452744235
5.8885047704597113
2.2272726289052160
5.6769880741707901
1.4645109721809555
0.3358632704731560
0.3474449848074097
5.1234872320520424
1.2654902701084911
4.0396131817585452
4.9560030533265191
0.1942402891676335
2.2644611083863233
2.7337657714101367
2.0175764636187918
2.8364492972523876
0.0482168290452216
2.5757813970248518
2.1803688799418932
1.0404489184493004
2.9782943316809662
2.1809737968637508
1.7087655091788532
4.3701288614947513
5.4571284752475009
3.3213213402378865
2.6061463283204964
4.8547887117894604
4.5081035739079125
2.1488046452095504
1.2398793848327410
6.0950381609712743
0.3160231429148435
1.4067664159967750
6.1681769287079637
3.3694134859400395
5.2780655570386958
2.6960224244492754
0.3688065768555134
0.1227378499838861
1.1857775745548025
4.4827679235682751
5.9163650611760561
1.8180140282222144
0.7181854665821887
2.3807534045933747
2.3090365171319767
3.3904413260232085
2.9125957895327939
0.9572149053838250
6.0693195829267417
3.9893726941944956
2.2448065973060429
6.1541057799272112
4.5081318804909953
1.0831141121799945
4.2525676081223329
2.1926397938597360
0.5852948408928232
0.1277312694316154
0.7410408201660000
4.0828990259869382
5.8640778405260514
0.0389271981478902
0.3779102776452873
5.8082638750223827
2.0825238131328923
6.2034862047947756
4.7818182629245909
4.5505973271864253
4.6914323082996248
5.8759950216972259
2.9220866446111491
3.0416864461513056
0.0312210086426956
1.1551592956730583
4.2716117066267625
2.2060106479379562
5.3585655637254268
2.7000490144662721
3.4916734923503507
3.2431665049697584
4.2344878568937823
6.2321252104431597
0.4420516410125079
2.8293146105011076
0.1723799300853213
5.4438040059585191
2.8271216261866456
0.8197175598974876
4.4027155204603741
3.6554698899685367
1.1229136154315822
3.0066824598851127
5.3987791645193193
4.7410787957821690
2.1074805968443622
1.3688215977478515
6.2684233027699845
4.0765449315212754
5.0189445236009584
1.0914188013441695
3.2551928064017996
4.5362386122029736
5.3641536171736313
3.9892343995078763
5.6861202792431698
3.8447324433239980
2.0421332025292038
0.4271449296600293
6.2248245238112148
2.7499062862339327
0.2794635402477180
5.5206876198750132
2.3014945427642397
5.2429055536771783
4.6300764303316440
4.5005980121361802
4.9256333244851929
3.4801422499681252
4.2196554850394143
4.4053567800274545
3.7325278535426119
4.7908522320881053
0.7290862464530874
4.7801822770779632
3.6495314562443548
3.4433773813937831
5.4343322500676958
5.1777755456134900
5.4700275082690046
5.3130244384946463
3.7387153691817074
3.7445983711833906
2.4424469498812562
3.2520329324942723
2.2391526370570398
3.1354554017892862
2.1135642667371535
2.5339012951913071
0.9378506043974101
3.5262942488405558
6.0483585748196491
4.0202097100639831
1.2518685432500645
1.7853671506151219
1.4998003559193003
1.4373444784834064
1.5762717264104735
5.8552981903195107
1.5134019252398774
5.3973355294018939
4.9658524240010085
5.8409258445395853
5.4810115718962544
4.7878436472274455
0.6129757960484304
2.7767863538267097
5.3321245069865864
2.8360942227320463
5.0315905345625973
4.7796884478922541
5.9868822505752606
3.4874103974900210
5.8493753009841987
2.4493567915983245
3.1449055574161009
0.5570218048633555
4.1945159955315861
3.7716309352403843
5.3058982624515059
0.6992500910999421
0.0149543352899065
1.3297273850357627
0.0410635815758014
2.7207266648339492
4.2660243388804790
0.2233497207706184
4.6067783491915719
2.8803821604657820
5.0429012343709152
4.5735197799720151
4.6033563838248606
0.3631960428568046
5.0889139554711997
6.1582027780859026
1.4713473017363128
4.5482041943375746
4.7966107842304728
5.8710275455109198
1.8734310378530958
1.7724509652257103
6.2539189208662656
0.7718846722584349
5.6779102550300564
3.3859822775589148
0.0925382617868499
2.4772503881506336
5.1017967138934317
0.5465972925010650
5.1332967487718300
1.9351249222168772
1.4363106919050077
6.0182476965599285
6.2478396532004163
2.2504272658417044
3.2803647809604253
3.6624396998084223
4.4638109405609470
5.8357301418085301
2.0798948762762044
4.7919115281259845
6.1328837244622001
6.2667249065834785
3.3303681103686946
5.8991892377265795
1.3478314088709920
2.7169305196963736
2.5471499378959339
2.2399417202113749
3.1079315783807879
0.7567126847340024
3.5565179615196785
2.5600121011861217
5.9130000485522762
1.6702643422883900
4.1680490466476172
6.0542316668297866
0.2799105588435755
5.0975083640856811
5.0783202737957858
3.0876894035421634
3.3732198374898776
4.0564260954068825
5.8352511242614522
2.2155357625477961
1.5557409747522541
3.7246372326063035
2.0544583514069359
5.6610053542732466
5.0374451498585131
4.1889471680838115
0.3440269506736873
3.0449500484786225
0.4671973062559047
1.5815098998026778
3.8909743674836745
4.5017519132985102
2.1915469465423869
3.5630269156856920
2.9395531399056880
1.9403802724693699
0.2828435223703424
2.3475557767093345
1.7462841936552440
1.0150782645448611
0.0511582883754940
5.9383621248324436
2.1388041873613228
4.4187224652783632
1.4648449932676981
3.7831246358254380
3.9883606938274547
1.1171229651934806
2.8878430164540285
5.3880983440101629
2.0855108465446719
2.4825069959674693
1.1174602787485088
0.5536183326879925
0.1297781414020071
2.9622715959147308
4.7052043231668375
1.8120151827695372
5.1391717855138399
0.1163964977870970
1.2838470337050065
1.8646503182133869
2.0597718497166881
5.0035822019239999
3.7080548007193750
4.5987263109487984
1.0381379783761910
4.3142556853938281
1.6426524895515318
1.3222198334586341
0.9742346215548697
4.9211479844323138
1.8198530241899953
1.6797570140966314
0.9933890806184958
2.8581277835888108
4.4771089489828970
3.0076248253936231
3.0499563685471909
2.3211386543445669
4.6434132149740242
5.8860810071462470
4.4221897733117954
4.5326882245325297
5.6947805284106385
5.1473286678789094
3.8867384851698055
5.0360845714114966
3.2054332823123737
1.8060995686737724
2.7417037751408282
2.4829134376619133
2.2215445559415392
0.9686308869659113
1.5667562302686311
1.4226649762634231
3.4230209942360381
2.3220834457173249
1.3060130596311261
1.3467321208508205
4.3738600682521191
4.7930084329828819
6.1641530751409972
1.8112680340919476
3.0374182816210702
2.7590639889339372
1.1576892433348833
1.4972676936570122
4.4060110927396519
0.6372925572804830
0.7804243078219996
4.8523773779003569
5.0756198205891563
0.3704801260636658
0.8256523847249423
3.1275810630930767
3.3099227559026021
4.0231960223561840
3.1840528058739102
5.9872361272842980
2.4310282525178368
1.0341854395383474
5.7144296526714751
3.3664913920983834
1.0662213356707604
2.7357356250898719
5.8592562020919265
3.3886861999092970
2.7889218807553391
3.0742549150934710
1.1971951170716275
4.0218464261584979
3.1790202463073856
2.7622817314242596
2.5834558142648949
6.2497986901864477
0.6596387319152061
6.1020828494337280
6.2062221818884451
5.3048332584619917
0.9890494989297223
5.6795017446651404
0.0963662931724778
0.4554507567629752
4.8924905560746339
2.4688765123232179
1.2434190731034427
5.3271819443470818
3.9065714353746812
5.4750378784955984
2.3786311757152880
1.7441589374917481
2.5229216338388221
3.0350259306439176
3.0751987290404550
4.5975984569756001
5.0249863577517724
3.2483920507239943
3.0476610916434499
2.1013100737386230
4.6779444876280918
0.4310005148366853
3.7801802006515843
2.8740649224303128
1.2960272706531297
4.1165385533107202
0.3425957641091701
0.6531590776713504
1.4065304233941751
1.2367766853665478
2.6611345148829497
5.2555850183360810
4.2681882593000449
1.5153404749579411
4.1358342742622751
4.8289484467679200
2.5839128017895665
5.9591062853795149
0.0634140037888413
6.2485264058876915
3.7856727658302951
5.4335213880378328
1.7433373742770744
5.8674859119578064
1.1910795447210873
2.1877204252163440
2.9760601038513363
2.1748865155189665
3.5694524761895030
4.2891043998834668
5.1544012725254209
5.5213358737733262
1.1036044590455414
5.4819786034072857
1.3059749680208186
3.0440670722475116
4.2857050462882817
1.1976025118252749
2.7504019805077089
0.8643637328959726
2.1232408080094252
1.2861749130183302
0.9890482697498731
0.1196300996420930
1.8284695920341996
3.5035852940927477
1.3328083028878206
3.3342316963325462
0.3225336663962141
1.3338648963354616
3.7423167263832759
4.3234816358354440
4.5623757760718808
1.1748517202257271
4.1512341927872525
4.4072889484101134
5.7152739731441526
0.3859224963077207
3.9751073233209331
0.0345890335163381
1.5033549015944585
2.8910975746720222
3.2047537687033620
2.2341652741860876
5.3913903763771591
5.5601598572426063
5.0924234691994625
2.1694198432314797
1.6703653398858749
1.9484835996045540
3.9097924788035439
2.4069899772341996
0.9292333697528757
0.6531491412225516
5.8661633151752328
6.0355419311516449
1.8427026899161896
0.8958349727523397
2.1011972806840240
1.0649763276073525
0.8204655347565356
5.7445293129926194
0.2238084089081144
6.0228633541690888
5.7013900247542626
4.6745787122294846
2.7816600369247380
3.6249328347593610
5.9144936072796757
2.7763911950241451
2.4578700712564006
3.8890697584921248
0.9833075930722305
1.2081183271394231
2.3944197551533555
5.9669761108216077
3.8671692947721512
3.4390003057753944
3.1016963535904876
4.2609568226903347
1.8498453744678345
3.5264465684560604
2.6373492017594762
5.6316828647198411
1.6872316557624187
0.9265993389531386
6.1251834542423369
0.1251983798297593
3.9704351839466088
1.8203824833761861
2.1178606672079074
3.6967149337395635
4.5050914497667005
2.1457152442299137
0.2309695201525080
4.6222681267690611
4.1739276055013672
2.9749447957605524
0.5306470980937270
3.9527057579158154
3.0303220223481757
3.0932431766481785
2.2737561042834669
1.3654922172776960
4.0283061524166053
6.0244113651126900
1.6719525265638100
0.0733796930229584
0.7773070029774023
4.1091058461859422
5.0197982770629146
5.8995554125530667
4.1958468372260596
2.5571649558219121
2.0088772055177033
5.1064017845338512
0.2689989813605664
0.3637604064909180
0.8043848667128028
5.4235274136780243
3.6189315525584607
4.2422203279352280
3.0299411536205194
3.7675510526955609
2.5683626394241919
4.7526094493242841
1.1085465912020958
1.2784704429055260
1.5569209555233159
4.3193755216308878
0.9843296260020847
3.5178142289179237
0.5072452604979689
0.0934537536709918
3.9416226912815153
0.0106088590606623
2.5569258417657372
4.9395981083652387
3.3991652116357916
1.9129494171308143
1.6269949843901237
4.9843382848902769
1.2190974562868302
1.7056654090996501
2.8926707999051104
2.6807005635830268
5.2246048949682402
1.1336410175940856
4.5725724439231410
4.6132314679549697
5.4361603136231800
2.2905047999533519
4.5938257699327547
0.1210122508318599
3.0611125342084642
3.9455418746110724
4.0121102146079375
5.5981096020397114
5.1296823404580669
1.5895215410834249
2.8819137151755130
5.1271167088614291
5.2076382342122578
0.6572475057019639
1.7146042716383252
2.2294091664296833
5.6164248309046751
1.3715277090269606
5.3399374498965377
6.2231961515739176
2.5196846598978806
6.2475238342145838
3.9336412994015593
2.7626346112832034
3.8700198418199356
5.6001317874805441
5.9797095997435390
3.6631664049614039
2.3830360449266572
0.6935766252148424
0.4269123120471547
1.8784793366599863
0.9714938992543146
5.8943896255901169
5.7152311608716504
1.9067120041228081
2.7841245595849200
1.6908949861546672
4.4524180083003948
5.6874024896362325
0.2632248761676222
5.2237331352092502
3.1485058477346635
5.4029050594573542
0.8328784733733434
6.0049103823902277
3.3323430340723275
5.0812215881506129
1.7950272897975457
6.0960676155524087
3.5475523903464894
3.2580037965638775
0.1485306046422544
5.3015133724666681
5.6816114604533636
5.4447871631495621
0.4892963186168267
5.0705360012405194
2.8738065694735289
5.1975261565293689
3.4219140337370550
3.5142737458886777
2.7209856465088538
2.4944358110633695
6.2101150941188594
1.8253888852429749
0.3276489041207319
4.6806036735771155
3.8425093740693588
5.1347426842298312
6.0583596067885264
2.0565888166726434
3.9031961049544304
3.1043392566563650
4.2881499795298259
5.3452165891813435
1.3725686008756206
3.4840349404061719
5.9293382694728169
2.9533717048060213
4.4601841899580243
5.8860620118344809
3.6643252591549951
0.2497160613158106
0.1163635661543872
3.4656036267096657
4.1432870018377361
3.0091329637757358
3.1315240323619631
5.1903661674660775
5.0566894696352156
6.1568176895812856
2.9716676472913126
0.5546451382734676
4.8702523778656666
2.3977971416859694
5.6508356751538722
1.5326816382287716
4.7076549888751353
0.3040847790813485
3.8909529222569574
2.7422892034817443
4.3352121432308142
6.0458379621446916
3.5960646851808802
1.6646798265570473
4.4770696819157481
2.5627332703610808
4.2532227898732442
5.0412917416777887
5.2883300865482203
0.1754067097867945
4.8346847122761760
2.7370028866835043
3.2133968820550680
0.7867720052724116
5.6213708862357814
3.6880089771176361
4.0261650714689283
4.1830681459809860
6.2097970899295820
4.9493687332582574
4.6679133334754583
2.7171698288019517
1.2227387639049636
3.6803521178672405
0.0675574544576630
3.4865424042107529
2.6393091883078847
1.3242123530373582
3.9410772874372788
5.8679041653897652
2.7792671649850020
5.0466076130629887
5.8625439962081964
4.7462994496650541
2.6064421186330762
5.4174889147839558
4.5613685610163177
0.1334055591619111
1.0032644079199209
5.6180587826650381
5.3324670766988058
0.4884305589355840
2.4419564161172689
1.8733569180617882
1.2452637349521913
3.3479754190593085
2.4531172412221447
3.6811700197483317
4.6555116991722763
4.0784753079207388
3.3209049945684548
0.2550796882569651
0.4562604385611866
1.1271473206849136
0.6822719222328268
2.4616285278110857
5.8374070617892242
4.2562333869212887
2.0971936930594528
2.5023495809424627
2.3933087035679832
1.8024329780038377
2.6953616331224985
2.3652983949820614
1.1814975419000335
4.9310936096178670
4.8312576993825740
2.0602520254265948
6.2145788587783199
5.8800740726465479
1.9039323991636783
1.6792374326468225
4.7794672414001242
5.9363010740439455
4.7049887694345456
4.6488536518525203
1.8501657982965485
2.0401107980756534
3.0007555317380330
1.6145203119467915
2.5708459495761042
2.7604123862475802
