0.3021880426122506
2.2604623508830479
3.2287094633080984
4.9254433274242766
6.0198662900835798
1.7713335173168026
4.4455515290227465
5.6519010824093794
0.8012220081815271
2.1056050964647208
0.9697761351437373
1.9398563963564794
0.7091502210760585
4.1367445220094501
1.4753197813776817
3.3317886748746606
3.5265584758524087
2.7604689635861379
4.0924321240435031
2.6249724489345767
3.3259889871801454
4.5160190397947861
5.8259648584377883
2.0476512311194046
4.8575544342036459
4.7677261149691743
0.1547822851127931
2.5926539430790458
5.5984011795384747
2.1746219334675523
0.6887027657964333
3.9481473518296819
1.2999455163295339
1.5567971651231562
4.4719386936297072
1.7493158417901942
1.2916306741940751
1.4485357445455407
5.0088943553157810
1.3269994875346771
3.5226493879380034
2.5437111675196018
3.6616315445278067
5.9642748819086506
0.5119991586556959
0.2204245688954198
0.9042826837318765
5.1986327425775425
0.5364807178489526
5.1920219205019240
1.4849069369484484
1.6157505011354210
0.6680795189932897
4.5040258118088845
5.2329657282740092
5.8746406884202793
0.5715066063661733
2.7666792784766669
1.7286307315633518
3.4630131389753482
0.8508538626551621
3.7858962352513492
0.0263895870086388
3.1736854371526295
0.0951723691689748
1.8860560740661099
3.7611044260795716
0.6150899870721189
0.6234878323354092
4.6022275795184537
4.1306507633005722
4.7416292715553174
3.3953685938905127
1.9161523527995259
4.2915187068530294
5.8853392033289884
1.1464614512086508
4.9635430232945197
0.8206604232784385
1.5554138279652181
0.1211848891267722
2.8058825733667043
0.9573534702512595
2.0598855510796032
3.1050491820018875
6.2110119136129827
4.7394284097489452
0.6439460067997660
3.4348540616236258
4.7217651053825156
5.5941419037935560
5.4978404578345010
5.1807590643640333
3.9561102036965310
3.3930150549398954
4.3715108179969908
3.0619270630204265
1.1395847942866988
5.7918507171015738
2.0950002823813483
4.3598687835533925
0.6270966137377688
1.5209242326945129
5.6941218059062599
5.3673890444397552
0.1549934811197431
0.8778592400193428
5.3504457556076837
3.6276608954828413
1.6767139849701354
3.9075874230496224
2.4202227119654984
2.0002630237035284
1.4609591432390698
1.6483459453829934
0.8061163995348375
3.7453713800545567
1.4895999468796888
1.7065889073654001
5.0929442992296741
4.2737290966350168
4.5959492652719636
4.8910073266945364
1.4357427101378184
2.5550124013544631
2.9422535843931428
4.5020649928040948
2.6686474270612641
0.5440110369280913
5.0523062880743259
1.6492843665815935
4.7659631301408982
5.8371840183208814
4.0922537851570153
1.2537951730475161
1.3904470830107365
0.9369425267730128
3.6814429850213308
0.6743269262077267
6.0560807581478748
4.8611105624614579
4.4511260581522514
3.7335499490504658
4.6226765532864036
4.2938407721586156
3.0580999042142194
5.3136092133141091
3.4937552205160931
4.8479721899067121
3.6114760854708567
1.3647082929214871
0.3000091729493178
4.5375257226992192
5.6451775954876924
2.7329491739521847
5.8533899911030582
5.3027144952094192
2.3268547113607156
1.9039653284570057
1.0737902879681887
5.1934373566945702
3.7302965292775649
6.1021561940911120
1.6160773639244228
4.4910045311125417
5.3420080113863575
3.6553491986875368
3.1203203236488588
1.5299981348561291
0.5186985560397366
6.2139854914190682
1.5822813963400877
2.1029536703151672
1.4327493753760410
4.0882464052033152
5.0962700310500173
5.4028773110438086
1.6669968710826228
1.5420481967187294
2.8068581296430559
0.3312692775025917
0.0988933365684693
4.3304731126704494
5.1065556268146253
1.9283419482562696
5.5656075126622699
0.0868470812504794
4.3632369438371112
3.7213683841825933
2.4988848701508863
5.9109340082345447
4.0218482261735087
4.7460624173348380
2.3288752441739602
1.9832767865847054
5.8149212420552363
3.8059379467139642
0.8304177559335554
3.6481524799065110
0.5701304337503605
4.2189234806658540
1.4160237907788880
3.3288033491117068
4.4089165600187341
0.2593025887542453
3.0554071577330397
3.9920278077288960
0.5094442979067728
3.2531279302703542
1.9006866332759274
4.9339018616857446
3.1258009727897509
4.0961266672163532
4.2444735582680773
1.9619485449564669
0.2370268294136699
2.2824247694600803
6.2748892894462553
5.1702059776033549
4.3469856470520316
6.0045552983584045
1.6556904809087707
4.1443602931706680
0.9741231841744513
4.3420904671211824
4.2673846569682139
2.1632058524510716
4.0447575103228406
1.7824326006239564
4.6637928696769553
2.5421938942086513
1.6982676119035458
3.4921800580803524
0.2059495450965497
2.0433805128124591
3.0384852908309146
6.0659054186198915
1.2076496821090981
5.1138553364566901
5.9630047819464451
4.6422056610024791
2.1815963862722834
0.6069495265468997
0.9691521703653431
5.0556317034264042
5.9581823549347410
2.8153197910121648
4.7697594715551057
2.6896704484707592
6.0795088038218310
5.3632908160709860
2.4050140848056523
0.7907994269469150
2.1931756003285030
5.8840504102081175
0.2644829559529855
3.2038023346709834
5.3730931541522828
2.6909492892310456
5.6335978011930194
1.4031967616214578
1.9333608682534200
5.2475239941303649
5.5566649565310078
0.5183246625978375
3.1570589121891701
4.6644626122159023
6.2440723394838047
5.7769599585219655
0.6891483896465169
0.8608854224301784
4.4910142253637098
0.9536525763393119
1.6117478724220871
2.4060522976277454
4.9543597064875229
2.1598493928705218
1.9000005602841390
5.1379767326555408
4.4846124221677490
3.1500196171035535
2.8332305066105419
4.9031769304499715
1.0527622904240432
5.2950278459559899
0.8346908896224370
5.8912468491886267
5.7628490261555045
3.6370165804091905
1.3936637152295117
2.8189942862124822
3.0375056496735260
3.3379328134552426
6.1491968761817200
6.0834958294346428
6.1173307354637512
1.7942388955204673
1.9660304365684507
1.7009009031604445
5.2688837438715037
0.2996173313075106
5.2618245358287687
3.7713495079082082
5.1311929364695708
4.3903660616058326
6.1164064898515624
1.5163774656868270
0.8952146630043263
5.3572002610051461
2.0734301231689303
5.6876307749397839
4.3094461087321809
3.9160865014734818
0.2510134496761525
5.0283141687604189
1.5182485839204103
5.2334663690053835
1.2850171635622010
0.9143240934951936
6.1323053895720205
1.8076513807280823
5.8247172612437570
3.8481740105036533
2.2503482049409134
4.8014069921846190
3.1898680546043128
5.9459485873199966
3.4495702465274865
2.6750879063359703
4.3033014530990279
0.5747992616530408
5.9368088815418512
1.7411209042763380
5.1058409081170213
2.1005241109175050
4.5304790754897919
2.3141187624718347
1.3365330556583721
1.0662108375389829
5.8421547700367702
5.6078755817500303
1.7074606047511249
5.9795211340590422
3.3407409511179762
2.9678463951369585
4.1436085687018460
5.7122076677182072
4.5974584984565405
1.7451036311855297
4.7407481015123620
2.7967101672231580
5.0470550785923667
2.2855199926314560
3.7140133973880665
5.7668094100917031
3.3600527015356145
2.0545050050607800
0.9112804630873411
1.1638406758547934
5.8742787705127171
2.2431539126171631
0.5013575852259279
4.8050691938640755
4.1720923235640743
5.1059359104636668
3.1108418245899134
6.0275365564015537
0.3517229621810148
5.9869687113646339
0.4316335341283908
1.4324393916046045
0.2727679020393483
4.5526284242082902
0.2102214731979809
3.2374531997516116
0.5082853569036253
3.8746704767625424
1.0703439361641334
0.7104753098102538
4.8341353224440917
5.2903534843405122
1.5524924595997511
2.3136244308742744
4.4194659602904363
3.0134361400502283
0.4454897658078324
5.2250913091625417
5.7467218957923585
0.3440408320430223
1.8710761407813454
1.9441062713884085
1.1307308947190737
1.7920815538463550
2.0242975180532734
3.5283252588896463
5.4682547454228336
0.3215307695222180
0.7180185837757970
0.2814487070665422
2.7620676896068752
4.2681934415580747
3.4465243259871614
0.4358745030130784
6.0763761497183753
1.8541646547884196
5.2305275402136813
5.5485647863440963
0.0623298196065386
3.1616911322267245
3.4340658230549335
1.3020096545911100
0.6148522372051292
4.5924837851267322
3.0622314615957302
4.2875965281199901
3.7491239105159555
2.2187772126953864
5.5441766804168706
1.3150552708430072
5.4199032570841634
3.6088061191276730
3.5141741929539698
0.5701587563287013
0.0131073078332830
1.2068449846234692
4.2415922762877365
4.2106596104568919
1.3133538304240477
1.7118883158522911
2.3717071191343564
4.4707856552356500
5.5804597919407648
4.0652491306012752
4.0585496577520610
1.2408813321431627
2.1338085289884932
4.0766379921124756
1.6623445940757333
0.4898082040608842
4.6307482213063063
2.4109926078430659
3.9362203101493511
5.8486881046759409
2.6143285608670594
3.8957740372385525
5.4911789553514359
4.1379010836822827
4.8526809242954672
3.2528343064194232
5.0848902552588067
0.7377129038863227
0.1029569581642306
2.4949512173835751
1.6833593939580360
5.3846364560863442
4.9394777777832495
1.7552240348959074
2.2795632712456806
0.3641492696856504
0.0114805830333203
3.0638012807395891
0.3866463102687993
0.6535559809666082
4.4411186687973752
3.1377885999462736
5.8436852240052444
1.2121671854418419
6.1504982465832763
4.2814655646303228
5.6337565481008687
3.4225485926356027
1.0490273925856084
1.5195100611919556
0.3779387236256090
1.6307573109096565
0.6439248379911104
2.7880077737454947
2.7576986744498444
0.2567207544962916
1.3258383967989495
3.0845612079919325
1.1134746481774667
0.6263830409492485
4.3654147972595583
5.4270117249028331
2.8415802981314853
3.1342779503794880
0.2615206293712113
0.5903893585326432
4.8391739367562305
2.6179894607621548
2.5261605689191700
2.6664551475400082
5.4046647848868288
3.4802255079489335
4.0077235393403701
0.4603118753718455
2.4150939383681478
0.3258799176612173
3.1855510128054050
1.7355515521264084
5.8722734734905524
4.8710089281797933
5.0248688971347129
4.4693371560552766
2.0897879108977406
1.8640327500075258
0.9512765498331905
4.4007188699625894
5.8677916003165338
5.6690577958119386
4.8461568612076684
4.0966014348748478
0.0427015299259019
1.9633505740640782
4.3073330061246562
3.1111759763129339
0.5079396797049534
2.6124766345899171
3.2037010747433312
4.4758441764206109
3.2169502612948717
3.2151418312426627
4.8388534865234742
6.0361348637037002
1.2099761996258152
1.6064863529591971
5.0875754642519073
5.6447878032952667
2.3430826661983555
3.0416037652712227
5.0256633171801548
1.8309812350840655
0.2132231327147481
5.7256905589029783
2.6369658569207441
2.4595112161047097
0.7293586077121272
4.8689525647325560
3.5799084499863270
3.2091340699592821
1.5308550565449790
3.3717358121769219
0.7454902122874322
1.3784299059928522
1.5008251254965983
5.5978239276798103
2.0053134464917157
1.3916407663890051
4.9931511067087717
2.1399990178009438
1.0101177809658015
0.8776565333663126
3.3115646562605563
1.2382363611200204
1.1226852341462084
2.4745688496990743
4.9109019088343304
2.3166472091329338
0.8713331876897619
3.5097625296468040
0.7323181049831357
3.0578518417060203
0.4820894463728384
0.2067556654003546
5.5413455360043535
6.2522494660546242
2.1477311385664350
5.4233661779350903
2.9498267987712152
5.4853577311438837
2.2320909644795925
3.5167629966417566
2.2216957665975099
0.6029377152627009
1.2796697179056953
0.6070447991233230
1.5637510773912091
2.3047830796316244
4.3506662103255360
1.4697499818525193
2.2628134041684644
6.1672271065353863
0.8954746743570769
5.6318004719553691
1.5147061554413281
2.2120220970291520
0.2677882775607291
1.3738223088788970
5.6724134356280436
0.5907430324964194
0.3248190117205397
4.3118542221733565
6.1511293633517825
4.9903208920150810
0.1200300497182561
5.4623926776937637
1.7419121996468931
1.6456448678904492
5.4542320798217663
1.8425768114303405
3.7279162186013890
4.0269475281185656
3.9844520088279003
6.1337348119430137
0.3722073571255523
1.4512184546355187
1.1419668518873549
2.9324064036570627
3.8122641532550330
1.7458994697607524
0.4920789993817323
1.6851617448684593
0.8654930727658162
1.3150718663454370
4.4338983715657543
4.8519061497430922
4.7454176097136145
1.6076494132762709
1.1107726285987145
2.2821336864101585
3.0538984790688963
1.8822014367539606
2.1717085962444318
3.9253749590099121
2.6742935962834786
0.7020607130469062
2.0085751835522725
6.2810679827923250
5.9848490124246245
5.6662114393291425
2.9684241898422306
2.8501704256612133
2.6734327753863321
1.9783120881811256
3.3735027384334022
4.0224725895434021
3.7783736380658937
5.9669450944776372
3.4734669692488560
0.7139691739796377
3.5631183616539723
2.0117315841244277
0.4133486062026107
5.6636431205871363
0.2511521315551168
3.5148416170673937
5.4221777454262909
3.9159788233116752
2.8001678759050410
2.9418970214894347
1.9624949951634119
4.0631099284471794
3.8943765941228814
6.2142648948324535
1.7841501138574032
3.1021640564401904
4.4310957954356747
0.7495873127940519
0.3063176468267805
0.3929008148942926
5.2646853855056897
4.3018775783982903
2.0789784877032416
1.9031681879876314
3.7754281036561452
1.8858318994588552
5.8895059800739400
3.7978786960601911
4.5188643725643676
4.2512438955440315
4.0194623620073537
1.9340480455085927
3.4246990004503397
6.0028228970998052
4.4840162449931542
0.1875032940513496
3.3972394799681660
5.7868398764403466
3.5578996980086215
2.1894219809287510
0.8504815075804365
0.9422927684021316
3.8770412920618855
4.4030610088675770
6.2794197866184422
6.1830342758353654
3.1555320639930402
6.0320099427122242
2.5583791282117296
4.7486100055480778
5.0880979659621079
2.2258758625744397
0.6197703461279969
5.2646488370839357
6.2229679315956954
5.4629102071259723
4.6659173634034792
5.3845050715780731
1.4096186679219340
2.8275898277852223
3.2698529627183235
3.7149615330967496
0.3844091178634176
5.7379275807105250
1.0023594071668978
6.2220632398232443
4.9183237422682264
3.2242025716534255
0.6841915166506644
0.2944712533212997
5.3043540167470420
5.7096642825675143
2.2613057590950851
4.3723391442002129
3.3441919176826729
1.1984285724794772
4.1861909840022919
2.5991974471824060
2.5779989984818954
5.0111580757501253
2.7214389334724580
3.8736920262165384
2.3494936145571979
1.5477748228867110
3.5618864117362854
5.3917393705548724
1.7349213540517345
5.5792719143461236
4.6801395493661548
3.6621465907750723
0.8996246570861668
0.6879146830873352
4.7836572349620488
6.2612167792838562
3.2519356562861703
1.3983234209393107
2.9856159088249004
1.8906945280894800
1.3502722225526222
3.8252058144175978
2.1075095128032388
3.2785216695299111
0.1434898491570393
1.2665518820028492
0.5460042610626885
5.5432213844209661
1.6105770341034329
3.1802396703509750
3.6740405444310773
1.5581435681288136
5.9375371109150441
4.8084294947881849
0.4427580703190818
4.2257663693898513
5.2734839583852544
5.4659646527149235
4.9478587456984400
4.1467238238347486
0.0477537086396886
0.4041166245169009
5.6763986378785720
5.4503249467266954
4.0378039930211154
3.2008237695751962
2.5436186814708739
2.5566826837040297
1.2833692687442955
0.3036900102674699
2.5307128907523353
0.2095837116634127
5.1507917823747125
5.2284846559688054
2.7715332338828333
6.0308335821868244
5.4879807327057586
5.1866413820151012
0.2000415340969174
1.1073127378273857
4.8458540645674955
2.1445484101597105
0.1437397144237685
2.4057365503639287
2.3516095098251477
3.6372473528880036
1.4777754386759607
1.2860659338781204
4.1268742246060510
3.9312264750624681
0.6854504918620269
3.8491018256414158
1.6531954405595140
2.4502943115335443
2.6035103203766483
4.4787409593663279
3.1472410284316537
3.0111839336256829
5.4367601408622024
0.8628560468273637
2.9697434889573975
4.8732166988606318
5.2721352462510263
0.9106897593233072
2.2028542962140039
4.4256944916032062
6.1026959996730579
5.0780334906878153
2.7610915926838535
3.8516395650221686
6.0287010751031067
3.7913498352497874
5.2659365802642926
3.6012441794071561
6.0525250192483755
0.3195395286615289
4.3673401237753167
3.5011768847514579
1.7141244554088495
1.1023875619371826
0.2165621980215629
2.2580711101833746
5.4082885193445618
0.1836379543718245
5.6735841081322969
2.0164647988890012
2.7270198391739591
4.8368661324278905
0.9105243565861408
5.8285033869441438
3.9578658885673499
6.0092524262267606
5.4370563722562251
6.1765219800995110
5.4976701219853830
0.3159967521567818
5.7711492556623689
1.3139253251129466
4.1757490378526407
0.7928893187171300
3.6825673093159859
6.1805673728968138
5.2062905780671453
4.0310605451980219
3.1157804740269954
1.3996896754077086
5.4076395624389395
2.1368757826979925
4.8032275386622603
2.2734943690495579
1.1000330682352246
3.3980798300622030
1.2594982180354297
3.4745061983602192
1.3186934060644746
5.7575544888371226
3.6004456184121421
0.9835801458484170
2.1553221064199377
5.1849112315603536
4.2873913050687804
0.8278617666775683
6.0745136749626285
1.5663872465551900
4.8800667159476001
0.7278447061740639
3.5847083314155412
5.4387181893921337
1.0363484167607269
2.7440869286184837
0.6921139780746847
5.6038139298247653
5.6712252593948680
1.2825045280143710
5.5003138296168048
4.4268116811156375
0.7088355389675915
4.5271578426666927
4.0239705870274376
5.7154091612931008
6.1504572568412126
1.9956784906538358
5.9270779061443752
0.1055285627722397
2.7440245983606948
3.8896045343429351
2.0427098772370673
5.4386967147682883
5.6325924349580152
5.7417530958558851
2.1039177860976546
1.2435835509102977
5.8031037779741785
3.8012222490062904
4.0464612384548628
4.6694678156853948
0.4358505580784520
4.9709538256386949
2.6353071471431857
3.3487831048311332
5.0018040226874856
4.0701465652274429
5.6103947876481941
1.2916217108706880
5.7935556822821779
1.3521692006209098
5.8703665383026333
2.4317918723076639
4.8304422048281923
0.2290767230802145
1.4128293609382869
6.1936833789384877
3.5512947248194653
1.1238916160839545
0.2937325086841878
0.8717845255346225
5.4824217933866350
3.7206027261765549
3.7892864598653437
1.7495525566773680
3.0461870264513728
5.7345667848160318
4.9306107442276339
4.3209022110629212
0.5772482476981445
4.5199312615284173
0.4298313094718126
5.3392409338277700
2.3381432377328339
0.6913319220568881
5.0284289745359452
1.2071067203671284
3.6823271958123307
0.3540408146972268
4.2155392960360460
3.4941379695306849
1.9931559042068103
1.3519813583771501
2.1528832593245717
5.1585895442717105
5.2786414912051054
4.4485191601761018
0.2063255390969033
3.2363078168146719
3.3483101399545836
0.7738213166974305
1.6028853134676004
1.6583736985896247
1.2467686482984293
3.6023781476942687
1.3561418222257828
5.9845894855095247
5.6980147349915589
3.8339953419833304
1.5159756164864293
5.4073921137056136
4.8985180525497922
3.7295850226720773
0.7651901486450396
0.5300439582777642
4.2119618250434847
6.0542594434097241
5.7562452858253295
0.6592320664182765
4.8871754863931578
0.6811269486582276
1.7308225092366232
5.8750244411457624
1.1944384068416407
3.7480361649357747
3.4233577648978146
1.2422577265342039
0.3247954440668957
1.4971982657544356
5.3554516809942330
0.3610162417767745
0.5976650697341773
4.6669705278205305
1.1893923960041917
0.2567372688024788
0.8719055023681563
5.3319701660592607
2.9111266272621741
2.3278209282679976
3.9610489917569116
0.4528222981475071
4.4212699426996727
3.3608293536570470
5.8286296506124611
1.0739270108097492
0.8764726933252912
0.3723609928818714
3.0299204283672800
5.8308674170186388
0.0684406717548077
3.3832889088287725
3.5973282935343174
0.1997885505394137
2.6378062572867282
2.3263824838606988
0.4879478525853792
6.0545714141854052
5.9094603914539627
5.5305322141646878
0.7667606612038591
1.2245558302677035
4.5231637099327147
1.5091979926745018
4.5729628198409982
5.0334407454353736
2.3586187992822860
4.8604349529977151
2.3272957522908535
3.5329627848304357
1.1501863417873714
3.1130156208401161
6.1288947437476047
5.9705599520482648
3.3862912830498773
0.1012052397795181
3.8519782048069966
5.4394875658096939
3.3738083593187800
5.7272464165102095
1.3466773594748849
4.9807986112918323
5.5763497350590772
5.6713105704260673
2.1699278330614402
4.8059662337364264
0.7872006908775485
1.6035079577257636
1.8341217213454442
5.5592869379010228
2.0295427533834087
3.8178792448229619
5.7210086526829382
1.6448917940751715
2.0065153557844702
1.7612049200898565
2.7568059980728834
2.1653164945321515
6.1442618602920289
4.0391766139429155
0.4189194960125483
0.5946439062035904
4.8607731618413634
4.6563908009899242
4.2368035899682264
0.5582183626438239
1.4921120028163339
3.3501222052360640
5.0601861135556234
2.8157892060703222
2.2349589184356415
2.2501618620863093
0.2985365037033216
4.9108359615260468
1.4675383508699329
1.4139965737123037
4.9509130920925495
3.6045800782671700
6.2500323024079538
1.5167586573196308
2.9155662892398824
4.7675986530589487
1.5166453467072769
3.7561899457659456
4.2736783091755894
6.1528354198797226
4.0920128344488029
4.4755340961455996
5.9351706197891092
0.0709211492107468
1.5982430438450259
1.9475564830250969
3.0787069017051607
3.1110531395303269
0.0869756200476043
2.3421084841596178
2.8423488093415279
3.5750991955595985
1.1237588381992278
2.2345016368973534
1.9792820646980098
6.2611602712446750
4.6961533990738475
1.6774086423611951
1.7515892798311250
3.9114991948725448
5.1508359344717238
5.2227830929645878
6.2522785556724392
6.2626946893910178
5.4790116448159827
2.8640407353189534
2.6589962290837281
4.0413561226928287
0.6584597964231316
5.6210015013234784
0.3657662465427934
4.6720496304464261
5.2122366605027848
4.7605445889086822
2.9849985629980607
2.4649288214072280
1.1364519561914563
3.1965874840035884
6.2481175743742625
4.5466321347011229
0.1023170142132984
3.9832686142265605
0.9104000222678826
6.1009504228428879
0.3082558086816263
1.0780306198007044
5.4600106519874698
4.2224737877110305
0.7666068030691294
0.9080184330721275
6.2214028798314152
1.4782575227565722
5.1232079925721541
1.9348007070877258
4.1947019941414503
1.8640000285721736
0.0288218245406240
1.4703596311940155
1.7656238199774894
0.3770660939071379
0.3011136329245118
3.5640115531175751
5.4091691371890116
6.1570137528326185
2.5574407353359372
4.7845063767438107
0.6079285582849316
4.0170295244273513
4.2308168761910752
4.7258022349563449
3.9550345080637226
2.6043441236100255
0.0115479464107157
3.7477784439244139
3.1617231398767842
3.9792196610871251
5.0442733271524878
5.3140926978497296
2.4418009761261916
4.3691034602679624
0.1403890604851565
5.0416716792347538
2.3206138056646388
2.5395969204945867
3.7063855796293179
0.4845402863128644
4.1862070763862897
4.7802255889930274
0.5848938236698786
4.8575645207306097
2.7199671903870164
4.1143945972842682
3.3545431688111478
1.7485698822523288
3.1549090766990138
3.2052642434730969
2.0575336551248036
4.6733385582503804
1.8184272596178974
5.9139382310927706
4.0625542275080804
4.3092593463086111
6.2778946795116894
4.1676424171787243
0.9560186962793614
4.2973487810332260
2.7126345593064878
4.2616262101723699
4.9981331556828508
4.1083385889733126
1.6926464083187622
2.5579346629443322
1.2369172594716769
5.2717043020358316
0.0469619687825657
4.6129964619057242
2.1353528081432809
0.5686282461471492
3.3145170773426362
1.2813783123003928
4.5680328733830473
2.7941793295413806
0.5526616299801401
3.8666964700178097
1.2516298324491180
2.9446474003715668
5.3711064264556327
5.2924929120366846
0.7317666004879773
2.6597692437882796
0.3835221496313645
2.5614539169851964
1.5256339302751032
1.7301656029629695
0.2862383382631680
5.7388131065914214
4.6657031314401145
1.8530008398592535
2.6431376638542963
0.6097089389480512
1.3326288710295300
5.6943667831973919
3.8492971684607507
4.9834992278721000
0.9584326167502500
5.8816853486443614
4.6703249996075256
3.8069433583605972
1.0777520369328590
5.1386309652833955
4.2563884872711553
2.2698462895822304
0.7032547621530700
1.2893194461042707
4.4141904710920841
4.9011462096936809
4.3117508455717308
0.6093483431908493
2.8917540056837852
4.6596074286990721
4.2152620300189367
1.0547699113768449
2.5087330398782073
0.9537151854520087
2.0361337670012563
3.7816575824458192
2.8742044879555118
1.0930301990089406
6.1914049442033585
5.7429739927503602
1.7111923509784883
4.7683147839833042
6.2436801283720031
4.1000604119556288
1.8947677128613969
0.6814791836946511
6.1461564989607744
2.9876693178242268
0.4992774936650268
1.6185519339358578
1.6595622713343172
3.5978176614202928
4.8724887072548091
5.9139049887080981
4.9459106535386210
3.8076191411999649
5.2752483202103457
3.0370783781588298
2.0974058360372441
5.2312537389390217
1.9308483700180690
0.7638686448127334
2.0107090997997079
0.9567263362964360
0.4960181662562234
4.9129888136956588
5.8541872639937749
5.0231351302215792
2.0961090601816350
2.2385284201215212
5.1457570109993016
0.1473428666072331
1.9399605394941410
5.5578355222332343
1.7185982541397993
5.3819994181800688
0.6975524753431502
3.5997138958380717
0.7559306615061083
2.9289232763036241
0.0770612715393636
4.2295880643800672
1.9962522702609311
4.3442402197901018
2.5621371015288759
4.9829070375917013
1.9984947450114108
6.1970053857416696
5.8933455201823230
2.2256380837682466
0.6801059594039617
2.4498938511735648
0.8443804111845179
4.6279988661331775
3.1851594727733801
1.3756511071229773
3.3785478712550385
3.0827015828188551
2.8492173807412517
5.3299442160213122
5.0889394178908391
0.7376530384335283
4.5020876637690561
3.5141545404405230
6.0210845756513773
4.4768191234886121
4.5013166199743395
2.8706930782015170
4.1992654174691308
5.8891449256014061
1.2698968041041454
1.1077881892314105
3.4273475497478194
2.4687017893896299
4.2329254600479249
0.8865478195580213
4.6498526750121707
1.4947777369885327
5.1746310245088836
3.0597047192503033
0.8997080653342351
2.3266074412214754
1.2625634820589799
3.7158180324884325
1.7213115164971549
1.8864834214959674
3.1434381189937435
2.5068765735678831
0.0709596112563596
3.5285397601590036
3.3995987566051391
1.5544175351646530
5.1225585130472000
2.0060757361501804
4.4188399421789999
5.0504495010800747
3.5709371049117626
5.9262379100820857
5.9068876289657712
1.8000488885483723
4.5463310438803068
0.5081999704778462
0.4464997892444227
0.2261947368324816
1.7076373371736904
0.2292356339178174
5.5046242354189259
5.0979409429704532
0.8010817852294353
4.3691029884772208
0.8516814909242302
0.9676695635345465
0.9699492233064091
0.1515189838341121
4.0954041316263394
5.7736337774838855
3.2677241989690442
6.0719802263667537
4.0404660024958252
5.0454947969720099
3.2316625945602002
1.7245196538403496
1.3452358029001303
1.0502712896678008
5.5224641582369234
0.7054337445303280
0.0696267337280563
4.0718031828825634
5.9571600334796102
5.2929442761181402
2.0048953067352615
4.5610148820922500
1.4328179648750254
3.0512334283859106
2.1644501894641985
2.4576043868421209
2.2843563341615822
5.2516785464307034
4.0681476056779440
4.6529705219282729
1.8703090813608478
1.3855300729530124
4.5018977610784301
2.7318047455047982
6.1920793525253135
4.2160564240850080
5.3809622835164044
0.4324867436769260
5.2512790224334269
4.4888438992452411
3.1562036403842875
5.7425168745182908
1.3283744390590342
3.9542667726583112
2.3356314546455228
5.9184483125576737
5.3904535084751775
2.7464608063139000
0.9227988168071408
1.9571400706821562
6.1980552274746330
0.0844021621408040
0.7898466312210543
2.6503978681251605
5.3849443438385158
2.0667884559214129
4.2493971538166688
2.4914238318595516
5.5539675516662292
3.0119201803138411
0.0750164363054655
4.5519473017203271
4.9073170109319824
6.0129682466890815
0.8184200393782159
1.0445523828552621
3.7160438126537416
0.1325257423220042
4.7680349804646873
3.5064848921396705
2.3317606155307007
4.9172573545938043
6.2485176328810033
1.0348793139168821
3.0522416447938228
3.8552309347266265
3.2911123893645287
2.1501669513267765
3.9257996280284639
0.4085069626213437
1.5004826651086682
4.5219139981682943
6.1861802295646919
2.9474398578870344
6.0583141999672803
1.7094724265849639
0.3047393564894213
1.1596049657379111
2.0116140134988050
3.3458229127027423
4.8852430632557660
2.2923466302158073
4.5083699324482529
4.9815727015339561
1.3712984367414458
6.2599213896807218
4.5568529283182473
2.1622298693248347
5.7311750966399497
4.5460136977907410
4.0615718102121967
2.8291368496323739
2.2921359788475404
3.0371435535209268
4.6645938890776772
3.9155589937925055
5.4281293331954750
3.6003539893473357
2.6633987751685235
1.0721080693941019
5.6813012237655069
4.8760184473061221
0.1789328590213619
5.1623250009315012
5.1351759907290395
3.9566985175081362
3.0520886729758261
4.4156040658776758
2.8840430358144826
2.6573752319924031
2.3797238657074882
5.5026735642442794
2.7018445690883155
3.3825410823973407
0.6985985467397782
4.3623704547680084
4.0976251254247469
5.8675539997608563
0.0657750684573893
6.0655757101234880
5.4691922541441587
0.1567266187480720
3.1047734207824553
3.4854703307929471
1.5438347343842798
2.0483294924174249
3.6122946521742123
3.4261774567102252
5.9478260206438209
1.1650148859109213
5.3154703274554116
3.8324695058966887
1.2923712540803709
0.9501131893508939
5.5398546707866911
2.2902697153404401
2.4521660915249637
4.8028814704351293
3.4455784835350465
4.2978008711523339
6.1616545412099040
6.0342857941053296
2.4153127584179308
5.8486933853836582
1.8981288202570807
2.2365070626323766
0.5590597424848999
5.7629807870673568
2.3286879363699273
4.4814911108478244
4.2816364815626233
0.3862819406991002
3.7468724672618072
4.8910756121731795
3.6438325763938586
5.7695359217609843
5.3907952878565260
2.8068222930171083
3.1708857538578163
5.2963927179121439
0.8302049301945457
5.2009410897041040
4.1504560467211196
1.1582207649223517
1.4905645345056873
1.7449914774224022
0.2254938770188104
4.6026589482719320
2.1998760614225210
1.9744077314838600
6.0522029373741724
1.9392333584114640
3.9235688757043650
5.3324152151477699
1.2556012187987105
3.5946298919163122
3.9769933589841076
2.0876300486968242
4.9497105946614566
5.8832280594988458
2.1708989261420890
0.7820414651697049
6.0533321555535808
1.0325882987199597
2.1551149069204776
3.8894757769040447
2.7004924865231925
3.3536197042022149
3.1812176900506581
1.9232344166024238
5.4003613971490241
5.7047360687109165
3.6730104719718359
5.2498892433788553
1.5241932414087167
4.1200973135350303
5.2810909478393580
3.1888120816668772
4.9004554126917235
1.9195224202450425
5.3320669940260741
3.9449149117181022
3.5757622239049951
5.5861548166765580
3.2872340474979804
2.8890491735538562
4.6631030853554876
4.6971528828340432
1.8112390914357992
3.9650853683526566
0.9375119637540815
1.8003096261142117
2.7269050321417536
2.9571409624025282
4.0674995607401581
4.8820237455039388
1.2482214143118862
5.2692734167802087
5.1257698352647241
2.7143211252018098
1.4884437328311937
3.0801130682402844
0.8606211996921349
5.0735848388521783
2.2246717228958106
5.4748088324668016
1.1004177839605511
2.9395446940938288
4.8969746390807378
4.5593110272105832
6.0019258780110034
5.4148101568402947
1.2553722904804625
4.3189350009909697
3.3494434450909671
4.4846117715142277
5.7703619663327732
2.0598517148102524
2.8621471706442438
4.1858978373066300
1.1987292620848702
4.7459442199740733
4.5695544819209699
4.7147014043618922
5.1650911583215935
1.9569638238557379
1.6075338701046182
2.1687424463491727
0.7914463761761602
1.4392289937363567
4.5195454415869420
4.9406697919490314
5.6851903754206088
1.2693211213083453
4.9378509515184961
0.0550890259760902
2.1205946758974381
0.4446806239129862
4.7663706782187525
2.5812059132897653
5.9965243995595889
1.8997162889473831
3.2407440774448419
2.8678686158137201
1.6265324237420886
1.4545596340732205
5.7425542626870039
4.8574003233364325
0.7584479307745866
5.4757742548416317
1.8887224469354347
2.3162955002877403
1.5336103432506250
0.7113460608850288
6.2770954105564369
2.8141323334625943
3.0880225962204841
3.8424871364152251
5.1828764821945175
2.2076535517989453
0.4445644275792902
1.0955014948012316
2.3824374124143959
1.8875298301468910
0.7168887963365702
0.8841293048358836
4.5992885563344457
2.7947719888187743
0.2289020654241459
2.1866636420249144
3.2245582960175923
1.7573113741755173
3.0548902585215041
1.9772138276567166
2.1029375796271466
4.1581302250591436
2.4785202677301035
2.0665469462382293
0.1413146479602939
5.7927438322051730
6.1477810630850946
3.4840839283789484
6.0226694891522028
0.0334204925688913
2.4259215087789321
5.8536519586022822
0.3973410432629687
0.5811367002021184
2.9030347426243148
5.5773483121597396
3.3833103993388609
1.4647655897316856
0.8180943242771881
4.4673587962935128
5.4661033294718866
0.2092175859997686
5.2063290900707404
1.1389181112775801
2.9603244186794808
5.1034693033568086
1.1225003167369834
1.0256046028387540
5.3050712881675919
2.1557573392349068
4.8008307031341166
3.9135301031573597
0.3703460726452716
0.6982905456612156
2.5550564164078549
3.5050502838151090
4.4397651937771450
5.8221236560823684
0.1005494103209379
0.4425152063654091
2.2638008885491412
4.5535188506920035
1.2307464430396879
2.9866525481107962
1.1601983864594216
2.0167059042315758
2.2122758454287981
2.3275850779686196
1.2918320295106807
0.5330653369131628
4.8781585445218756
5.2669006820787478
0.8275819609835606
3.5015282226835289
5.7971359762672012
0.7023399253455144
4.9057397004893568
3.2442859670098927
3.6337744085318402
5.8682664978358972
5.4511301159987173
0.3288526157316867
1.5731749772535903
1.5006756876897758
2.6099121384164472
0.0887113607107914
1.8668870526150816
0.2914801879629137
2.7796842775988613
1.4151426451591671
5.5259533684151227
0.6674320441149937
0.1551341033313501
0.8200219544302434
2.3843731666424701
0.0861271404867513
0.8100514642630134
3.3005221197485182
3.5894075912056844
6.2016687130851587
3.4137028438617607
0.1041808160090234
4.0261453975046795
2.4646686122636958
2.9051565126070806
5.0096344518914426
3.4636602632821618
4.3789888074296961
4.8829065257942368
3.9387593052423999
2.7682137528045292
1.1485132378507261
5.2505025686403703
1.0160734534173437
4.1292337128763483
3.2438516479008044
4.2791380543517183
5.1634899555720937
2.0196722345820546
3.0055110625248189
4.7707711923328580
1.2812838682959320
6.2421368891546472
1.6333053853858288
2.4637091141666971
1.8959922543951746
5.0724782084685565
2.7479758966304937
0.9774869257973362
0.1396562480130756
5.2198776526799335
6.1287275958122356
0.0798701077222595
3.1161881364996464
1.1361255437148321
0.5763963915577553
6.1092233068580208
5.2015421232910661
5.9551411167649659
6.0346017092784621
4.3549990133228746
6.0358838895503100
6.2689486549864633
2.8012776486341675
1.7466377423473052
1.2699252223749424
2.3111382603139079
4.5736053786889750
5.0729964042592686
3.9089157868857192
4.4786511627437200
6.0766275885662546
1.0615524771743754
3.3609469524333457
5.9744453898280341
3.5434997862232969
1.9403203634614612
0.9443313463402844
3.2618375464714888
5.5789488641971960
3.6403196445494497
3.4081212650626069
0.6176861907470784
2.3640942197137709
4.8911170173085079
4.7937814831363887
5.4293627728381368
0.4365065019432228
1.7047829001354382
3.8653581129629062
1.1883675718970539
4.3277067422077478
3.3942319748848626
3.0440001503011849
4.4961291877800580
5.5513542857758811
1.1345563443468498
1.2923058882257603
4.6389291387820428
3.9199724839077641
5.6234814804379489
5.9726811003937605
2.6114143939099583
1.9026930469343220
0.9941181305103437
0.0632567316848128
2.4087245064102025
4.7175456070742232
1.7131128912280456
3.4015730788280991
0.2270787372380515
1.9820568341219211
2.4170256117977558
4.2272441921794286
3.1029833889477381
2.1240043757766438
0.7182883738060125
4.0722698459215252
2.9132600687497425
1.7087174812106918
3.6185869268340669
3.6728625649769913
3.2028440120583865
3.6757540959543595
1.4070903098813949
5.9582214896857701
5.6545854837914620
4.4002445010972888
1.1580154977824639
3.9876438502266094
5.0648370112527177
2.0027812878138342
4.4578081259423001
0.5473965615476752
1.5887994757002695
3.4571340545921241
4.5927446449269942
5.2227529766047702
1.9266366745115262
2.9920080978995083
2.5193112490459093
4.8690117353081428
3.2662543389259295
2.7028970968568724
3.7463586124421449
5.9255513231315176
2.6747320442348257
5.3632597420577852
0.9199034745256174
5.5902096460493285
1.4514524862100415
5.0753433056298736
2.4651419537392854
1.1247958027613703
3.9175988611486541
3.8483963372458900
3.3688237903016582
4.7924856430284324
5.7216898144878954
2.2113984808901570
3.0826713936321863
0.6685431333029476
3.2227828205192819
4.3520331490240913
0.5381659302566796
2.4590086371912352
6.0108011120613938
4.0750203154551494
0.9139714362551736
4.3839497239142036
0.9458420810953349
0.3504106014813362
0.5725125384895308
4.0376427800372907
0.5547913883910583
1.9087860418440508
4.0288841164502029
2.9897414621318803
3.8496923605920745
5.4173967136709731
0.0739459191111621
2.9307401123231114
6.0288061971154008
5.6977524060464857
2.4970216009028587
3.1449647410547579
1.8734273269877002
3.0588178357178815
3.0153470713931263
0.9687053795921924
3.4460493872643734
1.1204746316678920
5.6731679101276740
4.3807180092072882
2.2609908347530898
0.6451398062214557
1.0399199740113498
2.3232312916313997
5.4894754609189862
3.6124311876437640
5.3790961616177553
2.7095700265421638
2.1896623884065836
4.3939778279155748
0.1721641959387103
0.5271236913741344
3.0389478617974817
3.7094587293156138
0.5748712016711353
5.4213132474872028
0.0690692076708005
0.2277437967469757
5.2399537524910027
4.9326761449821577
2.3017934825376747
2.2718839167523335
0.3828474885353046
2.8030079494485407
5.8146605641020415
2.6314898672300746
1.8596014814780564
5.7045877126936109
4.9473226447977314
3.1041808202718020
0.2403455253593711
0.2886009389301225
4.7459456845824777
1.6087293978290502
2.5597427200123435
2.4955223376480133
1.5340573108727680
2.3739943054568871
4.6741941019769060
4.2522484766312907
5.8398778577857087
5.0853044287836093
1.6155723044333552
4.2395165360219274
2.6733348219753639
3.2746949150818518
2.1234683977439657
5.5524686291151557
1.4540125477695744
5.0411055706416121
5.4777799937158687
4.8858491377925057
0.4668400310198101
6.0966708435553016
3.5850823958178468
2.4948471967196588
0.1927162382815573
5.2040189721865096
3.5311012289461741
5.1223493178218140
4.5611861808821903
5.4526637275939462
5.2738838014138816
1.9141783607499550
0.3775029591271787
1.6395103725938911
4.5530205163816344
4.8029123486908283
3.5206431008368599
1.7535271568420996
2.0571711682374145
2.7481811860962964
5.8042353951641452
0.1341414601892792
6.1553566589161521
2.2780726250237890
3.1744047829070126
4.1056923990865064
0.2791954502198147
2.2353896816878511
2.4156446568860011
0.6622677931606777
3.8631830731928827
2.1251113965993689
2.8566930364425946
2.7263204028315853
3.1330590771010409
4.1980308178404337
1.7523178504427661
0.0289506850675690
4.8862343962267110
3.8701492819367966
4.7828263567822766
1.1238449984150922
1.3256768817265967
4.3751922664110641
4.3761587077316575
0.3275866940894651
4.7763249864379844
4.1135655031787364
5.1913266677802516
3.7463565420458362
5.0691015739482674
2.0112773289906145
1.9303900966842253
2.2262760647331072
5.1414401284951143
1.9730417228585799
2.5230934878919045
1.7733620749415409
0.8495309160961904
1.6450970926239978
4.7334806268664087
2.8436418783256947
0.1822500374608151
4.5298386537060029
4.1682249126197517
4.8972563739520414
4.2224063409060841
1.4221387607686140
4.3932428405593349
2.9824461833715250
1.1693481669701320
4.2804935339149388
3.7269377890900341
1.8352791601739462
5.5934941911504188
1.5774893780432937
0.9650395022412650
2.7260301877989037
4.5232939231597067
4.4616598883160847
0.2935598771258103
2.4027954530241646
5.1588021736395904
0.1903940996797821
6.0656823256172343
3.7406869523423860
5.8155721839774763
4.2678696374738463
6.1253549877757631
0.7635775463165425
0.7653261348590388
5.3199811784595328
3.4237911953786235
2.4723767260110470
3.9889140931607576
6.2365955212488418
1.9529356689933024
2.0509760538344590
1.0655417083246310
1.4407408151447740
4.3078285368742861
0.2665737857024665
5.4953073579811784
6.0828682901125548
2.9035357558445622
0.8241362770206536
1.2186918765923078
2.1899914613565565
3.9067975379961428
5.1617247437420195
1.4425835042840291
5.9000228191354420
5.0756321511210523
1.8829288706701484
2.8612705245744490
4.8313622178450562
4.4235715390356436
4.9866313126404691
4.2117155228862693
0.5599248104790910
2.7388963864322475
4.3946427901184588
1.3205376414978440
0.5006289359745135
0.2913110609693219
4.4430185083060918
5.6339858661254567
1.1596473297294652
5.3773539561280730
3.2894253676426208
3.5454061708158138
5.7278241965406238
4.6049277166097671
3.6521953315139868
4.7773624161213828
5.9209601304173889
1.7602606756201788
0.4783792497057242
3.2342891475823627
3.4372249387447904
5.9071134758596813
5.5809200953166407
4.6993566268482443
2.2613786858584950
1.7985318459429309
4.0235751803723749
1.4539165543927461
5.0587075744180945
2.1619196023193621
3.5321508579067329
1.6959556432171412
0.2137954398831903
3.5906935515353879
4.5534006323287652
1.9171441406813530
5.5875094758317152
0.2371300384625694
1.7614129335547111
1.4962646108237105
4.7639975554142744
3.1703528864863002
4.7271538180721739
3.2326488106891231
2.8342696203002267
2.2851602844782297
6.0795926568772538
5.8168641784208823
1.1352782180234626
0.5647270901362834
0.6979016489443594
0.4046286945456741
5.6367665385136032
2.9567019951671680
2.5814752429770760
6.1637987802948091
3.4166788564326556
1.0518463990492977
4.1497288862418440
3.3727171202436002
0.4445489539358941
2.2799137631962449
2.1816782006638560
6.0686298548995561
2.7663263314637869
6.2423686262387728
2.4289453516748942
4.4783452957659025
3.9483791300107498
2.3418577323973122
4.0740091481674794
4.4743801407680213
0.6134446076988105
0.8897737976918182
3.4902317202784254
5.4711222431566959
1.4308102702020102
2.7117489102891947
0.4266272998818953
2.4977980114854130
0.5790995066553358
1.0031019364945584
4.8720489232553614
5.1065325957823111
3.4194758381650732
2.4799944866222692
0.6687117882238282
6.1702262015572238
3.6611169617882360
0.8796575518930146
4.3412572728472067
0.7736364355536454
1.8246129295399625
5.0070353845423394
3.3969660492051239
1.1004890946899402
0.6041371594234648
5.3009906660565633
4.5510372912838610
1.1104090209621689
3.1473592520935831
1.6458737390517151
1.2025670671289730
3.9778800032276180
0.9326618251966969
0.0930945342337139
3.9375929693192062
3.0770340542214383
3.8987288736347478
3.8368104994065337
4.2399419252432224
2.9977085288132406
5.7400216210238080
1.7357893536668842
5.4903715740188552
0.5535991384438024
4.9283307777194985
3.6353636492214192
5.2625080999675085
5.4427220685202276
1.6542735910683988
5.2480692089039316
0.1621326931503722
3.8118613992578618
4.7809420211825389
5.6772070626593445
3.4518986894831865
2.9783608927301386
4.8818670065177088
1.5721675008433709
5.3434901604939853
1.6090502963659310
0.1440020446250987
0.4282835308732336
1.1176263263885655
1.9700836101025481
4.5731452399107981
6.2340002513520929
4.6539777876026891
3.9077427936295397
2.6782711177684897
3.1392529418495321
4.1600341027569199
4.4272414415216792
1.5703203688726932
3.0613478956341842
1.4447384519075399
3.1055433304460305
5.4757711508376872
5.8659222004718030
4.3340197607714757
2.8018662713126581
3.0668382075485350
3.4813108425928001
3.8437600530029390
1.0880533954017484
2.5735157963570376
4.3537457887424100
0.2949203264999849
1.2171088058518447
5.9905035216085913
0.6058622544842703
4.6299882821532377
0.5425247407986730
2.8028094760692657
4.1446362009907540
2.1973765500836078
0.9536796851123041
1.0857141548048665
5.9547507393398202
5.5462280143666511
3.5932385003157599
5.7603095654002798
5.3656639751615280
4.2305668240902534
2.1234202608612374
0.6801065327464388
1.6713943862472744
5.1451982667694613
0.3698102793072580
0.0440097242124616
4.1125318322650868
5.2474191368658927
2.6557682041999024
4.0333396348918944
4.3674673571860119
4.7200857841255788
3.1150306346932974
0.7273467762189104
4.0385972596837121
1.5552255839828848
3.8210479271277951
2.0104687082223882
1.0094685571380908
4.3854846019036975
0.5494000583693885
0.7664011527443337
6.1202868535489108
2.0907171670001805
5.6965999225046042
3.7588180379778020
0.3308879095255626
1.0082157715401077
1.4232994679565487
2.9285835027741820
5.3475027307176566
2.8014107977311267
2.7087036331786933
3.9901924582857449
5.2042297869987442
0.9450885429702996
1.2803308551560533
3.0429697418974087
5.0146638926264711
2.5928450487678680
0.2153022978021848
5.5662386333992044
5.9405118753708868
3.5769745524168828
3.9021127944754759
1.7245427711261114
2.2936369673477732
2.8022999208070316
1.4586927136676808
2.1506490513306580
1.7649251277396827
5.9050283891505435
2.0928698875212790
3.6138515388259345
3.5975235205307032
5.8382693535261696
3.2532265190844942
5.7810369637047554
5.2902678605467290
3.1541346644410071
0.5224085207349443
2.2718817395268469
0.5683077962722919
5.2601154633802061
5.5000456400677473
3.8141186708164470
1.2154402778415807
1.1891775605330213
3.9857552227884026
3.5351324554050430
6.1844913585321848
6.0347181645184342
4.2454290790985585
3.1886629269568032
4.5469246113715016
2.9751781575383198
4.3256035562404440
5.8118182308700286
5.2659408362924172
1.1543288892675456
3.8476360326777894
1.6007963468028958
1.4177352692604617
1.0080904328003983
3.0387023632811121
1.8250396397430642
5.0001815721370901
1.6149911285861938
0.0087165872826064
3.6862528396644216
2.7483973495446712
5.4403400391532175
5.2522193998978173
5.0983673547070367
1.7443323303758878
4.5199998858575210
0.2437128089624129
2.8017243015310176
3.0947350070969719
4.9206634217901675
2.9026676330267382
1.7826455211449233
1.9871705834320905
0.6724158818294738
5.4623723511143680
5.7282055621828194
0.3960280098500937
1.1667546699917306
3.6558489351388777
2.3632401362953446
1.7337199293526089
2.0684028260094460
4.6670066702034534
2.4066233991026982
2.4013669799314301
3.0785165252698254
0.2157847337672632
0.5727884785220214
3.1235931035669933
0.8832249309157139
2.9693200891201141
6.0524451949865847
2.3010369615194146
0.2191767011312283
5.3313577634950660
0.2694902275551192
3.7102016518644283
4.7853677355190580
4.7470811854329193
1.5641915084218911
5.1301368881336220
5.8470067084746358
4.5322007423832025
2.0357208178698873
0.2151833554065219
0.8758563914942263
2.2271433022840990
4.0471153197994640
0.3433183890603729
5.4879706135384261
3.9055042854884898
6.1367653845729242
3.3381785967708910
4.2283309185786520
0.9626784271015554
4.4956410136962699
0.1432970954826935
5.7711030259966636
2.9484711136027424
3.4283290087576557
3.6181640531388441
3.7253440504220814
3.2336966409398031
1.5484523264675008
3.6136673052440953
0.7398899464679779
2.4918878727310880
3.8714409214907501
4.5937829584526737
4.5720618529789379
4.7100605978779528
4.6478821828279804
4.0823449312791773
1.3420004665010039
4.4987692991134498
3.5960214008134561
5.8309734851892800
2.6934484222541490
5.7813091133809129
4.9839167982845352
1.5367058918078087
1.9287991951902430
4.1423793237920119
5.2274829071934272
1.3872682378085575
5.3619931345830745
0.1739835184293360
2.0494858515593659
3.2751388732844560
5.2634084883382517
4.6181097450078079
4.3511403120674155
4.0691919658675149
5.3014765107591302
4.0917738948186395
0.7012957844737000
6.1612315363123695
4.0725065042775741
0.1709767587080253
1.9160642105234231
1.6867301029184005
3.0685184939444849
5.5632059377576955
4.1863277415585287
2.9178010104095287
5.0495109269797078
2.6724147717982758
1.9924417685490665
3.0269729888014836
2.4756940975741606
1.4749443235434556
4.1271941048991936
4.4248249791046348
2.0909837675420122
4.1739933894001222
4.6497593568752400
6.1815359704175359
4.2056926513940374
5.6197562074357732
6.2065701213933462
4.8698371974371719
5.3009588438422357
3.7656812587420290
4.7201200680597362
4.4232925004766024
1.0344665054700470
3.0362744306894327
1.5853582272846145
3.7195122523661288
5.3684962946568504
4.8411416579410300
4.1853515669799792
1.4959569054598199
3.6154287799067730
1.5227466274183195
4.2915234638539248
4.3122713332839924
2.5563605163584038
4.8639732465745258
0.2696863632291935
0.9193547126266257
2.1710710778300664
3.8091443160376657
2.9612647802902763
3.1998122699456077
1.5022642534178836
5.8403646681389283
2.8388286542818619
1.4856463600314695
4.3297235915414909
5.8331432068497406
3.8953764549433401
2.8030166723043943
3.0360445556871292
3.3770260043289122
3.7948474912637331
0.5999610976508725
2.8467040182637944
5.5194050497622404
6.2505985682620366
3.4732242847491976
5.3931804169552047
0.6971445597942689
3.9620220733867408
1.0490721839437283
2.6192135683874378
0.8405343034364384
5.6252623552974876
0.1010876731695105
5.3942092617614037
5.4511863763411483
3.3859802994927120
0.6644914609636270
2.2158999427807267
0.8983447190146324
2.4137508995800463
1.4233039789677184
2.3828431220896422
2.0907240921418420
5.5415804704027156
3.4145951880377443
0.7215658637067794
6.1083916523527906
4.4288098458506280
4.4514695029670506
5.4442240596878708
2.8995872026959328
0.5618503748754681
3.3152348718787299
1.4693417362575276
6.1824658274572055
0.9615674243117978
1.7077618772644310
0.5937243228669759
1.1563290279994214
2.0312648388046921
0.2439891157229765
4.8749588059877027
0.7126344728204489
0.2672756618222732
2.3150498982734371
2.3642083072005633
4.1076755658420412
0.9720889689901168
0.1338705165583915
1.1858044283045597
5.0245622618177679
1.8010231988511696
5.8000737844781138
2.5195007234029489
2.6827951098611034
2.8364316167516077
0.8478802147982789
1.0697267289837513
5.9828553205800352
1.7441409783967878
3.2078994750716285
6.1824230748405737
0.9702993787174090
3.2831768533640484
2.8166023793004031
3.0184140480457202
2.3597806231256100
5.9128118236745095
5.5052135268992011
0.4671465919561592
1.4465881043907483
4.7534241733784359
0.3056512017774009
1.0622497997761979
0.7933193102773780
1.2324387800072401
4.3825962281834379
5.7549944552175845
1.7524410913989468
2.2047916439688917
1.1885258635123928
4.1894445183059839
1.1053622603730755
4.5886008576967612
5.6102903101802069
4.0786775567949940
1.5434930089491439
1.3742467631143158
4.7752924393127030
1.2471332401947128
1.5878509299617272
5.5518739890717335
4.1098852944547017
3.5012519218386458
1.4575658726530007
4.3843957577910180
2.0818968712269514
5.5465007256941581
5.4749910078519735
5.0874796080678717
5.3257371047765325
6.1671407914296141
2.5681980513038765
4.4211140538617846
1.7347528672002048
2.2973491751388635
2.7018406287632999
0.8852055436195898
4.8158175435332211
1.6937340094041364
5.4916747171497233
2.7986494163178794
1.1356498832616559
2.6758022498645007
5.2037141724002050
2.6252115111336054
4.9984506089600798
3.9816882348436851
4.0897007418035782
2.4650342556893965
0.5456672790274495
2.8142247386479209
3.9162986392076453
0.6649111961458082
0.6089140475577813
4.4184391668558112
4.9653141877506082
1.1907553938291771
0.1227296886541830
4.5847789241193837
4.9008005594639963
4.6908401401177784
2.8723908010307375
4.1759605230557160
4.6254713186569232
0.2041217085141371
2.4677114107398657
2.9989257488707621
5.8072263947000975
3.0020099425944449
4.6455244680222947
5.1402101131236133
0.8742007160107657
4.9580386361020601
1.9218101134021717
5.1630784715232201
0.8016532896985783
2.9943371210364091
5.6473582497393426
2.3345235706504255
3.2381851889590685
4.0368150978483044
3.4713727868046744
0.3862853924851633
1.1757715845867980
0.7972281462282886
2.6852849679024771
2.5892476852745658
4.2595175850714773
2.9606729326025305
6.0789239934527100
1.7459258887859661
3.0132270849541603
3.3990811703668409
1.5884458275194282
1.9514622272400297
1.2208883581744399
3.4702604108405786
3.6570224718938231
1.5623866607622832
0.6572368259779412
5.7040855337072740
0.1789702417939188
6.2657017211829800
1.4475593559120530
2.7485240539797777
3.2491639181623766
1.9366016041694134
3.0967622316111227
2.5449563852678865
4.5208075430973720
0.4649788656815318
3.2942754391852205
3.3263079744469475
6.0334914503989650
2.8656455263772731
3.0928487182892468
3.9814451841055720
2.8188913389537253
2.4256958050042319
0.4056183354397598
4.4943459239315571
2.4872208152016473
4.3303337788838370
0.8731397556684868
5.2222826293404125
1.7043927413889779
1.2428146914879756
1.7226042117253746
4.2099754957596618
1.0288676972722712
3.0915607011053479
3.0680910737138274
2.8219384454285565
5.1425247122614790
0.0836818869709046
4.9890485204070556
2.5139796223477209
5.2604062344687961
5.1989259850740082
4.3607254844756564
4.2457295921033946
3.8171444547029356
0.1300527009403840
3.6096500320468707
2.1846030892774384
1.0318839877024568
2.9258875976800751
2.5642383412842644
0.7339558772845400
2.8377130057967408
4.9447322727233276
5.9838899826251408
5.1008166708923390
3.3714390420945644
4.8584213668561471
1.3415579760673506
3.9862174080731463
3.9141260706210419
0.5979020904624612
4.4097823489628691
2.9172832421287547
0.4241310052593420
5.0234319613872298
2.0092946721006197
4.8321875282615263
1.5300233839387887
0.1452182773615860
5.2257318549213290
3.7316472928456661
3.5125937001964229
0.2213202919251260
2.8847460482305962
3.2764243085760918
2.2215694984356746
5.8579195837353231
1.3538225844228051
6.0633084919956870
5.6372985880564288
4.6574423644759158
4.1927859929170506
1.8041084656007780
5.4873929573797611
5.8798373465412377
4.8364139021981796
4.6160830026902770
1.8521990951568303
0.1965914564898625
4.2038523365720959
2.0058349060664216
1.8306658714678961
0.5345519632279384
4.5918619476615499
2.3990559535260458
3.1618799016904298
0.4589990130267422
1.2304382450388673
2.9983872104746081
5.7620854560422066
0.1311848698220635
1.5504626185785748
3.2888203181963838
4.1402862945271126
3.5689488489428323
3.3008836389578415
4.1755116856787282
5.5035547994816394
2.0226764109713757
0.7914088426851504
0.4103444621969075
0.2044964382835142
5.0580685745371392
3.7010647381446948
0.9765332464502271
0.7130039952098499
0.2565861835713000
0.3006262505554633
6.1997869989046244
3.2845901759228613
4.9737020481944914
4.2413622234113397
6.2532644252705403
3.0062287725040560
0.3517371700044362
1.9540129338881158
3.4969016412024825
5.9896653540917617
5.1619304300209112
2.1923452193955297
4.0523038982934283
5.2263743167639971
1.4410812500149077
5.3256725255042747
3.0500004061879147
2.6012194407241283
1.5240770848333494
2.5530487081059046
6.1826709926671626
4.4841566752928017
1.6173831031247257
3.2417655022088421
5.7640070361830906
3.1512001373706560
5.2737950763623092
2.7870748683214486
5.6383373407384205
2.4001768663460945
5.8131489878367386
0.7443121996203143
0.4358833949608012
4.7046986621906743
2.8566513167926577
0.3039367125507021
1.5968634789348435
6.2244388708979201
4.5956402630619442
3.6584754087280875
0.1755280954666895
0.7186303096951198
2.5777040253024390
5.5816183536688317
3.4696734488757524
1.0611037538597075
2.7030800223613749
4.6616161459701670
3.0413760069984144
1.6290103946975492
2.1296341907664083
0.9083558265133250
4.2627735289690278
6.0093745377325707
0.7126334421748133
2.6151721863822188
3.7820243002540397
1.1833270732134333
5.1081463542488148
0.9029608904429771
0.6481469984542303
1.0888984390714973
2.3893976442114977
1.7208048855860916
3.5524052520692235
3.8439895288220587
2.0476451320575073
0.0160508966849643
5.5878672960718276
5.6662474591862919
3.9802349115630573
4.2761747554107572
4.2691459752185503
1.1200349988156288
3.6578902428464826
0.5101759019887468
0.1939378907519637
5.7006191488815521
3.0244689989733056
1.9573379700675679
0.9980331340346797
3.6397920994049771
3.2977309309042413
2.2954875862334592
5.1381629938060120
4.7558877820849466
3.2954653131737142
2.5611290121867447
5.1744808132050419
3.0564006953553999
3.2328732599221874
3.1937691184358701
3.5792607603097291
4.0565719873350998
1.7207138201147172
1.4138553673827701
5.1890106507429410
1.9428258635494744
4.2750350075288779
2.6224775382173036
2.3035182771916767
5.9025510993010144
5.3530898202159269
1.4994349835008831
2.2830772774075201
2.7768968575015887
5.6590077961011565
0.6884533140472566
4.7980672722357482
3.4927896590857825
2.5888716801423741
5.2719424421445344
3.1747030195913228
3.1315363058182046
6.0738736366644321
6.0474133316501115
3.7991726056563149
4.8370234817243380
3.3280989558004959
1.0704405715193035
1.5457531585691966
5.4148103794772959
0.8228053426034666
3.3884502834614101
0.9772501391574470
2.1055222256867112
1.5313362697274975
1.9767036462589931
1.4571013938509159
5.8119420497828420
2.6604416739857735
4.7115739310447537
3.5003663119188722
0.6524488744508682
3.1360104680520160
0.7724439897939360
4.0891799051022328
3.3181975227714107
3.6481856966849824
0.4823167293869528
5.4736728541233868
2.8613682487077967
3.5026882009302716
1.2417308583760533
4.1286551414834332
2.2612677463802937
5.2304671359930426
3.8974920946784959
0.9712215264310696
2.3277363214757125
4.6654151753221402
1.5665604618408733
0.3696116176502954
1.4713703205612203
0.0097809230347097
0.1731867172736058
0.2350454803343428
2.9974967943509960
3.5210397149476313
3.4654192150474201
4.7379171455571329
2.9803927218709481
3.5937951251361526
2.9129545664685237
0.9277825778169135
5.8704523388359124
6.0512663701576814
2.2963365292138556
2.9545979623779735
5.5704890002335450
1.8242289825632010
4.5309897914320683
2.4779646057434981
3.5385599289964564
0.2944293427585525
4.4300115712651573
4.6653307495608933
6.2591058485050155
5.3530388041377588
0.2213935555767668
1.8010130172666277
4.2240040371039145
4.4492534287064336
4.4227734609862308
2.9838442428448535
4.9856528556400486
5.2579726320116320
4.6451289187090063
5.5548346862859530
4.1199458946824361
0.5597699819448506
4.7605950751827777
1.2268981945273221
5.5714974706272660
4.6684835124662412
0.4111250481683346
3.1444763147433319
0.3820289878051691
4.8557111748751351
3.3198717181316382
0.0748927571315509
4.7840633471981704
4.7380073411420458
1.2273065937032093
5.9614854598663634
5.6423996234721230
2.3766282895055726
3.1807059465807210
3.2118199542730026
3.8903922378098090
3.0200359241535795
2.7088646805020309
5.2100722313570191
5.5417333857486630
5.1279072693455419
1.0425333257768972
4.9988084483913209
3.0344909666336930
5.6352219717932304
0.2343847335488393
5.6973317220879451
6.1227858367355994
1.6012507462430241
0.6495403972814867
6.1625395251482002
0.6206426426167876
5.4022511127081714
5.5928232416817005
2.2196826296646806
2.1815723689987947
5.5986480093358040
5.6035288190489680
3.9824713154434295
5.2016883577092727
3.1248650726759588
2.7453017389243670
3.8108979890298924
1.1644356250763221
0.3371958358766654
0.5835028133420438
2.5564384158387297
0.2271381764326734
4.0734109058876937
3.4718112419281097
3.1470860150973956
1.6057512424573224
5.0370398475460405
0.9876838711194983
3.2516994904384111
5.5063456679402876
5.7761097244608397
0.2807409189783647
4.0422109627892979
3.8531578315923927
2.9633415554320219
5.0371621710504657
4.5829900693563328
1.0218821200611958
1.4118517093344738
3.7527230868314492
0.6220304404552220
3.7083756949075659
0.8016534550930570
4.6250399496693575
3.3239337664150459
6.2175587023945678
5.0491138086768768
5.8159429195078047
0.7715229666817164
4.1189809674128828
5.5235148951345705
2.5819006718027993
2.8471284171824611
1.8786506211830287
4.0595528493946444
1.6407395342455846
1.7285332063018983
5.2924369904974737
0.0381402095131815
4.3290905510573650
6.2274208436049427
6.1809407728476220
0.2987539342876084
1.3167263964052796
0.1904701296356008
5.2419361951284440
0.9646297080265230
3.3951339411589303
5.6022014378148661
2.3103826260777702
4.3737287177340267
5.9798644175124549
2.0483282147632429
5.7701618508140307
3.0075879521505664
3.7934081347752975
1.4841354033193828
4.6540752297780745
2.4849267489055920
5.1756600515259725
5.1604667048510624
5.2746472458714049
6.0605997494869923
1.4379786101480525
4.3082950527565806
4.8441621833015942
0.1424008603544549
2.1776389989725011
5.9631095447107292
1.7275695901721295
3.8893418209688249
3.6423015031887496
4.5032061994566073
0.5552211164449942
2.6933990345115033
1.1831872848029270
4.4576428853716852
3.8401913212044341
4.0340863663084745
0.1795718780777975
1.5145259779050799
5.6281836175594186
3.0677598856018293
5.1198922163202827
2.5427203686920525
1.8367146765290836
0.7591262007083708
5.7792704130541068
4.2326428994316601
2.5119436023071038
4.3087327506538236
5.4543650778852708
1.1203182416787500
1.9801462743031566
1.5918850847739681
0.4564421264515268
1.9644436032419030
1.5001611265483183
4.5054204354499250
1.5913874274949600
0.6051485599268609
1.0549456304717193
5.2379909630982002
5.8572952958196467
3.3785095305645392
1.2884294503478591
4.4249433927944217
2.2591613671224291
1.7009666238657275
4.3809017914040851
2.6935644681082391
4.0890464091991063
1.9193416128319127
3.5832728395922011
4.0130688356550834
5.1928164540573256
1.1294096493730241
2.8965837128760210
0.0372556401036760
4.7261126348698959
3.5059396005450085
4.1515043381021188
5.6964970373675561
3.0565237845454196
2.3119473198333842
5.8453357049604513
0.8533401662896827
1.5850512517050397
2.1561037799369922
5.9662420495006625
1.8342694529064074
4.8138703368193356
5.0504702997193807
3.1916953900151226
5.2349179591819341
2.2899633874135268
2.6108932270773346
0.1996250029118206
5.9859516899225076
4.3995998978534150
4.4784807188881617
3.4116444859382824
2.0542628780846521
3.6532739212133443
1.5216581542763055
2.7006325928322461
5.1180903203885038
5.0279419061730009
3.5610416932756390
5.2505917374074764
0.9348871795587207
1.0883259703011396
3.6928657981506183
2.7048629467896763
2.7278091974210441
0.4969557624265264
0.5078488833746035
5.4011238711361544
3.4346895780802980
5.6873152489792629
2.7268629357740162
6.1017144281666829
5.8457892184035138
6.1465441692289113
5.1201836930022004
1.0677766908403155
4.8862969463028563
3.8413042289201358
0.5624427677661423
0.4783539096790287
3.8883784704977713
4.8589214131799272
2.7399180759555466
0.4539637238284993
4.6924741263381744
2.2037890152339505
4.7482146028464314
0.0986509397325645
0.6398226576354805
0.3776256061767521
1.7321647980741188
5.0439690292075579
0.3688246080929659
1.9742589473896712
3.8975109364180072
3.9923514605645090
4.7730677561917148
0.7793620078644812
2.0691962630562153
3.0557942605386237
0.1872193830173927
6.2046989354001791
0.0058416407020806
4.8465757566117462
2.2729583378081606
5.5015928211271330
5.2737162585742192
3.4312868306449524
0.3052054918389093
0.8560847517113985
1.7072495437019259
0.0208110148656306
1.0231182438232436
0.2405968406702044
2.5708751640943328
0.8284055762659202
1.4187164844509972
1.0952021712834701
0.0653084722267897
5.2683630118041380
4.7316109283196806
4.9063623191040158
3.0987267580185462
0.8930626169441876
3.0426431710403081
4.4501777367008177
2.5157738938077396
0.3741370603782258
0.8874747037491149
2.8635575615863478
5.8152332678836061
4.6571927822149064
0.5889415651136962
5.3336490391055538
2.6135076045342016
4.0032799298577606
3.6132404070507951
5.8536244859762858
2.6622263361848715
3.2082471332746785
4.9431664204366870
0.0379291857149797
5.7280024401803180
1.7684532653848697
3.1680741357275002
1.4892936670121379
5.1963222069311135
1.5553596653024879
1.3777222514148983
0.8525412492384501
1.3685133150716218
2.1132003222838787
5.0836586101496355
4.6573464705004533
2.0309409530014118
2.2760416920429316
0.3797133543587871
1.6282211206341619
2.8008657290062757
4.5263001437631649
4.3854036495861441
0.5428465614099134
1.6558208663369327
5.6896315267591042
1.0895997008133083
1.1959309919607606
2.8237482873559028
2.9003285101038796
0.9630056072296489
5.2401682378333314
3.5138682618364125
0.8386549708683033
1.2446850068466175
5.0352731179462555
2.1820298487991261
0.7803344430371313
0.2186194343099430
2.5800750434123501
3.7718513651440291
2.3107079652291893
5.9034851089665610
2.3300949082522400
5.3634272487307788
4.3017264404935078
1.1806021125163788
5.5594094530488745
0.5693913549962287
6.0076955444567250
1.5221083381795388
6.1331346415699324
4.9246339240931452
2.1422235078121976
2.6489378716695291
6.1655580105056176
4.3441926309350904
1.1276738045037757
2.2115841862140888
1.4451456987123670
3.7933962448023313
1.3764996131216245
2.2262762754373298
5.4688470053003391
0.8173887849890912
5.1034018771631491
2.5167943792145064
2.5837644084397535
5.3346730570537853
1.1815468138028156
2.9532530761264808
5.5845690356647983
0.7620722866127551
3.5221392639864577
3.0189606437660546
2.3337176564123712
3.1181680638667695
2.6286643065124222
2.1217766257583532
2.1111153217356273
5.9641165089188295
1.9157945918614769
4.9743294447181778
3.4713865349120399
4.0677663977424885
0.4934399079225644
3.9717130426793079
3.4815204522524961
2.8014091981006062
3.4502261887754209
0.3178442628143871
2.9019041858682906
2.7421635992436948
3.3668443663887184
4.8344263340188567
0.5657838965634794
5.4738343687725912
4.2532447517000742
5.7126089495109724
4.9901997009604138
3.4436184374789822
5.9401795138981672
5.6699835789425634
0.0028262238939202
4.3665418381897885
3.3275595505833073
1.2653333193979079
6.0155656421531525
3.1243602286154752
3.1058102077779721
6.2547828791046056
0.2892183929684755
6.1778273283131186
6.1341104169891834
3.2171963675034649
0.8353813993568734
2.3242573351117670
1.6042343198866262
0.5785820749304558
2.8161256705112279
3.1940477446034579
4.9040119912612141
5.3633663730851939
0.4030882869405992
4.4339377941333549
5.2180977461934166
1.8953881260461716
1.7877375295636742
2.7408869832107161
0.4599592647632447
1.2479057951124366
5.2296790150746872
3.9356455203760485
1.5293572892309608
2.5341920121730173
5.9075757806315625
4.7757910969895869
5.6019619547729240
0.5776465502562330
6.0256937794553149
2.8157004984428400
4.3123540442248967
4.7910415292115882
2.8130338192743993
3.7336515805264971
1.6870574401820970
1.2807657881286558
0.1082338149437507
0.4562520347772904
6.0680404261964584
5.7567587580769048
4.9532848774207157
2.8963525379650843
1.2234456233726194
1.1784945647223386
4.8862902011746083
4.3271203496575890
3.5600109311129562
3.1224739460371858
2.1608031709770250
5.2286091884351462
3.6880299770127252
5.8714617225088945
0.1237155341144036
0.3986061992585337
1.0577490787230077
0.9166146829357730
4.1246912405487430
3.2992764705223534
2.1625441324883914
2.1900041444107181
2.0128954496168103
2.7447457639954638
1.3809063754883621
5.5583230462876863
5.0310936433276012
3.0017362495493609
1.5715055108480624
4.5289703595401285
6.0758389154126640
2.9102820417425295
3.9889260276554146
1.4755878806365870
6.1353408701805039
5.3224343171194128
0.1856993931357080
5.3932758257762448
5.0442404478013465
6.0453608608540037
4.9817776388413009
5.3521015598821826
0.6501683356210486
6.0716557020673498
5.5433594490811515
1.1656423687061619
0.4794680157858700
3.7484626251479680
4.0491693265168971
5.8474789101070970
1.6440930852834243
0.1846098348701063
5.8877574092294518
6.0285810511763307
1.7726646700426953
5.7005406937980974
1.1915791648609113
3.1414697479857256
4.3635664641583514
5.9018815782410163
1.9580236207480386
3.7929292827228180
0.3216044546133233
5.8608477322996881
0.5525030332861806
1.9170039104097683
4.1722830678572107
4.5147653702785115
0.7749596709173345
2.6666950809073442
5.0227262650482283
1.1278047681093790
3.2040860914150047
4.9627298640918012
2.1312926582273355
5.2177400557443185
5.6578546310998545
5.6977532790357062
5.2601310613720802
6.0191523250146011
0.7367126224113661
5.1673496280936764
0.5402116446287850
4.7375907796814305
5.4252823405388595
3.0584058824341294
5.4484068892308999
1.9039242801719922
2.0013569047609754
2.2583945227433295
4.3135269951098509
2.8811456336758838
4.1394252088519501
0.7583800308894856
3.0297112021344623
3.5445359533876801
5.7014074260746410
3.7696370972406892
6.1940118584403763
0.9482434818995179
4.6226572034733397
5.1109884473403966
1.3916131401761553
5.2130842704823364
5.7680629956802250
2.6063170567012683
4.9366167481145977
2.1797813138820801
5.3301029934796214
0.7958508259846349
4.0137557595647637
4.7769858509295373
5.5409960161701219
1.6062130008058348
1.6299678425876418
3.3509289959337409
0.9282051992216521
3.5347962156998527
1.4686171016137695
2.7909337123170039
5.2167111000186406
5.0632762253050627
4.6258183052550788
4.8677852461554441
2.6738169061032178
5.9384362655250893
1.0603245379100130
2.1137751794242834
3.9686742742983956
2.6561369219703916
4.2301596870695377
0.5694577129883216
2.4439511035059032
1.4543256453663420
4.4738161950807624
2.1949303164902112
3.8152903762952275
0.1378458569628054
4.5384592250238951
3.6095674837638438
1.7420353250813010
0.3182023758443586
5.4946684718084811
5.0716134849965719
2.4748682407978504
1.6427959795358784
0.4975625068037910
1.7022639948127771
3.0188147841026072
4.2550656507322167
6.1428300931450606
3.3310572767856019
4.5620575456941115
1.4807819980475003
1.7816803481583501
1.1300515238596172
2.3419180682801799
0.3067392628778837
1.0071162743744180
0.9611847103300583
2.3460953716495503
3.8676975946604619
2.0385103047458903
0.8388345460822848
2.9159998628457853
4.2324700409561666
5.8138509086510535
4.7401071033127673
2.5562748420279013
3.6233873045765033
1.5544900864567126
3.3156064637929679
0.4598522040157501
3.0220131933105954
0.3686834123625728
1.2813024536145332
6.0734219263922125
2.7913834919760592
3.0384138149036710
2.9202660577127797
1.6216406842845013
0.2902862333290800
4.6145764069100172
1.1462510272960169
5.3558011349475567
5.4204915978089403
1.5785338982091193
3.5609133701601858
6.1813468360009542
2.4458493645704160
5.2509062274629326
2.8482246088368508
3.9982729584505150
5.8999867156334735
5.1096534944681054
0.4126535897497852
3.7013970162539289
1.9690658107930346
2.5997487066032692
2.3611226479729166
4.9367251921057882
0.4623121318309841
3.2016999659216254
2.4248060873935242
0.6805014369574339
3.3711898064825205
5.4058306640877962
5.0388683475309524
0.6991311273671900
0.9353652930545433
3.7488457392743011
4.0903376135710063
0.9673410998910069
4.7977169801325168
5.1968735360796945
0.8054695986565896
1.1985901208663392
5.1867497696467399
3.4108268469371192
1.3965700279246354
4.4520809290304380
2.0882115410719511
0.0661664163620135
0.7329034865224070
3.9177292437373410
5.9975338060228074
2.0098185211149970
5.5458532130214575
2.7668048147901305
5.6033188951042092
5.4789113907935185
4.0665612046175736
3.1983671796548121
0.5963754422501581
1.3315653569884303
5.0163689191949956
6.2803726322699376
2.3078694578379793
2.7711546604626460
1.7747642556749985
3.2692594356739013
3.2575047792364678
1.5368710853425918
3.3198257316006847
3.5697110413186621
1.6548813536239393
1.1342776224893263
5.8030799363367356
1.2482981595225218
4.2846335090231120
2.3906073452680134
2.4006335262163949
4.9470115821648220
5.7426532207973793
1.2622795576922874
3.2574827335347738
4.3905290155983501
5.8496612479441046
1.6816263003884773
1.3039749477200351
6.1887943837973012
3.6388971482262766
1.2655280343400945
3.1465655651555502
0.7561860589773343
2.6175817784610103
0.6588643451795118
2.5006389388000061
2.1021680495640056
5.6739298719981379
1.1341775949940303
1.9720628403027254
1.0780654045960181
3.9796013540007360
1.2754648167699290
3.9701381316768543
1.6688834615535362
0.9039907603503373
1.8584503610958469
3.8885958108412471
6.1500089185874929
4.6873107772665144
5.5650029690675469
0.6646670873179111
4.6256795225734972
0.9352595786986139
2.1224334666942188
5.4157100687225093
3.3599822958923564
2.9655887738575979
3.3012224128021139
5.5389124615637373
0.0476942804218967
3.7351686997465015
1.0894012228884959
2.4538297523273402
5.6899252448631277
0.3881939968716329
3.9332366587016669
0.7602521503425304
1.2669090398576968
1.0504050565074339
4.4972060266401135
0.8560787100836258
5.8210843240487815
5.3298523875046335
2.3890896240573487
6.2059293771459902
4.7339321769874472
5.7277268841329478
4.0051963901243575
4.7336785950891942
5.1019330555031237
4.8155691625025394
2.6566749460359822
5.6449924932913405
4.8218966901622560
5.6031886303792886
5.8573852076056738
4.7603378103023672
1.1437111298559353
0.8311987310253490
6.1649675840013165
3.2560974488777488
1.5553009562295592
2.6929776211222975
5.9233052356115836
1.7650189283006514
2.0321942722957962
3.5050670404372788
1.4620217709611332
2.0425741376543667
0.7751419079900628
0.4270173335648496
0.9395141699803580
5.6229179512045535
1.2325814036469203
3.5250312151266061
2.4030237398593486
0.4455887072572988
4.5090165661680421
2.3636754000465885
2.8409714992335369
4.5687879497019397
2.4727821964213268
3.5087144703833055
0.8109756602084142
5.2673468089252431
5.0976966660234426
0.4902534005441685
1.1819161867782007
2.0230142077628002
5.6194362254517083
3.3782823470355607
1.9915374079844439
0.8216884679567237
2.4058934894360267
0.2696730319599536
5.0252947418200007
2.9697457632752848
3.0595228123571916
6.2134572546521927
5.7784725019159220
4.4033540612000106
2.7101692960379298
3.5019329273081246
4.0954123365166257
3.8287261911519854
5.8260148724555556
0.7740515252019329
2.1929555877864408
5.5636743864539220
1.6108786685053846
4.4747679815440877
0.6044296629432852
3.7865177959121512
1.0835994462252561
1.7718849131980918
1.9314754347720768
0.8275966713473547
5.6300445816214015
0.5779817421242043
4.1530397846123561
0.2175618663649476
3.3606165559931540
1.2913395322355730
2.7201808008907356
4.5694555247498601
1.9885026668778856
4.6623401933771307
3.2223895335309116
2.7871067960817766
5.0330666663670121
0.7240453362206948
5.8744514395653651
3.4184580559253241
4.1601176462021821
4.8470393422206266
4.9719244892480994
6.2243335499077528
2.3744202120438094
3.0393717834035185
1.1445484878873111
3.2126909836387667
1.7915081263118386
4.2592933798648911
4.4369610295535038
5.4013161294332708
4.8624747269150923
1.0995267124777492
5.0898545009150720
3.4095833546813701
3.1731982757858912
0.2259999751010700
0.3535423797035922
3.4092721665700365
5.6196468767317000
2.6817869218126478
1.7498464194365579
3.4171883189613044
4.3413890899703320
4.5889930787528499
3.5413649112231624
0.2178618946506294
0.9528221785332527
1.3327412456836856
1.5945232359507122
4.1181959581952832
3.2435573822084347
5.9568212124988333
5.3679294585363158
3.2553618846173009
1.0316642912026861
2.2007248753853963
4.8245898887744660
2.1275803644309166
1.4513338693628552
3.3376250634633160
0.9311671029302157
2.1987677301339397
3.9544015001034971
2.8100354326700230
6.1444836487613266
3.9272400913545029
1.9334690956531217
6.2617564152885317
1.5714659338892776
2.3442110651061712
1.4905664199430613
5.7657452815247900
5.0121168743389157
5.4281945780015004
5.1743881961936493
5.5268624627165082
5.0883822353178383
4.8761308307180062
1.3432649690015601
3.2235201096189283
5.1026565249901461
0.1875520050086489
0.9196523357448506
3.6899118926960446
0.8969512626353331
1.1729274677199735
3.1232220691290160
0.5520493423541283
4.1155157529159769
4.8123975991717618
5.9351169545718578
2.1983859194444433
0.5066773966723868
2.9149208850219566
3.5181389156115705
1.4109107224320205
5.4816774175506868
0.8698893072425022
4.1305136628190997
1.1484016722737846
1.5542610680240427
2.2149865147153029
0.8586106920862850
4.5899985406341344
3.8437962601528763
5.8403048024552513
2.3594143071090494
5.4807998960128330
5.4030264136996236
3.0045315372153274
5.5467740138814348
2.9712779299794780
5.0620665828483755
3.9889527416949133
1.7380808385400019
2.4747962449644869
1.8931250779740501
0.3379541936170649
0.2662325467915304
4.4841284496729488
3.4369130133976009
4.4735880483076436
5.6892463265827713
4.8779841449615740
6.2426943609442445
1.1150862631693337
5.9643610819721493
0.1522400346510050
3.1936561122449016
0.6399979243909230
2.0345601508500941
1.4474627647534859
0.9706693470185014
5.6423466060058036
5.2488263682558127
0.2107542049338146
3.2090110769356830
5.8564220080118403
2.5211056401776166
1.5652626614700162
5.0158930889117022
0.9376662377936031
1.3706782987963153
0.3281126129843249
3.3310915765562972
6.0271627944255535
0.1937075942916569
0.0403735635984147
3.5649049896244729
2.3598880383246850
4.1707597058379191
3.2618275352325479
1.3797336779174754
3.0540071819358592
4.0330320679836618
5.5351460420287886
5.9829822104524863
0.4861386147404423
5.4122966479437746
0.7825032622483713
0.0598619748980715
4.5096625247852877
5.7548465178238777
3.2004663437893295
2.6907002730139955
2.1404724363948811
5.5584279728736830
3.8520891196628591
3.7983141323327141
1.1696031001292093
6.1398696510779480
0.9283390448111418
3.2911563167987170
2.2117433584609056
3.4692302262325967
3.6823633165788592
0.2206076701077032
3.6538170651312094
1.0880127213135447
3.4252536564770697
2.7576564612063059
2.7611733643314764
5.8353772597022227
1.4897363613472805
1.0457664711965611
2.1898623687220877
1.3503081985959373
3.4010205852658673
0.4765462590520438
4.1447338274255134
0.7525402051093409
2.1452547403849831
3.4641534692131080
4.6852984598572354
0.9131234604939805
4.9811099292882695
3.3901762591062252
2.9441958428743717
4.7331572932074204
3.3815754313129855
1.8959586722803334
6.2822895151688236
0.4057317825903163
1.5908376986892292
3.7630033183361862
6.2522133905838588
5.8102887168928339
2.6098662150763765
5.9747159533030478
1.1411883440564632
1.6619119214916895
5.0241141086225962
1.3169559835024511
2.5276143612088617
4.4913276292246946
2.6778418261623580
5.0784696297784180
1.5392765160802808
0.3874416255759604
4.4191545667139813
2.0472532804203243
1.6473681660553696
0.2650104500464917
4.4972712964323724
3.7576553193283466
1.4819955152952009
0.4900819935420561
0.2437899782390350
2.9487584155765765
3.3089348063464676
5.8371903267356178
5.9609743539951952
1.4118710145728457
5.3215679418207573
2.8991090249145408
2.1884599962509230
6.1328415680104911
1.9590275035833278
3.3965983313501997
0.0814550906300555
4.9397509875835217
0.9139625320140293
4.2561796511253185
1.8703045938373990
2.7292213895839508
1.7701622000612944
6.1568027162448367
0.8244228529220875
5.4008694551229119
4.9642841891705061
1.9315556396937805
3.0705404903555058
3.9055807027761142
5.4372409433309947
2.2324979874697859
0.6483520279609035
2.7167815650830214
5.1380361953028881
1.3993250838473508
0.2337519321095139
2.7306387484611472
5.7752374855280610
0.9194755828425718
0.7576789143286509
2.9278529166236367
1.9279950580274272
0.2220965317009847
4.2079947921445280
2.6363878683581983
4.9180212527843326
6.0655613659506358
5.8944338439904920
4.1278563509618040
4.0267594379075016
2.4862941720567573
3.1468611061658578
3.3470616523282497
0.7535483380329113
0.4574199917824980
5.8267809490702591
2.4848688955610152
1.7512670233837955
2.8413657985088432
5.5475003407724692
2.4077328398573261
3.2611473041962751
0.3339882510262882
4.1100940382961113
3.2296653519108549
5.9471727976418576
0.6545099521086506
5.8771173291601224
3.6033089339943092
2.9845516709608217
4.0039267938280858
3.0995347878585164
2.3588170938411741
0.9665310373891224
2.7167401881543523
1.8886227003132730
1.8074946247481374
4.0596354071738308
1.7164392570788680
3.9441867061255937
5.1884769027990147
1.0257418990272211
0.6560131304868635
4.3368422693242943
5.6476592119120976
5.7173436815328484
5.1047731835062864
2.7099005984139590
4.0146664902513889
3.9086348549308467
4.0587197160039485
0.5968871664568647
6.1796068696984241
2.3473093359374695
4.0282133866508234
5.4114349155991652
1.9262263576943475
3.8800860243646174
2.5559991048252186
3.5523692228092338
2.7649954572231259
2.0095068889025618
4.2736246582012711
0.6932542357085115
2.1464432783891336
4.8722841219383177
3.5877768138251160
2.7406763245968828
5.9713990364647556
1.7147609091310905
0.8206273399221612
4.2652700192249355
3.4595912930238004
1.9338214998140939
4.5259188851412357
0.5225852106245530
5.9411089336090095
3.6643233403518649
1.3530473433572163
0.8117510686122761
5.3899301984840902
3.0346916568631181
3.0158824488511358
2.8105622100307635
5.6399865948402894
1.4580622350996142
0.9220300946354318
2.1649692371559750
3.5944893909011166
1.5803448653692915
5.2342247884645516
5.0689166454109955
0.7206939499717591
4.2316638161112126
0.7691640003984260
2.3690133860131484
3.2718630309429941
4.6163289173022548
5.3433073280240340
4.6363109024375051
5.2800953248501639
1.5246022853641172
4.3145700930320015
0.1908620569219457
3.9941271832587231
0.0024433505041526
4.3182004394377058
1.3181949430350393
0.8972482398795901
5.5783344136718895
1.4390961419387236
1.4968899765471053
0.9916923532055703
3.4035236866041934
1.7141434920721426
1.2102952265326112
1.9044501908454863
0.9488434618028825
4.3428901029294682
5.5682248883510992
1.8061733915525939
0.1171491499730175
4.3773376539379409
0.3790126034530320
3.6078144626022892
2.0805806085841398
5.3854005982830673
5.8442233478035197
2.0280454663978933
5.9378562032590718
4.6803455313416471
0.9756342610293872
5.0519581469599144
5.8368380695742212
4.3744675595874041
3.8077594964428556
1.3424878129365891
3.7596487919378423
0.2306588927363183
5.0647987339724496
1.7965181986338374
1.1178034928608307
2.0882245636721266
2.6679143060562556
5.2063081336647032
4.9881271995617551
0.4277880542235172
2.8989862289024773
3.9321964896806199
6.0707965427466659
1.6376961143046622
3.7597126311025635
5.7388677216667423
0.1264413573652839
5.6156765508158273
0.1759269443793439
5.4332834911963870
4.6842341582078202
2.5701689965478636
4.0202368716426902
0.6776721183939359
4.6053361872701686
0.5475412009771748
1.9215812095957863
0.2996196251944972
3.8283218906413246
5.7617295578456318
2.5652416149816069
4.0408092076701196
5.4201325004713841
1.4139808028880210
5.9744289936664208
4.9297362226446726
1.4553378383439872
1.5458898855175478
1.2604723577172623
1.5565406356469598
0.8994671740418179
1.4098830565588396
6.1339485271958099
0.0829994605050619
3.9530037316379456
5.7407591840824708
3.3416959578922425
0.4955755821999037
2.2532631324351198
4.4827889532110454
2.2105845992011703
0.0874425646628216
4.9897983580784446
6.2090905144236022
3.2889991122035931
4.4338487033318712
1.2450879618002506
1.0606762126589089
4.2070418118158157
3.7625466912729588
1.0017485162575428
0.9758738686978551
5.9122267169436249
0.2419227132127913
2.2247791013285840
4.6067673388211201
5.2499873264748960
6.2315022939861837
1.6265289238733642
0.9521701719348064
2.4498468910599143
3.9375794783843485
3.6338014272168966
2.6980788881020028
5.0413969787635340
2.8598646790090978
4.1432148784695642
4.6049695397339443
0.6658095668744713
4.4591790994272751
5.7788039327951770
4.8864354433180770
1.1870586865723654
4.4331256954968428
5.0265948957613427
1.4191949031336177
3.7013647555864924
5.9564887228613106
1.1101924263249983
4.7788720370973659
5.8371081142145904
1.1512820908248929
1.7985549423590754
1.0284323672538416
1.6790085280126170
3.1626757000117172
1.8802977617121337
0.5194546471102278
5.2120680842908653
0.0504887896234976
4.1158070921731342
2.4990293540376975
3.1851051303708902
2.5281192439242219
1.4636596549778227
3.5076356942776625
3.2952613652247740
5.9957563754315641
5.2811249058254655
1.0482696520147641
5.1619509304178051
5.6162096224825717
1.5218786194258307
6.2368365817592757
2.8754580274400499
3.3892339930094009
4.0185557141755739
5.7463857776191229
4.6745734255824578
4.5451661370809537
3.8947775463948213
5.5938672311845687
5.0062951843280237
3.0173724261365051
5.7369869320560980
2.8272408469002763
4.7493187070640852
4.7740955970001595
4.0887796308056643
2.6214292865777979
0.4745763969971461
3.1711700066287487
1.4529664633816646
4.8226166480841828
3.1047083634409844
5.1902471371971703
3.0609840325954050
5.5052610689305439
4.8259295502644335
2.8652513098556192
0.3292409568557023
2.5280149844739643
6.1332265875486840
6.1721673839134565
1.0529235969653299
4.8931694387905456
2.4153517465606278
3.0503130601487460
4.4060812998837759
5.3700587757341260
0.6437794024042345
1.6842357559895489
4.9549500938671613
6.1333553031280283
2.6387377745120721
5.9691939156085434
1.5250567879380497
2.7572857049872845
1.4285478666536575
1.4660155926600547
5.5854810302249964
2.2240135053205883
2.0964274856448459
1.4311669675754060
2.0019798997014977
1.1925740031670433
5.9974875059815078
4.0277598183125409
4.3072007210444525
1.2860221036793726
1.2464521155484909
1.7387517833804265
2.1803133385046389
5.8800875318648327
0.2444279890323026
1.6686371342394393
3.9873034646509886
5.1653310644698704
0.4987182675873365
6.2506772551314151
3.8846949698062949
0.7771452310113459
4.5368410994724853
3.9848876384322294
3.3934010651910032
3.4051133466795722
5.4262757630179603
5.2264404655239778
3.0388645616209784
5.9100763992619267
0.5986392568531165
5.4678714753952242
0.5736039250385276
2.3242158728140838
4.1322294346392434
4.4882746034133394
1.7500371074447998
0.7816016200999428
3.9078404015635693
1.2406550862991157
0.8623800942876774
2.6939855052240387
2.8173340633465687
3.7063662295288853
1.6486151427394578
2.3250840523924530
5.6244306201807728
1.9189043041252363
1.3951828944542053
4.8088141454717199
4.0792437133079638
1.9512861620187707
1.4953119217765882
0.9653676509380564
3.2676103073733893
6.2108916110040910
4.8417762972512080
6.0490944465783683
4.8379766756663098
3.0623316275393266
4.9116351475601476
4.3005252917030230
4.0133021822478234
4.1880884347773026
3.4992823855814663
0.0359948767338178
3.9494683014023675
1.0801268960517525
6.1664453359574081
0.7782330200936481
3.1801546240236838
3.6047153745158882
1.5828373245411860
6.2007625561792814
0.8108988833789775
4.0765532831688516
6.1418240899375602
4.6544422174312574
2.6444963775365498
3.9384312441717140
5.8790228866919128
2.0770145662570103
3.7507890296327169
3.3315266233247272
2.5666590486146217
1.3497510774929162
0.6267134128645834
5.1149072593030684
5.2243768684279202
0.9333597702757295
0.9622693103184651
0.9438892447037204
4.3972404384733865
4.7616918853637165
3.1924154000682261
4.5525591124928271
2.0236284776697131
4.8873002515569937
2.0872254882818075
0.5741496315504838
6.2389883152799364
3.3633266193817999
1.0175773369255621
5.6556799660813910
4.0091545660358960
5.9328561532001132
3.8380901982371283
6.1980096525094828
4.6252696618223617
4.3147316792236863
3.3966063368765012
0.3004885913140910
5.6157213614847006
4.8913909080678701
4.4735157733800328
3.3455690541650185
3.8302443035782070
2.7241990278131296
5.1093497948336077
3.2808050666132176
5.9148598330939324
2.5443476031428216
1.7257396200878179
2.6652924485489566
2.3711031544055574
0.7010935873443077
2.8122762776635417
6.0928021973916673
5.5818441252235544
4.0718919213549745
0.4148121262403174
0.6169466703982969
3.7240758285273472
3.6113501651864977
2.2210265151340933
4.0177261281458989
4.3302505481248028
0.8511131759189644
2.3560827024708861
1.5372266738293130
3.7451551250230293
2.4611161872589635
3.1572913959623787
4.9855782663839907
5.1186547186428175
0.5666036921840778
1.1555410761456477
5.9492569374536810
2.3733843385979063
5.3991294617678527
0.4457846445003641
1.0019979553407783
5.6933627630085937
6.0365028943126235
0.7247331887619665
5.1701990793592589
1.5277256037520439
2.0011171164973418
3.7061288893901425
5.1394847987199288
0.4795625929801505
1.5176210729442070
1.8311601605739354
5.2911678439217278
4.5416547174317072
1.9569572009882366
4.9960772855887852
0.0326265477535098
0.9712833456039079
5.5076625936281154
2.6815473874148017
0.3784186743429398
0.5610068307934677
1.5366370508989537
3.6669979673205835
5.5270377809075120
5.1902537595149001
1.6022310181410646
2.4775826121766551
5.2172360026310471
1.0259133843850534
5.3753056901609524
5.0162104826467315
2.7899391710669836
0.0431959011688761
1.5286008733311551
3.9712520527378268
0.8631334815412790
2.4966283919167784
3.3680053024898795
1.2001130076211044
0.9960551400213721
2.9091248722609064
5.8289737172134419
1.9173143191724979
5.9847445742984160
3.4459845306992904
1.9302900458564360
5.6163579530059797
4.6132040351749808
3.4282511345079856
0.1633458233310087
5.2256832844477312
2.6975887488343830
3.0547036091160922
4.2560378481048105
3.8622858146477408
4.4902234438092030
3.6367466731257609
0.3367241989445559
5.8984261468807713
1.4413124920447240
5.6108044792559149
4.2438823923582589
3.3209629413619353
1.5539451466094734
0.1080378326903478
2.1009748591369619
1.0603884240691226
2.9352087183466176
5.4902045028714701
2.7846443198832942
2.5308260021639111
0.8494876962448017
4.1974648352626955
3.7553076551418383
5.3172549469535380
2.4016390498410733
4.9328898395634253
4.8101316425590417
0.5812608666829893
0.9124955230516993
2.9016370756820069
3.8783074188042521
1.2054733244933573
5.7552598288559684
1.5661261210230750
5.7789876102591711
1.3857497969830295
2.3286818891788199
0.4478209505657460
2.4342845969926108
1.3224028962649197
0.2723539429316288
2.9728130792658005
5.4893149420578347
5.5459746726453982
5.6520004654073839
0.0581712836871478
5.8404796170689988
2.1564859605608158
1.5255797783353149
4.0508472847096977
1.6388846563346737
0.9419024021718586
4.4011848862776786
5.9767784077551873
2.6781878226593809
4.0725148590442588
2.4886365584341905
1.6918052641856642
6.1285553367920489
5.5052754926282779
1.9894365067214352
2.5291382700655740
3.4575186194692868
0.3252203211351035
3.2686204172598221
1.4607004061767594
1.8601209385624069
2.7286837685300198
0.3666968837527466
4.3930344944866473
0.6898713858042533
2.7010867852686977
0.6700627499785211
5.4194399653440319
4.2721465596943844
3.2400712366313669
4.4926279034135188
2.2539111058036316
3.3596151496041213
3.0689527295033496
0.3946247584877362
5.9690763036522059
1.1954528242928295
4.0566200112201294
0.4528106010345388
4.6426620382253345
4.8086472249177667
5.4381353632364826
4.7409327070199758
3.6623479763683107
4.2054374760759003
0.6051273647750232
4.9892447442528312
0.3424376701255952
5.6818154257975504
1.2419737675796969
3.6070082991603600
3.7850875585988191
5.9661647602267482
3.7761231880087136
0.7589264490196508
1.6599009931597879
6.1640710100296197
1.0265757980932018
0.3726448224892536
3.7885311058678752
1.6721235374414083
4.7060577034956248
2.4263339374991588
3.0476798718262645
0.5760695296941130
2.9167939758731678
0.2490839816683288
1.4265336211392237
5.7174610804353900
5.9214459602590166
1.4878388096315540
5.9806085127344026
5.0208820638337368
4.5212289665776311
1.3069105422642662
2.7621336777353789
3.5559345524198704
4.3199994339734777
5.7118197142918419
2.2238425183484898
0.7582856750266196
5.9440439896582467
0.9171919142413781
4.9956886502564224
2.0126529153790460
4.4200723953861925
1.6864387231142894
0.1751631566018275
5.7469463027529617
2.1041576320326953
5.7974048234643938
2.4935526014942728
2.9961856197778567
4.5710144897111258
6.2716631133096739
1.5785062332724278
1.0064978538640865
2.8576311974787645
3.8248033948024580
2.0402205744871718
2.1034434789301497
1.0895418570422055
5.5355333556780391
4.3281427983052012
3.7417215377693189
0.4048137101673537
5.3103404892948962
0.5826138088217503
1.3840175402255295
3.7907681874188643
3.1351050218075907
5.1256938424951919
0.4414970867082263
2.0834952982777213
3.3779779790438087
4.8920485290353088
2.5430959741618633
1.1164010758658833
4.4576422335589694
5.4862620971512257
5.4135872649394727
5.1544935597547177
3.6697655863663421
1.6192207522207753
5.6415501463747662
1.3877069122491485
4.7043742004319933
3.6634168412363119
5.3487704483628695
0.6666449969579450
3.2759773870463000
3.6220906259322501
4.4632521486187677
4.1329534992277850
2.7700393015031715
1.3322478227262444
0.6644105378731763
1.7346242474995628
4.3769742158014511
0.1939435299471951
0.9279519496079072
1.9694735766575582
0.2967671718757295
2.1056935561404013
4.1064911933464003
2.7932220993948387
0.9884190560484373
4.7137305997607157
1.8036497866758197
3.0375697233052130
5.3770621820961875
2.2008629852281940
4.7257999514397948
0.1540132860604592
2.6359124402903680
2.4409531935292801
3.6781148292744974
3.2863794116145733
5.1133425834316260
4.3881309737212177
4.4605836629938800
1.2690366573133016
3.9922087964894981
5.5541823341587273
3.2360760432907161
3.4318328367949764
0.9552732988559776
2.9704139462502788
0.7787207306517304
6.1250186601200474
4.7140815094225728
2.4445943723944143
2.6351831070406622
1.8676698272375472
0.6285985875934159
3.5222078415462201
2.1673712190218524
5.0573594802700086
1.8267039939350502
2.0751464460184543
4.8422594639610939
4.5690540723045450
5.5362026304581731
6.1990505934550111
4.9617026018978878
0.2654084375198750
3.4582747932987261
5.0537770421411290
3.9157748388049258
5.5078325631869074
2.7784305708258139
0.1052090792561611
4.3215784072241581
0.1272078210465065
2.8699971220897211
5.0840159321886178
1.5780366972653359
1.1189125781075147
3.8528633855253460
0.9581569891883497
1.8653531908382210
5.5887077105167693
1.7557068505221098
4.0799369217592600
4.9534708904480489
5.2175804753926656
0.2789973729451468
0.7928632667525213
0.4349596313420512
4.3997960955047288
5.8273511220601311
4.9380534407889147
6.0710570772255839
4.9200910134714109
4.7699587921074773
5.8004301029334444
1.2871927797979894
4.8698224840693030
5.6223649681685925
2.4630168960769114
0.5443690084781615
2.9528461592225272
6.2496703134002889
4.2312710309058934
0.5424975438788854
5.8799098072730285
1.0847057823595341
1.0486992602929093
3.4335896077369070
3.1337725345336951
4.8224388974483068
3.7277219407225211
5.1051968092466176
0.0095510824338237
2.6970143211218280
5.0384867791087844
1.4633374781402799
4.7104258499768061
3.2423640606586028
1.7790090684614848
0.4870464761980123
1.0694329138749656
1.3295481420627953
2.8858883176570758
4.5345610539441150
3.9775287481427397
4.9191232800345404
5.7650022929182212
2.9538497117668641
5.1654132490332838
5.9295905526115229
4.5569034555740542
3.2316346022267064
1.1664073799559544
5.8019409194432026
0.4779827966188833
4.5197357232562281
0.2960618328074870
3.4680487467919998
0.9584993845734849
2.1766217038117923
0.4675587993002528
4.5940092966528283
1.2952144350805928
4.6048967203060167
1.3364590010099502
5.9386066157565880
5.5797451252016259
2.3831458197195605
2.5218350608186646
1.2684738787476468
5.5997340884032250
3.1694702694673014
5.1524434867464342
5.3034943524683440
3.6258148591059243
1.8982002325085683
1.3064994635719045
1.1317708976057084
3.2879287371406627
2.6879668521564128
0.2781821326822194
2.0241224759242811
1.0929276660170379
5.6372295401073211
2.0645648622071029
2.2528452956412721
4.1870386353591673
2.0106387532871564
3.5201496042739602
4.4607863022113783
5.0526766631011899
0.1543247322569925
4.1961402264657943
1.4963270893690408
0.9177335950639287
0.5383190614024407
1.0967484387376878
4.9011526871865865
0.3290053536694090
3.9647364207162319
5.8271941339053495
2.7978462325979074
5.4998441840931260
1.8120571792528304
2.3966560901697722
1.7409695276034121
1.3368277631192331
6.1986398616078917
4.0172498815163529
2.4553457033042934
4.1866706666571352
0.2467783717148840
1.8823311656716417
3.9306153146248159
2.8804495833067780
3.1216581686293385
5.1041462882192672
5.7925272717010738
6.0628978971884111
3.9866701261948001
2.0118179175430142
2.6483704957458740
4.0664787355238108
4.1136192099338071
6.0719004292256322
0.7728579355923036
5.8492024117222732
5.6795359595426200
2.5654433274389210
0.4767640156498337
4.5321221208748428
2.1445083088287933
0.4034727733878584
3.4573029369105583
1.0410381854263882
0.9956874584308032
6.2231395624346604
0.7339407329352977
4.8364584305425709
5.2932033770302498
4.1016353836419750
6.0826615331047922
3.0258568754335471
0.8490264308457427
2.4023409684075587
1.8707107545735668
4.3522461685266283
0.5364612940120698
5.7094941348572332
2.2319570424841051
5.9464223556352342
1.3019064517445740
1.1447756696259332
3.8883417847859363
3.1374336260893703
1.2178967294671117
1.6484716767522227
0.7745629305556808
6.0116435528341983
2.6397561457459275
1.8312304591785880
0.9292920564304409
4.8665153101183005
5.7606044033197019
0.3558872975198450
4.2980280088052734
4.7365470360905348
3.7174372598102341
4.7634499016603478
4.2610126180887811
0.9918506689407013
2.2755278306394091
0.7049033440586371
5.4738312036392536
3.5192435940018374
5.5958172425840864
2.5940803014745635
4.0105570323122395
2.6523111057029420
1.5230791440569054
2.7059491586477824
6.2786161250019239
1.9620559512122595
2.4319091207919858
4.1710648457052955
0.1771925654573256
0.3077924333847841
1.3075495503892769
6.0895256570689567
4.7025112768818111
3.8665090181190243
5.0813639138729583
0.1683042809046650
5.5920402300981982
4.1499457395782500
0.1395324959832378
4.6162384221319561
4.3671006776919539
5.8927554326511657
1.9467419048711838
4.2775337530153843
1.6424523836553526
3.1691890422512454
5.6814744099157153
4.2714029991779574
4.4171472165891439
0.8360051381660720
5.1019584436902905
