5.8551178604343237
5.7874713123235901
3.6758634990791270
5.7927859252497020
1.7689717325473924
2.8921699659148370
4.5035771877384834
2.0756443566199088
4.3270898577956993
5.7216626731740794
2.7195372709766987
4.5855680954855735
3.7723228335898371
3.2900241823135858
1.8072287098921564
4.7522491433344234
4.6559651740818717
5.0442701609200009
1.5939282421696148
2.1249607357328886
2.8771667826367522
3.9031360290555579
2.9152773001761734
1.6295536268204041
1.3296375317276616
5.8046853355645958
2.0568460654151410
4.3437687421639284
2.9812573154406530
4.5464552102299143
5.9362674958819719
3.5990939083203930
2.4364630518554447
3.8742176384904163
3.7821636390145525
4.4598954495075578
4.4947906743019894
5.0149618836300895
0.8967872150820188
5.8347267223998944
1.7000675238347251
0.0273420107285953
3.9271844840039472
4.8642196461842664
4.2743720848280624
4.7169562109427741
0.1369985688864500
4.2128384910933763
5.9763360357959501
2.1785377323302169
2.5976133279806390
0.8085623552576077
1.9086279352321485
0.5294693853143203
5.3230699460942299
3.1036035203922832
0.1246507898741988
5.3549205593680993
3.0863786425186981
4.8042043318250292
0.4162763829955272
3.4383297022069561
3.5690816328863142
1.3859617077717397
5.4555621071941287
1.6333709685345414
5.3860970577281382
1.3307284378218673
6.0774553619279184
3.0095670308117746
3.2166498307431985
4.8081606319852446
3.3669398750404418
4.6313801530609915
5.2934605788827946
0.5569052859567043
1.1932534980377751
5.6581864100533679
5.5292778283263768
1.9218141810367591
1.7673801506709854
4.5258939946948997
4.2892207765679000
0.0294124963662642
3.8980080563057293
5.0249417746536871
5.2397012478089140
5.4305722894477872
2.7235392108470364
5.5483037289264177
2.4243359309634114
1.9112991137245263
5.9497476327958463
1.6737205014181251
5.0457166397991928
1.5154344093472485
0.7255721478485673
4.5307744575917859
2.6264650509381435
5.0994141485215128
1.4026948823906327
1.5666955432227441
2.3645483675528793
2.5643878541568110
5.3507148406578411
4.9585548614282811
3.8581737517738772
2.5995743361216772
4.5640037659318224
0.4623670941422977
2.0596667961312201
1.7216955661753650
0.8337816903698176
4.6957531892360516
1.1574698132494319
1.2436341115442311
0.3253668029085979
1.1204439598592668
5.9023243682959770
2.6116104405640495
2.2835585379809462
1.0678211324151767
4.4827545591194662
5.3087535458140964
5.3079164206363023
3.6528205303357946
2.2181741529565988
3.3737970007045739
5.2040779094932539
6.0326112016689137
3.5227506471559575
5.5744598521559370
3.6653606905550231
5.3102593157066780
0.8550676025965255
0.0122094698017557
5.1141134978608118
3.4851831755541003
1.9892001087896702
3.2903026175568750
3.3486765011735811
0.4595529475528512
1.1364611402586502
2.7243525792715695
4.1364204272425686
4.0308676732690358
5.9154671112132551
5.1364969438443682
4.3398318621674097
1.6433962101395467
3.0268048880371934
5.0034731646576880
4.1968289881373568
3.7037323173133325
4.9668013628217489
1.8128653603239009
3.7035489085721851
5.1821425753085162
1.6474399835981091
1.2077613364589881
1.1978969566179227
1.5434945338748931
4.2658270974003578
4.1929683652480634
1.2426851148421187
0.1018300418434785
0.2952552193419123
3.6725115591419746
4.9511950535875631
4.2381891542223968
0.9812826350382835
4.5164060343693881
5.7412090218504250
5.9784261085950972
4.2391668040076302
4.7464179070762480
4.8342476030999260
0.0138571279697542
4.9884284839735571
3.7352050285558547
6.1876372186819069
0.7416532590953245
1.0425795604892547
3.8817085647502512
4.5833780929696450
1.1800093927237032
5.4010455293862289
3.4667411049280061
5.3828937129059362
2.4229709703004527
4.9485095656806779
0.7696089992153770
0.6388761072475694
4.0249927640842005
3.3589551754945517
2.7378819230556832
5.4306939900893241
5.3135026228436990
3.4980257650242628
2.3290071559818024
0.9128922223613047
1.0165357558046133
5.3196249454608155
6.0097203635613541
0.0685884425146170
4.9944153892041854
2.3044637481944203
3.5564442874568059
3.7402012902070840
4.0545261014742158
0.6911838716229202
1.7573894864559965
2.4172122797129307
1.0580932825225444
4.0094221815090627
0.4225102157885181
3.1095085585369566
4.1168389139438402
3.3299075341328641
1.3113815443191517
5.4915259169734458
0.5692087929734352
1.5508885630421090
2.0032857786710787
2.4380937989505411
4.8081437344770697
0.1154365378778256
2.8387640514821464
5.8560783789740603
3.9582392849839296
6.2044957822490527
5.2616099746707912
3.3111783707311497
3.6420417708763471
5.3386657690142290
2.2689642007284365
2.1193842741304065
2.4546692767590366
2.7835300658905369
3.2772045080937984
4.8335967017232431
4.3974212674295545
3.5296997970263111
2.5711285340696608
4.6413979027659069
6.1543905962663370
6.0512861865475553
0.6444124565735913
6.0244155870545111
5.4849845734225768
2.8615522642971176
2.7986059098531966
0.1042765368037157
4.9314045344166137
5.8246663163746684
3.5369155714923211
0.1546450063726601
2.6887421807604008
2.3314231784393606
5.4837514203992752
2.8124877743508057
0.1040688987069800
2.7263375677267749
3.5367732221069788
1.3455921645485025
4.1700032883350922
1.5980337081625846
3.7776719579457052
0.4945014112916478
3.6759840968530804
2.5624372671367217
0.3522018152541986
3.6701168205759505
1.4586197215876520
3.4620132005580291
0.0290871379798229
2.2941387516429246
2.9363791794121616
0.7745728029382661
0.7801005681453180
3.5490730488315578
1.3470701574743673
0.2616765313414914
0.9799413076542737
5.4995798967440788
3.8495749203145930
2.3031169173060233
1.5403885062760003
5.8102118178424247
5.1924743350111724
5.2719703525981005
4.1417899225375781
3.8800236320494226
2.7295526257753200
5.6076865786844170
0.4539717524966448
1.6340613820038909
1.4646021481372209
0.2732635510081203
0.2145991245976566
3.9581834858824498
6.0648015235537684
6.0093673834665911
4.0113197743268652
5.0134355667957884
3.2539958344353401
0.9003689197593157
1.8372533076872899
1.4813848283032187
5.0163174148904570
5.7604440973891133
2.0671318721729990
6.2329029530468301
3.2100245713661257
1.8190039122472206
3.8828042576400033
2.8455658273278654
2.1923551293089032
5.2039912157935602
6.1657625066328325
0.4681478850443639
1.0162043414526005
5.2139152767655732
2.4416385112718220
6.2168912865053665
5.7615254515247845
0.1899459731300988
3.4808719072645755
2.6615538707181772
1.3116851571531885
2.0029271946215808
6.1474214874095017
0.2755497633111978
2.5354716500818912
4.2211173297555753
1.4356613947070129
4.1806214680484439
5.2691984149916911
0.1500851804930957
3.6366638768493900
3.2408487889289446
3.3918420886923393
2.7681032554111651
2.3020150790246370
0.9969673225230730
3.0669383006309987
3.9734379791735384
4.8385233183029372
3.8215982621874169
4.8379221153166245
5.5315219327025531
1.3429702087601811
3.2316192928125616
5.4628518064548617
6.1495275644716321
2.1967583850341010
4.0127028135876559
2.0386308825007280
2.1187676661237456
5.8383353590950806
3.7939366040287439
2.5090561673604870
3.4165786748296849
3.3263268606232512
6.0592958894022590
4.9741650480118969
0.5713253039445799
2.9798513528527550
2.1948909002623846
1.5119463441171836
2.5156274266567418
2.0172159059371695
4.9834078913749540
3.8313027962142243
0.4941324689690380
0.2567029305822867
5.4276705111218568
5.6121151771183433
0.5497739461245907
5.3780406170771018
2.0734432538493301
4.0033977146569475
1.3918715354964466
2.2723525907910500
5.8252829893986746
0.6904632256682088
5.9542253509415382
4.1041281006333810
5.4092103335340846
3.1654690367193847
2.7911707636709058
5.3306072412557155
5.3594034417244183
0.3151776525601756
4.8186284655509271
4.7127790663330824
5.9989870086489807
2.9571241795439320
4.4109688718487341
4.6315881462713406
1.5495024928426955
3.0811847381794424
5.2342591315248157
4.0084040286552929
5.4633421080389573
5.6643190243134942
3.7316049821623323
3.3084141588460172
3.5369713830511977
5.6232191049567639
3.3495335451002428
5.5169257941532459
1.6034250568449306
3.9222581471875082
1.1851028933389092
5.9686279254754337
6.2344253155085152
3.5877829287024703
4.7437439681991798
4.3084912362864909
0.4296293893682445
6.0450162463188484
2.0591632167789111
5.0339818213135672
2.1928604082888827
0.1639259128488528
3.7693380393271818
1.6691980070066339
2.2495374193646582
1.3624590786386683
3.0033958602186499
0.0100272222176767
1.4001812786329257
2.5855759222698826
0.5062853647966057
3.8527006968232063
0.4752710067699778
3.8736032564314522
0.6676778592325499
2.4215499975834232
0.0260367991585321
5.9476461002512595
2.1410980514150069
5.5229902351843778
6.0434067472032655
5.8081153167373802
2.7737787177065862
3.7859760584436382
2.9784937822574644
1.3654117556498175
1.0643040075395069
1.0357860562008732
4.9753607363176160
5.4790238782084817
1.3816360628038615
4.2499618824553469
5.1879012699123965
2.0610234739301880
5.8676625196639565
2.9976774425632144
4.2018043018307178
4.4248001177858942
4.4121331126099186
4.5566912006956475
2.5813296273688922
0.9766979595925454
4.7220088788098193
0.7812616332209448
5.4975974671473429
3.3628446151499407
5.2894970217376240
6.1264655587115655
0.9717796457282051
0.4888619654111458
5.6973279233589409
5.5536858352279035
5.0430377022843125
1.6371728485697976
3.5515417264960885
0.9674915912849555
1.3588578702849721
1.7375375006078366
2.8296609774230510
2.5608647459784293
3.0227515995306602
4.1376950896942981
6.0235094349176022
2.9851168110892234
2.4914268666468029
1.3844067567113658
5.2904703054766786
4.3112408440906966
1.5652913606171188
6.1170868774415412
1.7117899681004389
0.1403993521512502
6.1785983001960743
4.6350488898593145
3.2241227646579111
0.8769989642202346
3.0911048046882219
3.5648185086012747
0.5641818870206975
5.0966664016953196
3.0320616131465958
4.3214332109846652
5.1763017226676000
1.0603463552963981
2.5924999376011182
1.8696607844469288
2.4521326154443459
4.3712253368378233
1.5494409793968706
1.1717598283312669
0.2347124775842159
0.0441392055678413
4.3139284837255651
0.7888991093738618
4.4007063338423054
1.1903471526886951
3.5863959205735298
2.3343550237947759
2.1224517131525316
2.1361982700187525
2.0927472759171835
2.4132414994322278
0.0503964873521896
5.6676789654153277
4.9450652543434064
5.9748378757146154
1.4804808915568177
1.4904719499722761
1.5428057392440309
3.4056530179834370
0.4095354624286127
2.0032368504527178
5.7931859129997934
2.0610747269162020
0.5557971579749899
5.3055118237156682
0.7476584417548269
1.2616556040911240
1.9840513317577113
1.0540913538848811
6.2049496466651055
4.0488726722344035
4.8096380378641923
0.0091135439369387
2.1370245919671675
4.3729756482861291
1.0926302354233726
3.2909033753946959
4.7647688414992890
2.0119447322939759
2.7289017596725236
3.9777460912448919
4.2008630294473575
4.0378087177286721
2.9938199793676881
3.2822608616969968
4.1588846942522668
4.1223535789076013
5.6655262041541725
4.4155345231245846
6.2803488669706145
1.2129997358562432
0.3368582167426641
3.5438343840278685
5.6852055688646708
2.8292325248714056
0.6160529219588955
2.0329648281107793
0.7528143700016504
3.9950836329784556
0.5077384254755006
6.2286185510624055
1.7665123548738142
1.3120788151076970
4.6997679315250878
1.9217985440861896
1.7772598229290049
5.1285746136781203
5.2414921261878584
1.6165731001487023
5.4333221477793110
0.3240502675205074
6.2608731378369145
3.8146052316638923
1.9855947377498611
0.1596014230177739
3.4585811496262808
5.1260776614151000
5.7673044291470950
3.8347018826206707
4.3745006921201517
4.8625257155975481
3.9795055764994287
3.5228792360397194
0.5734009414751962
4.7921340744419876
1.8185975849263314
4.9006334640916069
2.0067232168050038
4.8137994528712387
4.1159173561191356
5.4547993598431024
2.6922516432019017
5.5812503830968740
2.1476851669591523
0.0994969384823976
4.9627266117884803
2.2878765772248690
5.6635996188634916
0.5372813972495023
1.5530521085255884
5.9731918495557119
3.2300240653632804
4.3705196391999248
5.3332604908028456
0.7609440888052751
4.9306447689481212
4.0789109001488519
1.8178125386940907
3.1603033249837429
0.3334284283758052
6.1325993583695491
2.9310149474505724
3.7963520211782211
1.2417982060819170
5.9887997021506267
1.1417313473525466
3.9808361459174213
0.8137437644196069
2.9236544779651563
3.2426911299513996
2.8764340163651880
0.3831105906023157
1.5502582641738629
2.2627950671920773
3.9964359494806243
5.0320222805020212
4.4185495362003477
2.3163167694445677
1.9861793837322881
5.1708320239896306
4.0069517324556712
5.6784401593922027
4.7217829732278807
3.9582897308440113
2.0660459564210654
2.4786296767622664
1.3617730091523514
0.7958204324476386
3.6885287846348045
1.0751454095653850
0.6715675609459495
0.6859103120120664
0.4115641694183135
5.3969557826105028
5.8141850703300397
1.8250916678695575
1.8358058906943853
2.1130521169371788
2.3527149909301710
4.0139731886792207
5.0941053795232039
0.4717098776995917
4.0727949071590990
3.0617237562517192
2.4894206721846945
5.5321206689144811
3.6799755969112367
6.1194807913245519
3.2681742984656998
3.8234180328000402
2.1129352654743383
3.7391390121699333
5.1157439693468003
5.5765517960237627
2.8003038541481615
0.6939827778659045
5.9207996873138411
4.8500011567264467
4.0617193769181910
0.7720555050176484
1.0866818695008063
4.5048078126979574
0.7614379917437962
1.9933276356329233
5.3918374880565567
2.8529672543367499
3.2610399286536800
1.6519506963141215
5.8338614994119506
5.1429929422747680
5.9617369897023522
0.8577104502681844
5.9413267904119991
6.0493187975453946
5.9329341302801941
1.5799460926227582
1.3999558411066004
2.4018924459879059
3.7383351935176621
4.6156990551533568
2.3746401390605003
2.8009175212493238
5.9379754158676006
0.9318596442296808
6.2001030872225487
0.5369630485325816
1.0250671076338909
3.3879301044704824
0.0074482785059608
4.7746820549990989
0.0578759851281782
1.1210339355014258
4.9340924502240080
1.0428502456387729
3.1423542601129988
4.2342215114779336
5.8652213475919295
1.9737204269635655
5.0198858499105175
2.8650392669863032
4.8727590311677274
2.1569147450585398
1.6243016192285067
3.2866657219602917
3.2542225931532291
2.0520030257049608
0.3643595638103591
1.8118088964582453
0.7778232631128971
3.7411637918169993
0.4270618539308759
4.2495733953621198
2.9741547415388720
0.2183748868919138
4.7105634791853888
2.4627613468549590
3.7439787116326348
3.2636290717160650
5.7432661423602021
0.4838647882152053
3.6572258410567673
3.2684746024857594
5.9524136178607776
2.7587283995047995
1.6456643734958571
1.0610052093062852
6.1657122365756045
4.6081629838355056
2.4007948540039719
0.0335328490073243
4.4894494374208875
3.6360019143522502
1.5764605041787025
1.0673267848167318
0.0239842021585120
3.5276938598413823
0.9176202627742387
3.6027579662785039
3.8441703000478511
3.7812531313128934
5.2998233435055866
1.1685754708832397
1.8782561949149956
2.3769530381312585
5.5129193479339067
3.8558908580690754
4.6811054990746168
3.0171283895242684
5.6049920569716809
5.6218894396800696
3.7645040843865778
3.9419670160303051
1.5702583053431685
3.9341474342200100
3.4853657783074721
2.0523365467501176
0.1743615921457440
5.4371113707447352
4.5109897743351617
4.1256272958238469
3.0091287610098534
3.6764348251628536
5.7973377546927232
2.5585910523445801
0.9796162908631703
1.9036444623979656
0.0259625170484480
2.8355922100942714
1.7694098929351196
4.0573957978320658
0.0615950637394457
3.8321380235510736
2.1107733476180033
1.2152019249539441
2.7661961941344866
5.4035392855247855
6.2293965999658685
1.4906178410988071
3.5471128231640048
0.8883009572373233
5.7869881191857875
3.2921238486279747
0.0444524513042441
3.8695127514831169
3.1580138153309738
0.3302248331778178
1.9840042653809691
4.0288061004328544
0.8293527816074932
2.5057889172221932
3.7851953223612966
6.2610488073442738
4.2051684146474964
1.6331048734036113
3.3840540851140939
3.9117914044795765
1.5762721177763261
2.1720052339692306
1.8514198046357282
6.2414627092636330
0.7195811540956514
2.7722856930538371
2.0324903231580072
0.4174377144019645
2.6045038599825516
5.5290725993550893
6.2071224146216490
1.7252691652037331
3.4523992474080196
5.7299966706140673
3.0008043552869297
3.6472680174770602
4.5064789300193979
3.5524273409744329
2.8029786014657270
5.1485632582179379
6.0397011897175590
2.0505216434601339
2.7006090260442157
3.4399095930099426
2.6802428939387730
1.2733101635005235
3.6206996633825277
0.8555528223004079
4.5874401289137525
3.2917837325579913
0.5230368546026598
4.4125702906590210
0.6356761161103723
2.0982419403493635
0.9825389401578086
1.9218855569607987
4.3932710018326615
2.2811519327884988
0.9179359002679128
4.2213244296702710
1.5561770986935524
2.6444458735741905
4.7112962169747128
6.0460240946900807
1.5935129415312879
5.6816303113697888
3.7567322458013361
6.0820004099413492
4.8971419326770507
1.5553848385801263
5.9900315058701290
6.2059022231094234
2.2495461916357264
4.8342932836029640
5.7278317380210364
3.4219722648983479
0.7985149866291072
2.3967869729642053
4.9928846135272398
0.1977762869510792
3.6825660720061890
4.3118218274980089
1.6727901044332272
5.2626526269959841
5.0226179905397883
5.1361462159989912
4.2266563771059751
0.0271486683554477
5.7978835389854551
0.1485436042622613
4.7806869240542680
5.2184732960060440
5.5683844182414308
4.7821657349346571
5.9467832458866159
2.1698948718727533
4.9551491782677903
0.5006580276947973
3.6710754262143821
0.9658406496107564
0.7257617326098988
1.5551819319807723
1.6651425721130264
3.2059371194604855
3.5949956163711683
5.0345567166366054
1.7690203810533773
4.2802260424316962
3.9070098865288272
2.4697549244487340
0.3079709527541032
2.8057689009371591
5.9400588847210933
2.4472298185603600
3.9668903997920002
2.4350939910552367
3.9352045420250379
3.5015571531369201
3.3184560443330535
5.6973136074631894
3.2816612010063322
3.5686111990913649
1.6238959919476768
1.1747995589857561
5.3939426858002175
3.3220968787130860
2.7508818267962365
4.7183237348230387
1.2453855583292899
4.1358085802904139
3.1133480958873831
2.8753963135771765
3.1968201345173304
2.1017911717978008
3.7380234725003567
4.4776298845903817
4.8397396971411633
4.9709367032224643
3.6632952027627788
3.0204521053975415
6.1237717947875874
4.9080556176790076
6.2031600087010608
4.1205997792405489
0.0127114681516022
2.4916022438360175
2.8764152523078717
0.1035587359754038
0.9248573382398371
5.0410204436859560
0.3903712084868064
1.0899078143673036
1.3102357955920889
5.8447312436478169
4.7103463225349165
3.1114835537319832
3.1894139274273003
4.2232176704133817
1.5945345854503525
6.0587326682329392
4.4250070436813678
1.9149451484794857
3.7800100255206490
3.6692341527757373
2.0820960559736847
5.2578263503124916
4.4317658295892155
0.7733534576875061
2.2733068065497193
5.2519466055856716
0.8360758399464275
3.6521323160416119
6.2178285158434825
0.5332227264522204
0.8818423665457459
2.0050415019362022
5.7345447578938460
2.2181944308621109
2.0926503506478871
3.8156336172318310
5.5492169102986182
0.3566760284320616
0.6574510552916544
5.2612709218237192
1.3960519746014213
0.6989551783736260
2.4898899165196613
2.8981517161146995
4.0139301192983483
0.1745307879682443
4.0172233403388304
5.7735777625273590
0.2742061256179940
0.8447626467738493
2.7858964166029043
0.3009404234780143
3.4154337513907502
0.6280376771963935
2.5666673799991431
1.3134436194126924
5.1717026974470164
4.8385281908241389
4.1690035927543105
6.0302066496946853
3.5326613568276657
3.9130154920174824
3.3357444961154599
1.7884147046450216
2.4452818155148366
3.8908843301623657
2.3116532093849602
2.1906295794338333
2.9331788506857470
5.9480246878247440
4.1170947936531412
0.6130748344520336
3.4770025349958855
4.7981460964535207
0.6378516395947869
4.0784526586977856
4.2853877785833490
6.0342612317874211
3.8189630101459238
4.0757081916454183
3.8201163566395842
6.0451977891992019
3.1155559421585419
4.1663260833277249
4.0592196426439555
3.5420009169040818
4.9386254532347085
2.8834265575091136
4.3609579893714603
4.1322255206844627
2.7791193787225210
3.5280465552340541
3.1252954409462204
1.8934852587348594
4.5707463136290034
2.3856417819661115
4.8014690709402128
0.1861484009038227
5.7849512051483805
4.5319917268394976
3.2164466163314307
3.5726814426178293
3.6680495310614605
3.7838662703336907
3.7674168953523592
5.9602921112003404
3.7534173710576653
4.9787082491362353
0.3051659583412157
2.7531367526190138
3.8841667585318378
4.6033534317485501
6.2683703902652921
3.9354309601193460
5.9554713846159011
3.7234123825494443
5.5798857065061043
3.9514734772164131
0.9253805646433383
3.9809122790510889
5.5887151991250361
4.0363229527318012
3.9965561383959232
5.8631379288652568
0.4587443180184345
0.0272112901816750
2.6010372796800612
2.2796175022983762
2.3973152983945583
4.3006237470715840
2.8290660485271002
2.9393393428367389
2.1034264608174724
4.0060039776558050
2.0720020556632903
2.1029375285517755
0.5742084603158912
4.3919419322594919
0.9670865785973835
1.5052572554129469
4.6891625451914321
5.0194380747465788
3.5225226734280142
3.4581524750999888
2.0663711627929402
2.3006435639733822
1.8406110290952471
2.8856770766197197
5.0492158032435066
0.7279923683604801
2.9723573491000490
6.0464126924604038
3.8596918448146154
2.1127873122610317
4.4972895925499889
3.2898363305662346
2.1570891526434477
3.5948684098637944
5.9396669065358854
2.7250135308833920
0.5350457298990535
4.7862061679284560
4.3181897359245607
5.6813607015432934
5.5404164891442749
0.3863584622909164
0.5661800428927853
2.1855708822239777
2.5193633494915262
0.3863543361749825
0.7817218360974733
2.8634699170536901
4.9062916319039287
1.9094609746076494
3.2342816974406290
3.5479903318413117
6.0589579566640248
4.9059065164448779
1.1715981345015385
3.8980776090917173
5.9741949256065130
3.5148969042090328
1.7506153988185755
4.5418738323725210
0.8989223444892804
0.4875892033350404
3.6236707443433653
5.3896964588237593
4.1514844941888347
4.6859338967363957
1.9208641008456409
3.5116292173054315
5.6316450005350305
1.0509739654576351
5.2558538939623620
4.1876081648778332
2.1761202688252523
1.1326474751241535
4.3399504102091990
4.2597489799003752
1.7507351058660277
0.0401024457812452
2.8466826177792979
5.0220620564547334
2.0768720125200195
1.5880001605238163
2.8162801562298889
1.0571492244754379
1.4318396733992564
0.8023988571781576
4.1857942695097954
5.6723078284519692
0.5203134357622989
4.3530804404351198
0.6200680693186911
2.2351706901778448
0.8099277176441160
1.4364013955103099
0.4339303555506129
1.3505244776849250
3.5340406504033366
3.4774569272109535
5.8187101610080196
5.7222513073108932
4.0317272296539377
5.1001982321212411
6.2616227519971002
4.5943864024682020
3.3463435481167356
5.9832251054972510
0.7747725751431852
0.5976294071337106
4.7252772830420957
1.9777542404155488
3.6724614898972434
0.1604062670439384
4.3156630233550430
1.5915886986382346
5.8118340092976926
2.6503538685707024
1.2234700433561916
6.0038450443124498
0.0164724838155163
1.6906042887523549
5.0427385734762726
5.5186677677375773
4.1563319462946726
1.7165422581789760
0.8265258751470413
5.9944091124988352
3.2271881403440603
3.0662667062017581
2.7576313230297451
0.2581253789274724
1.0002554038896521
2.6937763060959923
5.2670550285782873
3.1975548340223732
1.6144346542846506
6.0629640914177276
3.0884288340911130
5.1673272476938781
6.1689618397011587
4.2471419785192293
4.1981234626178958
3.5978029864399095
0.8334635251818538
2.8189566913773083
4.6104230717551893
5.6934348435959237
5.4053753654473748
2.9281782222177259
2.3402700670044339
0.4728854814872219
5.9883345263447101
0.6749024500845244
0.5138470927163136
3.8076912939062386
3.3103004967688605
5.6608477269932065
5.9042108151200861
2.5657814007208497
1.7159347406609837
4.5907559512471687
2.4864862574487607
4.4945415511096973
1.8710526496089774
6.2420658958744362
3.7647119169154415
1.5985584724681716
0.7273356711669180
1.4106213493205504
3.0143578711137651
3.3552657433209920
4.2324994954276187
5.1494812069417337
0.0054250896568437
4.2863460200079411
1.0470204737131192
4.5484446776746728
3.4671266789852906
2.1769333940938451
0.9564986360017754
2.1883284685208024
3.0782751270786100
6.1813701098459504
4.0853838403954583
4.5583630905686441
2.8723926298833389
1.5128571988430213
2.6211619364116210
1.4362478382589461
0.3483690173010237
5.3777108159535647
5.5208221288654959
4.2887953985741278
4.3357345780954670
2.4541872841543437
0.3654905818037661
0.9064982553372524
5.8294462749880687
2.2612293200589733
0.6007098279414960
1.6352482158529089
4.5448260514844581
5.7319402254600202
0.9033522666766279
1.0980611971895489
6.2239332048310301
4.3498847410536712
4.8730705662318368
3.0454188032590515
4.9798735524292157
3.1752416156956214
1.9787350225640754
1.0268087549779901
1.1328285075097695
2.3529194109291636
1.2116218371733904
2.4677793059547555
6.2196376898517265
2.6237084768323147
5.2950411216843278
1.9274096609964608
4.4863162339368037
5.4654232451384042
1.9309366052819248
4.3385101361205143
4.1094103965319642
5.6721257656772268
0.9731417620520311
3.1477217349294020
5.2147576675948928
1.0648991921365680
5.4068064942475544
5.7577254234083997
0.1015155890575758
0.3451359837507741
6.1465897108585308
2.1830588058900586
1.3507870829626498
0.6009792052866805
2.5643159179100263
3.4730480429620481
3.7093907964742399
1.5552394756086607
3.8494616778064747
3.0426491324878109
4.8171520183028891
1.2240744094896210
4.4289068966172991
1.6791459347932174
2.6488823937743957
1.9580660172164457
3.0361448403281370
4.1597148073097552
2.5958041905336251
4.6125138466189526
1.6389700196404398
1.5921339157626022
2.4874053092014221
6.0137947537346870
0.1439546741804096
2.4709621914633106
5.1109801270372630
3.0436325554899075
4.0346982990268749
6.2520617534763305
5.7660094958130808
5.7998913123828828
4.8087863718941586
2.5231140154288973
1.7385521877898464
1.2806143373165475
2.3568831331918165
2.4267297180938674
5.5377346810056922
1.9455600320350634
6.2679889363516468
2.6940121977739233
0.5784783947930084
2.0868249031671433
0.5296894695325115
0.0343847349707659
1.6208546428621700
4.5521098409030181
0.4059114119275999
3.0278756494028571
0.5075313283471447
5.3398996941410628
5.8342547967887981
5.1383356498589512
1.3465697885275139
1.3327301992788703
1.8269233947886778
3.3359325714200097
2.8048224883234085
3.7555055966929456
0.8524078240647139
4.7585789860583425
1.0508425735047731
0.3609448155830858
2.9591416980859417
0.0746094302000897
5.1753996909306439
1.0190194688065710
3.4292439572658289
3.9683680829819687
2.8023544258648534
5.2724315385384859
5.0438947232810012
0.6245481858060841
2.7024909401802852
3.0213791470290312
1.9227223481936497
2.9722047938014962
4.0361239851878654
3.4240961801382470
4.0385121308247669
1.3827885753826477
5.7074494810589345
5.6323750834526569
4.6987310115464220
5.8171848609295109
2.3611882439366769
4.4144036501953812
4.0044778174039770
5.5421064830018043
5.5556704694835277
1.8265166926327283
1.6842017320214129
1.2437973741092903
5.6619929969025158
2.6689820254838441
2.3776313639904725
1.2975594330992293
3.5306356525893148
6.0450637266595768
3.8716755555459197
3.9901901521427461
5.8484755557416461
3.7682212405527791
4.9415932400764691
3.0735687607526980
0.4406396407862593
1.8781965407342940
6.1751032992242019
2.2605133739806429
0.0658373908238487
5.9929409836990661
2.4614513077939519
1.2491200034146059
2.4217890566800744
4.3078088958302452
0.5424132293550202
0.9081081116296787
4.3271410163724324
3.2277835902251963
4.8211564390853647
2.1339675660296589
3.7145732612338462
0.8457807465917682
0.4397157571517799
5.0946422557232269
2.6133898397844599
2.0483068736579750
0.2332460761530723
2.5568890130656228
0.5348387649672175
0.2287060604870275
5.9883529813806620
4.3891007068878212
0.9759647248754961
1.3607022849507424
3.8076463946222305
1.4250657416697101
6.1358663383419261
2.2898810976655843
1.6593159686214745
2.4511356582666579
5.1354300082800490
4.0578982816646105
0.3891047376589698
5.1064534886631927
4.4689776435221136
0.6840718717340255
0.3874871927290564
2.9850553111531530
6.0915109210320706
2.4447579091669209
2.7236125734576953
5.8394699274512014
4.9297135060315140
2.0173712116954046
6.2524145374433626
1.7409546038513364
2.6865871499035032
4.8553515940705401
4.9048407336421267
0.0565001338480697
0.3384292829291901
3.5386895654643671
4.3143291645638007
1.3416006382144756
3.8527461922835999
3.2990653853173844
5.0436550663260569
0.2230899515920951
0.0869871585992204
5.2408275344679458
3.7414705359096159
1.9399354514787333
3.5301948616144285
4.1799309223990102
1.4641891045871840
5.6636890840361360
4.8504448563894655
3.2306215315477318
0.4947314836217455
4.3967950045109010
2.5847030729553637
2.6541468654635745
5.5583365421246729
3.3593025268090662
4.7620213002747782
5.8077183658555578
1.7133424193967859
1.1779791453099715
4.3236454988295892
5.9305084802977799
4.7340417517583484
1.5494283448959159
4.0527031198772843
5.7077175159416029
0.6775517421938960
4.0142405633442397
0.1311458601168584
1.8499113281986463
1.6203060553577451
5.3422234305698462
3.7069412336457073
5.2542656041919082
4.9401759609118567
1.9162694115108740
4.9893221573599327
4.3442864597719328
2.8475961521712523
1.9745016109558786
4.0481142502144207
5.8416649758752808
1.1879050455686941
1.4230706835454274
1.5935412286479012
0.7256672782629633
3.3621090605761026
6.1689391611123270
5.4672495227895963
0.9230492560926553
2.2167935627467172
3.4395017622070623
2.9785834217177056
4.5246297067765582
5.5690512133271612
1.7387454453095132
0.5015408752860776
3.6403397711391046
1.5128897309898011
5.6176655119208032
4.2067455114052361
4.6698912647048409
4.1774235655007894
0.6090458604780005
1.9305719414293148
0.4664711845634166
5.2450176728504188
3.6438612778789832
3.9823419224342742
5.1275634135562518
2.0769764094524916
2.5581787866756924
3.0496333981220984
1.9027554248641547
0.4113013443424168
0.9146726986619488
3.7284095688544934
3.2000718074803101
0.2665440544463540
0.6915741314876207
3.0337105691325146
4.3339250047165159
5.9460839870272153
5.3437825214286008
1.7811934293273890
2.4288403793393063
2.0146932700464912
3.8635303504558118
2.6591481674498163
3.1618669109879067
3.4800083861644597
5.5449049897735581
3.0432164680722003
5.9837882198250991
6.2070864216813533
0.7266470486965591
0.5981451132587555
1.5231788962422081
0.8636732558538431
6.1765123288936170
1.1526694330766751
4.1338636219120950
5.8721148117024757
3.8726177408554148
3.0064079661770866
3.4709712677268634
3.8501699938177727
2.7250353685803139
5.3689307792499843
3.9405188758086900
4.8557670604638732
4.0240376757012939
2.5471734255090337
0.6939372371322962
5.4900934340006957
4.0538832446737265
6.0895085722396898
3.3889457096874902
5.6905339625935563
6.0841140334254336
2.3326027619921486
2.2678665019602859
0.2506970951656788
0.3303022901113681
0.9806578881087806
6.0510789716887619
0.0067709325876502
5.6589938112970781
4.8880285145211149
0.6760491894339483
4.1700585069514400
3.8121632170427961
3.3478776356658528
4.5962560383702940
0.9336945194448315
6.1560281578843163
4.1416758327941654
5.3062283540043822
1.9625139316691116
1.9502736507013494
4.5914917421198576
0.1061116019496873
3.6337295738515927
4.6297570007818125
0.8498813290794649
4.0759182301186563
5.3959242644888734
6.2114477617373858
2.4119750555013875
2.4402431865111098
4.5655037222233394
3.2268723895329248
4.2315678018658174
5.9232288467165413
3.9512135836658162
1.4152328207267719
0.6065713324795935
3.3564207084864917
4.7327959840816307
4.8555191278081677
1.4871574990732641
0.1624442317790816
2.9370725670220197
1.2001963891877558
6.0615302269869593
2.3787473505927417
5.6426806814503374
4.5567746480382807
1.4309286882731356
5.3036495806561224
2.0209650974626783
1.5933832768319474
1.5622446533396013
0.2556680716685107
1.6879162791757518
3.8050045251735272
6.1564197274489363
3.1981515421824249
3.9710663635735060
2.7638395966787850
3.6360820458319134
5.4673229257421756
2.9690085349407966
4.4131032423073897
1.8088056375046551
3.2438520022889303
5.0182219251779019
3.3899017754442635
5.7531541349627782
4.0527667728172077
0.7568089473436609
0.4671038600425699
3.4754585063801895
2.5573102443133626
5.7760987274851470
0.8193551317675343
3.3417354178046970
5.8119025881108666
0.1940811272057066
0.8126335217677642
3.8100739497091132
3.7457062973951283
2.9254914437018371
3.7818387526867681
4.7829711307175407
1.9581260962712066
5.1090351354700418
0.8325204473134384
0.9122438700177199
2.5824109077262860
5.4782880684907953
3.8758338409254351
1.1154260581944284
1.7393638830606604
3.2281012243415690
4.0243935536561137
2.5261153940204371
0.4846357320587449
4.1737370896992241
2.6651449128398128
6.1135367437748300
3.9387255928856839
4.9382943319762198
1.0603650272605762
0.4018143440312727
3.6405385358766971
6.1742988866475796
4.2207378636791164
0.4416814802985577
6.0761756700166982
0.4460074584297162
2.9085331038372066
3.3264726879414734
1.6204299062576499
1.8791161009096793
1.5903273232528179
1.4822256352555259
4.2745933402179537
1.1117515999917480
5.8738192192429706
4.8945143499120922
4.4271532015503468
5.9348177012012897
6.0455146244642517
5.7128260755281914
2.8593143497416835
3.3698660567461185
0.7405708882970959
0.0016958318466666
0.6474457137934233
0.5827816700957672
5.3376598893097285
0.1326792612828214
2.9905859198889897
5.0744291605668392
0.5946710237330983
0.8133987763437621
3.5558282788313194
0.3330290960487562
2.1693538296052970
1.5748966694968247
2.5549516191716819
0.1551197345025670
4.5715709319705118
4.0491388885373487
2.7150679362996781
5.9346300328519561
5.2182098007993840
1.4453133848888504
2.1161614801956850
2.4767523817839394
5.0428190437540659
2.6320476117599050
3.1820251926500287
5.2309143869708361
4.4085867130390026
5.8226056841934497
4.4121669655052171
3.7057002869663682
4.2144927724247196
2.6179352861064036
0.7166823612245175
0.5868735642884422
5.1522096285965633
2.1254103905804351
1.8723992449583733
3.4999869648196467
4.9186659575489209
1.2237071013414496
2.1175060508351518
4.0182483819968038
5.4313605897398123
4.2418834535937124
2.8037309133974229
0.2334681854937060
1.7069878679922803
1.7812941579186186
2.3952892442499731
5.6356032573568440
0.2101564074810341
5.3474104553772701
3.9166814573067854
2.1505245084818756
3.4653761821462030
2.9942829169523715
3.5793889138489643
5.7282116529139007
2.3542529314223266
2.7597181058213307
5.2937869082124660
0.1956787733588807
4.2157206139065622
0.9953890352357585
3.9985037891755715
2.7835117325963217
1.9772751876151009
4.5517843004604792
3.4784524262907177
2.3458886673723618
3.1878125436048790
0.2475249432271070
2.1622928093589966
2.6861974320675901
2.7365505166139523
6.2098506920672980
3.3536043932792614
3.3251344726081653
3.6332656308115450
1.3286323223213767
4.0359980793365064
5.6339732402613718
4.0970762096634061
3.8493650477661432
4.3155982882235797
3.0512609695492885
3.2374641357387750
4.1784278326695397
4.9684244874808519
3.4632904386816299
6.2391196943795286
4.6100371955332902
1.4049916843099002
5.7585317809518646
3.1893053170292780
2.4524092456806419
3.0007231519858415
0.5979372128199846
6.0554942150602500
2.5619600457719960
3.1979061690106860
0.0631068058402285
5.7103763604570759
4.7087796338122869
5.1508636836136432
5.8448365409625680
5.5844223202071017
6.2030731123717269
4.4841512611126353
0.0379671639232241
1.7081888552989011
5.5381062596990605
0.8278066492582942
4.3210009816469448
2.8585149852327270
5.7082534383232097
5.3197419535947708
2.0787097071948271
2.6548619379975746
0.4590704121279965
1.5580776659352809
1.3819149665506349
1.1614087407979383
1.2819706218694260
2.0419566634682025
1.6267870841839323
3.0885468888506824
3.2099068846024310
3.1361914705504530
3.7349613128628154
4.6349792539421468
3.9443912891139083
2.3295431739259351
0.4898189619379452
1.6705282452306567
4.2909380862960553
5.6521630576324169
0.6231847717347830
0.7412320377488461
1.7942266640414117
0.1645594695385695
1.0068842595522121
4.9576322376260569
3.4463618672199390
4.2149563482717616
1.7935090416004151
0.5174512725200715
2.9848982210545634
2.6016627499863088
0.0217215224931961
5.8066206797777724
0.1667522032262092
2.0359421289588044
5.0249866379301587
6.1164285304759325
2.1462251521626685
1.7790142274659224
5.4663856713491272
3.9323337154195301
4.3439698498879995
1.1380027813266651
1.0303329151192344
0.8397755472612254
0.9317273635384914
1.2786019989522754
1.6801638221685706
3.0503034752215386
5.9883524755950610
5.1984114045845677
3.3950566610640944
3.5070291519892023
0.8497034866135460
0.6233245486446375
5.4031430379134884
1.5639142348718373
5.0917548868380766
0.4208122569324738
1.7297514933057021
3.6946012360313949
5.4751685548269222
2.8693902218429024
4.9381646357148776
0.8039502835344546
2.0519363310857779
2.9115307248748570
5.1808801794132728
5.5710724347402882
2.9688990624985943
5.5547457211803435
1.9998729053723787
4.2829118993877797
3.7198428440922360
0.2922258404281703
0.3294660849068416
3.5417172286034679
4.2506691332678450
2.0062275525688404
5.7589144815817166
1.3375440807100423
0.1012136750015884
3.5314725282384614
5.4868034156601482
2.1124164779441621
5.7157519868865423
2.5757943395964960
4.3971013682735922
2.4863725120862297
1.5587614734441595
6.2083566632052305
5.0307091327157414
3.8045679551474807
4.7663490620837186
3.1169561961694510
1.9702257719136071
4.5160682987407563
2.9132670932879465
5.6447251457715941
1.2662611727987254
5.2892666198939109
3.0404590018526276
3.7971497788632442
3.2407367404652292
1.3247437791398611
5.6157514542766735
0.7863906247747313
4.0785721643908577
3.2823095434868121
3.3959035193299663
5.5428128185334344
0.3978161386953494
5.6043511945231863
2.7829376697036095
5.7004804207753086
2.9587859643848575
4.8417215945438477
2.3670920768457311
5.7702316518764665
4.5756611600537545
2.7473254029203904
0.5731737726365024
1.6847641882508262
2.1054403344032995
5.9341320437616352
5.5751830192039629
3.5966875357820016
2.5624986338916647
6.2131015962802749
5.7201742923199470
2.4921819158152121
1.8197921214868431
2.2315950853413185
3.2516283757297941
3.7410362819576224
4.7646383018978247
2.3181734237082288
5.0017821381636951
4.1482951563194570
4.6631089253860658
1.7908082944428230
4.2415057090942154
2.5506557353437893
4.1963953119352437
0.2531351395326809
2.3347313267834169
2.9702384837678908
0.7004146133008256
3.2613539124487474
4.2941627048664710
1.1179618628013677
5.6917368834136237
0.4149250188330310
6.1473970042495703
3.1569240732913038
3.0364903842310818
0.1113354166335775
2.9996019294591143
5.5879270114575146
2.1898188208381217
0.2365351841857330
1.6029622823336562
1.1201278484650548
1.8175631591949324
4.8607710873129095
2.5088891706624659
3.6401102233042448
3.0716588496669366
2.5281932436518280
1.3313566116193829
2.4733366593704695
2.3746485289131591
3.6789906144013558
5.8476127093934540
4.4934223658955625
2.4824061747458299
4.5779556210802399
5.1149289107523810
5.8969185375518069
3.8138285803834417
3.4463976628741211
2.9910959552820815
3.4457522789656143
0.4124984125332536
3.9683567095510663
1.5865620700820682
4.8259177880774606
3.3959182607409018
4.0173011156185154
3.8837789537672061
6.0954475686116272
3.2111466520064438
4.4729512972052605
5.2248662601142870
4.1488959943678481
1.1317273997738992
4.5701521203136313
5.5056802591257172
5.7761272506793873
0.8369496606170874
2.5306904597986897
2.4422341093888593
4.9758102181978616
1.0342805388899414
4.3386063063174669
3.1304242925640202
4.2965630834469470
2.9161967537851394
2.2482889594351652
1.3355492936170827
3.9254983524986664
5.9156329995244743
0.4051000854101071
2.6295259740367749
0.8592562163068642
0.5688700629761392
5.3061758871605536
4.4513831994433586
2.8478628484192470
1.8306062602888202
2.0052799380725257
5.6011757126491180
0.9427882926555218
5.5648974659446742
4.4658156659182584
5.9285321170943863
5.0682004332995998
0.1198481825125073
1.9905149734805458
4.3235673621046828
3.0867395428882078
2.5358086131632764
4.8864958838562664
5.1026017127998067
4.0053784850185776
6.2413801842682544
4.5246204354685773
1.8971249428784238
1.3754634266866432
3.5640495705548014
4.5083613915604257
5.7587668066770270
6.0722213630269959
3.0384422283695391
2.9910796024509270
3.8249371646004957
3.8054295973649523
1.5347708455500726
2.3414501771658753
1.2143635956623680
4.8193337099446074
3.4292239987045359
3.6303361332498971
1.4617385249072707
0.8039376562189702
5.2606931817671878
3.9125455336393080
0.0277046815415906
2.6188001926690392
2.1480476396533121
0.7800354971252785
1.6956690962510930
6.2472177950928662
5.6157205293949692
4.0676759767458028
5.6645394855850784
0.0977269541132022
4.3067480966665093
2.6591698781976376
6.1973634533102047
5.4548576123672294
3.8110379883122167
2.5971920214781528
1.5965850772069574
2.8577938174125781
3.8893920094050656
6.0228904932441534
3.9553264513601212
0.6575855017825628
3.0066679491147839
2.0333074388307337
1.9098181433780064
3.4329507443639065
1.6456323953218339
1.1232569294951424
2.3871108529608445
0.3682755277650882
3.0625542366414824
2.9866337164425305
3.5583606826322107
4.4973362660341598
4.7966162544932898
1.1929087712544229
2.3125421827855375
3.1923418988234360
5.4765955300706226
1.1522858543395422
4.4116450977061872
2.7144261522380257
6.0037535718093986
5.4777672835996665
1.8362776386251647
3.6658281690299299
4.3531409228694073
3.0842011710304180
5.3465379064118945
0.6071015788938301
6.2574396791206155
5.9015209243970910
1.4354949622541535
0.3460968113777890
3.1721322779626080
0.3460164357437372
1.4740965764789129
0.6632947834973850
5.1922084494832177
4.0839021752163358
0.5331914596684277
3.5076969703796599
1.9146871102919338
2.3790736205121399
5.6589106395554927
4.6352325299627948
0.8190932592462595
4.2000443720958449
3.5502113075559638
3.7134890092412958
3.5111046188656032
3.3472169578347142
1.4734665340817559
4.6484665888877057
3.2283378576045041
1.7767670799156290
0.1703786379770482
1.7889085108665552
3.6940531327626882
2.0853041454369565
3.8077025660409367
5.0502811930010312
3.8015749412591626
3.9596168494855717
5.7431586813075599
0.3725546321348343
5.6537301443300541
2.6214382092353032
2.8667823993783643
5.2304277472434224
2.9608557377722935
5.3865733552403956
4.1306033036531362
4.4153125077666173
5.1988202440603981
5.8718418003411275
3.2538041415280148
0.7778611978039095
0.2407027552391561
2.5611814545961860
2.7982248945953945
0.1656295297427360
5.8006683087549389
1.1308530389145768
4.1566278067051066
1.6049860456493878
6.0817051964860376
0.6119481892860033
1.9697415853484272
0.3111055575713980
3.9938303621882905
4.8327384755924365
0.3772391090771159
1.6515459840311106
4.3068820894573525
0.5267914138451785
0.7835451940853643
0.4807253309085785
2.6352864375529030
1.9046873685721479
3.7661427583388285
0.4811877152471734
6.1009563268230007
2.7325247177476055
0.5062675082420657
5.9922250323093840
4.9676635158339160
1.9083426288135197
1.5228420363380348
5.0855947563371000
2.7339154786466682
4.7921113615793693
3.0452341288056761
5.4991405320812401
1.5139595884303885
1.4024698442356787
3.8962477705521366
3.7267794631105051
2.2573472872318305
5.4611432696217070
0.5629644860653189
2.2715335359868720
1.2655231762259704
1.3568824299741387
0.7290936436054286
2.3786303864416554
5.7324831670498488
3.8153827082949041
3.6924596345443801
2.5862119437721023
4.1096093146496999
4.7160125430244086
2.8197520217432079
4.9796580288632697
2.6629369420107163
2.1157333739925055
3.3567559124043691
1.1873979379727493
1.1994818338842697
2.0339123692821168
0.3668768283984611
1.0508925089128078
1.6543105750382807
3.3215377162646065
2.4296257921237805
5.5773838506641304
4.8582296631560684
2.4360045982245979
4.7458103546297616
0.3933894315132668
2.2737486114382888
3.5746058800780927
3.4780707260760035
4.8472298935970830
3.2482459920785343
2.9945089709499548
5.9020992174217870
5.7950321345377844
1.9923819037626633
2.0464949886871473
2.5261503104000136
2.5018723114721149
5.7514206343408931
1.1345527762702781
0.0723299938936102
5.6914231534422086
2.6378121499122287
1.7390998437789926
1.3725288896658594
5.2594700686114351
3.7764321718198497
6.2462830078257889
3.2996749713276361
2.8669223600466074
5.7702472305403729
5.8352147734921367
4.2555504844894001
0.5011695949886877
4.5143287336126150
3.5821391541687264
2.8769261699308677
0.9617434764040591
0.7457111864121119
1.6281870084859682
1.9536508725462280
3.7474803520382816
1.0177590987423841
3.2576950488439906
4.4608476821605478
4.7630754169651208
0.8106694132887173
5.5256655595366704
3.9563666238534680
0.8127704129521397
4.7336657436862453
4.3156312499949951
3.3919647002724309
0.3150321766046141
1.8502147268298692
5.8051084604907972
3.8081009423978953
4.6506256113129902
5.0938845848420158
3.3136487847036595
4.1094523929451290
1.1183372800817317
5.4715047837848942
0.3624108762891677
0.6455625093723205
0.2957601407241204
0.4633714614109609
1.9886307775770906
3.1823273813207340
5.3987385925311830
2.8367522848399194
3.4694180691280283
3.1714531840018867
3.4030898620673877
4.6187305084632335
6.0617654777068148
0.6997756287153885
4.8485131620352151
1.7459775816308469
1.5472795843641289
1.1057849374533928
4.2578615691740964
5.9018219877481464
4.5800968514765428
3.4925165829522844
5.9453185699980162
0.8545406330829087
4.0984092567725261
5.6346766581435492
3.1162434586651342
5.9713781876447571
2.5577916395354752
2.6602373802201367
2.2093295279459828
5.4447883168144759
4.6088964844380929
0.5043659995483281
0.0777369878319367
4.8358740622223451
4.7228052557599174
5.1834272515926703
3.7985192284572942
6.0117186218774155
5.9002585950208362
1.7022960526264870
5.8660942549834232
3.1175272646689036
0.1584964452018260
2.4882423108720473
4.3273245512651863
6.2530245614782807
3.4694526378770334
3.2682538133294194
2.0218898673604699
1.6295362595420013
4.9795015709775825
2.1617187727834222
1.8720068837524375
4.3833263320858356
4.6195451940141874
2.3760214938330928
0.8961481312659576
0.0716928649235529
1.9807730005749375
6.0270740805825405
4.7704424864719854
2.2000495913135305
2.3483862292055875
6.0679121763639658
2.7766254106931849
3.3986512243129630
3.1510148305176520
3.2043688154958381
2.1015792991170255
4.1644313728894877
1.3888077062306214
5.7633793774488247
5.8320287801757278
4.0677435368904575
2.3747222914437214
6.1261418618164374
5.9215379732876912
4.6508198265458436
5.4093080506631521
1.5454016924263054
4.2401940000633438
3.2703935953973318
0.1981863724346258
3.8643227363657395
2.0240070028357025
2.8295235832305741
4.4805104980570114
0.3564470390880388
4.6283181552311605
1.7553178430980894
2.2542295693480958
5.6102461332404792
3.7120142795492637
0.4895726656306559
1.9738027067850461
5.0327406600757651
4.9021125803060164
5.4206879597050941
2.6940817596046478
2.9658922403973422
4.4789941323247309
0.3017217520402541
0.7063805978202166
2.5489234541567480
4.6673363481520784
2.1801699461123007
3.0974676596451198
1.6795348089560678
6.0523062950137430
1.5107318814685606
3.1637986754379397
2.0861184839011870
0.3973159273999018
1.3358271550818339
4.0385660732013102
0.4459154753649474
1.4565633167176146
3.9733974487857671
0.0531631834134745
4.4541996557865930
3.9689059603729229
1.1427831376766571
1.1237990919079353
1.2134615541275175
5.4076740217315304
2.6761730233767960
2.6029172425709115
6.2748409742200328
3.1456832902746688
3.4190309717002081
4.3938035749205584
0.6907802555106276
0.5291371088860310
0.9454446907516891
2.0331953089340935
6.2668025982265734
3.1431205018935580
5.0574518613815851
5.9096397930826674
0.1038018882882970
4.4452296516167644
6.1289523345812640
0.7417310233633341
2.0530806739399026
4.5915060215463317
4.5236698228499721
0.3366826400690597
0.1147722939292169
0.7168472448319873
2.5061461782616865
0.6857363029727774
0.8770298032895628
3.3815333081670671
4.6368952839260746
4.2928453918660185
5.5964825365485344
3.4434748267103954
1.4189607144392167
0.4797426667161362
2.1536281733305143
0.7170477091843950
5.6864649104168539
2.0074811096767582
5.6451890698509990
1.3751841211236613
1.9480115055291889
1.1205107779732550
4.7966182819508161
4.2801660347747408
1.6837220798001207
1.1284774634440446
2.7984103112001137
4.1256858138198451
0.6180596798017823
5.0353810079911767
2.8182813254104877
1.3171246143372739
1.0795786345825973
0.0655594760616215
2.5973276733659167
3.0399402888036731
1.2543375401477281
2.1786240635626206
3.0521303319885660
4.7258988117800724
3.7712765912099715
6.2424187952815657
4.4584268507589666
3.5903031090331838
4.8108340518221704
5.6686541683040153
0.1432643496330439
5.7347401277520733
4.9906170698440961
5.8002802633141526
0.2321573629224346
0.6667516717361287
5.3898550559439355
4.6168865671986596
5.8644376618593661
2.1466333581395918
5.4045777424799226
4.4162210727797762
3.4193588219724651
6.2372425566892833
0.7351348576811643
1.1369038257300859
4.3675081919322905
2.5648198231936119
0.0340128804273009
2.1107665387553007
4.3077627803166729
2.1675492143840223
5.2994897959516187
4.0651964527155915
1.7159310561751853
2.5471010501683686
4.6519674365538979
2.3383931688091941
1.9910922891554461
4.3701185870386343
3.1038820050719202
1.4614246019500954
2.3103636698718502
5.2723912792293701
5.3766938642216182
1.1879153241341780
3.3430863380959450
0.2235547348053386
2.1276761258855679
2.8057874637435525
3.9847928582574728
1.1353758006735468
2.6059055324492451
3.2845527171737001
3.9540414367449497
0.1251561759312814
4.6286714608492598
3.9124319668461411
3.0927300426680158
0.8275691714848877
2.9155468187092537
1.6790886264919198
5.4617339787712069
5.2573187914566279
2.5874983968161858
0.8638847867056629
6.1323383130726672
3.3287153766945194
3.0875491848637053
2.3062523400252615
1.9164418432950932
3.2348127514675329
0.0077428476629136
3.9838621033270507
0.2237152422899254
5.5272615860631635
1.0490731825594457
1.6979226784335986
1.9605976310328972
6.1746455352113854
3.7189929264145669
0.5907905813322305
4.7171199143991895
5.7943051644294430
3.3675686724415703
2.0756245489464415
1.7175165322360941
5.9583776326132778
4.6490048184772359
5.4953850500212411
0.8139626990918073
0.5868002589410872
3.8492225645670457
1.9419237570266903
3.2081529970481912
4.0700161969722188
3.9280473948573578
3.8553309729979670
1.8022466571544433
5.9909765676779001
1.5098882751852485
5.0703887067543718
3.3707317733990072
3.3112478667983489
4.4926479041357910
5.7413485531234612
2.4536717172753133
4.4761444228955654
2.3499974719723364
0.8281612590726141
0.3490942138610484
5.7560282640272051
5.5775014906302838
1.3868893138897807
1.0691147155052261
4.2731450886878202
5.3028936418784491
0.7051375948756579
0.6223508704710840
0.0220163822427729
1.8564465650722393
2.6178998927572303
0.6028374571116030
0.9985377157949601
4.6329866776868629
2.2753643561243790
0.5369882053141937
1.6586130650094113
1.0243978400866771
5.6842491593411530
5.5583647185434160
4.9934885215402884
4.4807671154315365
2.5657514860511306
3.7315302830134516
0.6175064169399748
5.4867374176815895
0.2504082318081380
1.8186035732293013
1.1111753613587481
4.7649717411648504
0.6662316639167251
4.2940259487791597
0.9696404834199657
5.7589978396391128
4.9540227922309823
3.6074733363457954
5.8922069572790781
0.5867065304248654
4.1586100416449536
1.6382263680491123
3.7489056608609861
1.0891454942405943
0.8905243369810101
4.6310853822104816
3.8987758781714823
2.0874693305327412
5.6055842719092510
1.9549930816134269
1.5913440985026990
1.8133754724499500
4.0362414489928193
4.3167832566309627
5.3630544967281581
5.8303698823785881
0.3713261424573372
3.7211142769786383
1.0435183992004546
4.7751151777045413
4.6905475304099244
2.8866723390556004
2.6958401755547565
4.8968549735819344
3.5212250503092393
1.4480204269203314
3.3722529408573614
5.1867149788149360
4.7680450738679960
2.6241752410833112
0.2232919013691886
1.0982783421122220
5.7663973370012540
1.6042552829665608
2.0783753093300477
4.6957956950340600
1.0617092665548360
1.2968158172497233
3.0705251680596994
3.2177843187101667
4.2464105370581011
5.3429759074969256
1.8023229077064764
0.7786641131855098
1.6747491067563323
5.9256151161343187
3.5124947357911673
4.2211670740041827
2.1073317308279633
0.8757592887815517
6.1609010471263721
1.9280883625189615
6.2573226528715553
6.1143045615565885
5.5594346596928821
0.0850546723163236
5.8380177637694057
0.6125446173045657
4.8713527635918625
6.2460510296179574
4.9338157479663955
1.5706081206039575
3.3881405944911074
2.5438670718593310
0.8596523277705584
5.5567585339717356
2.8795572089598855
5.6834223256139813
4.1336658137462390
2.7463939665180916
4.1167343998682711
2.0611636533756270
1.3592073978183850
5.4685659200699739
5.4554436247799432
6.2812207080021709
1.3811613202028217
1.3896343956130826
2.3294003247041588
3.3569556899115067
1.1583406275109056
1.9449333134657867
3.1940759501479539
1.0982697065905620
4.9478403055251068
0.8623468629861821
4.2055673104512072
5.9650512552163706
1.8676491909450330
3.9413896503811654
1.4235586291659537
5.3972002175108571
1.9413800724466621
3.1979736009950654
4.3513962998388855
1.3699339660165730
0.6180548639647786
3.5181371499412437
1.8291998653030996
2.4166956853027157
6.0071556057055826
5.0836912244912567
3.5515507911572959
3.9656101364641838
2.1778916122968210
2.4486503614585633
2.3608184977591784
1.8983218298486950
3.8068270509472764
1.6356252205082460
4.9262332481795514
5.6305991109145799
2.5606780375963156
1.5687939646392526
0.7620208503541130
2.8743886179102733
1.9236508611077814
1.7442289209286290
0.0322479883872450
1.1531796386780764
0.1051510951819436
1.8397622687424795
5.2492650714258291
4.3754703218321929
1.3494982178269941
4.4875420995762036
4.1980877762879638
4.1524379238000986
2.1472813110065418
3.6291542315958973
0.4249064401876117
3.3316525164178747
4.1728371956165784
3.7221315942094217
5.1707219652270942
3.0421315299084433
4.9255430934448992
0.1924631128031923
4.9973533993846928
1.9148593332670758
0.9430009015672820
1.8191870430242372
4.6047510659161333
6.1792625258491238
6.1088070869471984
0.6266672721123687
0.7420972573014923
4.6710254112109251
5.3093113503031626
1.3384203129039756
3.9432202743183384
2.7590015593337207
0.4111681626943114
6.0892397300386927
4.2378133123648842
1.8325534123154208
0.3536522187975814
5.2721250508977588
0.3647648607818117
0.9514575432531426
3.6795846582994631
2.1496953287216325
5.9052301740612103
5.8139835046675579
1.7415647893303392
4.7670203264507238
1.8576314294898426
1.6237981203592220
5.7586851900110876
4.1828366559559829
2.5492132543375536
3.6599354283647085
3.2751804307635459
0.4827586617956823
5.5852475044564986
4.3384143563661466
0.6613575121119809
2.2431059446909791
0.4344710064533457
5.7127307443802327
3.3144083038963386
0.3622344395475227
3.8998608737426994
0.0282085017462735
2.4319186563924768
4.8456851971143218
4.8906929749745292
4.4346382122256003
0.8246361859908735
4.3267982983455777
5.7229670658702325
5.6402835369538140
4.5851239222485054
1.9868876498131718
2.8966107805786532
5.2287633879120348
3.1497073401748401
4.9505462515000911
5.6322232958399088
3.1282497707654211
2.8058116627656027
3.9072111700905272
0.2970682837376683
0.7574237609390615
0.9263079028540236
3.2032445765539470
4.8707968304557738
5.5791258997325288
2.7005397815911389
1.8858122574523757
5.5718167570948713
4.5514991356883545
5.4619122966279763
1.6621658678198197
0.2559380836541938
2.3865829843870277
2.7074679749002635
2.9778480858025729
2.3707207135876387
3.6627108867491645
2.5470170863945780
5.6139086794028170
1.2395799457002605
2.5534252430616524
5.4715328213671812
6.0114275996146596
3.7803384256989303
3.9955030087260512
6.0273383246109704
3.4854159467020169
5.7669812036033674
0.3935703695183890
6.1516753113303384
4.8785703777127036
6.1659536783931621
1.6185625576447709
3.8564720959908563
5.8840655478379045
5.1808808833760178
1.6096905561526440
1.0291647155864427
0.7738962080626931
2.5793997639928445
4.2173521166165830
2.0166969565395956
2.0997123115420919
0.7092184132260156
2.6634144642466651
3.7408181792767845
2.4933536166391534
1.6666865007149931
3.5666252906364995
5.0133719530227703
0.4348570425380596
6.1358901206390604
0.5202193500763077
6.2412570920272215
4.6953777371004684
1.8677175787074225
3.0158768485409082
2.0505674168141383
5.0582868622709958
3.1646864422088923
2.0253632535785311
2.7678830499387170
6.1324928071399265
4.0657960019255999
4.5554251509188388
1.1285874165660139
2.0600872069155312
0.4736483821607396
0.3092078989945246
2.4068553087335807
4.1258253575448816
0.6115166668459200
4.3146842871055044
3.5218827608105490
0.1762177059530555
5.4914704421187217
0.9693923847190113
0.2994811310148182
4.9797678923459250
0.5250243520728445
4.6566520773308273
0.5006693374770111
2.4267958992364922
3.5079184859969521
5.6246330427067406
1.8038231810322236
0.6340241896663981
2.4619295183415573
2.0265487660026542
4.3421906116431090
2.1064198305966912
1.7328302365355648
4.3644888562076956
1.0406062183999387
4.7002128865327588
4.4617037531213679
1.2924641275168214
4.8763651131836259
3.7090302338134071
4.0327741195627320
2.3082246855089941
3.2011060237521223
0.4473891269789160
0.6212501580295546
2.4774302492231945
3.0768233516677546
1.1541161791858912
2.2003219335388868
4.5458889428462257
0.1674899610217659
2.5864264032848800
3.6246119659385538
5.3325992122371479
4.9423549058279486
0.9157049625906793
5.5627845101679210
5.4649457680151805
5.5704307780955453
3.6658236414859480
0.8691287094407468
0.9294032335314978
0.5116635570910603
4.3958500375258032
2.5438871865138224
0.4897225594497551
2.2427395924742712
5.0976366430283031
0.7957702494094494
2.3751434384617500
1.8273561488511325
4.4336676195054663
2.1422313638332890
3.1017070112127390
5.4711818680913167
6.0764300015528097
2.3185299104268493
0.7230416203847062
3.0583424846972305
1.3533377320130828
2.1537034356042284
0.3832636911710532
1.1085712579293707
2.5918684081539514
2.8825393389764278
1.8368702193605460
4.7377037898418619
0.4794091874284238
5.8476683787166905
4.8418092561249111
4.8585169666172492
0.6700090918079553
0.0750110941345260
2.2390886262719434
4.9271339912178904
5.9876005007060336
0.9936069798158200
2.8391716278859915
4.7608896281317774
0.5125038140785431
0.1477187044801179
6.0171635092345133
5.8309514872161579
4.4809154919561243
6.0485558703760427
0.0542575561827062
1.4648435785938272
4.9787006912899372
4.3410458846785627
2.6203964078346766
1.9937784381645296
0.8806790236399377
5.5455130864376221
2.7449137975682780
5.4520791780132880
5.3116934364838464
0.9561859607648924
2.7922764982018298
0.9285690352186501
0.9915455876403859
0.5927803479353356
4.2846249867882671
3.3559122087290647
1.7288168411069376
2.1587102808125391
0.0428845558817435
3.5053402976563768
0.7852670179910661
4.3296051292194111
1.3480628565156760
4.3916756966692745
6.0223247388041967
1.0760219084865263
6.0593504823809790
4.7715212549574568
3.7215998976979305
4.8496607998267338
1.2616928999128569
0.7094016914852364
2.0827113917264581
4.3408413919931244
3.8080714166272096
4.4887914455033577
5.9027724427103054
0.7822603380839895
1.2264203988932509
0.5105539171906680
3.3094390310250814
5.5961600889339858
2.8688831165720581
3.9348130298469437
0.1764953620099893
3.8432076595478235
4.1906938418594404
1.9450576249462437
1.2162974761390801
0.3582956143394641
2.4005986179784680
5.1117562297361481
1.1414022828865320
5.4515221479348464
0.4191985562409521
2.4884907005715489
0.2524437144131975
5.6715710570207589
1.7397998538072590
1.3946037043079662
2.8104579052611327
4.5977908176296047
4.0071285305152244
1.4080851672076502
0.5034389952982479
0.1269850782309795
1.5931077568256047
5.1133654576935887
4.0296287271548232
5.1123756674261820
0.2512045840804683
0.0464018854324847
2.3404670209636937
5.3817653556621483
3.6888157627301017
1.9416201720626172
4.4618950418129311
0.7263365244258614
6.0993850440914477
4.4157672520995783
1.9466185034274135
4.3501951265359962
4.9646826868849718
3.2841290756950845
3.7725690612280638
2.3491430056281768
6.1929179272807913
2.7461968072215055
3.0308840048912344
3.6927697403659141
4.9332955911218725
4.8684316446745610
5.0190857170356837
6.2683627512150943
5.0385506307683734
5.3592798104517287
5.4630895880052792
4.1602129026029777
4.0821803599033011
4.9315394109248851
3.4755316945897179
2.1934141203563335
1.3533717737898723
5.6586599257162833
0.6135846439893617
0.3890251486876752
2.2728354282722054
0.3383188278254310
1.2656864611461565
4.8602765018533001
3.8746692403526373
4.6485816610898967
2.1425434640313359
6.1315508151328171
1.1486425625258301
4.4499867569785083
2.6846210937205539
3.8403935409344263
1.2701996167119054
4.5030993809227793
6.0462808253698705
3.4060552535533182
2.8648748558533779
2.3037657815994601
3.8261499137590254
2.5126520296758015
4.1987087305976356
0.2547264611133536
0.0862266537453364
4.7614328488950379
4.7217531055868474
5.6165425071290560
3.9776918242912460
3.2441289378453533
5.3842366461366575
1.0071978444050165
6.1910631900575721
1.9348859343199689
5.8347084988658544
5.5127008017236392
4.1922866432125083
0.3920954494101531
2.3694792145583725
4.8524943010185613
1.6788813768552824
5.3058096156084567
5.9444799755554385
2.9831660830391797
1.7811308385710001
3.2462733160061736
5.4784808006173344
1.0597438416867933
2.0612898093901619
0.0271207236738174
2.6087786982139729
1.0568559567134979
0.4508093986405218
2.5707588500161607
4.2016594862938232
0.9242529158263570
5.7632692052270551
4.4669774994038995
5.8125091021492645
4.1953722476435704
2.2280172909477267
4.3962976818142563
2.4469355627689136
3.7265962245810678
0.3572999906501825
4.6922702286501847
1.0012393507554769
0.4738294266334055
2.7684395505815669
0.2824013660777218
3.5789953592818993
2.0709314687095097
3.6294814586393631
1.7842664943109994
2.2357190515385366
3.4629492487903177
4.0970403813996290
3.8482343993439354
5.0003366157000357
1.3598819535953319
4.8925937675236844
2.7274544024325578
0.7882221853908078
0.8991588595677534
4.6684858684985358
4.1994075419510235
3.1075192034094057
1.7057224784370284
3.5834580845970425
5.4092181812129487
0.7526641591419109
5.9511338740388853
1.8666812198292377
4.3531720323412895
3.2886130854427846
6.2812826884470097
5.7806636613837163
2.9567459466478230
1.2641588295532942
3.5486636002595091
3.7193147838960257
2.1562208836633445
3.6892152669896388
4.5426954980504881
2.5222364116049563
1.3302865747116404
2.1984637177967747
4.7308218917564888
1.5168142877205641
5.7204386218796648
3.7608804181401920
5.7571606509211479
2.3341471181063316
5.1221851616314273
0.6405941225631473
4.8194893366978064
1.1707088864776556
5.8449065870769212
1.5958313262322636
1.4641099831814404
0.5816194953498430
6.0948685472996242
4.7265883771239396
5.9488558546332202
3.6484411429082630
5.9486173749654370
2.4821322939921284
5.9463520341418041
0.7039790006801574
6.2644855137472621
1.1459658008039171
1.0379756312084110
3.9867771563324008
0.4493698083880576
1.5091094830735672
1.5483406529235508
4.9071307900223946
3.4011220068701915
2.4741257295080423
3.8859321569444676
4.4219426127787722
0.7379331059648103
3.9094755677223678
4.7413317841213898
3.8246990692763538
3.6979686975372901
5.7679003522145358
5.9651961462789673
2.7482657766785339
1.0294252883117327
5.5422163001631564
0.5940957809202807
1.5953465776610645
1.6436697519638201
2.7217646927250403
1.5008276811647381
2.3911360640061736
5.9306652213282742
5.0965376317640843
3.7160637951296409
0.1305472386080123
4.2964765599190340
2.7410615538520529
4.0002916172240388
1.7898580514094178
1.2034965331328060
5.7367810233989118
2.5036623283665920
5.7564578624608096
5.7849292186787054
1.3830119079849452
1.3599972820958768
1.7932443843104657
5.6868263060737512
0.2637782518515219
2.6366281625304739
4.9517793572316613
0.7556540627620759
2.4753319696499498
2.7515660497803367
5.2358216131079018
5.8307520465908071
5.2149491406535171
4.6178289922723890
1.2123022766458440
5.1700844086330013
2.5747694370116716
1.5300083638768747
5.4404091048365943
0.9996698318386525
4.8854607628611015
2.1156237240935054
0.5316642088053620
1.8328833124256489
5.0259037758776328
1.0157990586161167
1.3920862452383767
5.8173274968135447
1.2584936622525316
3.7525274053838071
0.7061597481759738
3.5290339734479681
4.7247688516445638
1.3337548708304690
3.6763554277515440
1.8717166118430215
4.9483069884979463
1.7704799607877051
5.7754395458003200
3.3812847816112539
3.2909717778799026
2.2976986292843344
3.7904184628106146
1.2789391464706414
0.0497387728809016
4.1203420833650153
3.0134267995456732
0.0404502938702214
4.8107090966771962
6.0451568185348323
0.1770882358653635
5.1854462074265397
0.9440636853485006
2.8076120207025088
3.7842386139195314
1.1777855684890113
4.4932859832545864
5.6498563216685076
3.3151480291674482
3.3940104694431827
2.8951661844361576
1.1050344875877236
1.1703865729935614
5.7383286759359367
3.1068733579880554
1.9374314628130058
5.6394095767053694
0.1213943220306803
0.5316764071915318
0.1603712456652167
3.7049086719635684
1.9159290578954198
5.0510642893321700
2.8816896148807838
5.8336132312364857
2.0848351524548616
3.9988839670229450
4.8247063409413480
0.0886356725865280
1.9061700340353875
2.1174812075476592
4.4498962978029253
1.8059902708641946
6.1034960240431033
2.0780811857648662
2.1088330942274705
4.1942965757831523
5.8401289952130044
0.6017537094315030
0.2528167363672150
1.0364093404607697
6.2530621605704342
4.1439240422086918
2.0856430088192131
4.0621892530917254
3.3023334163728437
0.0663446392987638
1.6458904967003398
4.1500190379753077
4.0600152297742564
2.9526338166685164
2.4433036430938571
3.2626802978843101
0.2750668727027223
0.0731788828190575
0.2439615630728566
5.1858175275051863
1.9747517304187723
4.6727551031693313
2.9994061392450484
0.9598044873474985
4.1083673501266436
4.9932826761269737
2.0777519942477394
3.6967693127194381
5.2328214551850207
2.0130143590939591
3.9618850437947151
2.3621334296385119
0.3776041177403694
4.8005651569071146
6.1905991737683781
4.1614858104522927
5.4952056249817707
2.9415888268351487
2.1026219123421632
3.3552921194631287
5.3748830233658484
5.1937091150775121
6.2334110951696582
6.0691118560711130
1.5679441762256985
1.7278824439645228
0.5641436393657944
3.4759190739640440
5.5485244874876187
1.7454089655383005
2.1114236437857175
4.4271969582858608
5.6913135687931709
0.5079770133086151
4.0175823123196688
1.6548063152202654
5.2785395301494944
3.3445653075672710
4.5470532135756683
1.6323606163049267
2.1643158496444177
2.0778178426184386
3.7720035010932871
4.5526112870104649
2.8241365354439742
4.6065455577606667
1.5112833064021669
5.6812484362541849
1.0312078116077128
3.4363473230205321
2.2145058155142539
0.9036779998499677
1.2028833154354994
3.9018086306278668
0.5269947049253420
4.1156296072511820
6.2211715372661631
2.4580396955818733
4.9588896281646626
0.7395363365949782
5.3820195567313647
3.0682460695943705
1.8372770008714048
5.0458906559281420
1.7548234955033077
1.7302309709738377
3.0416848273039574
0.7421176220561773
1.4280181508656433
3.8423757705610506
0.6494115686870332
0.3678972287363751
3.9180359937849998
4.2274176533436183
1.4130380684632013
6.0667091676202620
0.7446874320298212
2.2456641884927815
1.7251274117874582
6.0642513488474687
0.0234698313777328
0.4621256195879478
4.3260413108330118
2.8718369469038891
1.3583977465170087
3.0522236109849321
4.6883487330941627
1.4273957111478610
5.3842524134717031
1.0893974274785443
1.6977232375710798
0.8344831397051765
4.3920780123216554
1.2717683514146960
2.0058269165389166
3.4283471274572768
5.8923545347537578
5.7979702738777448
3.3713240135764981
0.2505042082484077
1.0242547436886831
4.7192865319762447
2.3868846022649541
0.0330097579692635
5.2895989253847224
6.1606220359685606
3.7210936028738675
5.7065850102524189
4.6479454046358972
2.1198968219394279
4.7917486899150941
1.9525805327753201
0.6359128906055851
3.9162189221664820
2.6002996466538644
6.1865053414300881
1.0400627070212052
5.4346857689801418
1.9897499783093089
5.9002390164621952
3.3927995605517642
4.7014602516706301
0.9154527135861967
2.9742069915900062
4.3220590453836589
2.6280823450251685
3.4706385658520502
4.2330539930488724
5.4394302651305662
4.3122678521035285
1.5744580035427618
2.3671353119791552
1.6963273012664999
3.4364997216364297
4.8456987096877873
6.0937158200965058
2.9852597359943558
3.5071180921775778
3.6284130348390060
3.7678760198144250
2.6917007418531229
4.7982971607503684
3.0446258893858822
5.1500616625171647
5.0874870394767866
1.3734949563900358
0.8966545950408430
3.4665582109382127
0.2262005845965122
1.3725386509922981
6.0823447372444059
5.1520021968970084
0.3295000797423174
5.1180574414049627
4.0815031763884742
2.3489248743074786
5.5711418701622435
2.4137446749984703
4.1943052535394623
4.9337857769150792
3.8995729418717806
0.2993222361166319
4.0693940290171868
0.8568535516982537
0.7491185234576356
2.9537624345116953
2.9887806650694895
5.2837193174010508
1.8776611813565531
3.7725115472909616
5.3477176460426703
4.7778391840055274
4.4421203017114781
4.0099468710607296
0.3485116453017329
4.1779148970458087
0.1760224891084790
5.1387082455125679
3.8667098540885818
3.9749903845837600
2.9882056329668085
4.9706566597185446
6.1182834289423438
0.8673817605004284
3.8363820866463234
4.5208376001882122
4.7806487925829870
2.5764389696817673
4.5124377622238088
5.7520505806803497
0.8115155447152628
2.3289657726687230
1.8467200603253566
4.4999806589300899
5.4966670373864996
1.4931134795875336
2.0421496303562487
4.9527576349955469
0.7887425677753440
4.9165376366571039
0.5301973065140942
4.3785291661726626
2.1559895642778466
0.8907559480629680
1.2153944027885886
3.7672009099226047
4.5320330392149160
5.5040340895172628
1.2433061469448354
2.7573619343306128
5.7862953847784180
4.2583998994286114
2.9968892361861972
3.0730676171097446
5.9539700095558574
1.3083516478067199
2.4729036136454097
5.8007844463914964
3.7431787381196382
5.2040394823949665
6.2665035940738765
3.1216463966706662
2.3134276729096719
5.1743617412042600
1.9252634068487309
4.3564274326836800
4.6155733819212665
5.3181799593197461
5.5426895720341633
3.1736660958273917
1.2405273050191492
4.6150996450608890
0.0834437525462272
0.1390420259187329
2.2412081931692973
4.5260244220786161
0.6432290354553295
0.8348671115138387
3.7715653830438640
4.0362273192176312
0.2859814056862011
0.3258970564970027
1.6543676422849094
2.6214606037680190
2.5753787517474085
4.9950734504797616
0.8404373790924464
0.9832080317675537
1.0023158930932383
3.0905649373590021
0.3352475339867630
5.4461496392060278
4.7809305141377179
2.5490682331691312
3.5466990991504077
3.0546179417428490
4.6004347499818099
0.5786321397089776
4.8869436011488130
5.7480733031621538
1.8961723174032854
1.1941757385199352
2.9340000498235632
0.4510672282112171
3.1128133847537676
4.6813280986603560
3.1610545301360244
5.3654792344395377
2.0616658100617831
3.3561591326685520
4.1310513622139426
2.2966368876122165
0.5331397826997117
1.1565151219042091
0.1372310012213447
0.0850419757651057
4.1112450979084025
4.1100126810794535
3.5450420474783892
5.3258666102324375
3.5594935019132032
2.9238265903908207
2.1202011069129760
1.1326624679479518
4.3683642440233745
5.4659199584000300
1.1553550064770886
5.9768984365404423
6.0569351411144492
0.0519037429512486
4.9020175022522672
5.8397460276845461
0.3887922868156698
1.4240851985961671
0.2839060383951770
1.4383865171963621
3.7197498624469967
1.5875108502301309
3.4768815515583351
1.3724531311735142
1.8514661979123819
4.9726856733201794
5.3919030191097184
1.5760215220139178
1.4281712630494734
2.0183362396899303
5.3462581135087905
3.2448193487454007
5.1613719904582647
6.2636581399881779
3.9236006366983474
3.0005421323739956
2.5070225584188566
5.7281524116766898
5.9616275354546699
1.8204486490511282
3.9487294721393038
5.8064937087148190
0.9716008585840999
4.6957740926958165
2.0935867331322702
2.7186667144176648
3.3098723151444536
4.9729012031219471
1.9976050885097751
5.6651343945203774
6.0247710871796549
5.5884912389645702
2.1770551930987083
1.1719406882493675
2.9288738498821631
4.3148990953424944
4.2544199289967048
0.6965353090375297
3.5556731112273776
6.1098650346241401
3.6039330656017947
3.0566104809618220
0.2982913895382797
2.8607028311019258
1.6152699256650809
5.3125064673020050
2.1904943281027429
4.5533296638800502
0.5848763923804974
1.4217159942406534
3.0270020171687331
0.1916573601766209
1.7191276816041443
5.7587142744071116
0.8637484977441411
5.0106905926267462
5.5438152700124919
5.7461289664006863
5.6083533321995924
4.0737678957782073
5.0571034773509931
3.9192069728011161
2.3949042280503576
0.5234596988702384
5.4031159532021595
3.6168128867507878
2.7337304155947875
5.1866739205637096
5.2589116523495676
3.5007316108157829
0.2194678696428837
3.7261532475146026
2.1148346670284059
0.9177093581939473
2.5983845137224804
6.1763850907537261
1.4701312753252556
1.1376322467216065
0.3080880012567532
6.1001452137229277
1.5663704108269996
5.9923020937929046
2.3212905911054071
4.0742741725061107
4.4306301254915974
3.4681381118897168
0.8707972748542380
5.8171565500235083
5.0823071857786175
0.8798660567251132
3.6711138634526042
0.1347465796929893
5.8123026216754292
0.7445508308446620
0.3114196043754242
4.8752730895636454
2.6435703236691714
3.0444616261073096
4.6178850203738087
3.8316225297100690
3.9669060734971944
4.1526043533457777
2.3941837591410398
4.9256880116909310
0.2851035277026238
1.4220927780224160
1.3088380155250701
5.5281252140836141
1.3108417585861585
5.9090881868315597
2.6497661468700517
0.2954481103179190
5.8278803950391644
4.6091822335639261
5.7325441604991694
4.1068471194270453
4.4232867715547339
0.4277540559332720
3.0441629197417814
0.1698726608946139
2.4440976574993205
3.4306583190718145
5.5616676808963739
2.2575723724275290
5.4143153733072031
6.1421906789151910
2.3044404295077667
2.4506851158613836
5.0998508571979624
1.9666196460314036
4.6421052652321002
4.3378430368138741
0.6870281253073078
1.2529282402928037
1.0693412567129348
2.7300498964010593
5.7292491405769059
3.1184903784163280
4.8461374530409458
5.2405597220251847
1.4698917623827807
1.9918072007344834
0.1000483294219624
5.0000617803070737
2.4600844943639673
2.4525763653957191
1.4858155979708128
3.9165176453136281
0.0834622969698892
2.4856006204872574
4.0578828251856196
3.4929389764615748
5.3003657050421111
3.1216055719778395
0.5782706691011599
0.3873274225805418
2.2555657241735263
3.0648332080578244
0.3840051672575450
5.2405164619451066
2.4937949657613006
2.5666675036080484
1.8371427193377357
1.2261205922986018
2.5901769025253865
4.8734334955656475
4.8480154659998371
3.5921089654419265
1.5860004941259023
0.8916275910553785
2.2669835520909962
0.8039191507560235
4.3572144715550944
3.3103267266702603
3.2524656821769233
4.2029857938237969
0.9910172338267080
4.3349888058502808
0.0264196554056646
1.3189324117918786
3.6149199317594696
6.0099337841152218
2.4399884601537396
1.3948635275266479
4.4335317543994570
1.6826889887206893
1.5371248611112589
3.3935673291927189
1.6461498513257302
0.5711759652021684
1.1542193855720779
3.5707176417112820
3.1646505284687985
1.6439431293283071
3.0745815361393900
3.0266121263046126
0.2704244232925864
2.5287366004647738
2.8657942360686457
4.1448309872655633
2.0903584186200197
0.6878054873815359
3.4458779228010745
5.0268936716703125
0.2405750140138379
5.4952794183522631
0.3696324974048327
3.6451052731360858
2.6783817873743279
0.6842147984251332
2.4283077923396563
1.9877257020671779
4.9168457990823677
0.7523420390802722
0.5470179072331999
3.8975681343771083
4.2306445775781008
5.0815760167730417
5.2578790336695009
5.1317559518434583
5.7086940382372280
5.9133427758221986
1.6919391526893885
0.5909512072184736
3.1879440920144395
5.0397307913052138
2.5092139939146683
3.4328273968210703
2.3433195376932514
6.1115859735376832
3.2970676308253872
1.7122942975365349
2.7224173580710387
0.9034425808484564
4.5730726205216197
6.0217906962942216
1.1599575471798971
4.2701513630877548
4.2864634000873876
0.5684325914503781
0.6566828460134796
4.7763481643886907
1.4593981993691907
2.9269990575821487
0.4817107446471708
6.0475591144420591
3.0632315866558706
0.8456194966187286
3.4662210382543313
0.3003595896910148
0.9359791826011048
3.3211348773786971
2.8377602746229034
0.8977704941060379
2.5007732521296235
2.4085376201992905
4.0367258774598183
5.4235676077822550
6.2505258897774114
2.5114944504241925
4.0130227058973640
4.9717949225318865
4.0202795064100787
0.1128968974726691
0.7158329135271602
0.8620224780494030
0.0987109015120576
5.5125019519657528
4.2842935978724981
0.1020741662311845
6.2497581050542523
2.7919101896752632
0.4641859692958498
1.6550463795999406
5.8598680917946808
4.2437068977916299
1.7447253738327106
6.0654464308574667
4.3149029493267310
4.9322158076795217
1.5492208458646031
5.6220806051466070
4.5849717046634035
5.0705691727005666
1.7195480636884675
2.8398496463540477
4.5342479964296230
4.4115265581254723
3.2565040989450895
4.8348210832105272
5.3583175975489326
0.6451158952915982
3.6723494182304504
5.5973636918288552
3.4723353416388569
4.5788627876736294
2.9556933834192693
5.3043117445113426
4.4391744679863230
3.2455715671463841
6.2761331290074232
3.0835881024589358
5.2494719391334907
0.5098092616692889
4.3536014849638835
2.9799006159689241
5.1657595937793657
5.2738700520513317
0.0791065953456552
2.4879550143593625
1.0501724494193037
4.0309879838056197
2.0339363024786365
1.3653799516317306
5.3369617431103107
0.5315351915473761
0.8141097776777861
4.7365582156354762
2.3142888678733766
6.1894312960958446
6.1196323865946800
1.6286367712106078
4.1431532889262908
3.6748914185650237
4.9437153648705623
3.8986896573028282
0.3010562148497228
0.5469772239518083
4.2343085893306354
0.4046511904950861
0.3276608976257288
1.5685714078619750
4.2692398747435050
1.4779175100697379
5.3418999570120764
0.1723639403438163
5.0826601229263133
5.4976275050562382
3.2813158194422667
2.4617431630103876
4.6113939368719175
2.0518665523483821
3.7102563706792582
3.6462875114909181
2.0567603636349223
1.3525868904688279
2.5589539334962388
0.3057779593742170
1.8222482947139760
0.9112157859634613
4.1090202408031145
3.0982444780304106
3.1698909220883227
5.1204862452468598
1.5307078131546059
2.3142500478926817
5.0592199990138891
6.1527700515249695
0.1184097001915493
1.6884610166126057
0.1964019988619698
4.8340103637418572
5.0979438342477383
0.5536849092999486
2.3695907833276002
2.5895824127058971
2.3185077687228914
3.5470300420561323
4.1177571000725228
2.1366327182419900
0.1635008430652529
5.1452033116642237
4.6758072516995703
4.7738471228340291
3.1972690663880039
1.8078638111153107
3.7702288585779384
5.1678756498698180
5.5499756685222383
5.7658680429632003
3.1572921502159494
6.1751610551603449
4.3434181849231317
2.4663640089003396
5.7791281833455255
1.7582045011044725
1.4169808203444603
0.0186224683970915
4.4740492206036837
1.9959852507735660
1.8611498383034448
5.2372310099122421
4.9709322238557316
2.0344837537730696
3.1746280045327588
6.2011130220569255
3.0644234980640990
2.2842584486056539
5.5178936792391751
4.5598650275436787
3.4874735402912482
0.5742036258778552
1.5095941727365705
5.5917373992505564
2.1546674933937742
3.0361787536414560
3.0070625571258645
0.6831330639979711
4.2962358369132820
2.3470029348446442
4.3826307728826803
5.7819658563007499
5.1722443844663024
0.7374842714900030
0.8654068225411001
0.6732994180038392
1.3382695235075588
1.5675377410323073
3.3214630449772149
3.0079049146162253
1.7912628607276995
3.7109862580576958
1.2527803732248344
0.3917462924796418
2.6333711145830887
0.1410225237842860
3.9382337351284527
3.9467484038710259
3.5563938467243861
0.1550384138144862
3.5056856814557462
6.1259279586400126
5.7588044768233049
1.1167796446679603
1.8111320484512696
3.1726206832426995
5.8720795029601094
0.5332915107804810
3.6217066851890629
0.6555555481734687
4.2727630434795323
2.4008343054613230
3.4587394128206554
5.7084084975490850
5.0811711594960336
0.1283984823978054
2.0884352952257528
0.5102426460646589
3.0482581287079964
4.3338520371952489
1.1338620139039319
1.6149770655583642
3.5388138370547448
4.3778589553565395
2.3061986606051961
3.7105239835828310
2.1689382632605141
3.0714285391795109
5.2168091907490366
2.9483677690352916
0.4470293048521616
6.0264711317097674
2.8176641718023290
4.2044337647900765
5.5853257033432833
1.5316379361022521
3.3462851018414410
0.5280119862480819
3.4428424711293073
3.6805172131733275
1.7921656754878899
4.8249129685551786
3.6221169265330393
2.7455624992959615
5.5301975385208619
5.4764782707420814
5.7297613349141079
0.3959015102465374
3.0174863388612718
3.9791148700585679
5.5951084081906011
0.7753624819575595
5.8242903473376408
3.0572832864874195
4.5270242859208052
5.8292291279754567
3.2521887547178276
1.9769306327954435
0.3733413896230188
2.7106453024693149
0.6283715494456759
2.4158976675249160
5.4777033939060491
1.5435075896481611
3.3969956931755978
0.2160250390936815
3.0256572368904897
1.9810093600497729
1.7945749960255775
5.8243651717238656
1.5252022841636916
5.8896238074233178
6.1629742433061452
1.7250391108544598
2.1349374852269203
0.7236554409882417
3.5460832270399014
1.0407156099805475
5.3440914372838666
3.2781364534184219
2.8736457623723619
1.4912609617821746
5.7340236510331213
0.1921473447103023
0.5045796006367297
4.9598060997498230
4.9798154937805776
2.1651157656486930
2.9888170949835455
1.8255715529105079
2.8648752456841411
3.4442327099254562
3.2196068536844202
1.1620855049457004
0.8026518805550558
1.7910197174729325
2.4630655279931584
0.4815453746006477
5.7696800293059320
5.9649598104286818
6.0075668478307289
5.8316827118275967
4.8940802728285435
2.7763906118142083
1.7096521803923193
0.3611623469975702
1.1040662781018526
5.1457729303624982
5.5283023439712435
5.6357945076751577
4.3577509684581415
1.0233077919539673
1.3681794057259253
1.3804077405153075
4.4579704596668517
3.3543992731520484
1.1910691316608593
3.3797535548564923
3.8458403570492945
2.0971627666761168
5.2685295905069429
4.4646524586872118
4.8515603561506930
4.7596023769386271
4.1950274017779448
2.1708580725090454
0.2966913104632051
3.6702413039330222
0.5143630445747047
2.0212941305241539
2.4857147603544534
0.4816738580270308
0.0058986302448901
5.0383790933266184
3.5186038268965687
2.1824177588207969
0.5571922232268807
0.9681923667767202
4.3875950673947823
3.9702683937754397
4.4711445015521898
2.7165366407309364
0.2029867041069282
1.8126045826251636
5.5229133882752555
4.1040347732909197
5.2309606979713559
4.6538905811396445
4.8712205435647951
2.1959805612551291
3.4681728778880530
3.6744785226907544
3.4370072076947902
1.6173193840995519
3.9116458057249308
4.5436329142638456
4.0109537018446240
4.6202016148715703
1.3079907905712820
0.8138342883826580
2.3331816917325483
1.9584592339422522
4.2059042624149132
1.5585289703385303
4.1821869281307222
1.8508026169845624
3.3089551909943946
3.1891161574595590
0.0450358978429344
4.0360841523002442
2.4997059693714099
3.1216074648221097
0.7390145298308353
6.0551039656016092
4.3486192269261839
0.6622533963689434
5.9330351644511978
0.3081154153312529
6.0566968382010939
5.0304166686063301
4.7572286602192682
4.6598899186908405
0.0962693483277978
3.6950219073370469
0.1864198613322582
3.9843176960252138
4.6284932239214456
6.2235506967454981
3.8373999736592084
4.9134022674037068
1.2111294501865089
1.7843664366404466
2.5157082407608145
5.5010345124421010
5.0271596909698939
1.3035031154600616
1.8874265503871623
2.3274951121206473
3.2797384032941195
1.8498543974716399
1.0239622367460626
2.3785969841900916
2.2987571626755647
2.5335244831195358
4.5195905481895364
3.2914552182494052
1.7905668199170728
0.1644438744622313
4.8554939780282877
3.9809950487855184
4.3119498017456381
4.6657313310466533
0.0654879269887401
3.9386347314774532
1.9347552381066029
2.7435926475533123
4.4721954090178180
6.0761156269878347
0.5397189462073362
1.9980027984413653
2.3515387808269965
2.1872380996377703
4.5404220728356393
6.2466478975962039
3.9812749276348374
6.1145311305048278
6.0095965516897625
5.8105910222738615
4.7052072608183790
2.9164733791833841
1.5458512473791097
3.0325392834190477
2.1740905473630687
4.4887649256171507
3.5778148954217723
0.1977058362503417
2.6352157519071406
5.1544275786445066
5.2612268926580548
2.7966132731357001
4.9080278440282488
2.2092567584751057
1.6661656598596046
3.8763054919532114
1.6945160215037662
4.0920055010277609
2.0695841707481448
4.4605813891266619
4.8226974925306072
2.6797535975395408
4.6399436551079196
5.0665160687590705
6.0276117847623167
3.0809952054396623
5.2025939447866936
0.3158626419467844
5.7920479324107310
6.1065116499652587
4.4424989906324779
3.3904070945554108
0.1910722173841226
0.1119079538016427
3.3276395478707461
2.3329568650781907
3.7722598620419920
4.9225490669714231
2.6085676590757685
0.0159429476210146
5.6529453172690491
5.0117591253934357
1.8430008520331020
0.9709967319058899
4.7408901113599278
1.1090035197732693
3.2967667231979783
4.8445755745988723
3.8568884518893536
4.1397106183476540
5.3363564465218918
3.6096872409029235
4.8225256265438752
1.9877927559954258
5.1245072311278221
3.6946814335938925
2.8424968856701138
0.3871024563039780
2.0756986441013909
1.7511183762490483
4.2070730145479320
1.7862148034374929
0.9426766568447739
0.4188970232001931
0.4447061987111811
1.1894369957796043
5.3518899477665327
1.4781252082417355
3.4385850728285798
2.0323362726275236
5.3759111434512779
5.0347854594092434
0.8656786417613545
3.2247143450841822
0.4700027087316672
1.9219797218386252
0.0700185014585112
0.5158091428377333
5.1478575493959005
2.1746915637052568
6.1991868149814318
2.8699822213493169
4.4516458879203267
1.6937264038602444
5.9280809934910437
4.1428771335495496
4.5068310721810834
6.0050774619694565
4.5768203894434549
1.2180541284344604
1.2949992162219361
6.1604907384847918
3.1666446075489025
4.8979090808329779
1.3404918774140839
2.2900073633078075
3.3210715956046246
5.7353931755945959
0.8186025153441812
3.5393100417167878
1.8878651128539941
0.6954910535843360
3.0555137623662283
5.2965936519292578
4.6301777263142183
3.2493756811740635
2.9999470195530309
4.2553546461794252
3.0694973135600887
1.9683659240873919
2.5895062123549857
1.9310070058345155
2.1060390590512310
3.4147621736443288
1.2983429566034985
0.1239548615067897
1.5113963250252940
2.2532416497699681
1.7520847759313243
3.1108889294813520
0.8105739762186286
1.3927330260495765
1.9068756886773797
2.1604912027632794
3.5987312805669660
1.6882360160905139
0.7310492289847896
5.0513784300427229
0.5307263609860974
2.4947026902508314
5.3480577413327843
1.3864601168728448
5.6349702249055218
2.2622264670092864
2.8603449546510165
5.1680204429252967
4.4574220145013932
4.0527282017165964
0.5743443794922249
2.7759323531780753
5.5166018334127473
2.3174044880294953
4.5917777841588023
2.0957726556030920
1.1123005537321438
3.9200419130491233
3.3530754053993395
5.9312046083898222
4.6337268337259605
1.5075572260484047
3.3459827976672729
4.1432122539687883
1.0985437170694696
1.6514163219460118
2.8988313198175253
0.5281309321177433
0.3818160034827011
5.5524346312960775
1.4881773765468211
4.7419242903461809
5.7404411751359641
5.8441128722244411
2.9741809819420912
3.9790131978037553
2.7353883962727341
4.0897710287587659
4.5938738343009478
2.7964964915762547
3.9103080383219639
5.5600286164394399
1.3986885383397833
6.1297855823529526
4.7059007887709354
0.0090134815337963
2.6359215556335345
4.0499789636208137
3.4291638328753953
0.1571520774318897
3.0048581271356425
3.9739318967534909
3.9192286884352567
5.7268740097669477
3.0436672515920700
3.8570879621532561
1.8719845815236338
3.8053258129986736
3.6301852154848993
4.8720017949060939
2.3239932590181480
2.4540913707828453
5.1154342682760667
3.5142222718459664
4.8699277271998493
3.2576387804759537
0.5116941055978362
0.7446756880900063
3.1351629560593484
3.3046647623983070
0.5188034380426670
0.9383684395553245
5.4442316908109403
1.4278314979180198
5.8604789962504711
3.8798003099869844
0.3138705330169477
2.1260715662423766
0.5854661314837272
2.1878296778775637
2.4643357266546069
3.3092911864554360
3.0208613897347494
5.3150064080471351
5.5713048776168961
2.4352624630426130
1.6793872914886332
4.6209481413901248
4.5577341336002295
2.4401972055424892
1.1658991971293882
3.8034370445828838
1.1781091010330973
4.8299910971490077
0.0391643646575534
2.8946725363560990
0.2223825722780157
0.1301715502583556
5.0861962612240506
0.6503493061765522
0.6243720726026388
3.1761920205933389
5.8668306207585657
1.9999617697371066
3.5340875199135118
1.0773099299174633
6.1568523797828938
1.4092733081199977
0.4005612835335473
4.9536354950605244
5.4292457221236319
5.5336674529094374
1.3742596612139701
3.8257512056701590
2.9965377269144438
0.4975188937459442
6.0474361663222727
2.7938713085740088
4.1650157823561091
5.1364020504523120
3.2088322159358844
0.5972655909717380
2.6084815151780907
3.5205544967612612
1.0018358737970214
0.6095123877255272
4.6154704347414270
0.5190589851429536
5.4438071190573210
4.2806149210689668
0.2736729598139387
3.8199490582779205
2.7145638765997702
2.9754807049932710
5.8229147440978011
2.0418247570446195
5.8141343421202292
4.5258514369792966
5.8203584271163313
0.0121200198619234
2.8891767916621891
4.8115619053221534
1.6580242750663730
4.1564205610409131
0.4495745296295445
4.7556551294240226
1.2204140908579806
2.6371569830230852
4.9175473803538816
1.2970332858756224
2.2027876700254199
2.9767961366706923
4.8836931044014040
4.0783848276969223
1.6322275622745261
0.4351692749128698
0.9409809674910523
1.7446714237735301
2.1494813553539940
0.3820234629124264
2.8869317616369337
3.8296052188774006
0.9162473528464066
4.4114381992918696
5.0096669180629183
5.8132857322742737
1.1989007530557076
4.0278503684495144
3.1928443706412004
5.8321635707239414
3.3301013506906347
2.9502998230391246
2.6336387950490523
0.4052296805895723
4.8052742862708682
1.9708532743656677
3.9127316707943907
2.0130633660707500
3.1578680941560511
5.4939911475462226
5.7994118717329508
5.6346438460876076
5.5520930113640574
0.5038429710465127
2.6890844186579863
5.8959963360619696
1.6797936510320135
3.3489489807067652
0.6938834602533162
5.8710388683515875
0.2721360685086549
5.1902606920262135
0.6501649225323647
4.7715237356149638
2.3796757662164536
0.5168300110506335
3.7448777210198485
5.1690283179492944
5.8114200167584720
4.6623159049663245
2.7645039164186898
1.4694551859251894
1.0010985312873686
4.2790504124359705
0.7986468137261857
1.5113018728298788
2.6593896294286004
2.7223840173355129
3.7797218687818819
0.4373957544392221
4.9352758646822945
0.3554439842063541
2.8848109754410283
1.9854938095968113
5.1876004771158595
4.1997085930657017
0.5249059315715762
5.5559212475496791
6.2301832691744252
2.2403361009036291
4.8184251035263426
0.9005431316215312
3.5804309280332118
6.2724319347765860
1.2869697837375436
0.6323603687215410
0.7745487107403565
1.0122586090713919
3.2924699286692207
4.2290552842746960
5.8641367670225000
3.3121507242348147
5.2589246655536179
4.6573362348531786
3.6657206422368445
5.4194741087077398
5.7000269473798735
3.8789057861051512
0.5404633412093390
2.4612212970855891
6.2259532398244248
4.1714170067793859
6.2521343548017878
5.7449953367566629
0.5003868417436360
2.5794906487583353
0.5737556683862532
3.2053062861662553
4.8084776095395396
3.1070498968730043
4.1624486803672793
1.4749956721093049
2.9670206669108352
0.5900419918477317
1.7756661272512761
0.8927698135317597
4.5715842307161543
4.1952723882842839
2.1048461102459104
4.6631393156000591
0.6480200462607203
1.8623413240493103
5.8276031680152842
1.0959095991150349
3.7574813850053541
0.2154326719408818
4.3001363667719179
6.1334706051806771
5.1080827576526930
4.4833561893996414
0.3071706420580808
3.6648910642398742
5.0458426946008981
0.3776689546953063
5.2270143080901867
1.5171245139494911
0.3583778571709950
2.7582653769257557
5.3409029027364516
3.0177679684897685
3.5580727728474879
5.9309726298892667
0.2787103201865703
0.2427387148536050
5.2823372820889558
1.2297657103693111
3.9838396335531461
2.9840033912636343
3.1166593025447518
2.8663263719016987
1.7195585806085079
2.7959165136831534
0.7450708935327593
3.4554231269647651
3.0976887459661171
1.3941329034485836
3.7762205976566401
2.6085323486347884
3.2831535431839813
4.7544346792190098
4.7533112319773085
1.5830206805695626
3.3038164840104227
5.1582374958054293
0.0914644727743670
3.3080736447862304
0.6555277685499122
1.8375714756079513
4.2239391538895630
1.8827472432898564
5.7575132840527674
3.4579868961441025
1.6805845428228072
3.4474389029995876
3.9445983144692760
5.7096024615085490
3.1522792763951215
1.6387101280573544
1.7640948306030708
1.8551508568552799
1.1421071820048556
2.4330791944097538
6.1151960502444931
3.6804559013504323
2.2345485428102494
2.9200443538687164
0.2849269658468059
1.6112045833736399
4.9415325912367365
2.2063888454239136
1.0480897821888471
3.8045525683572561
5.2068420789347067
5.8535718849097886
2.8972571166398065
4.0670879468803607
3.8589047516815715
1.6344344471387202
0.9161690003761659
5.4398027246196481
2.4475659590481600
0.8061431543920931
6.2662735971235941
3.3735734124523877
2.8525436815791778
0.1516245712226713
1.5188310008740189
2.8830310470834393
2.5329251391508336
1.3159720441904845
6.1487901930788276
5.4292335912321361
4.6138528328303536
1.8242386730482352
3.6163527332679952
5.4129518147879141
4.8644690563613269
0.2814317038406417
2.3495142896343264
1.3370138603553448
1.8983140289794078
4.4625491549044982
2.3280513469888233
1.3785714030133684
3.4215896031987980
0.7829681515158706
3.0801719485759040
4.5891683977909361
6.1453992782545344
3.6185560989053571
0.2072942466364547
0.9587347769754136
0.9177327298839166
3.6545289342114029
6.1503472725384150
2.9447651507135153
4.6510582393601281
2.8611811034731747
5.8045708456271559
3.6069798223348131
0.4720582234620547
4.5386756157981063
0.9338034569415180
2.7508925828660562
2.8353853504837017
4.0239276413344873
2.2764862158416475
1.4738790363714533
4.4930093166145113
4.5927400261580908
4.3110682696405984
4.3201051940531956
3.4819282395073010
3.1111916222689509
3.4899090043949936
2.4318177899772588
4.4258586595145291
2.3165396810391869
1.5974669700638098
2.8702633757828275
3.9870434295836974
5.9000753230922340
5.5597574305358819
2.6506395222911436
5.9782160015482093
4.0539142456965225
1.4040002521609338
2.8061990404914772
5.8309277850612711
3.7417800886740604
3.8802260004846651
1.4948667435882321
1.8472426471181203
1.1531679227036833
5.8759884596195393
0.9214414786004124
2.3331315902631924
2.9782437520153575
5.5377842641107478
5.0532825008058442
6.0612867096106715
4.9603986635526214
5.4014032978225854
2.5148746355444644
0.2836339539716298
5.9352089204171676
4.6838950756907209
5.7370997510982988
1.5229972032319121
5.1694388607935826
2.7774190050951932
4.3632176617427971
5.1387953016170478
3.3320287143710967
5.1038852103192331
5.6557289801290782
3.3161517194199370
2.4020694453824540
4.5729975888455501
5.9007534772062140
0.0429786218167076
2.9571808650436493
0.3659369773109812
0.1149946144309307
4.8076525186769681
1.8601073044504002
3.4687487274332498
5.9641176682787682
5.8732028680913961
4.7565035388703469
5.2244692235648795
4.5029034420549570
4.7462336273169266
5.6808956233294845
1.2253809059293879
4.6797896389247864
2.2569451680546635
5.5515484422296000
5.9353104148403277
5.5058583452579288
0.6405380396166523
1.7721762640358854
6.1292537203053739
0.2961264690949685
3.9171324773773470
5.8838780601797644
2.4999959863392416
5.0043486643847537
0.7910582433323815
0.3611276438684574
5.9152235413053544
5.3191901050266539
5.0020073003190308
5.0785868867601325
5.6518821422129584
2.5665722235408022
0.6218234627695868
2.1803306154057771
5.1615567335919534
4.4958994642323376
0.8355702395295657
0.9334484020388021
1.6470361562112774
4.7731724320624753
3.6311353901042933
0.1009367521187314
4.5145733004105519
4.3379683255999675
1.4320471239034291
4.9954764044662667
3.5579434090370001
3.5262222463714612
5.1321712080301065
5.5998735590257249
6.0297805196139906
2.6059324186810784
6.1305679418506376
2.7383327972506035
1.9528904340938360
3.9768175504528616
5.6662743743790163
0.9142432331380459
5.8429123475874389
2.1834563695651563
2.3431792202938002
0.7681927105749867
0.4033933842155183
6.1916764737949714
1.0117669132052987
4.1463358736214468
2.6351510206909237
4.9721691434546331
