3.6230612296662312
0.5344962145348908
0.8745052188872768
5.4054155406968158
4.6364041455128984
1.0126971782870768
6.1823639163824229
0.9818202551910303
6.0124138653825332
0.2279572765219208
5.5771770789045254
3.1004557401405926
2.0669613707880936
4.1654175985137005
0.2447964887073757
4.4088037003992016
0.2750888289900360
4.8359388435298678
4.3287073504615803
6.2518255995745795
3.9353667460991666
2.1802674148327950
3.2232582504078215
2.0501051443292080
4.7866229132355915
0.9218949682280884
5.3197007803018819
5.3658293468093801
0.3959351948083197
2.6083614505599853
2.6090147851536809
4.9075059459046937
0.8455145985607815
4.6209485196374152
3.9281110178995098
3.4789954266363359
0.8953782311882268
5.7760472935536251
6.2382002177822242
1.3254756644350616
2.6983621959869115
3.1894237516637647
2.6702893010271480
2.8638166593053977
3.8850743203060674
4.7634945061842284
1.7393852266654362
5.2396873742443679
0.0951970381319212
2.4781540523027714
1.6945023076680135
3.1866746895283278
0.0658239775767689
5.8118383837257861
2.6973500422400813
3.3488290400453224
3.3067569296271180
1.3438748396151619
0.7605845757388419
0.5062206666871483
4.7645537015704571
2.6042397248154843
2.6112629711975588
1.7829286763343613
0.9248006842223303
1.3177556677775606
3.9742255011215066
1.9209691830362530
5.8832837063731001
6.1794168524408368
0.7501232248995356
1.7731724088409675
1.8731964973929374
4.8467734532273017
0.8118712057244351
3.6360129986053087
6.0780090386112935
2.2875285720421838
0.0778131527901721
5.8445549175496527
1.4096935287759647
2.6550405289810910
5.5445162244837229
2.2495277626370589
0.7181844402385263
1.8671705904598288
3.6190946423295358
3.8791368473003511
4.9238288190845809
2.2771823826665769
4.0100893875556363
0.8132901272741017
4.2890082303247681
6.0606518761511330
0.3849015586109769
0.0514629948427826
5.7713144132962890
3.6804134778450752
5.0047344660928346
3.8491433525492624
5.8205598519313231
1.6552787226535270
5.7495866571133600
1.5926155605039711
2.4152079560690716
4.4243547829290160
1.3885410850914053
1.2194113544030092
2.4826696901271674
5.0398793550595036
3.4134530758003896
1.0871449597350749
2.3533866374185277
4.5435425973394157
5.4454652023082879
2.9850507075938717
4.2825191217450760
2.9878878450579642
3.6711010471668200
2.5533527242661767
5.2955463928661750
0.2851154430830251
1.9210469949056801
4.2473127077779047
2.1105639724672272
3.0725660762251108
1.9891175703633468
4.5375771352034961
2.5214099273376465
4.8362885953654997
2.7608097741933348
1.8867785899628846
6.2359050417745170
5.1276256492855428
4.3149534751229730
1.2193837294151557
4.8640484076851553
6.0121955898967885
2.6263319856361922
0.8324376594234232
0.9512348445505531
4.8625106644893421
3.2480447654510161
1.2296806379815775
1.1078167092568074
5.3673314230083484
2.4201821826379457
3.2925631101472983
4.9982025773381586
3.7748617355410023
4.2428581210562166
3.7607637156753255
2.0771161627487111
0.0028143801301677
0.4116010366849263
1.2225385897675505
2.0998754264602177
1.8505064851142141
4.4605653670535172
0.2442245228853038
2.3502679467950416
0.0370723345755494
5.7591153472997361
1.3154807619376774
4.5159296259602515
2.9978906978569753
6.1517530132123124
4.4518528858240218
5.7905504921911337
3.0859200209224968
1.0974458456050222
5.5675095232196474
0.6034550358318076
2.2440900429894812
2.1554501804440585
3.9756789563753974
2.4526798241947239
5.9579520905695738
0.5206341108943859
2.5464765557803695
0.6857622641021524
4.7250887851860917
1.7677865661569261
5.9504788496839378
4.6731856091385051
3.6851202975236346
5.5349582677271405
3.9595061748269735
2.9385039649202898
2.8767895846865286
0.1169943694758506
1.6232822815977745
2.5883367563321977
2.6013003782919406
0.8383869313210736
3.2872008161311395
5.8898873311791888
1.9736013367945850
5.4473433347080134
1.6607684251241248
2.3825965371158695
6.0342486023841531
3.3068442080519960
6.1502390317895346
2.6646275685708560
4.0718089902938850
5.5889991081765045
4.1301362636702610
4.7173749228120698
1.4285380485033501
0.6417751552663562
2.1008480741223696
1.3341382366549155
4.4327153921309890
2.3245123792634623
1.7560562903605947
0.0032585970019770
2.7971681532086698
3.4042578575027727
0.8195242858843520
2.9954456406418837
0.7182660611704759
3.1087534387261684
2.7411435954246670
5.2010241217405007
1.9529124724267786
0.2636743511307966
0.7176448639673385
2.0116087305015431
3.7581274384553396
5.8758487716546206
3.5048770606587376
4.3840264366988304
1.2957256320014134
5.1322810628097022
4.5416689287730696
3.2525668244116210
2.4683020637440314
3.3226791043664288
0.3416885442569130
1.6689482275045369
0.1488080774865923
4.7432708648366626
5.6311827033702651
5.2496712940796222
5.9182748095992981
2.0488901393341248
1.0811591379008678
1.1713033583553472
2.7916874487547947
0.4226565449923224
5.6058105905415525
1.5520218007524291
5.2870684351153141
0.7074419433140394
2.8063799344718476
6.2731931100487257
6.0277846315312784
0.8138260793054024
0.6872024759136550
2.9837254657860486
3.6383051566386815
3.2121501101732401
0.6505424210871056
5.9981989714492601
1.8786447452883404
1.4757665946511378
6.1237507268752802
4.1053728525952113
4.2989802649587787
3.7018249694692118
2.9494310975705980
4.6059605407308801
5.6324514764857803
1.5293670401404869
3.1814003247479548
1.3170009144212727
1.6636354083892606
0.9612579618190857
1.8024106976820509
5.2708854704755428
1.2093612027491836
3.7598213958810116
0.2211837393613461
5.8682530412300684
5.7917654929219404
2.9499555648848546
1.7631410489202664
2.2673057709834366
0.1095741108451439
2.0943774017037655
2.1732121749602373
5.5572548809709312
5.2527929000679956
3.3768222391953069
4.9115606210324696
0.1004536117071567
2.3773165246411163
1.5731006504951794
0.5652424319050940
1.3219715328771082
2.3461585236199785
2.2464399702321254
2.3603493049327025
2.8420605602412552
4.7798402621374505
2.0054354878466043
0.9064274191678414
0.8410566963470755
2.8496235236744778
3.5355757187678294
1.9856121300806309
4.3652625299686632
0.4057398715074377
5.0965895991590271
0.8180699278915708
4.6315752912034522
2.3389549214279342
3.8364044329902329
5.1740006428038772
3.0241974687480306
6.2469246460385515
6.1591208091077974
5.2901585171496537
2.3516474218856223
4.1595342059371561
2.2133013428622172
4.9136619686385297
3.7216054320526850
4.4174421965936537
5.9554849608954612
4.1569833709624460
4.1884868866496490
1.7916939023848468
3.8235337390433801
5.8868384695763369
3.0336306739689842
1.5286298463786581
4.6683586354215754
4.4232304872477011
2.6072343551985506
1.9726542264401563
0.3024296187522221
2.8441438206025933
1.4837343075391103
1.6303490806273597
5.5342772676723087
1.7056353769598265
0.5491860709646024
1.1122979009467464
3.8182107379717571
2.9402996278671374
4.9037838083138823
3.7244677462685600
1.7611302461343008
1.2011992020851374
0.6419651561460008
0.7222143213342719
3.1375605992880637
1.3668423003274810
2.5224837827688082
0.2781469343081048
4.4973472852000604
0.3784164965078485
1.9808301900544227
2.5428264863289236
0.3703871310582899
1.8587081168184167
2.2437156425254301
2.7135473187708561
2.5493904946602499
5.8809264862847090
1.3163774822609422
1.7897105714218522
3.5859760514146588
3.5030760801788654
2.0329156539670108
3.7087909434472350
4.7427222539559288
2.3817689999954217
0.2224832766009184
3.0342939892549805
3.9810064966360552
5.4084028838642624
2.9535535087214186
1.5461276007524958
2.7970399322569373
1.9208902600749087
4.6154804066469834
4.5811466949744117
5.9318940058053045
3.7806079662209222
2.2788047108552076
1.5165936866722889
1.9456743725519239
2.2509278377804538
5.1949001219675255
5.6945460110359196
5.4677764006293552
5.1036893898032849
2.2595103298814339
4.7117826507052571
5.1603020343149746
4.6549430783766450
5.9546645559049471
3.2301888959661520
5.2811047669266848
6.1723112717580486
5.5942372048488167
4.9963006919282575
3.0004594916904104
2.7304909288812849
2.0643781366163934
2.5837995070650486
5.5936949685351296
5.6306064813824204
4.6662755540915519
0.4955840068738455
6.1282778341058757
2.5128597062423679
2.6144882433175161
1.0216100028054307
0.4194439125758421
1.5732752648006805
0.4832319243391092
5.6602742487066973
4.5968601727333143
4.7008270125557488
1.2553063467904353
6.1650632273284787
4.9626554487740266
4.1214822163670144
0.2484953869967257
2.0790219739457720
0.7980446475490901
1.7741533657943995
6.1687105143020249
0.4853158814576027
4.3748932429528766
1.6352369098380037
5.3070642008067921
2.2884221914224101
4.3517228824728020
0.0029248060977382
3.8851360092435714
4.2921366027541108
0.2029422769691148
4.5762664117748351
5.9317723169299885
4.9201746489088309
5.1923263092150798
1.1753573652354021
1.8013109894083628
4.9081849732142429
3.5223611249027584
5.2715818877414993
1.5787740375974593
6.2370962313978238
0.7053358668134698
5.6508307028977569
4.8108910053457254
3.5662934404483035
2.4360767074295500
0.3421341495789515
3.6648874257591184
0.1595173741030451
0.3878922197115403
5.1914756873238650
2.6463596144584693
5.5106326811113373
2.0545387148002732
4.3218979202737620
5.1134103433665823
1.1777426797002331
4.2780910430545269
5.1736183776525424
1.2864242699050341
3.1976021509432466
1.3884411883605512
0.3206091218537536
6.2756550735076777
2.4847855299381996
0.1194825172024361
2.9802913092798131
3.4472568548739915
0.8472645923867577
1.1665938297573006
1.1208806468722459
1.8981833856816852
2.8244297416070232
0.3347569606688647
4.5521143184079840
5.4684115028908256
3.2617890659277133
5.5596168751124484
0.0198639928282903
5.4517135168303277
0.0106520343897465
3.7088212382670025
5.8836386215943088
5.8309593581922270
5.9120655820974006
0.4222899907331700
2.1002794139337215
3.9895384683694632
5.0189105507508947
4.6231450516720685
2.5026116948337127
6.2404586702263476
4.3375276323149263
3.7246085365540962
2.4015022629490428
3.2153409165547839
0.7052326147973397
4.2969047782327552
5.8966635923287161
5.0839334498838351
4.3454322776648828
0.1060151568917238
2.8014460742080853
5.9615377506512974
5.0999090191407861
3.9588833383446120
1.1754331604081354
5.3152455535215575
5.9759021897220075
3.5027170081168140
0.6064772255779515
5.7379518038870430
5.0992772354058644
1.2712646333488860
3.3447023547011625
6.2370409160272846
2.9662088372475663
1.3677583610152440
2.5958514686048382
5.0787483837515524
5.8368978328253913
5.4918038065924808
3.6564256553752932
0.9092461845881301
2.8822991271407385
5.9017382862475296
5.2621447359091560
3.5287866759649185
1.3002663362283633
4.7677080735962249
3.1346134056131607
1.5396852680434476
1.7834715943704988
2.1578137060848461
5.7822269781775573
0.5173810737572508
0.7935291837877202
5.8366152333434318
4.4545744052493301
1.8447335657701749
0.5400380375724171
0.2695343060479776
1.0703936957198585
5.9644606958349788
5.8759775696656158
0.4466388425535636
5.2608299363711444
6.1658663697335188
5.8024869484037387
1.7048136947432402
3.0559876089240876
2.2286412705891760
5.9679422344900468
3.8925365164619592
0.5715104151750403
5.1593993072758684
4.3187811364332180
3.1091853926878743
3.6266534056590616
0.9616153900256188
3.4815853382652242
3.1709406627940000
5.0485117114207041
3.8555051535486600
0.6485563768871486
2.4134294656792479
4.8329796270624463
4.3726904709961563
5.8485399992917877
2.4725184779159139
5.5274530858259903
1.6636754617348035
4.2551907588692943
5.5383358249693861
2.4793361640317952
5.1863374554135993
2.5344955343679798
6.0861237225084164
0.1256061488638045
3.1688173762755469
2.6126707129629896
5.1455436156134322
2.9022869162800475
6.0507131483596197
4.3043311270476865
3.8124163008818179
3.4608066661221977
4.0562287620765805
1.0681906553511122
4.0056548101423051
0.5665050107753657
5.0039018000519357
0.6176644851978575
4.2334838282830622
1.2230241940635158
4.0810242951009421
1.8191964685761084
2.9260996502485122
2.2090683435148435
4.1692961009071432
0.8587284666905355
3.7483655498317843
5.5687264638911440
0.8218030786144530
0.0284869790924864
3.6280376253320861
6.0409401815745420
4.2616393036515232
4.2809172272839584
4.3552272747274454
0.0841161587395786
2.0179586967578937
2.4559933545079176
2.7183293766799435
2.2613382808933422
4.3893412649776842
5.2330697376393092
1.8767450564410395
2.9907420041348671
0.2171406533776510
2.8922188661944421
5.6957005475391158
0.8061619594876448
3.3300686266793220
5.3912639606301473
5.8506995828238031
5.0581987868518574
5.4886016766698340
5.0975840158447623
1.4100474070511915
6.0426975037321409
2.2698956031745365
5.2328628875522254
4.0020283625036912
4.5703940119405164
0.6209121691046982
1.8977926222209263
6.1649698246055005
0.5391266174170134
4.2831539856096548
2.6377860024423532
1.5130295951033110
3.4154869874468616
2.7013827703657105
2.3797446556437856
2.0725527231731684
2.6080366260128907
5.3582351618782891
1.2176033373820068
0.7150530556082113
4.0084180774989422
2.0816280396549671
6.1126697649219786
4.3736115610218116
1.5611413788562194
1.8107547282005203
5.6248892918026057
5.3657765592479763
5.8991166111958959
5.3917091714738081
4.4617593359599663
2.8791546332275826
2.8618337990170297
5.4813328879959657
4.0243797197678548
5.5257879931723481
2.6700647764513992
1.1677346966058453
5.4316793889774750
0.5660843972941955
1.3205216003871114
5.5049529041235585
4.2050121579246262
5.0769618008355630
0.3012724574276334
2.8994649420498924
0.7180983736203213
6.1047630813658706
5.5185748142604876
5.3862646399516185
0.0918917305200166
2.9964641765813025
1.8968305469234443
5.6868640216438511
2.3084486234333759
3.9534272468935781
5.7014285400737741
5.2007319777298973
5.0910276236688867
2.0249876489829370
0.6316925117226958
3.7275406214504927
4.6348841525826456
1.3697310111710372
6.2638308124667663
4.5293905364492106
4.8491787158548822
3.0450781733573744
3.2536904547722423
1.5076330829393820
2.3721221307095148
3.3831794843262184
4.2048476840003177
6.2524430328096932
1.7468178806982548
1.0792872353681149
6.1928001516050379
2.9522452970251667
3.3815408447520423
3.0250526823108368
5.7428749250435356
1.9360340961727949
2.3280899905421122
4.2383561895780275
3.6487334224466408
3.1643484325328126
3.2563611871032330
1.5570532417974654
2.1108747222910980
3.1942681543010045
1.1549739005659043
3.8427033901747571
3.0137046029750674
2.0150180016537780
4.3127559960172066
0.5383228589613358
6.0172806385733226
2.9488342221751074
1.5918207456196412
4.5866286015509710
0.8692855546865248
3.6524409664235296
2.6435001131043294
5.0649870616886483
5.3020439955096936
0.1027344261691334
5.4839375924668055
5.9094089281963091
2.3085447495837319
1.6412665924617835
1.9554397990998362
2.0483234911509993
5.3617157285103536
2.5974873688804632
3.7514100139719440
5.9561139696384355
2.3880711985685092
5.7515621251390074
6.2708356947327779
1.0498925307108926
5.4889944662584682
2.1318755650091701
2.8068599428707244
1.4083809735656729
3.2999550775763860
5.6561503933223065
1.8148384474067412
3.5803416800849273
3.3540427525172136
1.8302542567055664
3.3238829521889550
0.3195127539784267
0.8294487920788625
3.1423974119911402
4.4409348307691578
3.4913688766760043
0.7651243572548229
5.1595202870839776
5.3566876096439078
6.1608210297510357
4.2913493031957906
5.1483729054452390
1.2977433507760727
0.7772259611140460
0.1280557101728339
2.4866836011439952
5.2715516671926350
4.3680066518555787
1.7458123844224469
4.9032748362517342
4.3302856118899822
5.8899560555045376
2.6851291629606817
4.9908265407719163
1.2168661133322096
1.7779013224887927
1.1385952407923488
5.4472198871449287
2.7838081127770744
6.1900767604066509
6.1914512928440555
1.3877222515740759
5.0801063006024565
2.4774563633535740
1.5092587022141022
3.5936851728127484
5.8589866748026802
1.5751095648129521
1.8091509241213029
4.8255665374540042
1.4831118889639345
2.0846347012395841
3.1791046607654949
3.9337911254691877
3.0687557662559009
0.3171271048156097
4.7631075656958810
0.9541073829332921
2.2643004711112158
5.6213852696332909
1.9320747197965276
1.6460378807613909
4.4846976799641807
4.2110885992692229
5.4612426340482276
4.4246344564180493
0.3724919669765383
3.2396213748675593
2.6990091973801404
5.3366602831658829
4.3603108833595172
0.0442206371018270
4.2218073962323226
0.5758375701929880
0.2156103658606209
2.6189146420665832
0.3367189548603675
4.9601131424508687
5.4517441616663600
2.8251593599915079
3.0371362265686597
5.5953051744323972
5.9504903732949650
4.5301643021213192
3.2849920185451480
4.6196247523280549
0.5607308982475591
4.8814966128130006
3.8012987074464832
4.4890602579599417
1.2544290961008431
0.9971091425260508
5.1340732900049062
4.0974198529639088
3.5181811579468816
0.2786408887841235
0.1643550100729698
1.9774171380868002
1.4156576638003173
1.7437547703571239
3.6362440295466163
4.8062133081720750
3.1133991582419558
1.9986809859462054
1.3476793128097566
3.2928277377969617
3.3791328800613960
1.5603989890565597
3.4257149408875458
1.3584731366905467
2.6202766004800884
2.7610497017242892
5.5465696275456713
3.0026405330703421
5.0260570820198929
3.4885663131693794
5.2636787285760018
3.6783051782092384
3.1135618408090289
1.7203446212819284
0.4679838845963075
2.0955660409639201
0.2599751253271556
3.5976134380442089
4.0851523768583764
3.1877203228469155
0.7512529976347864
0.0803724934037352
2.8176022821082300
3.8286679053632415
5.0622719029483472
0.7977964204847630
4.9427823876600758
1.3532654424439055
1.6749279945238682
3.4923109892735251
3.4037666247332359
1.1241920642757390
4.1392051761441975
2.5330433655394224
0.2347630995531519
1.4277606437478778
5.4887586835405067
4.0995944112829976
4.2656779208990567
1.7146770388942389
0.1140171101161971
6.1927043359947485
0.9191541281397865
1.2686287377599803
4.8082058930330982
0.7108201205760719
1.2027034960077392
4.7828471124449283
1.8986297695194325
5.5971312557762669
1.2437937892553310
0.7901677639781707
1.3785405004747753
3.3002189462664115
2.1551069867609751
0.6115278499499102
0.7316702353813994
3.8443028768194027
6.0064065083804152
2.6797486333605804
2.5335490263619729
3.6563608526347853
3.4523259398725781
2.1099496777131299
2.8567811226818716
4.7757053208272735
6.1067525677023049
1.8805672727617819
1.2347304929852694
6.2812599162343874
0.0172322516816037
3.5524158492330633
3.0758062719638817
5.7311230903128552
5.0195256906546950
3.6092757757229958
4.5373962848871940
3.1018703031123409
5.7218259180386006
2.8246661241971203
4.5949987469233227
6.2644378843350506
2.7192219615082882
5.9547279410310994
1.7486975798202404
0.8102324160985157
1.1744007155758385
4.0939608502860327
0.3541300274175664
3.9865012114878020
3.7519568020856706
5.5766888774974621
2.4636149026397667
3.9513335745658091
1.7360216414028966
3.3302585746439655
3.4306588307706498
0.0191053480241386
3.2549176439361962
2.9268362208330747
4.1360525952333242
5.5821258925369373
4.1015879634631354
5.7299658928192239
0.5519242885846611
3.5094817129172489
5.0627872662480069
0.9786268748941469
2.7509791248933602
5.8387547739382057
5.3109611334525262
4.8163603638263819
3.8831169744677698
1.2079659358508013
3.2328152973741879
1.2745570737778802
5.8066828655912923
2.6231597237875461
2.0772517014808058
0.0047795902584767
5.4255905575286176
2.9551390743427106
2.7153817219742189
3.9180257692079374
2.6587174865061387
1.2773515628590588
1.3514970316968340
5.1669809995960732
2.1454957765600300
1.2732066665783166
5.7657519064757388
1.2560466392182961
3.0526103217264526
5.3770703514360028
2.2930098275167743
2.8012958213492269
1.3780330145625559
1.8140940406974950
4.6095632857965780
2.7366613532314035
5.3836531708103275
6.1292047151370026
1.1167945377801523
2.3023198524074235
0.3561798147656878
0.6603960021264106
3.5134200146590366
6.1418931342297398
5.6493485219696931
0.1285271361414767
5.1836395521582910
3.0404975029743331
3.1830695092078174
4.5149541394762798
1.0787915482019943
3.4826825302822755
1.1329548233069733
0.9296109417225099
4.2862464820105197
2.1042073554658818
2.5493374261060229
2.2037904179331207
1.0565748906184802
1.2907511339768860
2.5002851905613377
0.5525672453443569
0.3293470102382430
3.8248216649370868
5.0169320243679305
1.3635644485042711
4.3236533165063937
0.6641673852373414
5.6202613446421061
3.3603028030348043
3.1610655542142938
5.5782108798089309
5.4481396676669842
0.5571689723184002
4.8829344739620275
0.1900281821198280
1.5219333356696072
0.9990688346445600
2.3935883440511265
4.6265130242121284
5.8703260810474411
5.5429557070733964
0.9431842743620797
1.6565075018702518
4.0581053543981938
6.0994021567829577
0.7717003241953111
5.1018415659886784
1.1043745808203513
3.6992688623069108
5.2946264042771602
3.0687596813849156
5.5554869476974122
5.8851605400273383
5.9782050776006690
3.8276087236642340
4.0399280938272852
6.0017501275746108
2.4197215111124004
6.0168109489289670
5.4224779317639475
2.1888037434262948
4.6661104289656299
1.3196071326684387
1.1243499064873324
5.7551614069056534
5.5857896983366730
2.4466183954369431
1.4946950768604803
1.0023884266910472
6.1126451220610249
1.0036090601576095
0.3983013249298173
3.2359229724631366
4.6183362199951992
4.0263858728573885
6.2283820973333199
0.4093119149931561
5.3096385739750005
6.0841694764444130
1.3048311831389123
6.0898660748442737
3.9050807104699921
5.6328360346257762
2.3837696118454863
5.5801620665317291
5.2941455097767216
0.9917184487023767
4.5904597967445380
2.8457234535626785
0.6733924818241923
6.0867566576423870
3.3295926928108006
4.4463488021473951
0.2839470854901981
4.7941469244044930
2.8481195733435034
1.5486393420322626
2.1679899560654370
5.4478006784171606
6.2100453226687478
1.3377203585652524
2.1158160966876176
4.1181747378233826
2.3640364625829435
4.3991577110366160
0.9247727582889322
1.8041580679142593
5.3538726944817325
6.2489842885739524
1.5407853747989502
1.0892848531291888
4.3419634541049179
5.9353024522930662
0.2294899546499567
4.5809277154463732
0.7328327466982124
4.8157167006933186
2.1751300002585277
1.1079295197100372
5.2490145780634512
0.5014130754046401
0.7915950920577484
0.7140648875882347
0.5816054006734345
3.5988777705282073
3.5060729708117870
0.1766002929142048
1.2494916899197970
5.4834021193066347
1.9871108785579639
4.9727945998161625
3.8452330593706430
4.3010546536397065
5.2747859929686332
3.4499968767575702
3.1346651417867193
3.9986350933160710
2.8310623028497837
1.8109477567574497
5.2222549805000993
3.0452479703190560
0.2096093795127135
5.0793551471175533
2.8610161122604096
5.6462442201336742
4.2703455847231195
5.6016522381834628
0.5686841430629543
5.0740827339071624
6.0793996833487043
1.6466731164114838
5.1636026835768352
5.0921092789908711
0.3693693889550628
3.0371415259963244
2.1082384130237366
0.2458861264935225
5.3248123046009272
1.9924534605558484
3.9507772859586567
1.3824799764720470
1.0061213912558125
3.5314862280909578
5.0562750850264226
5.7066212885448602
5.4698197333926011
6.1063790525214037
3.6890708857118542
2.8070241768660464
3.7896586922694877
3.3119951875396119
5.3047031700898986
2.5750438621035374
5.0829094889712536
4.1133835447525788
5.1156875840126581
5.8437926114880927
1.1080211014889927
4.1682243127040328
5.7773905573487445
4.5383431229762339
3.3737672855053726
2.3643838890044702
5.9140671204761368
1.6465281013774868
3.9140584317029457
1.6029252251214210
4.2909079765275067
3.4058222134050604
3.4028948629644118
5.2241354366116326
1.6011336055442591
6.2488459062811179
3.8322887836852217
1.0290946411604125
6.1848205410881230
0.6887716992587011
5.5819807044488545
6.0355567089956583
2.3287670838182359
5.8867248123870377
6.1485429559144444
4.9338388034588379
3.6160344676141154
2.5730282477072728
4.6727734652859807
3.8256081135083928
5.8542992092310380
3.3485072241135381
0.0183609902108396
1.6049975889884174
2.0547968468431206
3.4250905584081468
3.2446651363504828
3.8990597319483018
5.2058786062340490
3.3323157516339639
4.3374693196440628
4.1897887920701962
0.9862459971079951
0.7580269890590200
5.9600050998185434
4.6853173814259623
1.4766843256310149
2.2179877219348665
4.9691528690106770
2.7180200892196638
1.7606367247982848
1.0890831144666495
5.6862466979640436
2.7796761683613016
3.0029725742370612
5.0919349815360482
4.3532954470642862
5.3937439207640230
3.9771184608030072
5.3525397384612230
2.6405402291759463
2.2888708042271553
5.1032146400723324
4.8344147476531116
2.0654811248218281
4.3720273238614880
6.0639036182946571
2.0368165423578790
0.1643411602828938
4.8438629250737417
1.6051723083292777
1.1960188159055436
2.6775528090702956
4.2250187162620865
2.2466576825224140
3.1680075909514671
2.3024371300665227
2.0852959357452252
2.9315066824163170
5.4867289926590272
4.5761477488310494
4.0590910684323296
1.5822096632249887
3.0671590480184245
3.1350478583384325
0.7429396826456477
1.5254874627095918
1.1368380836109924
2.3476516203060842
1.8375155611611411
1.2667690854874594
0.0835231932722103
3.9103430909994152
3.0782156236748475
2.7662470361714666
0.8073622639839452
1.8313618266734193
2.3212868333013872
4.1350250783204281
5.6108400894927932
0.2941712130029941
3.0672720829297497
2.5041742134949518
6.1847333206270418
0.2865841003347376
0.2011262988221415
4.0944746470656810
0.2649971822414884
5.7776165039550378
3.5863711221100587
3.7268599895806531
5.8467859893690113
3.5219923507371664
4.7726305032452547
2.1345091091262725
5.0867160387965225
5.1518259134660465
0.0283737297967103
3.3638137333591192
2.8215335535678143
3.8000289734551678
1.3906811894751032
3.9798390355495075
4.8142593629431705
4.5912722184626213
3.8337061989568402
3.4942124789466580
0.2530874016339121
1.2626596649923936
6.2361230830400105
1.9669069652300999
4.1979212909069972
3.1088676676140112
3.2004608539258279
5.5728127134063410
1.5343692713976671
5.5134220177950191
5.6912742611118654
2.9782080498692696
5.6043307261215052
0.6479156306791182
1.8026586674557159
5.3444003606377466
4.7735005905370738
4.1366671965433497
0.1399324971620891
5.7108435556062265
2.6774965286530104
2.1721406864533921
4.2352817538649026
2.7512264768862935
0.3169513620584948
4.2608512464363830
5.8902136867197399
2.0915954266543619
2.3934723920227929
2.7681485831292960
0.2959928593511133
5.8868141439330364
1.3216470887838827
3.9711528089301265
3.5366587319489766
4.6679200578913038
4.6874395739954302
5.5642101628057823
2.8945998424925050
2.1191344014632665
2.5231936838272686
0.7767566453901609
5.0702460551517721
6.2091268820544805
5.3801241086085874
2.9148250773505673
3.7845740526328582
3.0947397601450510
4.3697650867413200
0.3069434733336747
1.7394648224979945
4.7902519230758527
4.2568916434285020
0.2843912148365355
0.1911886365051560
4.4781746331512968
3.3968432478794934
0.9419956936973257
0.8953943433892649
5.2485139458102141
1.1765219198268480
1.8641567903096845
6.1713326410176252
0.0802278905379378
2.5037825172209942
3.2706365997489120
5.0216176540792405
5.6653571770550109
4.8312618698251502
2.4531173017216781
0.3998416419876407
2.6849436137159484
3.3521979403194617
4.3257381116434601
1.1721898269469335
2.9282221226842431
0.2938705669834095
1.4172420859543478
2.2437070254745448
2.4020847251702855
1.8960274801677974
2.0016124558779502
5.0857860847524545
5.6688445670531031
2.2151353497947732
5.7927060356283757
1.5604842578101843
2.7181395586562407
5.1044080180588365
5.3786873369031811
4.8178706503698292
6.2767504288399012
4.2802768355945986
4.9518344292344461
3.8101087505598148
2.3842687847972388
6.1703246391140150
1.4648125613158363
0.4520842416537167
1.5562047799918057
3.0831383667170256
5.9012032052127141
2.8377701772517749
2.2915989143996378
3.4308453390128970
3.8680650516133208
5.0547948815602188
3.1818227547778828
0.3655549869456345
5.9519290966057143
4.3122038757702494
5.9014303232650942
0.2483242270246351
1.9042674563354913
4.9579703214633115
5.4745222864506591
5.8873160596538812
5.6374254106051449
1.6858729960778345
4.5434126027447501
6.0726217109806884
0.8027885027171149
5.1953075987187169
3.2530370910174309
4.5045082970709611
5.5052892227121601
5.8690578963516060
1.7657031063348405
4.5667010527702816
2.7933106680822295
5.5801476914088024
3.3510298248400354
0.6831465024311538
0.2971948140560657
1.4668409749408395
6.2696727773878065
3.8692353732796696
2.8651348629043394
1.4449060596860577
2.4723573998362887
2.9298273122822565
1.8487142871244517
1.6966306489927649
2.2937605217221395
5.9653718483915572
4.0705431505067642
2.0477718665156552
4.0164582442204591
2.3006250157386532
5.5123336271041099
0.3401653943964575
0.8679766058746912
0.2421192437667695
4.4789929718158348
4.8166866536644850
1.4097500089410149
6.1718377373571354
4.7690711262009993
1.3570845459337233
4.8201546411324445
1.1730524022293056
2.8233569669671628
6.0327062156480382
2.6808572627590332
5.4304570714706957
2.4696058471416404
3.3320175718079073
0.0710510594060939
3.9514744363420800
3.6895799780407041
5.2059983277143447
1.8905415400761465
1.8834702798862479
4.5589344282969764
5.2831413915119860
4.7630905791246372
0.2735969181470429
3.0060691797807624
3.4105694178925492
4.4029129012235435
6.0773406099318485
4.2256810825157487
3.5464338340257080
5.2577152009798596
3.0880469680363212
5.8705222499937184
6.2130088296216188
3.3254705012021377
1.2885597738740566
3.6191601779553717
1.7816136269522138
6.0254628980485876
4.2260093712276063
0.6299712874988634
1.9827556379841704
1.5087386370817344
2.5389118169281586
1.4821975455050245
2.6454226157365861
3.3914702086097304
2.5060745577552686
4.8135316264373049
3.1717114207152433
1.6574729933819818
4.8810612084725076
4.3716433012624014
2.6703866638452873
4.7166565857460281
6.0037413294816870
5.4620708255595956
0.5240597647686743
1.2446773847877124
4.4509132299078225
5.5835238180978743
2.7379064599833884
3.3559213557754854
4.6079564624784837
3.7521249880440446
1.0771406146656950
4.2458876557640535
5.0359090909330666
0.1179320239067675
3.5857040805124409
0.4341517242282291
0.0651118604967997
4.4862173722504002
6.1436714649451707
5.7969353324775819
3.3893405746794221
3.4431672389887682
3.4112031108055656
0.1197346470868084
4.5287774293961522
4.6235258033059452
2.9934904740529524
2.3003974167993371
0.9708498989283998
1.6214769574254966
1.2838063915601228
4.1689477049354329
0.3666985335915868
5.4729167859220578
1.8651627479875412
3.3840877292157572
1.1304028025809816
5.1382737786594106
2.3231429049891665
5.0105020269746170
4.0877271209838160
3.4472138076832701
2.1653977272873361
5.4433566344639752
1.7954426445131437
6.2373165123931020
1.9006102755667369
0.3082408496700252
5.2022838550541639
1.0404016123521180
6.2774198861637762
1.4833506746352603
2.0254505982988484
4.7239184058039196
5.1559038059666653
2.1839824394775280
4.0008527338118931
1.2404715219908873
3.7637335090147315
0.2993663721807500
4.8463466692759836
6.1121363369482067
1.3329493391763994
1.4902474080044961
6.1958489132754533
0.0994277636308256
4.9885695153694831
5.3910169089624596
0.7130907849813294
2.4071806556386934
3.7106851672745704
2.9654185641730302
5.7495039905280096
5.7611670685331182
5.5028379522478632
3.4147006964590449
3.7126260630745374
3.0999511557237409
4.5484326401970536
3.7608501404949473
1.3481921414004931
0.8922214664076002
3.4529560276381295
2.9200131506576801
3.2202926769910190
2.8090385067192383
4.6406230889306528
5.3391094392687259
0.5635873876082965
2.5054020563100208
4.2345463333061248
3.4812913890331885
0.6889130481041537
1.4329421760164760
5.3513824989002021
4.9961769740247055
0.9949112849512955
5.0950633086813308
4.7753730175544007
2.5634374008843506
0.2578434647802521
2.2942096532754563
2.1894958431852447
2.4874196962981556
2.2640162771645418
6.1837712437616430
0.8030448582897968
6.0649564533952631
5.2836835351211615
1.3423159914618406
2.9445193781339851
4.8478323790042559
0.8997150858861370
4.0882553960808030
0.8770958407621720
1.4276757904455715
1.5237407618057910
1.3912148825680990
2.1468725298817612
6.2434247996129670
1.4095231016439591
4.7138465542790708
2.3687870844052616
0.1479799349849207
2.7121853967666993
4.4512761322945558
5.3582521410827697
0.5493194670820243
3.4902787083957576
1.2608828144634596
5.2962037191935325
0.8307493836185678
2.4756418097911315
3.8171897821569987
0.1636756315983613
5.9584824543998680
2.5259862801886297
3.7861064645103357
4.9776742841883124
3.0251124464142785
0.9264673113307006
3.2926424236425156
3.9317911785931963
6.2670932662441974
2.8260420934980908
0.3837640665434756
3.9465959190439595
4.0517965210367715
4.4987506709647409
2.7144384823725516
4.6499316425646597
4.6538404389687908
1.7884644250918103
6.1971938733275156
4.2693899407295328
4.0925646695745410
5.7973549922707548
5.2595999806529656
0.3754906343571043
1.2550271968963118
1.5962508073313606
1.2771345149911628
0.1883115709986696
3.2433645402379634
2.8193843540156611
1.6527862229109631
0.1086991648630733
2.7486609210813930
1.4868873943485346
3.6604592352018908
1.4929134392501231
6.1010906043341366
5.6237088659049057
4.7146143849081241
0.9887880112845900
3.1148970898202037
0.6948571833458042
2.1487487200332867
4.3108432555096048
5.4043233843702874
4.4865758130190603
5.0024511352081937
5.6758810215755124
5.5915181934063627
3.2969983823335478
3.6189387237460688
0.0014410646482216
0.7714153776232471
5.1712376666968396
2.7421817865052636
1.1950916304764652
2.7680562678413763
1.2677389859905384
4.7301074198777666
0.4154288114459877
6.1838077006299565
2.8125390908654775
4.6750039019483447
0.0765505181436464
3.4359585509758324
0.0691869181092971
4.2524628795195438
4.2418946684275554
4.6276701435889134
1.0212564122556647
1.8911564769737883
0.5920156195856132
0.2301506451429214
5.3923302643445847
0.1756698216545368
0.5199005485834700
4.0766778729493875
5.1206650303659345
4.6070393795115354
6.1064862519518668
0.0337255276066791
4.1074751190878098
5.6546538379895450
5.9416680939534841
3.1694377488460588
4.4791698344555897
5.5291317490035530
3.2740839326555586
4.1999798597694111
2.0170102356700963
6.1345219134987543
4.0968880929425175
2.0358314436973863
5.1767860921223443
1.4900194286489041
5.2851950632311944
3.7316575742725302
2.8331494768101115
5.6535835990364225
1.2736400120085347
1.5644722510362763
3.9342104229931123
4.9114862122437595
1.3823746066927551
0.2567134291500525
1.6765094768962616
5.1925850896206134
5.7151228995215950
1.6546915895386609
2.7475960759221891
0.3729876012199906
1.5249558217019286
1.3672628435369554
3.8583998021864621
4.0432174184188359
4.0297863125162205
6.2041037951189466
5.1202142560104260
1.7049125614209109
2.6883769598186014
5.0831818485916473
1.4248239431231782
0.0600293363657603
5.9898480056858094
1.6587193903524495
1.0781784735574733
3.5870304204883183
5.5732430180154742
2.0843051277540505
5.6118319471192644
1.2233370947696769
5.2859870908500026
4.1543925541473685
2.7191050924874673
3.6207201735398442
1.8499992000835834
0.9497107552443016
4.8552701937396101
1.0798180567210951
6.1087454282585956
1.3563424313959598
4.0473840850207150
4.0878261386656636
2.5063983588780503
1.8383576630114240
4.6918167180726931
3.0599500119346317
5.1861453875348253
0.6672884686844135
1.6665648412665419
5.8852616979553334
3.0836842430168270
4.3953425519794784
0.7008499142733480
1.2513245194928222
1.2437925365799565
1.4135957471785598
3.2612992643175440
3.9225369463699189
4.1757158537665466
6.0807729965108201
1.7896101708212995
4.3045349912058226
4.9373797476220984
3.3584807399804215
6.0805572358442586
4.6537471110045967
0.9477842040216315
2.5228134884382314
2.3238912508823057
3.6102339928373639
3.6648135731279416
2.1290699292919300
3.4431531689626840
1.4322720653744461
2.5849748148132403
0.3930329776317539
4.8446350096851543
2.7124549117718630
1.7177698131506456
4.3556425376772046
3.6894865182437697
2.8786325681946145
0.8251451825736553
4.3708330842509602
2.6157532223778994
0.6667569178923411
5.5470289886580462
1.3928564000478836
4.4893839211836628
3.4294273182921655
3.6887890042912481
3.6460114913363162
6.1340815025426760
3.2112646698472176
3.1573270643811764
2.5168782975367234
0.3947603775116706
5.8957638723093346
0.2151885023462677
1.3845055490926224
0.2734442872720238
1.3927235326291902
2.0225763890958461
1.3897811720387094
0.3783473546982604
1.7772841924370859
0.3333920938677031
5.5767025418882090
3.3942657325480927
0.4010507465763938
2.0183319971536120
4.6774331750205658
5.3712190955394936
2.2721715698396299
5.5489050589613313
2.0718641158825286
3.1081710499036461
5.2910726481319621
2.7865711690986168
4.1613695686033703
1.7362293608263688
4.8070484845121326
5.5950612985191137
1.4316745771577113
4.7126665995875339
3.4666724571991310
1.5339761743496316
5.9402415917320193
6.0165446551494703
1.9516718707141445
4.5637260655320695
4.8504247363519841
1.4044816390795229
5.8420023668709993
1.2267753802708019
4.4256771628913043
4.3371505798003431
0.9530232770590183
3.6587766226314598
2.5044630064716462
3.6826409587881264
2.8643848731401071
3.3794218433033940
4.7280838256576061
2.1186172593900232
5.8114438279734273
1.3689486996279738
5.3327212578689824
1.4534410842470693
1.3933757063214167
2.7220281873633860
1.8962369389653300
0.7810395686375535
3.8878729466449156
0.2533985372900067
2.5796908859673420
5.9046139342903912
2.5402789547685889
1.8370932591253633
4.8757474332231547
5.2656183739285254
2.8510898488943961
0.4350806584269179
4.7187611594151235
0.6595684241646550
1.9599619987306927
5.4379246469950484
1.7586103151940367
3.1357529570899274
1.9057964599579966
0.7320734441423009
0.7570897928702013
1.9839599701239756
0.0616668148961548
0.2751028245670014
4.3108835068926137
4.2921121830192117
6.0142378825959071
2.0017377949767079
2.0142568601779756
5.0302253171195170
5.7000334215438340
2.8333215722235692
4.1309705213878658
0.3908799911421804
0.7293998212171827
6.2322807892911296
2.2101250309042135
4.1248390686583720
1.1462850690683142
2.6569233907632088
1.3569420794693103
2.3508814423769824
1.9975962777923639
3.1881581909570347
5.7932910378361511
5.2954162019176074
0.3196565078009311
2.1350431014397793
1.2379790381587916
5.1968444914530076
4.9115887288877715
0.2775532383244628
2.5862079027173914
3.0968311671594981
3.5536588570059031
1.3514320688188501
6.1189797095022049
4.2728656824487210
1.0284442123032440
5.9820114960288073
0.3329356800425850
2.0950856619940987
5.5101974832121039
4.3381585902751292
4.5552991653846977
5.9026927859133718
3.4711993843934077
1.1355670775968285
5.8364540869407788
0.8421494293660253
0.4754786993399989
3.5336261065203027
1.1573250388430152
1.7281309810096412
2.2437577724169357
5.2997792654673859
1.3803566340993214
6.0335591200886247
1.4676797851307255
6.2087626177148580
1.3576889383092670
5.4304958874617402
4.1506601375245120
5.0467776530615032
3.9106795787695487
0.4688508523046698
2.3653535662476255
3.1525053949088560
1.3408232117937755
5.9715229697026899
5.2714868594897242
5.4588484258232750
4.0676952018463792
1.4681851311016929
3.7659143173870269
0.6670972787230842
2.8624763966372981
4.5775944745531163
0.0314644616644852
3.7998918964508661
5.3974452309255856
0.3786592826930845
4.7608810403596342
2.9854764383175358
1.8262617153331482
2.4790944531624008
3.1978339047960596
3.5518346911051095
1.3739375020937696
5.7825428695356278
3.0698723400283612
4.7739009435165558
6.0392944374466415
2.9354811501932745
1.0977753657042686
3.7276338868391115
4.5412150579345782
2.7668464378498374
4.4501549401826788
5.2350239801557175
6.0067995110528800
0.3401061660134564
2.4515729534746038
3.5939483799259251
0.1010448973237216
0.7722131603269247
0.7988944030430539
5.4936799739278745
0.6653796818705724
4.1337628633085295
2.3841996977392763
2.3212131001746510
3.9027360656152221
0.4274677048757224
0.3970865129951914
4.3505264656196410
0.8217368028033021
2.4460392685899857
6.0098890886317369
3.8258988845844897
2.3847691526298513
6.1321389617692148
3.6573305678665391
4.9705574107018249
3.9209604116944532
3.0581875595308623
4.8827499822882281
4.6551353061581500
4.8974278026492755
0.0188726688781436
2.6796505002257454
5.9552948919191460
4.0826702436213047
4.4343734917958884
0.2748736964522345
1.4188562299277581
2.5888566551720822
1.4024072701325818
1.4681097587788030
1.4423435855156239
3.2972964157802429
5.2663102183937083
2.7510843736848445
2.0732309776241657
4.0262381727068979
3.8759271682631642
2.3805477874373175
4.1777566863047308
4.7735841972368780
5.0761472792876958
3.4691570812150965
3.7619300293170728
3.5628470400704120
0.7906678173042710
5.0506702009897371
1.1954572809629975
2.7214705973055984
6.2602631075255291
1.3040307594004128
2.3483767019954005
2.9021101707568682
2.4816120479876864
6.0292852974101754
3.6423381596640927
1.6468667334565910
4.0602284460395754
2.1399841651632485
2.3315195894059619
5.0574498396714462
5.6379754583257737
5.9656765459818448
0.8898528061913222
1.5082099968920053
0.6323780131906376
3.3178928038362758
3.2785164348169191
5.0976135088620262
2.1823199006244742
1.7237167802280806
0.7510387589764129
1.8334089299383003
0.7862261653522966
0.9022336187639916
3.7248706351794927
6.2229371464291106
0.5749606269291777
1.9000333508415101
5.8622021111341684
5.4756852871702284
4.8286300320240674
3.0830695436574125
5.9190585252005121
1.5992873375775218
5.6074901794129763
5.3191096865857181
4.9754320030130010
3.7666641924311577
4.3426824101553159
3.5414621828717152
1.0928056041140684
0.2293368344354015
0.9341811419916660
5.1720524364305884
0.6313430108596615
5.9902743927635198
4.3246133758747138
0.5196982464044438
3.9999800647702588
0.0417794718947576
6.2214566036847234
2.3908541604995883
2.8847022969852727
5.9736271228146132
1.9994222807829738
3.1244564385856637
2.0552340256194785
4.1321640203849164
3.6610060271090252
0.6631222262256258
2.7785329524184821
5.9561630795902971
2.3369735904979114
4.5293100929768118
2.4177841964394093
1.4859344009181197
2.5815400429267337
6.0492396307272234
2.8856442417251591
0.5454163401543840
3.5865766097080294
4.7158580216794155
5.9972601968161499
4.4660742347458493
2.1800936736237198
2.9096838219197729
1.1311972590504706
0.1699563515008701
1.5451955551047134
0.6157653991688339
2.1528732591675070
0.3351514871078247
3.3796816557988052
3.7935642933629818
5.4193479507081994
0.3558055452992551
4.9043138378980533
4.8312216209637562
3.4983600661235634
5.9803429839779332
1.8525332260241738
0.5926942829102047
5.0515348520157763
4.5166523390710385
3.9204558212270650
2.6914951910995173
2.9515996157093438
4.0827082016190266
1.2345620132154975
1.1306424876291570
1.9620367734530977
0.7442841621121472
0.5277282455234861
6.1767180758967672
1.0302579679513872
0.5336214343123901
5.2478832486859019
2.7201011287312888
4.0979762843943055
2.7938817641867950
4.6752881499013750
4.2226880161381137
3.7848594096258554
4.2759235709948662
3.1946904595464236
3.3185568594747705
0.9608814965871219
1.9421896241276406
1.9090641188079200
3.0189478887397456
0.9133435161270252
0.6504407181526144
0.3259192047312159
6.1878342853600525
2.6703055445068569
5.8873229200856896
1.4075781526884645
4.4886621809895608
0.2716618077602719
3.5766886499725103
4.0721853257868448
1.7138865399227037
2.5697263981283607
0.3164974803695640
5.6365187181455880
5.4217656906615570
5.6471846146397837
2.8997104076943740
0.4806131142767286
0.8328363944122404
2.7305696063999330
4.6115636038466343
2.4277847557678034
5.3432118131582742
6.0860242201880199
3.1308756151918544
1.3895907218155410
0.1371615310774160
2.5817060959807150
2.0917734287235912
2.8919850061637673
1.2086937784849638
3.8994234363815639
3.1261628654537690
0.4736135504122878
2.3095858835777343
3.1289682937748915
2.1765526038218641
0.1267601458162705
6.1813754715932703
5.1151875986568971
4.2392007821622792
2.2248664547539283
6.0727076558479052
5.7661163350792020
4.2492015512388646
2.8452767487585127
3.7785336527608155
5.5388871614512416
2.1898815775226081
4.9241910166104974
0.2379165088490433
3.1436625710407813
3.6110905170522463
4.0242022346755117
5.2181812958268097
3.8892711632676278
3.0804958738555173
5.7152883553780400
5.2136784532867821
4.8956659556810376
2.6215482531980610
2.5585489833583548
4.7640560200749231
4.6548612140943648
3.7807605263033954
0.6430145168612575
0.9194315474086031
5.2440583066457034
0.6818310372295222
4.3730314339575944
5.0172361124497247
3.1878683894635143
0.0003252641837283
1.6854532320900022
1.9926989607795080
3.9416575875496545
3.5043916007164446
6.2435821295016920
5.8139715333091582
4.5026093024907992
2.1959598379926821
1.6725334191626113
5.5388860639418365
3.9051048675085824
4.5479834092631357
1.6205915470072836
2.4746451289845921
5.4032030558453190
4.9327929644196313
1.5700615512367002
4.0835141495174678
5.1832491352162267
1.5665002326125577
4.1979653977101137
1.0977741073222258
0.4415873193868640
4.7129129432536923
3.7076051374498675
4.2504936561527460
0.7085986761393788
0.7776697180345258
2.7292209360792508
0.8711438118341641
3.5065994069896669
4.7341612404616393
2.8416843300867884
3.9093462259953942
0.4641763010049975
2.6760185376295356
0.4597897715307396
3.1351898319946843
3.1748618549445102
1.9176294400116674
3.9701300672853090
4.8627417322875273
0.0512921955070777
4.7463943460135063
3.8345141575427819
0.7212224764517671
1.0261576384858941
4.4190654600587989
0.4686821789966980
3.6106034325481655
2.6598806338850762
6.0767763671279518
1.4506304047578382
0.6179561721478052
4.1072376942530235
3.3699391320152143
5.1687791462748782
2.4261953811007859
0.4975067856315284
4.4569015135842349
4.8626768791229127
0.1435008917593246
0.7606784868271517
5.2773873174974009
5.0407529668383777
3.1855808925865090
1.7610495161580577
5.3981710253169464
5.0007865312477406
4.7427812321356928
1.2315811745517704
2.5126379069421332
1.1017476355766453
6.1755694489941781
2.6383556516782574
4.1739695831820027
2.8090869024152960
1.0439209934222629
5.8601798140909143
3.3691483731164933
1.4891067809956062
0.2264982532552098
1.1423364805202800
3.5233067174067534
2.4177819837233518
4.2895119024825972
3.7429666722494517
2.6088775287187858
3.3470372146240832
0.7160173258102100
3.2364020705305099
0.7934568527603511
1.0220517398286180
2.8777966390219585
3.2596194535830021
1.1700525122539325
1.8588089270241117
5.0983507115735680
6.2769196040757524
0.5060061264102430
3.8238295245675804
0.9748709807141582
5.4343870011356943
3.1207938133974835
5.0292348189566747
3.5223432700889510
3.2784620728885900
4.2351488740553664
2.1567524281772710
2.3378352716270530
0.2277170227209474
1.1166478485077203
5.0668557814110331
2.5163180052060277
4.4233877157960366
4.1297691723587135
3.0023688951757275
2.2576378685022114
4.7311640993201509
3.9351311952716270
0.3089163333768317
5.8901520041446904
4.8762306208796362
6.1690396428004570
0.3008400125283503
5.6190044850939040
0.6962994051560424
0.4678099757822655
5.8200270050596359
2.6193193182337016
4.2366455011934763
4.0243290079319900
0.1929337086206753
2.8067250581740635
3.7986797186357744
3.0669320118247234
5.9978408095500670
1.1619330560386285
4.4309533215022094
3.6104251940971537
5.4267194226850748
3.4005167006678549
3.4705487369592651
1.4158900265120407
2.0520243117158405
6.1813639659479582
2.8778404364477717
1.3194811829111504
3.0411072382859783
5.5558575606002902
0.1108279715327866
4.6898537067781376
1.7749895890343592
0.4906585625257188
1.3631430180361013
2.0834727608904644
1.4951095635871368
0.4901269038434702
5.7536257207889436
3.5446451314012779
5.1414457418910837
2.0366548364333079
3.7249477921244289
3.6578994953102355
0.8716983291902716
5.3591282397188564
2.4539368176543226
4.0249166494088442
2.0883148890130481
0.8937787858969717
2.4878793650144577
5.2958622162011508
3.7680135892921753
0.0368454743448688
0.4203081829294499
0.2965479591477826
1.9505010052662575
0.0393694901720511
5.6695317708777520
1.5126200815754218
1.8654602734324315
1.7003989348032891
5.8540072558888436
4.7981399319821252
4.3542319212288811
3.0058299699199020
1.7534321231525012
4.0243282683244503
0.3131043969445688
4.7616832662344297
1.6798454805412744
1.5596708990600860
3.5727112117087296
2.7975950578867992
2.0858894997764899
0.8732239996265820
3.4407228802911130
4.3710549540119423
2.9201140920334430
3.3942737380870396
6.0115284556953252
1.6093898951105774
4.4269540669721916
1.4996014090308298
6.1428412729476118
2.6264412179446426
1.0520535849594845
5.7995340546890004
0.1512698744065606
4.7388499555825190
0.6427504486692329
4.9090986875855762
1.9565663711508636
1.5880987318498869
5.3985985566749202
2.4138016585391613
3.5371072310944345
2.5204656560243728
5.5858015012473228
2.1012584631226163
0.5722348694427750
3.2981596976295751
1.7507938856920167
4.7092412708132763
3.0828145251480259
0.2997261480605558
4.1094350474521164
5.9385882940936341
0.9504043290708333
0.5025496648976377
2.8647849505052569
4.2759359964347565
4.5540633166153901
2.0169239422022009
5.3059932727341383
0.6197159642863951
6.0216914082050179
3.2977508673861338
0.0345585923890510
2.0298598029660626
1.0338903336662215
4.4977172691531244
1.3357205116166511
4.8695450395245530
4.2469966649147430
5.3366752040865491
3.5745692792156363
0.3466715759459822
3.0348529616797824
5.2498184078571022
1.9470810781701267
2.5020644496074089
4.4649692599759048
4.2643322973996867
4.2060090568521522
5.0723229756062684
2.9644321655506185
2.0486940910286302
1.0810844957245787
4.4664874287259879
3.5671215142603541
0.0114480203485246
0.6970007743764269
1.5161254777558251
2.0393709058615817
4.4361153725098781
6.2631184134232560
5.9738181302288496
5.9153732590042365
1.9471925446784275
0.5972475210636018
3.4825164725194724
0.8415434963423853
1.0720902408219068
5.3523226396171300
6.1982749301175675
2.8003999697719673
4.2202236198629102
2.8637165968615861
6.0493968356839263
3.2939048536778475
3.0083980542101507
6.2122827090199833
2.7984845543073389
1.0192352358828587
5.8533855750614094
2.0057667209598886
0.0887133327104401
1.1386295636653663
2.7109524993859409
0.8722836056607048
0.2722031331748181
1.6668373526903775
5.0059238360737561
4.7152013693043155
0.2334243013609259
6.2540312141613112
0.7606269949137228
5.6794618001508903
5.7117603451192904
2.6114430889690294
4.7161292196666080
2.6598156425930251
2.0402465392821107
2.5736907170685042
2.2644969721683381
3.0500413592946156
6.0737606138301068
1.0494423216828459
4.2302450334687727
5.8229034281706307
3.7421665482525999
2.9896630943556639
0.0825538208725548
4.5076297807535139
4.9192700583563189
4.6888977262224287
5.8868230049739845
1.0044186188219684
5.8521997906566012
3.7671019228464004
2.8122298233267364
4.2183644129114137
1.8979904114860744
3.2955451987678313
3.8040442250294757
2.7207069407291602
4.7728138837285377
5.9815812749692476
0.7538912230884028
4.1379199268180633
0.0566794013843153
4.2736996627591495
6.0905218004682196
5.6418433899396705
5.7932602349249507
0.9374098348720530
1.1794104170078221
0.7220693320836857
4.6901073098330661
2.0874327944708813
3.7220438706443382
2.3977353276076778
6.0887150705062458
6.1607352973853668
6.1166436707999692
4.4561760896280012
0.4821413730579194
5.0677712651644606
4.8485671960955496
5.4956418955311541
5.1415923445190801
6.1236184369401210
4.5301337930593366
4.0169859539772359
4.2804188321722103
1.0274135992963092
1.3394386755953818
5.8050472827577648
5.8800724876534272
0.7325084631463114
4.8879079016950548
1.6200479598063737
3.8798622314409030
6.1560482764551532
4.8421370678908540
5.2723579078263603
2.6272721161369494
1.3636875841869032
3.1966759787105210
5.7179404236831761
0.1431399594106106
3.0582732197897387
1.5586227330712483
3.9594690023207386
4.6460593932139611
0.9509141572181972
0.5753591049221338
6.2058876528371760
5.5070821593777524
2.3552572837004253
4.0964810216882039
5.5483347170626383
2.8795664440867590
6.2368543015348079
0.8345471217963735
0.6899420375371691
1.2718585210372522
3.2068791357910111
2.0802348450253612
0.4449662335236722
3.6263325831488804
0.7233629168157921
3.0491304599062423
3.6809781069663687
0.9359668881701692
1.6641900482683085
1.2433139579064125
0.7535453194021990
5.0062516573095071
0.5245196248167464
2.1744135780247578
2.8415729977832083
1.6350434292954408
0.8101691449717442
2.3411386271715822
3.4052576385037696
2.1473209508801361
3.9255094727394124
1.7970426179053405
5.0166991112212136
4.6653042489640182
0.9581550131750139
5.0898279838674494
3.3141306403945818
1.7060469719224982
5.2319882855776285
1.4725251400432460
3.4440041817636620
0.2611595196190971
0.4583346911759900
6.1456394323062078
5.4278776190599922
5.1876146849968734
0.1403329466862828
5.3447251844537931
3.3632725126480612
5.3121987805227864
0.0683597810873287
0.1662122924225020
5.7657203440346283
0.8281751615349119
0.5306278122369235
1.9589324413282070
5.9953188971549407
1.5428936526758252
5.5522054996902943
1.1253073027024356
3.0215911569851244
3.9128072578480801
2.6825061157477426
1.8693882363664653
5.1471644271881312
2.1929878467724184
4.1428564470678584
4.3532357611505219
0.1215171034144486
1.3490936308403028
0.3443831788953303
2.3482315225693768
0.0771244661867148
2.9271474236844264
3.0863939113252594
3.4898304887801594
0.4683178861622251
0.9884730303401025
2.5497904207878541
5.5071776809344106
0.6098316351835832
1.3478753638861587
4.0499506663336673
5.6903993374427477
2.2813045212063781
1.0919009676332778
1.1283850849119681
4.9765395873341962
0.0074792998295876
0.0266470382434167
1.9382470735520592
5.4122832658833468
4.1854561400410937
4.4389374052786028
3.0484906808016237
3.6875115788664603
0.0840470888776504
1.9468502832648737
4.4802930651406232
4.5476189388909170
2.7758876702786202
6.2816286145437443
1.2154334128518791
4.7241474145792735
2.4686018745134684
5.7607911439181514
0.1515544605972084
4.8759937635411612
0.0917676278369196
3.9423325717186297
1.0196747400583281
1.8960542980656272
5.5066866203850848
1.8284807833116057
1.7967066979057644
0.2554290048067654
4.8349595155882055
2.8106710476092700
5.6945590541751878
0.0907715495050773
2.1138622147568773
0.7217971931771416
5.6942094000468684
5.7080694428097658
0.5828384044989807
5.6104108450914065
2.4752438661240581
3.0038667989958534
0.6429100369578313
2.0893219445497730
2.9788492134696649
2.4233067741883709
3.7501263765291486
1.7795829169184609
5.6141296142299071
1.3541410622164172
5.2749824313261309
0.8303654497828328
2.6846647532714534
4.6870798123207109
1.1974824727524738
4.4029950950611756
5.5387831452489174
0.9023809033669203
5.0602560244664865
3.0638718598838763
4.6316999777974646
3.1400369748794641
5.3875080372192130
0.3360837761946459
3.4793642561064368
3.8899448469068711
5.7990232396964103
0.0605342278898656
2.8138250375088840
2.7337880098366303
0.6935815182076075
1.9516937923877409
5.1914328802959027
4.6656827965703345
2.3794951330361349
2.0083676189867714
3.6550433657547070
1.1144652717255037
0.5818394942616342
1.0330634020198111
3.1507473586205017
6.1002702206615202
5.4895325963546950
3.3077437213712444
2.2165186827853240
1.2250390306879213
4.0855776706823486
1.5342075362376710
2.5919881612261793
6.2492489702892380
5.1576639265106268
5.4897797447284500
2.8363597019163658
2.9388277900703859
1.5684229087297807
4.4306485990800786
1.8219103786341828
1.0700308581150035
4.4082807987791073
0.6801428357945962
1.4074971406018564
4.5849601271191327
3.8590502054022608
5.4792752349294460
6.2388916163110570
1.1355062824318962
1.4604165302001035
2.5215110404944894
1.8741490299037207
3.6221220629186206
5.7105350317950716
4.9174287821751967
5.9214825959092616
0.2573665845251774
0.9150429337028859
2.1127775090673908
0.2761938965408818
2.1161829103203709
6.2018329894258404
4.5489014107696670
2.2782926381833328
2.0612776727732469
0.4182527612550820
6.1025512236844497
6.2692798540917094
2.3078303837645797
4.6022561806563376
2.8257927005841599
2.9623900784205257
6.1310542551519065
4.1577947741092132
0.1775425517783386
0.2137961074156811
5.1973729459974338
5.4838754776057668
6.2174810091870523
4.3009845503340589
6.2489126359448592
1.6367788593454595
1.4348252104618275
2.7087618637075708
0.9320347799200440
0.6612180045727002
3.2200256766252764
4.0550280385472108
5.6784765873556973
2.8437815134213538
1.0831567415809698
4.9360133138065523
3.0473860536544426
2.8988458225133376
1.4547404581522692
3.6569527423032913
5.8082145095096420
1.7147387905890807
2.9418578372629045
5.5022707798921227
6.2443141897577874
4.3706568905543737
5.2992354395850851
6.0668092801845344
6.0695687758841350
1.8623636169526565
5.5566987325644757
1.7345047174126826
3.3830104365191267
3.3404318387419099
4.5763231843464416
4.8258516572552308
5.0156704713905089
5.7723473690581546
0.2422537802341219
4.5564425100034525
0.6884012874040388
3.8984007311201463
0.1506625140402567
0.7786976070748284
1.6593999189714259
5.3855956953670603
2.9227708695735330
3.8539052992339249
6.0681256242511283
1.3315866029165866
2.7684375086620365
3.4840177245591342
4.4458946692212580
1.3437227747375622
1.2458137341067674
3.0344658709485062
5.2348573504787357
2.4568977490458930
2.3543556956991880
3.2904865886705386
0.0280754962013063
4.4523303210419147
1.4645991366077182
1.7789978775136821
2.2290312832862980
2.8658540732574904
2.5728308234712998
2.7395227906993691
4.7612872896180622
2.0782036550227216
2.7381893935766706
3.3933270519011507
2.6953515291584846
3.3403958452701548
2.6115795281378125
5.7152117626868515
4.9237588475508689
2.7270466423487298
2.6767337392138231
1.3949894587859857
2.0683451944373532
4.4534637481426032
3.1760901340991810
0.4303148514378941
3.7814895992722826
4.4623995143637174
2.9032198240131528
5.8089363088818047
1.6944975147762880
3.2802937923894500
3.7117742882677018
2.5883074315075825
0.1907871874818012
3.7729608577402520
1.4458010509493504
0.9049079078635069
2.9981591521373376
4.3169435777216787
4.8278556980408380
2.2078347345445102
2.5665420603451676
4.1791678130277639
2.5628539632524432
2.4852952489406404
5.2129902054493886
4.2151002170852800
5.6508894102656457
5.1304115416691172
3.6750452430097367
5.7012238398585096
0.4683122942372649
3.8671122060809866
2.7895796512890070
5.5715136333763713
3.6984276771255007
3.8809335143198993
4.5150987947351737
1.4294409230581941
1.5610085832827845
2.4191978496704030
0.7630128076735327
4.8889959563060161
5.4100492278982282
2.9448814811975361
5.7516269271033096
0.2021077967350172
0.4340307798502429
3.7813925350492861
2.0242591151750289
0.8590850801717620
6.0653087664282879
4.0238586847168811
0.6181159621536320
1.6827513423652856
6.0287924413197160
6.2654692663428095
5.6342210868262983
3.1107063839610523
0.5991678022517075
5.5342760911793691
1.1577227320099619
3.3203438550706212
6.0567955790356693
6.0631514630399348
5.1374744976999756
3.5893378999364081
5.2320312335164898
4.0224464005573335
0.4723080295232409
0.2101069212579019
4.8654972905267542
2.8211152594248379
1.8768228450479651
2.7419509726323241
0.8401526304813822
6.1584858680077064
2.8234367698173766
2.5012953886957514
1.7624872181211464
1.7307012822066179
4.8427977569083431
0.3034740683842413
2.5848853257665652
3.9331105660831276
0.7797308913803802
2.5982015944514760
1.3334330327468720
0.8378584591492065
0.8815852728646159
5.8284257740632235
1.4809489625837808
2.8835763535207053
5.9965612368731485
0.1684497222753512
4.2238125959815571
3.2333192008625882
1.7594082766034538
4.3966811622870594
5.1788581818549586
1.5399428431780802
4.5744599440926361
2.1590970279699255
2.5217910833163204
2.8276237648805385
6.2550052152416056
2.5925923148888832
5.0259084802924319
4.0880369967386345
5.9244216025029521
4.1950910351000319
4.4245296705680417
1.4419840942221518
1.7958744655169141
5.9581357837175783
3.5858286127497170
5.4257605745527799
5.2523044460317232
4.1451753322246150
0.2099889222559555
0.2941626744634296
3.2439163711614345
0.9251419150449265
5.6924723935995374
1.4610362638582424
5.6722249756462650
0.6992670890384913
5.5345139019541252
6.0741982221739681
0.2612116780755168
4.2075318309737302
1.1578154533105705
5.3481606758626539
1.9802663737404909
4.1439738858900768
5.0584225968280538
4.0926440790426435
3.3904815903902032
4.9490527141244574
5.1627516354244527
0.8016636944111316
2.7126875956137786
5.0662557920916669
4.1278490962889558
3.0848682877387912
5.4033474373219770
0.4622564984847424
1.8435871212919273
1.1120288662465014
5.4012751017835106
2.3178775981059654
4.0291696929473728
4.7540007867744913
1.0730451213170460
1.0267702922780624
5.7582648257173137
0.5723629873333691
5.8848768423928339
2.0791087517826101
2.6929449477116574
2.2690792009668797
1.0413008141066273
0.9847101291578073
2.8131493635784257
0.0464874788689508
5.2957662277998407
2.9289301448020253
3.0513414192699524
3.3198383393427737
3.5460249360483251
0.9137393219613733
0.5418469228087873
2.8402910680432165
1.7456344491821048
1.5836266629463158
2.1765378064962153
1.0046329473120350
5.5480770980018166
1.4303100034158458
3.2385755521085566
1.7090904976489611
0.0707530816059926
3.7933255789940818
5.2266157914397713
0.2681583319137569
4.3598703200085964
3.0475683207194071
3.2584306047468403
2.7439726789214647
2.0717183742580656
4.4272816066252361
5.5940958817009196
3.0264691291346639
3.4553963616663048
3.1829711984712983
0.8225633337008831
0.5236619826768907
1.7272884138353370
1.3858720284221666
0.4078478301077916
1.1994322711966996
5.1372003896429606
2.4582121576716225
3.8724797979733889
4.0936523730292738
0.7558773493535047
6.0337728692788906
2.7319768513588940
3.8003919067378962
5.3351886815273151
5.6503359686230361
6.0508260525365207
5.7427221203079890
5.1552676975149181
0.6051239298598566
2.4966322432174408
4.3471183608097492
1.2118675672706105
4.1216003244879502
0.6572528755495193
5.4612051921731304
0.7684302705194755
4.7490419907251047
3.7165539176478899
0.7967397534116892
2.9655550445130219
3.3606891762053666
0.4448997580196888
5.3199222678575406
5.8985881949694701
0.2835061898350364
2.4658433839534628
5.5424751176765623
0.9088500757256164
2.6096030932015517
2.8490013665431024
0.7948131057236018
4.0243759274484550
4.5250204791810296
4.1938390595904211
1.1167655666565373
2.1090820904380934
3.8542970326561043
2.0564766722001524
5.8261499073940586
3.1255254061752940
3.1258856710617997
2.2569093247458714
1.1860283239845848
1.6703650533826810
1.4799108416866253
2.3475527492641737
6.0695371179320770
4.2977047490139233
4.3934328584215523
4.6247784942197310
2.6556837126217965
2.3913843507608168
3.3208352958300935
5.1972926956090264
2.2905254734583114
2.4225548469692857
4.6512245079835699
3.3999166988814751
0.9267830954320371
2.0573353796855476
2.6136539951665756
3.5688596127940801
5.5102408890715049
0.9149469195877746
3.7798300749698699
4.4474405551348388
4.2894809665776137
4.4633620744151425
2.2874257662991240
2.0970254261264643
4.8459212554451234
0.8760822027679436
1.1233461076911431
6.1331984736163925
0.5209149255548247
4.1000730966577112
4.5218257993364999
1.5588076949787779
4.3079966608566256
2.1564549387360867
5.5646634294154804
2.6041541300377951
4.0348847529415988
2.8213993230825740
2.7837568356913569
0.1047605232789518
0.1532739346894549
4.3557565085199830
5.4066025945906881
4.7740512444340615
5.7127774553075268
4.5414126587910522
2.2359438419728237
5.0236638064793580
3.3935920545128822
5.6507135249778058
2.7489110212049077
3.6392475227735703
3.2618851202638970
0.5079720723558367
0.7502923857453928
0.1942332418656364
4.4903633911210390
6.0625261955335805
3.8416238601839119
0.7891176113934045
1.5893229651950935
2.1166787555312130
3.2567726359556977
4.1083472636871647
0.1972840296428407
2.4277812659313138
6.1975945769248151
1.3507884300972777
4.5727650808193507
5.1119184725174938
3.4025916182072278
2.9593455723266766
1.2587398564112153
5.3637435372174833
0.7258815122685013
3.8923105305389316
1.8691620839504990
1.4629136325363097
2.2954909432718287
3.7099162281230211
1.4145468484156289
2.6080450194963474
1.0646222535492162
4.2932965046394056
3.1385978027952897
2.4874279523830154
0.4960326718917938
0.4132826494123228
0.6886425649161290
4.3094644724108386
2.5269175871341485
1.1564659972205267
5.1615664411231030
3.7314351058086501
0.4902585125160717
5.1860961986773004
5.8626038773194367
5.2226619897641111
5.6748797104084305
0.7480909796209219
0.4834557281042566
3.4128945030667701
4.4587156604795863
2.2786722408587972
0.1276519732394666
4.9325918731716492
1.6052463453308961
1.8628169035316939
1.8315813397742275
4.5741825915472170
2.1730708969923880
4.7652794822982401
2.7315787719770492
0.7162481505220903
0.1073214417262772
1.1169851009906433
4.1354806756424205
3.2226139508652283
6.1641097226544579
0.2747933652712830
5.6500857402836768
4.4009528591081608
3.4171285815383583
3.8628753412383174
5.9668718156446330
4.3419422736997602
3.9671108569628490
0.1722984282253105
0.1737910398928710
0.4354921314924690
4.5551275612844213
5.1202118661651976
3.4509749440156403
0.2646884658246805
1.0804018495212586
5.9497632214469487
3.2621110364782804
2.0964077307979383
2.9372539834445499
3.5246161353566405
4.1813687020644954
1.5582048542189870
5.6473021685788805
0.8847814004179159
2.5108124243041092
5.8667699607982629
1.0824136827632278
1.6994797453431327
1.6205816729218483
4.2560847231566141
4.9099584779305792
1.5294539651431434
0.6278816846431250
4.8981365249226982
4.4604984440130178
6.1131053457525715
4.5809268832360504
3.8177321195837903
5.2041269910783381
5.6322610589223494
3.0332960790679708
3.1247827426640149
0.7317700022535862
1.4648737101454408
0.7335472103158378
4.2447005397069644
1.9256412759635675
5.4867718528034120
1.9289582426286853
6.0992249622690204
3.1838663350110838
3.1999224402915716
3.0649284310868352
4.1347491865831030
3.9997440001477274
4.6932712991345840
6.1897025576637947
1.9476058271242733
4.1972029541091889
0.3012151300867221
2.6425249865701317
0.3472568727335153
3.2685228649400959
1.4799816630894902
6.1155871333913785
4.7311462747296176
3.4370796227829215
0.0896526385393178
2.2861859567826373
0.1581411666374548
3.1259209184643248
1.9095765678717882
5.4656920921318086
0.1827849750353193
0.5027814327563590
0.3653628723200213
2.0582188828553454
3.1038955129763117
0.4684328306135701
3.6813904163889379
3.1251634378379469
1.6958409679880080
2.1415519981234810
6.0902084219021688
1.2660412727824761
3.7030951426925940
5.3553069425951554
0.1233178935042101
3.9479475155956609
3.5538440787374190
3.3362412087095965
3.3772457962088898
5.4095805004739370
0.5569523756137760
6.2402756168408438
3.9983030190074795
5.5754267584390735
1.9993987055653024
4.5893379217452290
1.2619420306945910
0.1454836229063375
2.5129610478469875
0.9721631341325191
5.6680693584997899
1.6977353142926743
6.0469033742909302
2.9223925921672511
0.7237046042222918
1.8678154958745874
0.3320827698969118
0.1485026206496885
5.5679934595447973
5.8455280785163222
3.9032483082694482
0.3908806924567976
4.0145092156439652
0.5131377852566757
6.1499559614927737
1.8856634150666907
3.4874168147201536
4.4541931146333980
2.5412955205632022
6.2028939476396365
6.1805328333982921
3.4135983715431233
3.6198583178265173
1.2588724514864793
3.4267220972962131
4.5287449763714722
0.5171214556660038
1.8352515257102051
5.8367722450804909
3.5696960454559923
2.5631002062135084
5.1375552141771443
4.2358607725675101
1.8686435204972829
4.3727326287367019
0.4177602729401627
4.7261976288241838
3.6582516160508431
5.8530850877096006
2.5810313780930612
4.3987342039715607
0.1976338606531502
2.5225835946152877
0.9662868978370047
4.5949214923877983
0.4292581413956100
0.7024709559005472
1.3531037300580937
1.4878951105734441
0.6373592538513652
2.5840817704818266
3.4636630255857761
1.6112860978283583
4.6529954351382310
4.6284421257862549
1.1974804279802012
4.1979920574695910
3.6552733220151392
5.6224078539272053
5.2123686440966983
4.0171787099388734
0.8131024365839126
1.5052194290606031
4.9709520897954436
4.5306281024260304
3.5491677000221800
3.1126254943606910
3.9278218713790358
6.0651415049836110
0.0577860862190154
3.2577613787013533
0.2695768780572088
0.3435079959797451
5.6466540976051922
1.8650497432040913
1.1035895850550055
5.7460199173992637
0.4841854928689627
2.3953997759984662
1.1416086699473325
2.8111013440762234
3.9186985394180676
2.3492109426573462
1.7489970907275061
0.2835045430246217
1.5415945581983279
5.6504450682707299
1.2977841479690382
3.8692425986327796
3.7051746053816359
1.3936072585295243
3.9238513773143819
4.8614657209675896
5.5670569877260769
0.4161778744638621
1.9312081224019937
3.3087853056285548
1.0857109442995680
4.6603505572120936
2.3541953924093688
3.6159797022901943
0.7990454097749403
1.2255016505780618
1.9046233916066269
3.4300295103407232
2.7033398169601925
0.4837841219472659
2.5905782873432863
1.2992941814166510
3.6902856840585603
2.5978896714723985
3.7205234233976054
3.3899441396331089
1.9783158731770203
0.1085094677908289
4.7806336057069023
4.2634991131038475
4.1554840035445988
3.5930154446734894
0.5043370741839379
4.6904267045039045
2.5767273578463490
4.6582741703923762
2.1809437460188503
2.7400641614168122
2.0218530305187929
5.9277469357218546
5.1400550283748743
3.9074888443629665
6.1819507261214062
0.4257250397627733
3.3017739574636993
4.8124931455043649
2.9325668852089239
4.5159218383050845
2.5994816091922424
1.1622594827917523
4.4160212737928823
5.7562276372422110
0.6803767010221469
0.8018208650483304
5.3085163166239404
1.6166035886666883
0.5142835015930790
2.6540093263958289
1.3516350382702538
5.1949842497898775
0.1735225195238302
3.6544992911663581
2.4133784699186220
3.8977177026661392
3.5602796682562659
2.6092706512004953
2.8999519843511785
2.0592362633830414
3.6333462796454272
2.0616420109388778
2.0143018627504055
1.8812199325036627
5.8815787384605134
0.1504296474678176
3.2726340923617117
3.1348745152294857
4.9002056101583520
0.4462424937490178
5.3915190432982438
0.0471796188163165
0.7795200436525307
5.6127695676701954
6.0852527059554147
5.8531641817507367
3.9250516024933009
4.8673749759244167
2.9993650108625509
3.9986198489371660
1.9164085691842805
0.6008120273630664
2.8169555053870718
3.1667550294427484
1.9797456904039563
3.1124215408039100
6.1781882845170557
3.7602814525695267
1.7409562441458477
1.0623967762446216
5.7799424035720079
0.8486626921532729
3.7067927362932709
0.8720038860955882
4.8377076414090254
0.7327797441206816
2.9577181862613573
1.1046840068664259
2.2480732615141004
4.7999336765617482
1.6924697829277009
4.6906032683184744
5.7209704235262295
0.7401009432811048
6.2632364879421356
1.2555498609554177
3.9301608895872575
0.1553168119109876
1.9298560165148264
1.3997155010113498
5.7754850947979515
3.7235246157842123
3.2725934937859429
1.4858819676658193
2.9364969361731492
3.5571270350619781
4.6336311738893823
4.1608678916274817
0.5598916403085901
3.2158245478563612
2.8947364439781422
1.0603510244894887
3.1607026960618270
0.0677416186437918
6.1884275147456158
4.9794304990100384
4.7943956733261901
3.2329992220170198
1.6670529470679210
5.4544009166210321
5.3464067084088995
0.0366707689800538
1.4384434886786186
4.6098055513089360
3.8702950052181726
5.3572392887618658
3.5596201875850904
3.5405221525279784
6.2598620793435202
3.1500494091132776
5.8550196968114792
3.5052597696460448
2.8944555367354239
3.6475377879089002
0.9151618397016671
6.1869296654254606
5.9387956858106810
4.9391599205781267
5.6205395511739908
3.1054685576778822
3.5426572876730287
3.5478448323976561
4.0474006369511155
4.8919905538669317
5.1493424173174720
4.4856413273916180
5.0029970040894591
3.1419667881272462
3.0914302059208842
0.4039067493444967
3.8701173747335962
4.6274149843887624
0.8731588181424755
0.5992758424267871
5.7443900357014703
3.7673663682121750
1.6480916099343650
1.5671419566879796
6.0754346189296928
3.5772943694585941
4.5354248654647495
2.9520734810919729
0.2806224881837819
1.9633872838117272
1.8579527974230385
0.2400897112000190
3.0092226555695358
4.8712549859915892
1.5625456404691813
0.7681980938611055
6.0222924464539433
2.9820889038008689
1.5346494074013299
4.2207904321279655
1.5899700126890828
4.3865679369817894
2.1652894474401365
5.9085056346194502
1.3348736444211897
1.7042045750215977
6.1639825104717421
3.9382312862521784
3.7088359727406348
3.9056227434479007
5.9309235536205058
3.2286336683292087
2.1111772620679972
3.2745946665412276
6.2086097061208134
4.0409228017535286
3.3493403436454727
2.1949671886568702
4.5592261763301467
3.2840670531925409
5.8059961263447732
3.7407160030155810
5.9645622277230199
4.9758802483737670
0.9712181645166588
5.8911795957754514
2.9340359846972270
0.5846559949298379
5.0774890549918155
3.5016546238694692
0.5341379750747423
2.3294698943187719
1.8741445371524947
4.1323984931406619
1.9672411226177626
4.0628049635595493
5.4701699450680490
3.9597429298630655
4.5460635243390923
0.0964855335867171
0.8330718902272372
6.1481737718696952
4.1677568612341185
3.1059096672293776
0.9171650294641378
4.6059682036972314
0.4088869414028774
2.6155003869594151
1.4525795595678788
5.8856859122779452
5.5457405046596886
3.7688217043764949
2.9820901180570383
3.1056880922467447
5.8317256879334023
5.3501272885738782
0.6136800666094471
0.2151195174228392
1.5782171409015724
6.0530195758654823
4.3444227566583091
3.3934244591610860
3.4003430892365105
3.7637050610714478
1.9641535507587242
0.3835657037328842
4.8289096438718380
4.6961070401172735
2.7694115502476189
4.4394315420323407
6.1723170347727994
0.4745577431065680
3.2652874015823583
3.6051491431469715
1.7948745686781187
0.5517588619477556
1.2855057433139125
0.5330863760279939
2.9383123593305478
5.6645062925488965
0.1636211464020541
4.4066778906538744
5.6732411846715864
4.9917652642835240
0.2846590531572381
4.9102329704897221
5.2580935857803439
1.5883591741790801
6.1129126049806350
3.6648350813781558
4.5297199560481554
3.1581354573141356
0.1830836688575910
3.4141605835389974
3.3109712952271093
1.8790774106103583
0.9635296672071791
4.0872483103127228
5.5938345317028082
3.9886140383240951
2.9976186935881954
4.7495573953468355
0.2077588395589642
2.7919569390901788
1.3150334051692314
2.6844825783243054
3.3318499775700743
3.3582167018109268
0.3035357116256686
2.3183475173621630
2.4357091828274098
5.8138540716269693
6.1969479768559417
5.7326436608201412
2.4957820798836381
0.7158020405343828
2.3967856497608002
6.1713415284435778
3.9564309224633125
4.1566118072539338
5.4167477616415747
1.0885826101534894
5.1729279691476133
0.3901574077562531
1.8090294609364084
4.5348895754281529
3.0173341070302517
0.0433375374258387
2.3347818503892381
0.0927241305632849
0.2397719488536607
4.0658941000378794
1.0565679729284618
2.2200798683971312
0.5248661528601730
4.9913760274049048
0.3908757945059109
1.5728002369865342
0.0930194704393347
0.0407918155883490
3.0137500111953881
3.1019646332337003
5.2047829658963662
2.1618660994733969
3.4945672122348865
1.8538726611549601
2.9150351844170950
0.8268444894410156
3.7468034168432922
3.1253369569653944
1.5935302434597156
3.9213113911788380
2.7244081405505822
0.3823094723811618
5.1956833496641153
4.1461913621005202
0.1768731092229645
4.4411776474599609
2.0685710344953838
1.7110538411417076
2.7506315874160872
3.5106745205396686
5.7245508424089238
4.5185220672671704
4.3720443479318911
3.9437532661878718
3.3263505505170001
1.0264790756671112
5.5543926745539656
4.6014021331465340
4.5316744693112812
4.3905195173520468
1.4200558179444354
0.2856596497795154
1.5309433111360971
2.4638807843192492
3.4889918012771974
0.5808336869338628
2.0569638155347043
5.2921126817467030
3.4592141168266242
5.5506817009149163
0.3337612148688319
2.7821323288314574
3.9374438192464605
4.8789574954472776
1.2638593145688399
2.8050705555573510
3.8501318026374394
1.0790239266991666
3.6989697371129862
5.1552601010579595
4.9960475615981492
2.7012464184900660
4.4321897641964174
4.1161727060437308
0.0172869537399240
3.7232515352425972
1.6832053373960043
4.5032395124587650
1.9847863333759115
2.7627669060217386
3.4213647678749779
5.1838431088951875
4.0698849895358125
1.5348105482666312
2.2831309526093762
1.0483496492992497
5.7344576155120697
6.0937746551345553
2.9226228212267329
2.1239025019022164
3.4462813281408557
1.7739100564124324
2.3867549466215467
5.2146021286216833
5.6896377206512323
4.6935983985425516
0.4684471344872068
4.6870871367545055
5.7103888941895891
1.7683492958659182
0.5685842452755507
0.3173999001938875
5.5797135219327876
6.1041086964058984
3.8770867194075711
3.6627137718854175
2.4714527307231982
4.2083126594493994
3.8281484507639889
2.5174047422947363
0.3070575166274815
2.9621031913568618
4.7706572786098915
5.5147307184243575
2.3370551251582010
6.1026635293867608
0.8180983794305700
0.5263301604011530
4.4339264926426445
5.5645594867709738
0.8709870681952698
3.0987744809415174
5.9312993536008340
3.4031871767519086
3.8005992427111566
0.9925493889739878
5.5502801519210410
4.7820389200417672
0.5316285283441938
4.8048239413393858
0.4921289013510304
3.4439724389115129
1.5159647443163904
4.4124818577129785
1.5881905284665994
5.9617423572421364
1.7063291991075187
0.2945549297114656
1.8405835946593041
0.1086426600984200
2.5515514921108271
1.7861298690186149
6.0506646859615092
2.8204622400770765
5.7453657396290678
2.0798493203278121
0.3706232599657918
5.8135063610912985
4.7204761345409656
4.8617438722972661
3.8954038846698302
5.0462739226887727
3.4213308491452370
2.3900713425045423
1.0214058886388067
5.7004658059272471
2.5451965309423512
2.3130855517785061
4.5312430854404306
5.5118420411828861
2.7890207886735490
3.1227316553342654
4.6714802063221752
0.5966834741214312
2.5849646599340792
0.9532543558562234
2.4201161610588438
4.7980227770469908
1.4455657067171952
5.4091492746109040
1.8017538074074606
4.8929132935734598
5.1103099687160976
5.8705695199418670
3.4240200766695272
1.5021696185395819
4.5850469957228386
6.1771770709324718
1.8678911941283542
2.2948802696759940
3.1629822621885735
1.9725736343777083
2.2236277376905251
1.6847754210521446
3.6756994052677570
1.5225726766527916
4.1857820227709412
3.7951685411154359
0.7894688803922212
5.8469282820462967
1.9974869925127694
3.9541589145041751
1.1559587328527385
3.4876800618107913
4.2112732188504927
5.3279803411058175
1.6522666711582639
0.2745821489313312
4.5070410184766914
4.9990475339519369
2.6095555836600703
0.4925865374623838
5.7249494715201719
0.8432364724865221
0.4896799997982206
2.2750393839591738
1.7041734569215647
4.7574880836693945
0.0384414828248238
1.4417152416345336
3.0439701516891344
2.3485590361528219
0.1856552937460501
0.4440673147220854
5.9044712295437938
1.6044913815381339
2.1305574244070056
6.0554933633412489
3.9571114597084494
4.1668166987510364
2.0780303507191999
4.2802583367886022
6.2164803207846893
1.6063134303446926
3.7219118560274662
3.8577448211535295
5.6531027115393817
3.2324217207885133
4.9782648616709393
1.7942372264395343
2.7497791971781833
5.0196680829778773
2.9775302549754068
0.9855102161428581
4.2995041604997972
5.0691837909643080
5.0632851621736199
4.4230134710364775
3.2288595569600447
1.7049452431723460
0.0891260729501797
2.5605614701367103
3.9240733493660143
2.0375600849137188
0.7855327065335947
0.3362824182610407
2.8276637335749752
4.1490301718963742
3.0031888655047232
1.4769959665541281
4.8135609800689485
5.5719208639655093
2.8632186149035816
5.6600749350899440
1.2467679733758184
2.9031470960284076
4.1721227413390123
4.4219386777569563
1.6274278825773814
4.5753020096592536
1.6653029389224887
6.1598141617812407
1.6142554330205872
5.3233606511423348
1.4191301808328129
0.3389706865076477
3.1362041699077183
2.8254321834897422
6.0023988807438160
0.1591434512673616
1.3591003099664494
5.4089970106597116
2.5584363447013212
6.1285134130777266
4.7431180509654558
5.8315776830733501
6.2662479509735718
1.9564156404036728
5.9626140001431809
2.2443791375919093
2.5606030892756602
5.6799364150343168
3.5165853135151290
5.7322275087653720
4.8268120834120181
0.6394911660229268
3.5770890003275300
5.0300040771100551
5.1313075111934738
1.6560371285394839
1.1035054476257093
5.7699950068186157
1.1989957019471860
3.5239121696782649
4.8961725334502626
6.0827171835246192
0.5926096137309284
2.0350063458235352
2.7201857528219349
2.6719950181952417
1.6656023540250822
5.4262447968371061
0.4037896164582243
1.9671982915574955
1.9500706917749413
2.4914244181107104
3.0380573976470795
5.0318294377846806
2.4941598411077908
5.4489036086011868
1.9524105333715014
1.1157339885791884
5.9620991634164238
1.9982972684157947
4.8805731855344590
0.7224534072601484
4.9680096564676912
3.6005589990639284
3.2611592274028602
3.0647814696952831
2.5304536119591599
2.7224675273453887
1.8608382502695091
0.3604024789415569
3.2371382326448845
3.1345919147351480
0.6862609545559606
1.2484096237312954
5.2389141548076790
2.4834805452651216
3.4204093509480087
3.4332394522363083
2.5983016063828610
3.1499909788488578
5.2814102566760956
3.2950215670436163
3.2771647612948955
1.9449759510771436
5.1915424610321264
5.9129869321258841
3.5248624365195149
6.1162247816832833
1.7518881537924718
5.8924288375743288
3.4157163571591282
3.5158888233546977
3.0291293822671848
1.1091779098511991
0.6092905475816995
2.7391914282310408
1.4724911715554823
2.4813677989518976
5.1829143216970230
1.6858930706372361
4.8877517034104132
3.0672802960908578
3.8646789753767878
1.1709061513936578
4.4272301184696952
1.6258626252113735
3.9987391622017356
0.6734775178390110
4.8605283522644038
1.4322548968687201
2.5664397509506758
4.7549168452854804
0.7812522287498798
4.5476324451494596
2.3391758147781863
4.4977262500417696
5.7340357378386333
3.9234186503749635
4.3616686649503285
5.9589868674732340
6.1929533130381618
5.8324656471041108
2.7211714402046221
1.1905016714582999
5.6318439427423463
4.5132634752800476
3.7322710531494061
5.7742672667429602
4.7888749546561913
3.0221188717174265
3.0769426945110347
5.6027219775538244
5.2696437439565393
3.5104490389837717
0.3490463504416446
2.5787719470092503
0.5094472183406785
2.7295992984439015
2.5938013614017268
0.0650993702439776
6.0132437023742851
6.2578996104077733
1.7929682049017150
1.6000206518202476
2.2223430300447151
4.0116772579566691
4.8931630108149546
4.4935517748001823
5.5603585507865976
0.8164971877324746
4.8455661936150110
0.1842111260696031
0.4100759518351486
5.4865404728840437
0.9321852569467369
0.3649952154739122
1.1436177931685976
4.6137130764682466
5.0917722801116119
1.4332234132214652
0.3325496871840662
5.6734733920475389
4.0546541434398931
6.2174420004295792
5.5293087842733826
0.2901605382232460
4.2860762494118632
3.1647635745261553
2.8457057677674289
1.9964183558345301
5.2344075946266875
2.5470563670045698
0.5729564812023993
5.3468481167436579
4.8470859512348454
3.7716721417092516
3.6815734598656671
1.6661173326816201
1.9423527421099733
0.7498772644494602
4.7643881224009963
3.0814789318960201
5.3286655008588211
3.7152538440795606
0.4225571750706404
2.4952778612971511
0.7612811249813379
1.0131798543909303
4.2011770961848836
2.8779168888927504
3.6722548178922656
2.6713217968810334
3.6108468614394007
0.8441722462119852
1.3598022431072221
5.9057970606349990
4.5723853235523890
2.2436795480235596
4.5504115126978828
0.8442067444112170
6.0903386396715646
5.1781482006060209
2.1436226917190497
2.5845504698917905
1.2007678352273019
0.0213890351244079
3.5030323213680323
0.7563024616969242
0.3178330867382922
4.3866076980823863
1.3316202168679199
2.6889568599408591
2.0664876695694758
3.6639443840169394
5.7319900506873056
3.8492698961112395
0.5901594540144373
5.0009497065965558
3.5027638395183374
0.0459281462682058
1.8139898200038880
3.3414686710810408
2.7475186254266646
3.8313533637791797
4.8064105794760339
4.4080695527289615
2.6391824198277924
4.8164841169296615
3.3205959215933851
0.0065883813111345
4.7014587179965668
1.7610501661482463
1.8666764346738780
2.4904169014207129
0.0450458665167048
1.4974493114729450
0.6973919858794354
0.8048607649655753
5.1397094901564060
0.4654468396236139
4.2435801970597549
4.9403801197824215
1.3336243737997779
1.5096837090861523
4.3267994771247666
3.9975874276724328
5.8540519497735835
0.0998467966585541
4.0928139415374334
0.2846762012364568
5.4251448934998869
5.2485867536926110
1.0540439249158058
0.0191249157011040
6.2292366662117438
1.3811258327324198
6.2630322044475859
2.6660837016422070
0.9449886839714446
6.0802850947125799
0.3198942206124649
0.1562355207568653
2.7093395924461499
3.2425573011621234
1.0232053516260122
2.7208353590372343
4.4819666233329087
2.7527058572765499
6.0760409967279347
2.8647614209339980
5.8505424086773425
4.0034226362691276
1.8763427090347018
2.7228953657768793
4.4254735149762654
2.5054997576191536
0.7351210363819346
6.0916933092679768
0.8702025168891776
6.1359990818509607
4.2310160330604063
4.2423189160922048
5.4662387232634151
0.7657152433527471
5.2309006219595116
5.4446250865610191
5.6017934894054342
3.3794285811118607
6.1873983276199596
2.6278149876373180
5.6129515553711764
1.9842113321757089
5.6367152357895467
3.6533768926011110
5.1246425610494235
2.9887964279338739
3.0823532539587424
0.1014468245774493
3.4181759844039035
5.4381088732290372
5.5291866161977747
2.6236574396589067
3.9333730845233759
1.3262355699465631
3.8057917537005075
5.4852634758667023
0.7945761900542377
0.6312709505815208
1.3525550430379145
5.6400667249214935
5.6460211044200035
3.1348095731298637
2.8186019319979145
3.0327821595073687
0.2177796568678014
2.7268516014907913
3.9110716146825322
2.6441203092099186
0.5083974268426796
1.3488766424802505
3.5256213546553687
2.2172796027959532
0.1271185768192769
2.8604354978083197
0.6763587473821152
6.2457174678130745
4.1707910620710305
2.2749236007230609
0.4470490662533055
3.2337323525565411
3.4995642217545710
5.4424116811078029
3.4960982183876785
5.2012827015292240
3.9138747097237094
3.1510428266245971
2.0019367884376669
2.2846711137494919
5.3918609425964306
2.7414078635712062
1.8237491207827179
0.5312274775694450
4.5512914209030360
4.5343686681485940
2.9743182651606328
2.5350924955249141
4.0881669014313449
5.6764255205504819
5.4320837268059465
0.8014404826710846
5.2102576147019617
0.8541219608408152
1.7727313290054421
3.2591581520711848
5.7302789836719201
1.1035086862220922
5.7671100456864117
5.6793072051596383
6.1770114480899974
5.5308888947105368
0.2986430808034669
2.8556301396484494
5.0006323283220624
3.4332612979641950
2.7623293492794359
3.6278985144547811
2.9809336812063614
5.3111208266416829
3.3093199994846056
5.3236381666884487
3.6822369679913254
5.5899156705529096
5.0559054974105262
4.8081855417325761
1.5123813479640065
1.8465030008564758
4.2251291104609425
2.3268571455322880
4.7111408959050278
0.3998842273662805
0.0779664321025472
0.5644106196180123
1.1831236806982719
3.1702923147863045
5.6366112698565312
4.9678071616202981
2.7171219045594137
2.7056122457121714
5.4215855283865046
5.3654375136556514
1.2071611981830814
4.3892336936933205
0.6260625808705299
3.5546697356287464
5.9028606889656841
3.2260070426337815
1.9329133483730869
6.0321233732128992
0.2495218903226043
1.4657177928909000
3.6970109943944216
2.5867054833279708
4.3552194729869234
5.6662833845313596
3.4143943401973855
4.8694473120340618
2.0437341940729747
2.8164307484315363
4.6299950247089958
3.0011901778086920
3.9174056792116714
2.4962112426131053
1.5558915390466803
3.6430329207536940
4.0261961236742021
1.5811881090622213
2.5461181470572440
1.6920328606282193
1.5027972461835502
3.3806895297406339
4.6890755373410755
0.3364174426702901
0.9000016758674271
4.6379320936931867
2.5702799381052701
1.1054165800151046
5.8985977627465598
1.6733666309261586
5.2462883406529812
4.7777620729933483
3.1598242988920529
3.5617064480716425
1.7796785409413607
0.4711833139721361
3.3555841042883969
1.4779564143361021
2.9958041304407552
2.0697523419500192
1.0386558307518421
3.8650964892081632
2.1770688138597780
2.3325320886050442
4.8435032230266950
4.4792366334647609
3.4158028028468346
2.9156700344707827
2.1132934055663202
1.6869360041104406
1.6903694799505125
3.7453040149994674
4.2483101692124290
5.1710146581935090
1.6037610065072803
5.9527735100486581
1.9365810486516764
2.7523237424191911
6.1643504691368411
3.8529225294736547
4.5261036469547022
4.7199223289531114
5.8929821612129656
6.0740946456963494
5.0193334891637740
1.9292506163572511
3.9962094471354446
0.6698241800568907
4.0046860747267727
2.8171656459352921
3.0898378886178657
1.4630107133214680
2.6347725855802442
6.2119204040658165
3.2281473917136121
2.6698298631562802
1.0309658359506946
2.5448002596973920
1.2602895517289134
0.8819920709784540
5.9481894196484761
1.7832331632525822
0.1308233462360806
3.8063645838002049
2.8715739170746843
4.5272694252984316
4.6045870755113540
2.2093187836907662
3.3031800256350414
5.9919482468879135
0.4615407848619794
5.5733474646650425
2.6051716646341960
2.3570533623913574
5.6003186106643783
1.0958194320995698
0.6925241313348357
2.1748428169514837
0.8898127625375237
3.4556510134902467
2.3637930759310120
4.3784118805427559
3.9631731577327640
2.0278573395050126
5.5895300787659306
1.7729718703163846
2.4650026024832807
5.8762617914328716
5.0867672208923880
4.5222945297912291
0.4691542700060810
0.6661772618500971
1.0902310986142634
1.1814555409783245
0.0464325042642492
2.9815479195550774
4.4715054420319351
5.2645514581191124
0.3901219250263424
4.5163754587163876
1.4190370640141570
1.4827788845343013
0.3957588227151167
0.2934044976829409
3.8512832810148412
3.7833483968342803
1.6240394975845671
2.2077645756448816
2.3317086223478012
3.7389773125318966
0.5060829077631696
3.3957066955697606
2.8667131855487504
0.4350511283989391
3.5514233059151432
1.0220985716196784
4.3967625791341849
3.7293031400656504
3.8800793897155810
6.0415800571437295
4.1328016116447266
2.0711348222484549
0.5467572982813693
5.9017179041834646
4.3830913549050941
3.9843189904141996
1.1804766298360965
5.9802917770027628
0.9242002951273551
0.7872872978583596
2.0917734864389126
1.6956114288009674
4.4979487508118750
5.7007531987379760
0.3397600020311005
6.2129298162599662
4.0466661441573075
2.5982199250203664
0.4550774335417080
3.0528911557449963
0.0568687664496227
3.0317288843094108
3.4982566092934206
5.5997839983029944
5.7635268055482571
0.1199868193940317
3.9366577431927947
3.3579911754262559
3.5204886421402342
2.5686827289731307
1.5006975904510151
4.9029158671470050
0.0302985373849742
2.0552905892632243
0.1707713907270893
2.9897799639195788
5.4599924415995602
2.3764863092532766
0.6425358871204992
4.4466496307601080
3.6171598711318635
2.1072001074470359
3.2148606424006756
1.6903206049147332
2.8015069647280946
3.1402982070793404
2.5919777273013356
1.0539188079460331
2.1085975576667160
3.0566478834342830
0.6631093968244315
1.6140588923250612
1.5237739395893113
4.2548212548022963
2.0973392206923309
0.2638684631030923
5.1305135461745461
0.5364351800209635
4.1157104824504529
1.5194059110651139
4.7127796966953284
2.1777687535415953
3.0950453440063601
2.4576325190921264
3.1811946530475894
2.8692411214346771
4.3429940049088129
2.1476611217976935
2.4187348289956363
0.4447794260058121
4.1088218924485265
1.6577892968876315
2.5033842083224056
3.4359900113202286
4.0225923731456934
5.9977702129602530
1.3126352725749060
5.5550766012568777
4.2820403163694820
6.0656040689823918
0.1405554183966395
5.2831601045718726
0.4340550598963915
0.8064052805078087
5.1870722622233014
4.4212087176663619
4.5810682329181400
1.8170231757602298
6.2261796531754117
1.4750214488731817
6.2531309777038873
1.0945422110537173
4.7690136632695106
0.3220844356895317
3.9256912289046704
2.2392503759363849
1.1348300907581090
0.0145930621846089
4.2041310073121760
2.3782866438738868
3.0098552242240260
0.6458386724184407
4.3028647924388856
5.5357197901649595
1.6990332462038233
3.4234099828818279
3.4449783796616180
4.0271817187920016
3.7168463203777971
5.1758091759018647
5.0504431317196685
0.3598139902629981
0.9441351667011986
3.3886075748419144
4.0633736781210850
2.9842903929137545
2.1474111919847099
5.1800182510211545
5.3932494422011414
0.3702408282766960
4.3629725909822490
2.3407762391405194
1.1610518050872163
5.0071617465571370
3.4516357031041589
0.7160945245531822
3.4965782773906562
0.7827763087698461
0.4199824157419437
6.2802822123990829
5.9416728251066537
3.0931090243495358
1.9389510058260495
0.2133998262241714
2.3093060883027801
5.5186996558079855
5.3255758130427822
1.7187112955243020
2.0276653093180879
4.8693025263597445
2.4049573242195899
0.8783454828075072
1.2966391111004612
2.4870490984000986
5.6642733311159805
2.7830136949940942
2.8729146047752483
2.1393483746284701
2.9550241255296918
1.7077853731233252
5.9788224716480700
5.1941356970026389
1.0281165405997943
3.7466106881691466
4.5781837196553985
2.0960303330203489
0.1556077065463319
3.6951346987052758
2.7768327255950163
2.7643448172070322
0.0988258147443065
0.7183163287010872
2.6360003542859536
4.2364209118715639
1.6379962009857885
3.6384565554022945
2.6388943651012737
4.5074590112221804
4.2567177818547499
3.1734843388524019
4.4875680063578312
1.9054695279479579
3.9450756931410171
1.5589769585827224
6.0414709967223663
2.2732487467802955
4.5584440915632056
3.0583572800742616
0.4858540394755419
5.0692502129655796
5.3854675150422615
2.3331822544988783
5.7227101451245508
2.2542884534364704
0.2187844902718744
3.0600839031222153
3.5842613450255967
2.3867043477238319
3.1011097950212769
5.1339163011725510
0.5143086076673599
4.4405238676560401
1.8050152327835831
3.2659312269592484
2.5651448784143045
2.0245233566458714
3.8816861141783412
1.5361222773951078
4.6537694993419647
3.3558029363247299
3.7818204891380844
1.4086829886103445
2.1874071096216738
0.0308928498339630
0.8046739811606184
2.2496110969279992
4.8152053505166057
4.9841519736316418
3.3746066103583487
4.4484795885176487
6.1521602703693636
1.3739598224261420
1.6212548471640580
6.0952707538498290
0.4423238280250681
6.1197006661333804
0.7498917612012344
5.1719321273178442
3.9533808542133095
3.4002870389588487
5.1801758595263587
0.8092354055984698
4.6185012331673327
0.2873991432771119
1.2741492793474758
4.9532040265532196
1.4125448358773205
0.6431273699679946
3.6040156604024607
0.6735806084787694
1.4687545082905911
1.3090173363075237
4.2312341451291102
2.2054213382554027
5.7117011708258705
1.8069467903361589
1.2158189746490442
1.9316173618906067
3.1227946965614297
5.8487078494898794
4.2029925172041240
1.1143605424436598
4.3337922413325414
1.9580649902767777
5.6577237390503266
3.8277882016066291
5.6374496761469377
1.1907976165134480
3.2004205482695247
4.1673403582873600
4.3689176614291556
0.5357768079015179
0.2009213256694500
4.6234443667467726
1.9311219878291213
2.2935066598777873
0.5464745970528957
3.0157517717006801
2.8752512580162328
1.2517116273213471
1.5329107784610068
4.4158210651994079
5.2454270421612774
2.9700824371918455
3.1179187131530179
1.3622823246163114
1.2472814373407615
2.8730436549584848
5.3242984783367504
5.9540170080965353
3.7312887349826149
0.1589496903696324
3.4917696763823356
0.3228946293891440
2.2735848815576034
0.4024210879569015
1.6845111722265802
5.4874632389945495
3.8539171448897260
5.0017216625091603
1.3760717237746181
0.0769744535646495
4.2541711463605667
3.0940530092491896
2.9157784395537840
2.9096434639470732
0.5861512081405420
3.0557828370402151
2.2511060139014218
3.4530991833135545
3.6893825327986987
4.3175355817192784
0.9363295873119282
2.3741189792192112
2.6734507889479611
0.2423684329457220
2.2728846138904681
3.2895754691763757
3.2740880194927313
5.3044221786236010
3.5856352415896628
0.7478949972925361
2.0598569919017149
0.6135944774184864
1.4311390834040432
2.2221922611819322
4.1810066921755302
5.0270610508032183
4.0574940004400126
6.0751066102750473
3.5830404306440737
3.4844787261097925
4.9027382762681242
0.0544412927146249
2.6883881103381286
4.8998407972880402
2.4731517851461735
1.8594388136840463
0.1164295313814124
2.1921348525816886
3.9752290271448083
4.2747920442722060
1.1051305824915236
2.8464221000680978
4.3018557260886734
2.5081836565789684
4.8224191531476173
1.7930810037575573
4.2310419528086198
4.6961394464557493
4.0119182501534256
5.1731301524234263
4.5805150601378646
4.4410969788589725
1.6259633797805975
5.7731237545565905
1.7681206654640629
3.7120794748284802
1.4596358874795701
2.1333947991261017
4.8710664850559038
3.7509098897185336
5.6856587235128657
3.0745144032231444
4.5627985374566968
3.8570306890699979
1.9466654058893795
2.0224456515950044
5.4408159422559557
4.3159644098067727
1.1554000885215709
3.4543859481466730
1.5283773841368284
1.8760392294506978
1.2914042782318491
5.1490763813444973
4.8216669728551755
1.3746935753002090
1.1455534119911583
2.1546854915630576
0.6271104204331598
0.4190165948814244
3.5908022007311784
4.1359011458210277
0.5998337734808958
3.0455003812915304
