5.5728394444658083
1.1359529553226861
3.0439031086197006
6.2729719068898415
0.2829261363130270
4.7028569751772258
0.2224133118897658
5.6128205115713685
0.9589033893082780
0.0832505249732640
6.1908688512421648
2.9370562989197380
6.0121507419227633
0.9628775220205389
6.2552605101969299
0.6852580826368418
5.5853754548566084
1.2870952185546713
4.2835976776710165
1.6810161348949171
4.9036960712963396
2.5233729173568702
1.2724251552994816
0.7760402915789179
5.4730661846068580
5.9840594336982278
0.7675177395875860
1.4220505289506005
3.2289930850821622
5.4516986134719803
2.4348856908315732
5.9296260945986683
3.7304603482046153
4.6479269274378119
1.6004810887245098
0.9985575425538683
4.0260368159459121
0.9877791279715263
1.3775679256258342
4.1795719192126484
0.8474284225392230
2.2010098751181122
2.0797572030013716
1.6110283339074762
4.9669006256949473
5.8837838215058760
1.5852286603431929
1.0678810126379998
0.4430981310888976
2.2882460129477904
5.6750676486260208
2.1485440133173772
0.8296682644604744
2.4298535581114180
5.0571047455205411
0.1463377776884914
1.6736720309853765
1.3715444370155141
3.7992075031037835
0.3639358658870752
0.4117475110449422
2.2998031949509903
5.7429432077753937
2.8355471912273558
0.7604418538085894
2.8369035396326638
4.7233576795999435
0.3000490651071394
5.8268702583193210
0.5272778606328037
5.6600315780339070
3.4253520377499833
5.1032032268063405
1.1201575006479250
5.1698087782726851
0.3504591478389068
6.0670816839200485
4.4246324904414243
0.4125513793845474
1.5676864227616587
0.9031177681655117
0.6852202862367586
0.0411912508109871
1.3221148488385666
1.5065047428939076
2.3000788340733282
1.4978119966920167
4.3352517929033301
6.0823899001943937
5.6320491658022052
2.4860171519764425
2.6968878728406316
1.2595908507259626
2.5973319190465514
4.3940327592405728
3.1207087289622004
5.1863950469083395
1.1054371249980857
2.9238670733111065
3.1841102167126891
1.2336950794385373
0.7172818653067620
3.5379551053218909
0.9875822341936439
2.8218757745399614
1.6536747660649127
3.3654764197396769
1.1630857721260590
2.6945818937262587
4.9450507761023852
5.3231344319465608
5.4331019672449017
0.8987296201782867
3.1831894608909703
3.3818739732465253
1.8666337371234754
5.1954256472196949
5.6173192279587099
3.4052211311856446
3.4856124707315743
1.3888813483941469
2.7433128721213089
1.5873193799806924
4.4248547047312847
5.6412431470423972
4.4814360616642119
2.3615124198767630
4.6015850123636053
4.4148999145372105
0.1394596914217642
5.5614348674650609
0.8864069334744877
5.8254831449733606
4.2538958087638816
1.4046952052306363
0.4323715004437967
0.3154343457101522
5.3029650817022480
5.1521950745328331
1.5031533585117622
5.9223832969484311
4.3951560972025234
1.6146932059420263
3.3009969031783890
1.5431817035667836
4.8888506675264942
5.1529581024848472
3.8893433390095162
0.0598890825694798
1.9387803083782940
4.0652343977821817
3.9694809552170653
3.5848413344894245
4.2683686710468196
2.7940298924549434
1.6664459046305058
3.5718426282474338
5.1846419404329662
1.1080348091543128
4.0816881699129848
0.2784880910184781
2.9705178879761203
3.0486849786713361
5.6557954196135096
3.6705053790223467
2.3673046971252183
1.7828818596364049
4.5527857371616776
2.6284063731241196
5.7467506224532992
0.4314648196817412
2.5387441275507530
4.7546220611064252
4.3024235735971708
6.0437587521037193
4.1119315514460153
1.8431633079061700
1.7089052027939560
3.4298661447861880
0.1340153389614390
2.7259497361456608
4.1416964376028105
0.4021646848564983
4.0487970333914136
5.3369175805686320
4.8763617847585294
6.0717405348116760
3.1870890221937391
1.1507882969610461
1.4383797539670473
1.4264301612322960
3.4072424481657322
3.8938940161220792
5.2090763007908905
1.2529298256825399
4.6366443866529465
1.3409528272557902
5.7330680290569642
2.1987713825707771
3.9819672540611224
1.7459959518261745
1.1626222171122429
0.4227124862848371
6.1463425403367360
6.1141859680180293
0.9984400412704022
5.9567208208054021
1.7078292538682744
4.5472376547933511
4.4651711813098460
3.0952571001623479
5.7050340913492379
1.0149497626138317
1.3084161451597089
0.0972643118929782
5.6422890744182590
1.5860982428253092
4.4612913053112733
0.3073488256158582
4.0155387947907624
0.6683201991103795
5.4865341293926670
1.4504410910158188
0.5662378623335940
5.4658417071313936
1.5446441822504442
2.4243989849983598
2.2832775629582307
3.4513241760582725
2.2784698479195686
3.2023425498730633
1.6171486168060871
6.2589278234418364
5.6906206090569400
5.3143552314162674
1.4575115971712123
1.5910041542507676
4.9655468994720060
5.9283887789001888
3.5508972615733003
0.2370792275177546
1.5390305776765387
3.6462622207957471
1.6325192454314461
0.9066386525418599
4.5531199945772221
2.7224973636836705
0.3140931781095879
0.1987115975202906
2.6129267780962877
2.3631291845036766
4.7511310452815581
3.4874132689570616
0.1633979702803971
0.5707583249853997
5.9489573163588583
2.8354152754893303
2.0959501239169418
1.2982661990999191
1.3846941753650821
4.3125934516170670
6.2012642560808908
2.0448062077283491
6.2403658173699634
3.9750015452309109
2.3631637685374418
1.2595971739201868
6.0041967632698929
5.3203937551052993
2.3578350814397599
5.2219131084099555
2.9823998051111129
6.2404709337736115
3.3640094936584219
3.2900245764586296
0.8052797919330431
5.5949807578743957
3.2874358001478652
4.6440798417649427
0.0437269420715203
5.2009985336478479
3.1452852257404116
3.0396662367316378
0.6476657411394207
0.1442841799129304
1.6669220200704919
2.6026857899258862
0.0368592750784350
0.6713100715953129
4.8278286667740904
1.9677314532535455
3.0166889422303260
1.3038728947050697
0.2549523201568753
4.9632337834212938
3.3149891310203370
0.5539784506586235
2.1320649566389425
3.9253016278154669
0.5254382723591952
4.6771456821880202
1.5783834271816342
2.5068033589195040
2.9853041771619422
3.6699074560688119
4.9707946270033014
6.0626295919612865
5.8754049299060709
3.7268466922051324
5.7160254782487447
1.1563612064772388
5.1119652498482058
5.2020534872461983
3.0736427082664943
2.1506964996687965
0.7049320938076911
1.5253520189660639
1.5717486134360041
0.4704271880107085
2.0665085123708709
5.3940411236509052
2.9057412492698313
3.2434223115444616
3.5868124588202983
0.9048426497226242
1.3534229175587582
4.3192130763385217
4.6431835844132330
1.2541783816795558
4.1421723375295851
1.0278412375727661
6.1833870947171938
2.9506113495076414
0.2247788796654016
0.0219278609021081
3.5280654428506999
1.9375307953971734
2.5264628510913196
4.4389648995720377
1.9104296457342187
0.0822062669197236
5.2758648532877475
5.3133750679928902
1.0870045784240570
0.6462837953748350
6.0580513131210969
2.0688943787823795
2.6698879495618195
4.4281009086322110
1.2009116225461689
1.1286035480259737
5.2772190890827293
5.2788580564220542
4.3376894866139430
4.8603897472650779
1.6082285598884398
2.3134823214914251
0.0351248015156916
0.2433901878110138
6.1882557035271395
3.9173828705588947
3.1732803057869736
3.9763598851422861
2.6586763307507377
3.7821438556650104
3.8579050660496690
4.2298047577784317
1.2576552955137295
2.3928207814776279
1.2578370266058090
4.0283359003006636
0.1599924521921511
3.5492396024310620
3.2552305294191033
6.1121171732990103
5.7757097210617365
5.0153594057916111
5.6269454177471916
1.2927537010051424
0.2809318048926200
2.4924678603470123
4.3564483734509647
2.1040209243984096
0.1983707836946315
5.1141500671156441
5.8283957779888569
2.7783346582943298
1.1038000891818065
4.2718059725263755
5.6864974402862734
5.3903093652715954
2.8704318364073780
1.0720679661339700
1.1669703633680777
0.6567924947529263
0.0281421778793018
0.8139315261629384
1.9243133270552484
2.2545837171689027
2.7359384961134325
0.0573927510114007
0.6961224947737309
6.0747107216393958
5.0191028880858823
4.5064907182654013
0.3845207671461531
2.2506872210121975
2.5562861669645751
0.2702298061368441
4.9934771092741101
4.2398994799381731
0.3898949068147829
1.4038029004543868
3.5527727821209614
5.3692682234922096
3.7557337534505071
0.9440384038603798
1.1774542440295175
0.7948876540324507
6.0650033570820989
3.6522623964012273
5.4805010060771213
6.1347177377385362
3.9116270068631165
3.9586144183584309
1.9197421941054782
1.3427233083151140
1.6268787406573098
2.2682448081249120
5.0048458180077198
2.6963563642692030
2.5607510394963739
4.9992703774324090
2.1762391887519006
3.6745664411182166
4.8219984535771605
2.6838835232158931
0.0470128051989925
1.2926473277699559
2.2475468709243680
1.4958484113289003
0.5495182657184648
1.2378529521662138
3.7647648095261421
3.6745186631058355
1.0199916281280930
4.0312816322106286
0.9142392136037467
5.8584723498596309
2.8938625879033673
3.2448387744626279
5.3878234291691545
3.2934261004518954
3.2341771015237515
1.4064280887440359
0.0943236843582351
6.2799096006737223
0.1225856142081753
4.2597122076945340
2.7963730047869522
3.0255567543698421
3.3578547601581699
5.8935697941603369
6.0711734334063374
2.0761868681761144
4.5040923486655204
2.4206719529379086
1.3566399726069980
4.6201149934911649
3.3685882730597276
1.1510977949397432
1.5968146764647666
3.4547623089772181
0.0883082118895992
4.0350003548415447
2.3722526607814229
0.5269030523175928
3.5088985911630428
5.7832731983104377
1.1095444400990437
3.7990289357558997
3.9971805049891018
5.3256125648254988
4.2085837866405615
6.0129402701493904
2.1386413279405811
3.5323715005169816
1.0704154292031727
1.9897737819477708
4.7331541137352335
4.3379037060869665
0.9648286603261214
6.2029249513731601
2.9706273493184780
1.9260914377456826
4.8006033191001878
3.6495913301139731
4.6488662666810585
0.0146598548691772
3.5615789310710899
4.0038318419164005
3.4256148600944361
1.0048476483891244
1.6471852565032286
5.3800355937716891
1.8526335136328123
0.0655755255872099
1.1995864898029063
0.7830745821439130
0.5613662848526676
2.9879563508087501
5.4784494521836109
2.2277897609422510
0.8621210436630852
5.5774808987818307
5.7889278225419449
5.5198779201231973
0.1746597634808551
3.7001268108346821
4.9076647491917482
4.9194665732520537
3.2126878769509903
4.1754206313636200
5.4010407012037840
2.0436924494266790
1.2797388821955662
3.5927465511751930
1.7331757264848593
0.4441840071756488
5.7093624842662170
3.4859867065264716
5.1444656505096908
0.1744729395867004
1.2427136846537543
5.3238686544937739
4.5680399744679745
5.5849916577601775
0.8767713725424916
1.4136415365928146
4.3832115213988452
2.8491377290411948
3.0695795614244230
2.7012366387599855
4.4753441150667026
5.6125860248043864
2.0417225327028481
1.4941388662849995
3.8759531376165266
2.2235692085678980
4.1151222685546891
1.8353156073050572
5.2069902292144521
1.8687980177759340
2.8743996334448489
4.6984058337789723
4.8507268325461519
4.9354307321740825
4.0969268747391636
1.9285160672039277
1.9214744020518217
2.2217647699950938
2.1425713066054457
3.1953273801529711
2.4559082376458554
5.4434634652127620
4.9739618598700055
3.6025433841145191
0.9946319810946437
4.1906298101636770
6.0795546956973912
2.0517293531864245
4.2015050372819758
5.5884827351783422
1.6213196490292678
0.3383016943168660
2.4280953601711586
3.3780446295959203
0.7283328826476724
3.1751211027041757
4.6529475673866685
5.9732387682831103
4.1473113978876439
3.5913271097573554
0.2587320807405051
2.0401062328900097
0.4904686165845680
5.4650068960211682
5.2341443129837995
4.4084073321991601
2.2299241542473567
1.8487402252525456
0.1432474408628224
5.6129955130279576
0.0322938179262809
4.5395552644197146
2.6337184080205387
0.8474162389235486
3.4303119180307391
2.2538958961409490
4.4009021241606368
4.6325833159165972
0.6736769653852108
2.4653537860429666
0.2195991059700906
3.6964969660488718
1.3695470244821180
5.1723308221417863
0.4952621664101898
4.6959697656266464
1.1092357364475680
5.5538796541855779
1.4319190942157063
3.6431281974954461
4.4662861490311316
1.7573344020561488
2.3815076084467504
3.5009933190061733
1.0686107264808269
4.2890117522604934
6.1532330159053767
4.8467721821385199
0.7855029160719951
6.0896561410802033
3.3322875414229816
4.3683871423411222
2.3343849049669170
1.7506966080932773
5.9967589404505857
1.0244662177639123
1.2673348170685577
0.4886235683786897
5.0974127776160021
5.2039734890270211
6.0289837521434375
2.5854956898275647
2.0935604473265155
6.2422873862609114
2.2732780677573214
5.0901654696877827
3.4566317993899665
3.1327881960214268
2.7847952575277946
4.9521080080553039
0.2243037206725043
4.2781127248101907
2.7573244284802625
0.7775948547937340
2.5521726075797062
3.9461695134710029
4.6390714158992941
2.4462662368806298
5.3971707976901904
0.3267940837727951
2.6070043537632381
3.3608081620920904
4.9789706223385650
5.3336115484568607
1.0341281458472962
4.4035488413227810
0.9871369978839113
0.5980456867799312
3.8374851541683586
2.0588985096454411
4.2340480216651075
0.2642210519815824
4.2133287752954125
6.1832194734549555
2.8031188232314874
0.5005744763856826
0.6227524518262281
0.3296046492291717
0.4103878785026511
4.5194040898053816
4.3490018658281162
1.3983750087685067
0.7175161157640434
2.9387031604344567
4.6371814313718902
4.5504598191809524
2.6466555185211216
1.0668445578704129
3.4702039809020939
3.4977878270976994
4.7986327860307609
4.8161442009572593
0.3240167268589232
0.6617690998736216
2.6983585541958748
5.4305391265291618
4.2001272008873949
2.8348099546706038
1.6077562460241568
0.8265725242468963
3.4619633192979204
2.7700909084556109
0.4742034144185250
2.9933619038866026
5.7088442435585760
5.1207108558699952
4.6731708507449090
3.0938703963478473
3.1641764295534145
0.4543544132627881
1.0233142294289213
0.1961998737676295
1.0760560452900789
3.0563821667313333
2.3955323474741927
3.5363235189689757
0.1940664812313181
5.2216414470944192
4.2362138105503604
1.3859079993429635
1.5628393106742982
1.2249996868297779
1.0458756633158806
2.6020049535773446
4.2702597431767142
2.1475280233028751
1.8231925912227243
4.9498159720512254
5.1060805350956526
4.9463460596535151
2.8587983636610619
1.3469809451326518
4.6829636414972011
2.4500231493237372
3.2707973089512494
5.1392587647762022
4.4222757786619793
3.4967312201828280
0.7970137795692975
1.4866491059366904
2.4019158718399551
2.9384826743349364
4.2690239040134630
0.8774059919103326
3.1999881089493516
1.9420709144387254
4.7835060643852421
6.1754651082913945
4.4221180123658907
4.7189711569087311
5.3694331246948765
5.3516913553206891
2.6079241768143122
5.2321187580410609
2.0082567272571996
1.7142348078093874
5.8088295834571841
4.9228455744520838
5.7855666755470772
2.6165744105469924
5.7560554570820912
5.8795063987424783
3.6664171628563493
4.2761801771860064
3.9686693728002136
6.1019818183667178
3.8399241317169652
3.9565215704422840
2.4378834492067440
0.1271009733930276
3.1463319192509602
1.6541325570880001
2.7365535757787098
5.3707428956042476
3.2220723019538831
1.9886573720732315
2.2293006381450513
1.5781326895594077
3.4525547318573793
2.1486821246635408
0.9457198286114260
0.3083238210548253
0.0199575490160079
5.9496309130441603
5.6951718108697298
1.9131130115246850
0.6221358540893631
5.0660930381013394
5.7593400855686490
1.1459432596468659
1.1633258658123062
5.5068638574345865
2.2992177094639885
1.6256148166276871
0.8814431956095433
1.4468873012597774
5.0238946096294868
6.0929729258151593
1.9514840726357001
1.7846661528530616
5.3131192524110000
5.9484947176443770
0.1584592757309316
1.5480318575319347
4.1734905855169337
4.2432572928779111
4.6648145885033694
5.0116733665920652
4.9957642518765981
5.0739683119455332
6.0271836024840928
1.1193692918423181
4.1844065571954285
5.6789181888940838
6.2150583384868217
3.2500231358630240
4.6584030941709278
0.5740054697436791
6.1725683552629302
5.9202222573420702
3.4547489376625036
3.1988401902769321
3.3625803901305433
6.1836194502596866
0.8952001957857829
5.7785251087243452
0.6422587607727505
3.9210856362189448
4.5110030216615948
0.6452775920283232
2.2323984120758720
6.0156440458745850
3.3924845769878225
4.5884456345543478
2.9957505522002719
3.4547406125077265
3.7285839132494552
0.4524290426558965
3.1010756222849074
1.0576899427081434
3.3045981967078291
3.9279194508041386
2.2038967969301142
2.6748280605514134
0.9489842065327373
6.1686443755038587
4.7375480359606099
1.8963718865830379
2.4911992347903058
2.5067342459644739
4.5612120914292120
1.0746189549885774
3.8001943556255782
3.8846852922828941
2.4856803016728959
3.5038385602740725
1.2110909089836925
0.9370139818328913
0.9473820000126301
5.5881659603867178
3.1758615059086761
5.9481055791816786
6.1153393738809960
0.1628923209097781
4.7683827327675621
3.4793896627424212
2.4019319815673414
2.7165207004009697
0.0854667567859415
2.2126908079062630
0.4438751351775709
0.5030168636148721
0.1911861717635673
1.4391082264271655
3.6440042280757146
3.4463578665114403
2.1059225764090814
4.0109680093625615
0.0180048831970683
0.3573836853037138
4.1126480091260520
3.9393752013527932
3.0705358082603205
1.8182736372139243
3.8837382014053712
0.2170398844317085
2.5072290187283692
4.9929025613742706
3.6127824589562239
2.1888972961161728
4.3629241673908252
0.5714682198689146
5.9665188489489669
1.0592625041472574
6.0588710326723474
3.5061498138854819
0.4091530261859456
4.4289988482807257
1.7313055515469995
1.2771914480719824
2.7702825291263458
4.1584275294967297
3.5338205468023314
4.5419213248996035
1.3375323557416914
5.8931364420282488
1.8727921831249184
1.6311626994579873
5.7686142248172292
5.3368668244917670
2.1396210860747948
4.5781002556565928
6.0935321560080205
1.7698811227302464
3.4781082191337660
5.2543777302925188
3.6158655855108490
4.1138777379914515
5.2671534763500834
5.3236043276945688
2.6012893789322016
3.8025102364350634
5.5641276250991449
1.6169880689944180
2.8941168397988566
1.8994476024780096
5.7410084397227621
2.3153381302795046
2.5959563936603485
0.2905885251468162
2.3569820027000641
1.3573101999617243
4.1712896579720038
5.3710329506448984
5.7454863987759195
1.9955576004705757
0.7354476951437381
1.4365210775802069
4.3194799212639214
5.1482877123398803
0.1204656414589805
2.0934485492081976
4.7017055118128424
4.2638001644313848
4.5503867016350323
0.3841041052207138
0.4903310019977483
5.8007829570259073
2.2495941745210120
2.0178019822705973
5.6317976064301991
2.1339222306276326
3.6920892162428229
1.9665335094696588
1.9647603394398954
5.0061899090420745
3.6852511814537379
5.6386107521986224
3.4893730098649209
5.8352053860410393
6.0831014738564866
1.6771180924802642
5.1439294645716842
6.1843074186496283
5.8113823298864826
2.2782275495996056
2.4624983979998842
5.5596298946159681
3.7799441022465423
1.4557899924295588
2.5064067091821047
1.8020379235487056
3.8929916249638410
5.5286888293000729
0.5170732560270614
0.3956368043417121
4.9417727438083379
3.6807714414753638
2.0894230207588862
2.8526705956934237
4.2080306830321383
1.9265989106801524
5.7181887924452708
0.5292307326003393
3.3209705195817745
5.5950842781626724
3.2485859962040586
2.0131472109361472
1.3936835589856373
2.4320294862701046
0.1815972338913083
1.9255600951153056
3.4479295615485648
2.7617623442124430
5.0058367767984233
2.6719843243981329
0.4224907963799537
6.2200828681382845
4.8146564906796963
1.3662487430391552
3.1306195686046534
3.2296882681889962
2.9967194159972186
5.8488748447462946
1.0290553832734270
4.4719139265747634
2.8757204918162800
4.9417291707515929
4.1423244004113844
0.9718924079963515
2.8275884216127531
6.0661389088933682
2.0112756900496920
1.0601927753088598
1.7771676774249650
3.3461348456201438
2.3276326460897589
1.2049770086023928
6.2483826364581976
4.9474772584533673
0.4982959824110123
2.3978437798177010
0.5559817734274721
5.3053502785229734
0.7845642606118185
0.4862489704684241
3.0246205622090967
1.2207302972358471
3.6819441500079773
1.8815387807963460
3.2928311769479142
0.6981789771149569
2.6385237991015176
5.6564373412378250
1.7105648526852695
2.9039839336335764
5.8906457400286696
3.5338761593952595
0.8295109346425463
2.5876895902495600
0.9315455246466988
5.7642420555834546
5.1550643884177729
0.9782571743274483
2.0204159905423649
4.2703086566876483
4.5786662693404168
1.7874303449183206
4.1824660086367675
0.8849590796119056
1.5474048616806004
3.9075813905737298
3.5321402372247821
2.6442043924500762
0.8189498446214951
5.7117853517256529
2.1732038848797997
3.4707562438186126
1.1154379705227977
4.1872044888732836
2.1442682029611948
5.6843195861609388
5.4766096844541980
2.6538908481067258
6.0757771915178393
1.0189210636732133
3.6515689983099753
2.5805463059206351
3.1920342712164067
1.9650459797173072
2.3530576151519504
5.7112249119881149
4.9262124387347743
3.3960826054604301
0.5990457036808182
5.9963149318907520
5.7107952481017721
1.8809253424549217
1.5066794884585382
1.1043800967702118
4.9235945789535993
5.1539593434336659
4.6283436719737283
0.3205207419000823
5.6762107618813005
4.7792915185951710
5.6390067640586850
3.1287296047890099
4.0939488284891556
4.6254719803085989
1.2933515683508705
2.9600361904833972
4.9978789024112027
2.4839719847311605
0.7882507206201889
1.1825324429615676
3.8523562958438009
6.0905472839265098
4.9713850761818374
1.3350049199852432
5.2166321592001532
2.3363437900309019
4.2860107922963984
4.7826658310362271
4.5211558300072028
5.2564557933798230
0.3530739912879970
3.3180329874998344
4.6982800365654587
2.2856765774642751
1.4602595433181815
5.9790940348199140
0.3817061449359039
0.9529098673617435
1.8386110334187775
0.9762436529178903
5.1423185186400051
1.3178371121217609
0.2634502749568162
4.5335986349302111
1.4542571551837773
1.9950965337528408
0.6758949395234214
5.6921389577063009
3.1357577416134723
2.7447282370589186
2.2253900256768313
1.7749203325393668
3.4234676393149868
0.8275519537705280
4.2809753502107757
1.9309153336302447
4.4179471037729456
2.4895951650577413
0.1856839984413469
2.7014002956770504
0.6841963996001706
4.7255620721898923
4.5589258721797679
3.9332269157136195
0.6808721096095877
0.2853990110074849
2.3118787985410703
5.7351211081353553
3.4638072110569977
3.4385582991551011
5.6033252037198515
4.5043464363885839
4.3556582713317313
4.9801151389488512
1.2014320623006960
4.1377550068656888
1.7833256729021725
1.4928937331393153
6.0319018731996001
0.6415730584129447
4.3674784582686437
3.6744907093901285
4.4975130778226013
0.0611271413066039
3.6045259934343532
3.7887196978352353
3.2901125949201733
3.1701083052920418
1.8562734667761502
0.7467212944922537
1.4624374783363492
1.2250294076804848
2.2544707800593153
2.2738033185148985
0.9321932004757627
5.2358348694646342
5.4492620226362627
1.2867851778085329
2.2796510460845916
5.9225973085972621
0.8668971262694273
4.1271811226286328
0.9705557512962583
3.8615908654287971
5.1470757554967381
2.8818800271346592
4.9458778086284854
1.5572248660328953
2.0045588028039716
0.8813311893189906
0.6403486193981087
2.7056854752357316
0.1100983846460011
6.2084774486312648
1.4461734066981722
0.7314451901350708
3.6719873227036706
0.0816367277110562
4.9306727525811276
2.6355933967534275
3.2760359683599889
5.0784590727564796
2.6027218793221043
4.4566985375767638
2.2339424611058454
0.1412651427256213
5.1904307322072203
0.7206193950219256
4.5923369369537896
1.7948853095599826
1.8480225272979454
4.0568492792104811
5.2344923056038830
2.8702545898500569
3.0781165378086293
3.7323352597375270
1.2640774847349867
2.3652396329214764
5.3070177066197504
3.2062181479848912
4.1863925180210462
6.2381447490134052
1.1340089410492777
5.6712574273461280
3.0396426417167159
4.2508518783739984
1.8112408905846473
1.8380905183523097
2.6572946069390273
1.5390465716597856
1.2557454490063156
1.5403865446085978
6.1142411537718431
1.0035048641123807
4.8079089372494526
4.1933246096564307
2.2136964071044583
6.2674638761003054
2.6686030418659366
6.2831469685931918
2.7441221408159970
2.2409013519978704
5.0172006232110320
1.8864456755980297
3.5171238634714777
1.5905606106965289
6.1722155523489413
2.9236126123342268
4.9622923019555945
4.4820033240472563
5.0272391879446188
3.8264051369533600
3.7311845249981501
5.3807842581296601
1.7185754280812993
4.5501763194936506
4.7196326069466332
5.1006388226785555
2.4762799069032715
4.8711196952586064
5.5669060310550726
4.7296586484175078
0.5201275436868802
0.5240220391925986
3.4891707323357370
6.2261103186073257
3.7277884779410200
4.4127853021716250
5.0235226827708921
5.3517544017504983
1.8773007622094713
4.5780587260718004
5.1748697697290922
4.7123011148980183
2.1512882774466022
5.4354638937824191
5.6206063408301175
3.8249195140759791
1.5902808300451896
0.5984852201956876
3.6092833967716125
1.7244743058453633
5.2387454568938381
2.0659629054506001
2.4598132912243198
0.4977010164965890
2.0943869770622361
1.4124680662188382
0.6531857092173814
2.5229560933240709
2.5291517902957192
3.8786561219313942
4.5603236539737360
2.3711563326518781
1.3284504190585693
1.0952789414848090
4.0161154151490681
2.3727313396990413
1.6200994579128527
0.6369917702168474
0.4869825867014082
3.0295974993560804
4.4704569709707034
5.4308264725805913
6.0949895566041405
3.2485402828360299
5.3287466502579521
0.7277252308200022
4.1896746734469010
5.1474852693767010
2.5714537674891482
2.2715318339102426
3.5213717459278069
4.5574430420591376
5.6681276586791842
4.1233725225727227
4.7060618305382143
0.8701878341078543
3.6970762540465345
2.4747405741167952
1.5079757941413805
5.1286084830099039
5.6292176772949825
0.2457403426928927
0.5005348567048833
5.4913353217901824
5.3028036344877796
3.0484369100711928
0.6670905860388683
4.1588392815452950
4.9610163019709947
0.2623023168133853
2.7929794248688578
3.9631788453535930
1.0231791749243970
3.3186366404679895
1.6302226636197084
2.3099886236821265
5.7338484009169770
3.9706710954053932
0.6343547990190401
3.9123578535507861
1.3932462182035812
2.0516690111565827
3.9506030367979861
0.8132517505278894
2.8859786456115430
4.8905612264047384
5.7107799062153912
3.0539422390794337
3.4561220632924687
3.1793296758088578
0.5345338391652626
3.8576360436284731
4.1988240890223425
3.6322949907689508
5.2104364057183252
2.2045391775840795
2.7413046102321919
0.0241562289325482
2.1333998811710031
3.9043722269020100
3.9568915793437340
1.3119246582827662
3.9540484811980403
3.2943833357114132
0.0043389672644576
3.8281414239429492
4.9476500258173113
4.2435504872467975
5.7818836124307937
0.3734441794355032
2.1054558499182976
3.0672438396408772
2.6811624346216907
1.9881911493617674
0.7274203946167264
2.0626609877024653
2.1462804708806713
0.6160406154107133
4.1832945367806733
1.9749012157171824
2.6665625092220631
5.5742872254929798
5.0770554363997915
2.8476000701385806
0.7135760157677536
2.1613100641291401
5.8934549725212690
2.6706069240837560
4.1040900801163254
4.4180868999279506
3.5344157933861995
3.3241110401271694
1.2620974906639970
3.7815300417054467
2.1143717026412552
0.9429230519162377
0.6930673704927228
6.2224025583294544
4.8261446011586289
6.0872949798636391
4.9019818435946156
4.9780000361617267
5.6137410990616745
6.1346352092797076
6.2188873367278825
4.4797322134036683
0.6954690910149325
2.8186784668916971
1.1559183858717132
4.6993163621070551
4.3489784998921612
1.6781235188623553
4.4373047430286485
1.8138467194699934
5.6605921508468775
4.6493751257272349
4.5037252021527552
5.0889600334169351
3.6661627518962336
1.0193353296840206
4.6289357981644192
1.7927576871388906
0.1136318802867850
2.6973251173296400
5.1383209049855871
0.0758879447716223
4.9556579257928686
2.4059459516399229
2.5564240056902130
3.1320768817209208
2.4563041504829610
1.9100604787981457
5.4192703867090417
6.0959526413940353
4.3204685379989911
0.1027782398753192
2.2928925514270517
4.3762294756377589
2.3918069151227939
3.4418207357123292
0.7007115838151587
4.4241195186526365
6.1024189043229677
1.9850876772621138
2.7565036839474999
4.7481438513117267
1.6027364218163866
4.8277307311162030
5.5439236682594872
3.1056641906698390
3.2434399102217562
5.8649603744655421
4.1506066858064381
1.9051342084974778
5.9204178201778364
3.2086232011147673
6.1988725146867534
0.3427676511111956
0.4786155325507263
5.8877785106684364
3.6771857332164939
5.9296023547910730
1.6139255536032933
3.2036486499880796
2.7242135769359686
4.9134132024496076
0.1123048523317744
0.7397851637446082
4.0002200220956965
4.0879189426634666
5.3076561114206235
1.4552654496245456
6.0880348626858103
2.6294482015896263
1.3597968517470631
0.4151149101922660
1.2614686233806767
2.1892481635510532
6.1665972544422898
3.9619474923439553
1.2956167846450077
0.5654462031721224
3.8057282956320275
1.3953913133774729
3.6514012762174133
5.8068486370109431
3.4775095659846817
2.7794976838515497
3.5168973471026734
1.0876405407382730
3.9341714330232884
5.1125294250813553
2.0880332309061882
2.0479006210811206
4.5361301595892680
1.7615960385498182
2.0045965047126693
6.2180528869394784
0.5864752226831622
5.8240986340595038
5.0711996320936974
2.9395367140503090
3.0206393227324941
2.3497939282231415
4.4021655798097274
2.8963827561613300
5.2472576680048979
4.5511809329777702
0.8952598066019934
2.9660664680921816
4.9598150856106047
0.9409980915460336
2.8520139909684206
4.1319589461855450
0.9496769612660970
6.0410610167410290
0.4613123157853344
4.2065004235352417
0.2983342617949442
4.7876733594258818
6.1651436250638980
4.9601633794553353
2.2825672454842589
3.4958107129336478
4.6964596747731928
4.7930995748633780
1.1582042570833389
0.6426346009132374
0.7645146986095491
5.3061309747261491
3.1422647690556991
3.5120521049786784
0.9679330576759428
4.1544759980118426
3.1938305262221669
4.9741164849701542
6.2149802280206927
2.6834916390525376
5.3233434237038884
0.2873099171197679
5.3986913326071271
5.2548280720917218
1.5736067783945593
1.2397302542009325
5.1125670537299319
2.1189452745172792
2.0792612559452941
4.1581552073872974
2.8645708498368041
2.0356505237894140
2.3142157844967368
1.2515593428198253
5.7726925459265610
0.5556376110441270
1.1385186077726224
4.5475049902637821
2.0141603602152620
5.0905587416616758
5.2717387045553794
4.3357247672443453
1.4700731628947610
3.6595717749339873
2.5906468126670483
1.1351833624924947
6.2059215117732496
2.4468022658866690
4.9148050205027953
0.5416060179480650
0.0727726085534187
0.7237532711277799
2.4670124259127295
2.0198901065640453
4.9782916233148091
4.3019301543440074
2.2398205713847776
0.2023423069091450
2.7798785592192496
1.8165441218087970
0.3257594000648943
4.3737384338334895
0.0076991961911334
3.6446388633721778
6.0138785177108254
5.2046954885527530
5.6422403851682983
4.9452469231991838
2.9218980599030782
5.1559223596342996
5.8914958350111375
1.2714008342543397
2.5774801244066654
1.0514641417264807
1.5120872398004468
1.5852600789985047
0.3176961061972678
4.5196183881716419
0.4984829447714515
1.9004357783014223
0.1379697552507116
0.1994695095800373
1.5061422086138532
3.4377411950989480
2.7744205839073164
4.1350565390716634
3.7944523341691805
3.9441538209865006
2.9436435381525428
4.5379587864920738
2.9823859166098137
3.3889088875806457
1.7106220473173792
0.1794920564874608
3.0811263951929049
0.6833066734334505
0.6348441036971699
1.2964650106768487
4.2158127141619959
2.9532637902958836
4.2900467661998976
2.3728244553342228
5.6411722545607645
3.3374155186163832
2.9290201857080898
3.4100886946953470
5.5201344926926899
0.0272076742954220
1.0078527218652871
5.1719137014316203
5.1216844723321442
0.1059984441317833
1.6268925530260034
1.9683004426225945
2.2247633268080449
4.1553702951906537
2.4458247538485560
0.1019335489863477
4.6994356992503761
3.0709440065977440
0.9701008340769703
3.1948037950551966
0.4702385724471851
3.9554479231737050
4.6030619944933466
0.6038250624194929
0.1142210890147898
0.6106190047321194
3.8887799527425875
5.0025146271647891
4.2890143490510324
1.3497436031691246
2.2400246439973333
2.1390149775423404
4.6298781985197737
3.0440954201456787
3.6514090540712023
5.7190930476432902
3.9936935920781660
1.9618590280224879
4.8251853648262157
5.9952425816452237
4.7962673863728584
4.5603624610261768
6.1639586082863511
0.9392850146321777
2.6792670032551675
6.0143566490812868
3.9612707084094629
1.2755538223017717
4.3141276348103945
5.8972140752085549
2.8185484787865991
5.5433580357117815
4.1653411858702976
4.0418109079114695
0.1475429100629543
4.9924898342216242
5.9702405514860581
4.2386625450366964
3.0428054494458991
5.6090956088025559
6.1486647864935167
4.6474573244444892
2.1785289687984757
1.9364578818063123
4.4734636287518166
4.5554329317488520
2.0516068314526748
1.4660687590129349
5.3047864575175447
0.8760265812089577
0.0893585025070464
3.7992292852202394
4.8609056298684603
3.3708568363451268
0.3302371735981069
4.7670644529087829
3.8550204837796653
1.9347948275946998
4.5121203407164003
1.8892171421652679
3.9606518129225012
6.0507898258136317
1.8969474146497800
4.1959564756492105
0.9514803691900610
0.3600033772693910
2.8608200818814571
3.9432580487925248
1.0006720442709003
2.8258332312651415
4.4075029700077462
1.6808265976786176
3.8148211121257436
1.1442553258833548
4.5550997284187371
3.7003558750990848
3.4611990089981233
5.4324207190178369
3.8201528306672654
0.6019515003442595
0.0806214359362601
3.5163306697110008
1.2126171309941753
1.5445768777843323
1.7386891383265561
3.2837808289900625
3.7880876716768817
4.0334331663258425
1.8403244916371673
1.5742703797701112
0.9108845109818068
2.6050996310916665
0.0134621047052027
3.4975922666028514
2.1305093922405614
3.1847247722113980
1.9826011452480683
4.7127524135277632
1.7455545409282047
3.3329809024774826
3.0957982921874252
3.3099473392671350
3.2642435925384423
2.1856359153716136
2.8864341241205818
2.3957589928073890
5.1365521854395721
1.6123932250617281
4.2941535245756839
3.5488823730817862
1.9277167482493289
1.7910342626724984
6.1843727407246529
3.8053352578508020
4.4694232144558939
1.6483592606336197
0.8053926649017646
3.0052565884471600
2.9634990801245529
4.3634270233013899
6.0963284864949374
2.1310530194358184
1.9585945867903225
1.2464785841196802
2.5852331313704604
3.0766042387562305
2.9101403893911657
0.3459433981711648
4.6320583342595913
5.7338384208659976
4.6781443234733295
1.8643528177308282
5.1838401886084426
2.4759315806786533
0.6989174641864350
4.9149270440207191
5.6155287256156434
0.6041974040038651
0.4865053546151835
0.8406219825567054
4.7721094536579205
3.7326198922203986
2.9234209822584942
4.3928643563668359
2.7466736812055839
1.7294244031109096
0.7226863220915940
2.6372024756799672
3.4163365318868353
2.8507341005047104
1.9644106912631174
0.8264204208428489
0.7626773624766710
2.1062298830772730
3.5627391112129954
1.2531911750368037
1.6770535146702303
2.3270200838272950
2.2314834100212644
1.3698410390688249
1.9047513751534959
4.7303512152768388
2.1561676811748840
1.3781282648985549
1.5797934582366526
5.3206028605073552
3.7388566534184902
2.7781323895352883
3.4379054218704019
3.6384702886193732
5.8829442258263596
2.0564646244821909
3.7737473024061576
3.8877066844263783
1.7454903605051471
0.9322456169503441
6.2659367276837328
2.6609591187118045
1.9965946808817896
4.1797315115259916
2.0930824987119450
2.4899782032211015
2.3881688475123792
3.6181083633380648
5.3919626398139275
3.3256354482027239
1.1373112939670138
5.5787551151417301
1.7964234095727525
4.2840776722437761
3.5104089305454678
4.8347954447645218
1.1340397845870052
1.9039986259237012
4.3154235746956662
5.4526562621289996
4.7418341409428031
5.6647017267014155
3.4628745977600830
2.9563903219202130
4.5054498023898919
1.4831097803144775
3.2584169622196733
5.1568100719652277
6.2485098183422725
5.4449452470885005
3.3157849602999905
1.3466289067325907
3.4240627770514904
3.6183091366727362
2.2828274020289077
2.5046177469964883
5.9037743062905967
4.5192128149237689
4.2372723877714478
4.3099564386451377
0.9880660718759328
0.2367681070377108
4.0936628298782267
1.6128970064816204
3.6030761814654411
1.5629674182469386
1.5082993416758572
2.5581329829002222
1.7777815092713021
2.4698187077001106
1.2631270734060620
0.0051778722264064
4.9856477626321603
0.5711436898862409
4.7511881335201904
0.4201950050474073
5.8717816246953678
3.6154769233115571
0.8550831723946815
1.8626078359507088
5.5785671388226952
4.6021887777698174
0.0165557981474663
1.3602883937960362
5.7172644079223742
0.2700600380297022
0.6407719212314383
4.8583060946219643
5.4105066239532738
3.8648562113670692
0.6428242123929168
5.4894956929722900
1.9511732297764961
4.0187313421478708
4.9177951778925966
4.1076359339192976
5.5718340108518465
3.7429840623069501
4.9952850177394685
3.6749071070257466
0.2915084577687961
5.9854007417570632
0.8215066649040161
3.4071698086181450
1.4647664827377145
1.9832961666272884
5.1035663000431848
3.0744500861155188
2.8257770897619974
2.9496230641679526
0.3805308847437040
2.9717196574475255
5.4059225211595443
2.3720216809540360
2.6638358900395041
1.1539994782612446
3.2078113479697126
4.6851623420075308
5.8463828580991235
3.0227271900277706
6.1796478496024818
2.7725060141616549
0.4003847523714179
4.4502764542060396
3.3054375254778852
1.4002473631037062
3.3508236542902958
1.3360689908706473
4.8338690834085112
4.5570550363174664
3.1100069775099981
1.4244065179156689
4.3008669790130361
0.9088389196545812
4.6477607228985134
0.0209864755304532
2.9582889463046760
1.7044394738366579
0.7386392801387767
2.3091585606103648
0.6012438433103293
4.8522029324138725
2.0820920811569197
4.7999578083435859
3.5028651258835284
4.7858635988325622
3.3667425107980433
2.6600418948748739
5.5947023027604805
3.7195559294420835
6.1756172165173808
0.6143051158812040
4.1669359225646803
0.8632183302680663
1.1123389143566738
0.6195516542103390
5.4503055583381270
0.1200477325975011
5.4147034768508409
2.3031709780162175
4.0024620292384787
4.5864341706526224
5.1666118341164493
6.0765078547351381
1.1736467234594024
3.0877503032398246
2.8941225237867383
2.3703182679742563
2.8377124837251566
0.5529625967894994
2.9151413108475936
0.6222929046779850
3.2148762930846160
1.6832849553082889
2.9732073748670378
3.8087902789074652
3.0962890303773611
1.6048977354351937
5.6497070126707216
5.9030483716491924
5.1229245480350043
1.5041779238620474
2.1813426986171858
4.8057255180987388
1.3632349522515683
3.1940170048829750
3.7200395421916252
5.4297739976339852
3.3173821288170902
2.9507142408825602
5.5211410112333139
5.7994302121113890
5.7647947506872965
5.2359487209970386
3.8376119436314902
5.1401854509219413
0.7167886197053118
4.8930017170195308
3.1161434536932937
4.0699331873443656
3.5302633873583313
1.1507197408580034
5.5922169689621217
3.4014971685245783
4.5161476993993430
5.3350931923530194
4.8043520947428533
1.4858397961725869
2.8974687211774293
1.9660488799022908
3.6924336375401881
0.9017890053974865
1.2528614572826813
0.1323464173358376
1.4365061873517930
0.7267627971873547
1.9807418490888304
1.5065464906713990
6.2808632338106163
2.9175092685975121
6.1871336622774162
4.8686455436838338
4.7665767913937467
2.2096386790409981
4.6616629367997779
3.1205558614103084
4.9278495113718321
2.2294927559172293
3.6341417054243181
0.5427858715841303
2.9493457640427767
6.0969726551889654
2.4784987133051768
2.8355042867677951
0.2992211961980080
1.9992418088114066
2.4207424832282571
6.2781519019128815
5.1506363057364286
2.4657229206994704
3.2040840872057834
2.5686974695471698
3.3968954354034846
3.7040743310338451
0.2020678196010480
3.3545182633507307
0.3898724999681024
0.7481521713701916
4.4043079270712155
1.8784331291312324
0.0719405578590933
3.2551461358387037
0.2651260400837744
0.2004652181755698
3.7774361969195391
0.5225532793444843
1.0811928179512102
4.5859489420951478
3.4635986094448881
0.0686306430392372
1.8654127771143114
3.9354342544060961
2.5592736100307967
0.4706601762511354
6.1526351910551629
1.2345621652234990
6.2507146317975257
2.3217390314817457
5.8569556562259715
0.0016533511048776
4.5326581803308512
2.6466417296249283
1.1470220022493836
5.6410791498292490
5.6654414629053749
4.5747322443917016
5.0676420518648921
5.7965284459650874
0.6726674449773018
3.3064517845303709
0.1006362123257925
0.8042302397686852
6.0288566980916007
4.5117336068587841
0.8507745677046833
4.1357769157248434
2.1340023730562163
3.4195840168302754
3.9340986334490720
1.7828404444868606
3.1125645972598237
3.6768571315972012
4.8259447811148872
0.9792143162886217
3.2439668131493176
4.3378319357673769
1.9450631839694399
4.9852005289899610
5.0049127187641389
4.4322242179550191
3.2012904218531193
1.7868156059660369
0.7745261428318296
2.0952977202850254
1.2716769376004509
5.5982041662595154
5.1970638349938563
5.4229749662477991
0.9242080304218450
0.7617995003335107
4.5549091153394050
5.7061747167004286
5.9982625150173483
0.3248540262964920
0.0143349164743555
4.3971778109939361
2.2053179281182191
0.1046303056754728
5.2403328717606659
2.4261639147455289
4.2956707144779687
1.3734693850699582
3.0990816429341166
4.6239029804572782
2.4779085118840389
1.0259374545476445
1.6289745703701242
5.6515695448586305
6.0876609206481920
2.2821416103245542
2.5780817396722440
1.9074573777846746
3.5193832096191291
3.9142402430794254
1.7034614567876833
3.5583543856626365
5.9615926008784426
6.1423898099653966
5.6999715995117990
2.7145609004459419
5.1569611026807864
0.2712496565312752
4.1503156283505440
0.9157589968717972
1.5971585014765046
1.7634815873699432
3.5886425629973195
6.0749030068215442
5.3108296265672417
5.4278591096470761
4.4482477627791139
6.0700560517925179
1.7628881640704295
6.1626103762678719
2.0088577367164682
3.6025143840697122
2.7031588030610378
4.8832335855781794
4.1008777594964103
2.1935862202030747
3.3262218027490853
1.6041571399894599
5.9903635853498045
5.2807411002155575
3.6106647148015569
2.9174779604649608
0.1505491282497248
3.1673691299519011
1.8617283235521460
0.2199682757738082
1.7215019594427314
5.4337445638356217
3.7524624808070719
1.4025924424685856
2.1189430402443246
2.1927646165554062
5.3399757445304843
3.7368638774450589
6.1016892987592151
4.3460024272684814
2.0181427842105557
3.2264065519230054
4.7488600851722840
0.8091564608722515
4.7708828190849042
2.7293837969018631
2.3871836860510194
2.5177311468386723
3.0468220453238830
2.6501184367482602
1.7744556096940214
2.9658384276227969
0.5660731089492842
6.2337207795091460
5.8680992865483796
1.0009824163427825
3.4865728690972402
5.7961771701928573
1.4428147904588400
2.2386677486342133
1.4133801744274244
5.6575675170651145
0.3927689227393487
5.3600433319216991
4.7613420841049141
3.0459371008430747
5.4788242712182305
5.0512641955656363
6.0512595856843756
3.7149188537143258
4.6346234447989456
2.5658143480942379
0.6323973277232625
3.3800427725437556
1.8059776275722772
2.7521288558628116
1.6974356694407906
2.4061885774581837
5.6705763051602398
1.3166790083259161
1.5495800828199733
0.3182208958396028
5.7667453504390984
0.9381450884281503
2.1016454258197506
3.1234514218555942
2.5733584353170000
5.4826478411272630
0.5757633996091460
3.7964299724811044
5.4801399200490710
0.4609319877968043
3.1082596367403057
5.7108214084347191
3.4080887101558117
1.4384238843427379
5.7456759507116644
5.3269423498579425
4.9797512564491440
1.1275240816040624
5.1399154414814294
2.9722278156923037
3.8433528432787427
3.5363820430636363
0.2419912158899667
2.7939124550716348
2.3633604920011679
2.4151497103434241
5.4951923515658949
0.1552568810768592
4.5557343808018338
3.7138880999211588
4.9073386983250158
3.4454734043792108
5.7184391511362751
3.3747687873269725
4.2101979534768201
1.7610895142569702
4.3174021350579004
3.7444946372335393
6.1697330532967323
0.7158266237866335
3.1735602969062482
1.8837774832464673
0.7472824417340266
6.1277930267046115
5.4155908742806167
1.7368864894727840
1.6469669826156317
0.8687673221036081
4.9368677196135353
0.5083547287540603
3.1637187162507345
3.5862664574597183
2.2709440570428758
6.0136899557216594
5.4695017003947406
0.6912555780686326
1.3111385585815578
3.5453878725193504
2.4161402992910248
6.1526840778877920
4.7166620450947621
0.3735605327598164
5.1567937532411294
5.7896126508791870
4.8725868090501159
3.3320250871291885
4.5836081162201845
5.4077944942455378
3.8250051858477976
0.7271282573233313
4.6851991590044513
3.6845497849988877
2.0147267733448695
0.3229542180144783
2.3936959689421133
5.7616070305753722
0.6966460757087157
3.2258330522696119
2.9149587702278716
0.9782667694180961
4.1491056642824127
2.7473611584895017
5.0378009920322322
1.7735921506926124
4.5571980593508252
1.6038686213600521
4.8616223705140493
1.5124051161713699
1.9082658502163434
0.1109036435717483
0.3651879979166466
0.1523729211098601
5.2780181055625288
0.7114042429736001
4.3817028801242621
3.1225179043872551
5.2805709431840793
5.3855037428511139
5.5254403861595138
6.1843955595519393
1.0738813995423506
3.4770890179302727
3.5642158665620354
4.1846416180798593
6.2160660555623712
3.3726504803464907
0.2716991359789311
4.0942388281370654
0.6407518874116982
4.7447182818826690
0.8938668055794894
3.6239792286724546
4.1636358761156540
4.7867840109308304
2.5860376469274731
4.4559765948237446
2.5497533185083174
2.1131339934091948
0.2033391394517887
4.3354564947315524
5.7176505021429360
3.2027512966799265
2.0609881140158457
3.3394608078476065
1.0558742180698910
3.4797577636230730
5.0041110548810561
6.1175368364456020
3.0020471818145680
1.5401593764999302
4.6376127465589185
3.7530498837805135
0.2892650351734687
0.7237555585706293
1.2472321169409859
2.5252479445901388
0.5948329471226308
0.1568990317233848
0.9756381289630831
4.8118308761254687
1.3300875003717951
3.1557860049834758
4.4866033582372902
5.6686342488354322
2.4075539614662254
2.5289959144220324
1.9750115886168029
5.8468457610200755
1.7533705804009965
3.8655915522498350
2.2732347800766162
0.4422056772758348
3.6498708020653412
2.7063813835805433
0.2826721499396992
1.4487490525801157
5.9522136499588996
5.7486461110764555
3.3129047711161417
4.8335532185236900
2.0344766677116448
1.1469190747485591
5.3459226540999865
5.3597456789070028
3.3200601357082906
2.9794407580613358
2.0328209910786366
3.8135379507748470
2.2820392829040266
4.3678225085648954
2.2763198245183971
3.9155496549931219
0.1266392825932746
2.8849369120865940
4.0088606503303064
3.0381743383076700
5.8650062789976554
0.5049669781599335
4.3698037081128520
0.4947572794542344
3.7556695315052155
1.8654554928967459
4.0254686333996377
3.3351891441281079
5.6682631885039072
0.8252807582926776
4.5608904626282953
2.4271762294725514
5.2065587217572959
0.1293527952737406
1.9109066532054875
0.3936551757747269
3.0676390667693791
5.0312222350852442
6.0386755959623777
1.3002562103201660
3.5886750567525070
4.6763224422958833
3.6834237173004678
0.2843759971648270
1.8353170210102194
5.5941432578173957
2.9217412126292777
5.7716447906486694
6.1835756227679495
0.6506713869982129
3.8147895726035026
2.5849070830839098
0.5371690643459957
1.8980504761479691
5.1273924684416441
0.5175804366683007
2.4709744465201107
0.8997239736094923
5.3403393310047917
5.8795285270211037
0.6971476369776211
6.2112358761858344
3.6405290484686925
5.2052420074953405
1.1069388326848075
5.2230459604476351
0.0997822527500852
4.3703006515633325
2.8371928481239923
5.5249312730249533
2.7086312643680910
0.9190461220957101
2.6663382316830067
4.0048491541118452
0.2006788923528215
1.2416402040121193
4.2657580442138086
5.8993952383708690
4.8254303649935357
1.9669406838931764
3.0461404925900686
2.2311694884963629
5.4889380474520095
2.3006575969340770
5.6682090828698861
3.3693637311108660
5.0535448532009895
2.5456750536279764
4.3040147309307848
0.3420280284707270
4.7775614184999533
5.1084107795372535
5.5390979180768962
5.7133258779730989
0.2569183830321946
2.3114065153480348
0.4184352027221772
3.0094630908053377
3.3859790828319523
6.0127918468876809
4.1043431243019501
5.1391611591389035
0.5857202071599655
6.0741823533905990
2.9153860917265728
0.6731652371577773
2.9878020112568882
2.6953054178103137
5.6308183868482162
1.9020115228208685
3.4784901685818297
6.0587108435696040
2.2442829852512838
4.5148320571638383
6.1577848672499247
5.6569537259427696
1.1770944538440913
6.1464596954396375
4.6258440164420955
3.4895295815396836
3.4574130803826773
3.7484063848638880
3.2219747332658302
3.5482868994446615
4.5115103265516661
1.0802936959531277
1.6333662676112535
3.2798320482233829
3.1982379084009143
5.2892206805915185
2.6967858690036439
3.5887109941893764
0.8699068501173091
3.5625342673378104
3.1936995692738588
2.7313785481733834
1.5138190727914489
4.3576746881378252
1.4501004713718852
1.5767842107393004
0.6127308266511382
4.6798969351499595
5.7158468381124541
3.5690315256980196
1.0249273019911154
0.0146409421264044
0.1250279996411739
2.0655867109780006
4.7368737179299210
6.2571191507797108
1.5768028564957848
3.3124650562528424
2.5057050221777897
5.6952914349282509
5.7301311692966834
3.0887557245413926
1.9690597741915581
1.6916571084289869
5.9585115779351980
3.3055934227164103
5.5088547827734908
0.5297862128464162
6.2345537559595936
1.1121528295708589
3.3621010290397977
1.5021325883426522
1.1525205385268322
4.6926199665083743
1.8209778795458806
5.3588735187512535
6.2179506762377805
1.9518089952403419
4.1228739976353195
4.9095842591963814
3.0351160161629367
1.2058148451493083
4.4649483589720393
4.9299030914193560
1.8578033116624817
0.8465254002736454
1.2661497935662893
1.9939654875684312
1.3016193955250568
1.4636588446416228
0.0503877325429192
4.4281417360481194
0.5805096303870320
4.4812307527103723
3.8034662836189668
2.2250704907929864
0.9013386668165233
0.1819414216347102
4.3525191280643947
5.6431122940350651
2.5949708655237740
0.7442712879879809
0.3361837909474880
5.7972688583763299
0.8514220072191081
3.5901561495939118
5.2920588993156077
5.2888652051633525
5.4344980119109447
0.0917808889000139
4.5085293621501705
4.7761131897938460
0.1004600177928170
3.3268555667013295
0.9763370438460853
1.6975775004781823
3.5086312750751367
5.3506826357791075
1.5951789235599623
0.4673640651118056
3.9960799804582927
4.2119629695911120
0.2344899050696979
2.6463498206335410
6.1207153434450365
5.4786818796611234
1.4496703458960367
2.7837818882621979
3.4553618698453437
3.5559579202579696
6.2305621455956040
2.2551497371974287
0.1327359991016439
5.6086384518471784
3.3930906154636506
1.7882988237747874
5.7464307987307226
5.4046913115608124
3.8770557861243589
3.7074586378892169
3.8763692638651626
0.9627220489302865
4.7374377563727021
2.4481782844527955
4.7441987354248774
4.3518725475641311
4.9162579796710162
5.4862346715851844
1.6655705803652363
4.6341421055546155
5.4662236704716758
0.4831046010595232
1.1049141805521530
5.9347544430611201
5.5024447098336200
0.2734063068463294
5.5274409946365042
3.6523312572106335
0.9986001983956665
1.3603430129444725
3.9587696868091529
6.0324193166250462
6.0864008208386844
1.3109691479715853
0.2586257723180462
2.8490439009090736
2.1669093590101434
1.5110462219775063
5.6723611583155691
1.7585522422525026
1.9218040400756071
1.0955047312030475
4.9921808810547583
0.4475168424575493
0.8437627424023831
0.7775138816418635
0.0257915936667202
4.3212209728506457
3.1253537983251483
0.0425876732795021
1.2528551362259965
1.2439983296052246
3.3259325744762456
3.9462192556090483
5.5410870497984472
4.0565601141623411
3.1313673576928793
0.5162739138960956
6.0856906445765295
3.6954021295952475
2.3213708486566915
3.8510841572750447
2.7954912558442286
0.4108601756608191
2.8935256350678440
3.1708639831961443
3.8097524737078206
1.7189439363040562
1.4979812581390224
4.4263517364647829
3.1396063727577843
1.1630616769950717
0.5822422875870030
3.1357374641630473
1.2468748517140429
1.1989067604329806
3.2365846614463658
2.1830300529571582
4.8502622209415751
4.5544590258153113
3.2706653531415282
6.0233574285144957
0.2383192161608593
4.6184767172484333
3.5775715408061814
3.4565977899985718
4.0260741621313212
4.4068715321712926
6.0187164199780572
3.2305657024453756
3.9833152858462366
3.6397170657885018
5.2681529039198578
4.9430860834208001
0.7445274080427617
1.6545894408796011
4.9017013071676852
6.1152624619216178
4.4408259450754786
1.3775958828908135
5.2276063996493898
1.4751949728530742
5.7940375594905662
0.2613515306679190
3.1067087550865526
0.4338751441936626
1.2336781933112100
4.9057077434566656
1.2475010203073529
0.9065367366307973
0.6702186531233547
4.0862838740454102
0.1874511660298032
1.3981904632492235
1.6670051872512057
5.6405526759243196
5.1548051646600683
3.6284378899433878
5.3217660383665972
0.0690995702591152
1.6189242299207693
6.1185063925124892
3.2094269149439087
4.7202786066813527
5.6691395047337769
6.0248212244651418
5.8672308743323089
1.4897297115978216
5.9655797774870667
0.4908424189379666
3.9878128434569802
3.5815338652286588
3.2549152356498716
6.2222613881537905
4.7156737517812282
3.9803518330257441
6.2280380912118440
0.8415081159010266
2.3857864301398837
2.5572746607057719
4.3133725155402720
0.5683978674859240
2.1842395337495910
5.0540007243460847
0.9030884300783838
4.2810058537997451
5.1102279998755034
0.1721713946582527
4.2666290524914512
3.0835306867227104
3.8873460003060449
3.7788420382950454
5.7162407224346516
4.4038613558985453
2.2438599795714658
0.6859140494650342
3.1792550405655828
0.9841464949006790
1.2440769010736006
1.9511167276533123
5.0449187875034811
5.8655786313724461
1.2050365819698907
3.6705864752507846
1.8528322918302982
3.3240923533883615
2.9768437637823237
2.0290517694627725
0.5445077218332501
4.0023526992959786
5.6974290235417238
4.6834324304031982
2.9384065156466708
0.5224813981597842
3.9090843758578293
0.6688678061548899
1.6271960165926203
3.7214723163198342
5.0596034040207591
0.0493038410473777
5.5571459360938018
2.1307688380786813
1.7022708383981899
3.9753174731188601
4.3209914276136772
5.6202093179739059
2.3514305493665724
5.8407046897768673
3.9603554500141662
1.9071967547679887
5.6905402247216319
0.5529675786890078
2.0307515407984624
2.9671154353895042
1.2067522929048795
0.6582233262078854
1.6902544199162879
5.5691605044080204
5.7012035681995208
1.4366147347199913
3.7647418987299344
2.1896417371142283
2.5284550459793951
1.1164511544813913
4.3021555075304931
4.4988452048800127
3.0948682858523702
1.1955195385768420
3.8532808469337052
0.9900078812767807
4.8369488443177930
4.1656626006714639
2.7589465908691220
1.1571783445125028
6.0878475029287582
4.5216618849448569
2.3604756786138088
0.2755811743647986
4.5876156525692089
3.5129682162293001
4.9812280041887789
0.6741755552264421
1.1959243639963011
3.7139255781794698
4.8761780463058395
3.3311649953931841
3.1478625251706100
1.0055003814643488
3.2793294900143826
4.2601152070244108
5.6287925765195039
0.0215574919252118
0.1209233555560636
1.2766049880052561
4.7788328487265304
5.8528460096547912
0.9484475654563861
0.0209667467265837
2.3158093653519938
5.6099044495433867
1.3157448912499670
5.8635048612917542
1.1545076591683647
5.4166171605549369
1.7541438574616415
4.9742806660362762
3.2780335880239084
2.4920745142311147
4.3334349420600882
0.2997684335145981
0.9886879365446224
3.0809356459127089
4.6319082045767921
4.1661139541447998
1.0236995491294818
2.7865502141391927
5.4372908442347443
3.5664129374945812
3.9381017696746334
4.9992973672679799
0.1260138116947875
2.3610083575878309
0.8319323973636010
1.5924493715623584
1.5509084484932365
2.6037942830969465
3.9366083031637626
0.9591422193097756
3.6121509609766358
4.7266573337087632
0.4825577207480591
0.6969871297799987
2.2283673132297026
5.2724457577743653
4.2253780089057393
3.6655099837760323
1.2492079967499792
2.3796645799322675
3.7501302219176851
3.0312859142312405
6.0058034349601419
4.2203375424972815
0.3076931332925510
4.6701934821952396
0.8439776929737406
4.7333492921465314
3.2473047269725215
5.8738589962017675
0.6575075849248575
4.3234495087669158
2.8739736659786148
5.8022914045453371
2.5157568381656490
2.4429009337911101
4.4309668860106504
3.1851907362373706
1.8826476879186675
2.9518150694395118
5.0842820141112322
5.1418841836520128
4.3697519188447513
1.3103688987227464
3.9775063432601558
2.9508148575846374
3.8523460775833898
0.7267361218560694
4.5790029241406378
5.2434679876259045
2.2575133427368148
4.1963332805736453
4.7513447596581662
5.4014263043661224
4.1356819020262447
2.2902141214597846
1.8801995428998315
4.9128031818887123
4.3441765468162643
3.9427020340806131
4.8103975800742145
3.9659364468586777
0.1773139312767938
5.3841989215254964
1.0575633689721122
4.8329167347021089
0.8451251336234333
1.5514932431476802
5.1879521218662408
3.4146181881031676
4.5497256660934413
2.5846926422147307
4.6930077337833218
1.3166292934055841
1.6659769023787867
5.3618840002209494
1.7646488008138737
0.9902175500772956
4.8427180416107634
4.4135532608663635
0.5631427489773150
2.2604973073077255
6.1753542766238549
0.5665081341879580
4.3657707524966058
5.8622863624618722
4.8965247851291664
2.8015484269749353
3.3885248116360978
5.8191706179937750
5.4012985319861757
5.3377801886639666
6.1383461450158698
3.0913302941783436
6.2057402995280082
5.2400044478091976
0.1187762381365463
2.9892257274390439
3.3419942759417589
4.5434736828667388
5.6513555153513426
2.2667404913795672
5.3285806319309561
4.0196133960315210
5.8204407167605083
3.7831674842386378
2.5145340138398411
2.1865261417818407
5.2563230500377172
5.4429743107185526
4.4976488786754789
0.0862190641986049
4.9950650899583522
4.7822150928342566
1.3901808586187072
3.0849807795453392
4.3355804370909903
3.2820305045516904
0.7126268670855410
3.7243193842464160
0.0556489944833671
4.5941071789640873
4.0904529553667439
0.1710019149769305
1.4435518700746035
4.6592091700692624
5.3805265227678793
6.0508783450416699
4.2935851054215544
3.2109118696718415
5.2564458997128094
5.6587671947805305
4.4132825640198670
5.0081680094258916
0.4966534926893605
2.6866472176022200
3.0334777123301850
4.3478475331391442
1.5625401528410376
1.2730707403988932
5.9034127320513106
2.8319171029980428
3.7531372274298533
1.8752704162743059
5.7201755045679477
5.8139856119075830
1.7018952612344629
1.6079127629576975
2.1991035620074375
0.2303629734497902
4.8095197780682959
5.1683398953441007
0.4503858384998143
4.1508059849208756
4.3197631005544430
4.4629404761055937
0.4516730950374861
1.4532244187603656
0.8745908509805638
5.0392760502899741
5.1408993215225447
0.9822973369203789
5.0668737433883324
3.9031695208892336
4.5600673387504091
3.9609645475533806
4.7639404383425399
4.2481764907869675
3.6960132905928234
2.3712692705816658
0.2174235400757678
0.3131012069079375
2.8448199596128574
5.3313460143373499
3.8228606190402497
0.9874906031001230
3.8840239928842593
6.2715187077662593
2.1461124492463437
3.1922439283147139
6.2322659826213833
4.1258058318386093
4.1641219805805640
3.6424740287268338
5.5481329679968123
4.4456051574760842
3.2039416403336567
2.4283851436802704
5.2158035772082583
5.9731607388668824
1.7755840179432743
2.6900943935509676
3.8594744479551255
5.5761862259483435
4.5048216057015082
0.8509905111736679
5.3520134831312296
4.9022159465728778
5.9659217127034578
3.2795079078968201
2.6291348835550448
4.7839162366291514
1.8974904169902169
0.1243500586221842
1.2538097060549913
2.7363200321788694
2.4387948599663511
2.4511954625976289
0.6356996573471173
5.1299635863224795
5.0264974270165190
0.9478175424016252
3.8785424725019015
4.2333928783408457
0.2085891342018904
3.0170930751698322
5.7779482042647485
1.4406296383499206
4.7979967099755951
1.8936268655518673
4.7251814899686018
4.0328066739538402
5.5942667385474509
2.1581681605859213
0.4628625762936864
5.4735803901848525
4.9784241134333431
0.6253732415450683
0.9241894520463320
3.7510239360588797
2.9460998837981238
4.7628410311798062
2.0449031625812246
3.2216832261970172
5.0427153816594945
5.1954217764986046
3.1152371498878098
5.3882895110606777
3.2404018570187807
4.1580206707109459
3.0688903547768360
0.2064273339851277
6.2635416849503009
5.1053277411859472
2.5267731583244131
2.7251600590053924
1.4620290529244226
0.7257106541865080
4.7260799978018078
3.6607941030972118
2.0005231200770952
4.0943477228225111
2.1919040670784184
2.8582716490488380
5.0471046232196306
2.6087384098362314
1.9205821176489664
1.7700309005134072
3.8844154949533136
1.9722768640517940
1.1179938858492768
4.3770162717161343
1.8678462348399463
1.1076400996670850
5.6016952480338977
3.8172481899328510
4.2954978651050393
1.9628229439739153
3.7414802357590973
1.3554309689181243
0.9574433721076203
0.1267271761422090
4.4801172329356325
1.8882511340843537
5.7259410557593098
2.9884595609103446
3.0464787599463028
0.6968463098085393
5.5031098492166182
2.3746476266857863
5.6038648136055382
3.1511651627281290
6.1475606202277975
3.0880783594571621
2.7068940173552423
4.8443036784273419
5.4115579836899430
2.4777501288937502
0.5291920502596610
5.2719766315975471
5.5078419266308378
3.7927800593942194
1.6745370364531993
5.8573901856400248
2.3225086194569213
6.0421832344013513
3.8867239595538674
2.1756732398702798
0.2758771725691334
0.3976338914331217
3.7048885712454851
4.7917476452471446
5.1350373119159860
1.1393312617360147
2.1947965417854736
5.7050770384269329
5.9629449834277857
5.8221248109152013
5.3528748777597608
4.2899915350853846
1.3313251189680544
2.3450232510489126
5.1805753091108189
3.0644830617707286
2.3426931660616832
5.0742970222775305
0.6610028714824197
1.5124767714668559
3.0837809283302411
5.7386290223137699
4.1842059572361290
5.8542972954849448
6.2784364925742269
1.3285486992440640
5.4590650629523036
5.2130290437225000
2.9154667804137127
5.3025950836721831
0.7454838804411457
2.5198387117901802
5.1661886863465325
3.1731623633701314
5.3138075976926009
4.9105689194386333
1.8317135857330069
5.0579268392848675
0.8793889686316435
2.2679260472782898
0.5328184020596313
1.4671538401466706
2.1060528564716723
1.2059910006017429
4.3999214534139934
2.4018323650137461
0.2910201855591610
3.8171807132578857
1.4843093314012210
3.7023489208689395
5.1691014160656854
1.1935303892783919
1.8282480495197657
0.7801579973690598
5.5829360196449640
3.1672819251667597
1.3099153398390899
1.8367829979652170
0.5064966545913966
5.4339667895197836
1.0436837550365483
4.4720197036859455
0.1169905835894179
3.5631480916939835
1.5872782956979337
2.0136572061158167
4.7372737954785187
6.1027041190365656
3.8055015797939116
3.1444830646364572
4.6397676232329932
3.0881453373759409
0.2036841199794222
1.6338408870019427
0.7847228912704719
1.6444201180194060
2.3371137652174574
3.1597799550532923
0.6123744562243697
0.6756493332964058
0.5493985037680811
4.7456283953759932
1.4872250444373736
5.5223345981117111
1.7906915549898541
1.8902052503068378
5.9401589426478543
4.5858360563604688
3.2406812991860514
1.6348619414715655
4.5525173246658417
4.5438280844404657
1.1269290113627544
4.9283917199265561
5.7367989146794738
1.0336865924019398
5.4023623763261304
1.2046237064450329
0.4343577262052611
0.0618894609311145
5.7936327790609363
3.6758721786706761
0.7057460866017381
4.7943041502823922
3.6289368845743297
3.4270048320342452
3.5186997327153260
2.3920313186119997
0.1195942957432838
2.1350194793693911
5.3158181401475533
4.4339565514296222
1.4879692667010260
2.9750861686166177
0.7934798561337326
4.5160068167514318
3.7398409944049686
1.6853219696144972
0.7369651297006462
3.5363994933525955
5.9344867813120601
0.9020552433379068
4.1639956135632881
3.1666428813101004
2.7740641028138464
5.1704393387883147
3.8641652587702588
2.6767221377453732
4.5318300339056616
2.5550806194340567
5.0876166942486991
0.0160821135940608
0.0971612797051705
3.7372953880374560
1.8825288330126522
5.4559075907815346
0.1478147875986963
1.1539025406586512
5.3845533487477075
6.2655268820329759
3.0107421290020389
4.5161343418910160
5.9434847396308701
3.7799996134853533
1.8358571028229944
4.0770096934977333
2.3488903811894621
0.9233713623157920
4.9720554349526518
1.1535310345103624
1.2658584877152859
4.5404837148797359
5.8879009664110118
1.0313443356159766
5.9633756252506078
4.6519306991146623
3.0622463724395219
1.9430295404236473
6.0760969653710193
0.4081913421525186
2.1934470529598928
4.8972662098873707
4.1610141482856262
6.1218483198394509
5.7476129913415326
5.1042106132749465
1.6297680142066873
5.8965543576099524
2.0274228842557291
1.4936788917631258
0.2902362528690752
1.4742643218162770
0.8613488920383068
4.8458893609028619
4.5701266579567950
2.7207588139666439
6.0156628465711837
4.9047168621351718
5.7653658762545090
1.1456854284674853
0.2082216053843362
0.0260721624417536
0.4840947793614804
5.6346138123918728
2.7030870623689096
4.9704600962477370
2.4436776916624172
3.9501365604866416
5.5031177265793696
0.1507358289811404
2.2895392375171473
0.0184511173456452
4.1607022686250748
0.0038968590537268
3.3329384880857580
2.5720973857736174
3.9233306401279839
5.6339792168957432
2.1011109152780043
5.3403793564175857
4.6516501409761783
5.2940568552324523
1.8784969648827170
5.6102382825956836
0.4504671321276302
3.8036228525006308
0.7312194918881123
1.1862402259830147
5.1217875156998636
5.6103011774298395
3.4232701108839882
3.3399735128388253
0.1735164498857584
1.8093838398354973
1.2939706290313635
3.6031028617159127
5.3479537246767137
0.3334585155523618
0.5375574242412772
2.9965037438927609
2.6452225694424514
0.8414039436099059
0.0525749012706686
5.1681246780524690
2.2249568317200090
5.1228393831404997
4.6077121439982109
5.2589936789949849
3.6006436098908683
0.2845827167477525
4.3644035048725396
0.9611574497564565
5.6766038094857745
2.9926737148396616
2.5214675459875751
0.2474874195569785
2.7176193575578056
1.3184006546737526
2.9612511132732404
4.4446840043098010
5.7620248735444894
4.4801628998603693
2.2785041979189469
6.1780277486844408
0.8704159269560949
3.8716632739854555
0.2180521079034638
0.0183559746768583
1.7867203724864451
1.1297997609200239
3.3640626615379308
2.4354130887328296
1.7377469069180993
1.7753995477251983
1.9512850140076563
1.3028701482008289
0.6040776823944934
5.9554658658397353
3.2068372939234404
1.6421867207484671
0.2958588039764901
5.9316399864213993
2.3300539513712555
5.3776001562554612
1.7855236889165464
3.2972399402286507
4.8842969884742438
5.3637872019642661
0.0701052767698941
0.7440617792316959
4.4153227717559345
0.1615379260856255
3.7674576092918799
6.1180326289354792
5.8807650003073269
0.9893097644858224
0.8173028257107681
1.7591148478003749
3.2931783415854454
1.1695817710066432
0.8504920239344886
5.9585937329473841
3.1947628310255629
2.3655887548281020
0.9622620446973099
2.0246025912992662
0.6265442602553926
3.7097086135967552
5.5691697175884238
4.7800772006440253
4.6057983621527132
4.2173798361210242
6.0767280900114136
3.7437976149768653
3.2538361401903382
5.8158086141136591
3.9356236228544415
1.6296386673441829
2.8781542552779378
5.0674940661731620
3.8379331029514079
2.2943614228109181
5.0593433392970191
3.1383303775594289
1.4628356572270034
0.9358438767636393
2.0589212533244567
0.9582925620314159
2.6307714656358274
5.8109225179478461
1.8502364028214848
1.8142493217727647
4.8254960653719614
5.7382535818648952
2.6784924399017922
0.4303830138212625
3.9606985758436677
0.7445179678461922
5.3763903044095276
4.4312985205432538
3.4092086225285052
5.0003877527924656
2.5390578314875962
2.8243511295928938
1.6625289864461055
1.2534649020775956
3.3947524074448574
1.1369226926839704
2.6292880395143521
3.6443914768682122
5.6291328965687244
4.1341394364925463
4.1681678203804129
1.6909889469347901
0.9909035874549138
6.2242062871107606
3.2756951589277201
1.3235349048743430
3.8399827585714106
1.7280298221686203
1.0413123367912844
5.9356900433669848
2.6240810102670560
5.5890249260673484
5.0830440752872095
4.3729652457148678
3.2759227511526983
1.1472648052773780
4.6952115844593951
1.7209969969846990
2.5807042800320188
3.4010374657499294
5.3289724481270531
3.1046116570282800
0.5174504188657272
1.5188533917700735
4.6420027941507724
2.3164759607140173
5.0143171145374392
0.7234800794194288
0.4544617219108321
2.5853645384343649
1.9615705657577815
5.7953448856421934
5.0385619689562668
0.7142585503078119
2.9801047174737163
0.3309349101447054
5.1118324750545616
3.1090894572026317
2.4517740273395501
5.3181701916490667
0.1118237441135010
2.0896914743806874
4.7339790993184279
0.9314821863753908
1.4855291214499227
5.5715492455413429
5.8106485356584159
5.7256304182394375
1.9631824610505373
2.8339303030826648
3.2901379673486155
1.6019983688727588
0.7142250999972792
4.6782499159941278
5.7322222921637991
2.2372459246915719
3.9678152282473831
0.2627200812707616
4.5836900264512277
4.3834367365022588
1.1203874477914437
1.7633051177975283
0.5941256780946323
1.8460022954770814
6.2004707712882636
3.8684762698408917
5.3180579341785137
3.8974544444682340
4.3755367363651398
2.5257807337674820
5.3648795096828694
1.6226321310108616
3.5051000132080441
3.8827159292731412
3.2373271612363057
4.2226155183439165
5.0693282198211262
0.8008145055402999
3.2783118213808424
3.1841412217049485
5.1217633223850125
0.2287680732715507
6.0960831319354449
5.0765633806481301
2.4244829412850080
5.2620329480059311
4.2324128705565833
5.0531034906611989
1.0657969220511812
0.5987125061005732
1.3601960419453933
2.5184124764754143
4.8654167583903893
4.3077616740550200
0.1008860789248617
3.9064808257256280
3.6953014247410345
3.3008086450453371
0.5040102605642331
3.1314445368489587
3.9411103389113107
0.3222183704182826
0.3222864067443808
1.9138268193879715
0.9628580318095213
2.1173065522780621
0.0356416886639593
3.0252831218709435
4.8544143798134245
5.1383251356894393
5.3278921258539222
3.5805993733988046
3.7916435721603081
2.7440191100576765
3.3657762822155939
5.7194131161238566
1.0059272317489956
0.5120020683041021
1.0017413517662370
0.8122923581460475
1.6723696876340481
5.0978532642995562
4.4565072565349428
3.9224022009187389
5.7993301117098914
0.5331223985291390
4.1358101155306546
6.2102658214172992
0.9634799399883974
3.6081558963217848
5.1418829082726774
2.0258716283095564
3.2531261878284385
2.8969913134708767
2.6315263594418514
1.2484921266997362
3.5020031417892770
3.1533657300171178
5.6924056215525800
5.1248318134490738
3.0249024178370369
0.5742183807194270
3.9782783387926770
2.7550575738379446
4.8753035275670191
0.7328002335362546
4.8162066422115082
0.1169601093254101
5.0177953649928773
0.9772696138213569
2.0843097249116469
0.8358150149142453
1.8493406015813383
5.7092781078946073
4.0781123274998041
5.1540807567974447
3.7748146487046093
5.7227407322875763
2.2816418969311374
5.2198985420828219
2.1723222305478509
4.1052417554581462
5.3354254419245581
0.3174154661911800
2.9989261091235697
3.8862869349447609
0.7373733490563376
3.4429917592921324
5.9039415478311890
4.2269412477284867
4.4521756856483892
1.6799794943200925
4.2593045573364581
1.2396739028184838
2.1260166483993146
5.9321676676119885
6.0583436600019427
4.1712966853893274
3.1004007807966842
4.4457260511380019
1.0259616141180683
4.2211887126096679
4.4332939300960801
2.7213338433979608
2.1612168068239850
1.0827141579920021
6.0726872026588889
2.8359938281782662
5.9554925246807286
1.0852223912327241
1.5725695740742596
3.6198190215991337
5.5522462076028862
0.0557864439991006
0.4163200769343756
0.7687153459439966
1.0989375025194938
4.1758900607579879
0.8724337800511555
1.4629253602454193
4.4303327479644654
1.6641211644202936
3.6580828103744980
4.8071326391072420
5.2969915960514848
6.2360294854865037
2.1090357453491304
4.9015285175322418
5.6114562192064490
4.7108865193288150
4.3384329170659965
2.0643930579317122
5.6855041368508550
3.0652224033581428
1.5136822612013983
6.0071140239018597
4.2189995566487459
3.5426558317952050
0.7699950519659469
4.2154037328889498
1.8445618349126105
6.2621564974089141
1.1293389102970708
2.2849544815727376
0.6236453725853922
4.2626376867912539
3.6545528608113420
5.2513186307748603
2.6330624611087319
1.1051698792086393
1.4537288914254536
0.1153725891497831
0.0352377906856492
2.1851515393852674
0.1450218893471102
0.6297050488761095
0.9119612873933545
1.8599406433931420
3.8623604463760759
4.6243670191182957
0.9842337728071334
1.6847806514871093
1.8729935577457859
4.9008506442965389
4.9393392297391676
5.3217456127637384
4.6610283496090625
1.4248362585016947
3.5331544343665331
2.3750049785049119
1.3165051752747565
1.3608908587810242
5.8201636960560155
3.6376280830537135
2.7668010676529784
5.8174130955278134
0.8730525792753385
1.6383914707285692
3.6506456406876904
3.9662222011951815
2.7656128066704606
3.4814759571312730
5.0918474790163177
1.4107069339487450
5.7295064253051686
5.4633669672866825
3.5436505008811765
1.7451302836570222
4.2067995417428161
5.7192939572148500
4.6825856594254329
2.5468892510658301
4.6809473294699036
4.9969841515103139
1.3454185721591676
3.8155176304768634
3.9201119941971601
0.6772203495474443
4.3837291338847901
3.8028244148196628
0.1756134664826513
5.1178199774313482
2.5850623590815118
1.5760252431146518
4.2780704356026655
1.8380240488113593
0.8887717811376230
2.2849943878050123
0.6024559982764478
0.4711287186481424
6.0154780207604892
1.1814474663620806
1.2352713648111129
1.3558722097566165
4.3570997316376623
5.2810486124728522
3.4643191428267861
2.5694943192104094
6.2203178816826385
5.3085883610718136
2.1875015729621179
1.3020289062300583
4.6793826313631106
5.0121135076422814
3.0305988915408610
2.6042188754822564
3.1330593802521824
2.5268772353077433
4.4852081299913884
1.1390545516425543
0.6452872116657929
2.3465709175559435
1.4942749090158511
2.0946627851821478
5.8651416803905301
4.7425777219212044
5.5590725253702526
4.0886394880411787
0.8924436633339887
4.7857400062152875
2.6134980008137205
6.2433572490991232
3.6829022648563217
2.1644084434505229
3.4389763945527632
3.6366269370367315
0.4287452384894153
0.5170546449214749
3.1062062061989044
1.5888542737282694
4.2520329929543816
0.6760352803796208
4.1246505946720120
6.1960872830435658
4.1146512218216431
3.6613902662388669
3.9255457063262424
3.8670433999956568
4.7777649741592105
0.3808497977769035
3.6911136591983955
2.6463887246965547
0.6827672320710267
2.5815736804456253
1.9455093428427099
3.2628227807005792
0.2393909125490192
3.7964407972424463
2.8853540474371733
0.6070992325147324
6.0315989273428077
1.4989501021813822
5.5636807952893186
1.6410873917593862
1.9143087489489901
2.0644084438993366
1.5329171960175385
0.5272960696448648
0.3266906757371004
2.6926366227361145
1.8474052494124085
1.7032355211621233
0.0571292824040674
2.6286167500443582
6.2728044076133882
2.9635283854113559
1.4176960805379546
1.1524178017046081
1.1336823560210318
5.1148808667611592
3.4221024465301157
0.7473058320144425
3.6325936715354170
1.6184410110777949
1.2087115190818585
6.2099707823073231
2.7475798536384324
4.6352336432895473
6.0906568025272900
3.1383783055652019
1.0600932968948951
5.1930527475216373
1.2421781358539179
0.2290097078850251
0.2889338814401181
5.3264949069782874
6.0526700507763218
3.1536553887969654
3.6360432641320357
1.5540910244329931
2.9981231736160914
0.0335016656161808
3.3703074731151470
1.6309105845471825
2.0665161599377773
4.9263148217297941
2.5387946536716548
1.5882831270414515
5.7467533527144745
2.5455327230344231
3.4436132085375903
3.0837917775613586
3.9582519992199745
5.9731528640068952
3.1176984964928343
3.1203419573011151
1.6376282501039285
3.2054938971070324
1.0927487512841159
5.0907142735989064
1.0130800056546965
3.0456794210738583
5.9429796082303046
0.9897953492905134
0.2976659785928332
5.2527831137049050
3.9627796254689605
4.4699872181113207
2.2875138067440348
1.3288217837614476
3.9483589404171249
4.9619463735911769
5.9099750780452460
4.5740764988352289
4.6112475580124981
4.9669374597960978
2.8335929820297334
0.5996440480302609
3.0959454690356729
1.7222101263903018
5.1077952229949881
3.2480699165741083
4.8754948752541294
1.6592063643964998
5.6936712952685546
2.6440418895944453
4.0319666917165105
4.4447586688733889
5.9622180222223031
5.9831710529124171
5.6756110719232638
1.7426473201317854
5.9150599859951054
0.6960878304174447
2.4104809110137797
3.6503218472240988
4.9255892411005737
1.4018482349808938
2.0531286390421393
3.7779115471600280
6.2490923745496811
5.9420113689052982
0.6171736141615466
2.6181917873185636
2.1788109652311416
0.3412810299539088
3.0113324794236487
0.5398936993848885
2.0376048020561437
4.3502097503201353
5.0794230034696728
3.5739464155112737
2.8125052900347631
2.8596806149562974
3.1917414037396159
4.5947744528770720
4.0458306873536980
4.4899996569837359
0.4803776907471082
2.2065281069942562
6.1298500951562298
0.9716639798093003
4.8135003846032953
6.1270241651487982
3.0249880816589796
4.2429054112615070
5.3100087301934087
1.2631945104371081
2.2069585101483700
1.1592605855592941
5.6619932041868601
3.4161312702317446
4.4724599637679443
0.3504510703448909
4.2021608444361940
1.8720668121822002
5.0669877938081402
5.3118674813351072
0.2367609893622529
5.8228269425557766
5.4981858386020566
1.1218535372455534
0.6787210939124870
2.4403228055850357
3.0919977008637467
0.5605224244174772
1.6417710951585891
3.0798159142000672
1.2394955820291160
3.1136758965781475
1.2661173259931053
3.7628535126420624
5.8520120007397018
1.0761211719335779
2.9171305444509246
3.0465749756946976
1.0157246614951154
0.3737554604325541
0.2512219978702484
4.9937833057974466
4.9076380516274254
3.4327690005886971
1.9219624906766677
2.6001135631939465
3.9583011979901781
3.4349783443471722
3.1046205015450470
0.4390234193162306
4.4580220843249005
5.9818673847196742
2.1163748025753026
6.2342130637412936
4.4722273283058955
3.3842433778088719
3.0594662465765197
5.0910994040896238
2.9014495183284250
1.1068581307691276
2.6444165725125224
0.1151778737911806
5.7139968711498703
2.6327872395288874
1.0600676012257420
1.5263486036415630
2.8297414462122861
4.6277629037780548
0.7291065567346586
3.4563176787881775
2.3971051223376620
0.0562284711152161
0.5128767034778726
0.5282317255831230
3.0587192430464896
1.2822295756776911
5.0198363611472487
2.8684268268278421
5.1393065412993559
3.8973201595962186
4.4427706354515255
0.5423230544335610
2.8097864071724485
0.4340990216409536
4.9321727758780973
4.0483770981154823
0.9786627502285676
4.1606319772238107
3.4449413138776723
1.5524321547628970
1.9572479363784774
3.6764403207339109
5.7797420474337562
1.4475833945710515
6.1610459786636627
1.4496596304032732
3.2891246384484960
1.5067404172455054
6.0431435014404071
1.0458624118821642
2.2107591940098525
2.7941300252246681
5.6284606196751596
3.1559050225599066
3.4333560766317728
3.0786647282318884
1.0004993050103830
2.2825271103475120
3.7451996043657432
0.7868414189921332
3.3037451092531489
6.2190422477630776
1.7772353018670148
0.9444260837378953
4.0542465691570291
4.6784388439878697
1.2189599066344745
2.6895077857980483
2.0180053882807645
5.9369255514490691
3.3351161646815197
1.6189346243830700
6.1767677095894875
1.8687955802027594
5.2443683275846631
1.1775944776080911
3.0906924875259731
3.4026509586134868
3.6166801030422402
0.8375871565152240
0.8322961925758400
1.7134828238234221
1.3329673334906034
2.9168864940390504
0.6223382149151130
0.8401718686517317
4.2400168045669178
1.2613880375236566
2.8114382147107979
3.8491224105637833
3.4727161843449590
3.0917158295337264
2.7835994996209350
4.9215328102476041
6.2450965458600489
6.1443697105710866
0.9597889869592627
4.1063013585763564
4.6947266079582883
0.7828243904452726
4.9815914639196492
2.1547713890370770
1.4780237932234748
0.6026633177101798
1.5574716006498963
0.2268707228592010
3.9018614177658972
0.6621144417034588
4.0071719866365063
0.5303953667654192
4.3612352307412996
1.1257835621891257
0.0109587908763992
3.2499161540305144
2.8714456225024469
0.8653000763512044
2.8658386998550860
1.2007111726179271
2.5351228666412942
4.3238496384904490
6.1486435323590225
6.2220191175996824
2.9828716460823723
1.2931154155207225
1.8765143023499866
2.3164791495569639
5.1784456392621356
4.3236217223680029
4.0738026197330344
4.4111718286836563
3.3066346513839404
4.9619731779020366
4.3112632947791072
5.4374757652998573
0.3338025186149279
4.2381142403327230
2.0734857497020682
1.4799481387385762
1.2476037285143837
4.0656576874014370
2.7447951473537779
4.6799071107541499
1.8312710605112794
1.6469632686218421
5.3602471821549997
3.2646877816896627
4.7720440445437520
5.4127813403329181
3.8854132928105596
3.4277630923834668
5.2614145099973699
0.2845078273690480
3.0844164158069369
4.0814538309936816
4.6587127220201117
1.3248893635741912
2.8980042118997162
4.4567199400857316
2.3014948047657460
5.2777185144084209
5.5385966549981704
3.3742921013374199
1.8890294917148318
4.5637176501476739
0.2544572889998993
4.7944441153268311
6.0750655320000790
4.3756693539084806
3.3424470196651539
1.0787185075343286
4.8843661663902749
3.9434508135775217
0.6793048672505781
2.6899567448420751
5.4731325460683209
0.2428555780555413
0.5427334779300244
4.6228430434612600
5.8689291711182818
2.2209347821575394
3.3168270284419532
0.0410542372404353
0.4596350526431884
6.1346629779049229
0.2567249914376175
4.9300982422324786
1.5392448049379348
2.8272852632389975
3.2637880565592599
2.8657361864121054
5.9803020345965727
3.8151595679678749
5.0911461017724138
3.7216028125652754
4.9032470315402712
1.3033912473604199
5.4049187217261618
1.6943534597558936
2.8485012515825319
4.1392648418150353
2.7479902670236269
1.8324514794670643
1.1977578047455253
1.1003758338433884
4.7036170035416980
4.0554689318001245
6.1063970311200997
5.7788917130007258
0.1310883192103025
5.8437836460427945
2.8267045428947779
0.2814543468432968
5.0565634524628429
5.2209306405130347
0.2899065634131810
1.6378664430709899
5.3158834792564189
3.4292188366061205
1.8020245139982256
6.0988149848472011
4.9672546170544578
6.1060819483192654
5.0496979215650573
1.0335348534881614
1.3085857859846166
0.4872237839261349
6.0172664567379428
0.4952511928090488
0.8433440701695596
3.6139739274775695
2.3695809316262015
5.7268682654093830
5.2939427517438169
4.1930610996377951
4.8869261633404761
2.9390552981920037
0.4607812529320088
2.1995754367505516
3.9185009648782407
5.2569410283530607
1.5388697230919657
4.3198920614830190
5.2197957864061291
3.7187674547190626
0.3004758921321587
0.0090112882482003
1.0893193222232498
5.6000540683258739
3.1505528192899410
2.3288561241051458
3.7413878172389796
1.9981168957187356
4.0414258439492770
4.7866528731854849
2.1708182599493062
4.8676517461298765
6.0891859744160763
3.6935745220766907
2.6814139914555741
5.2926967652133712
5.5659037213028162
5.7019435579145785
2.4029177135242947
1.3844718903457811
2.5014427314463719
0.0375341562954907
4.5654937795226056
3.5132962585481065
1.3671904492083320
2.5234995414670012
1.3932152643131706
0.5207382126011414
6.0920217037130877
3.5894938121701458
6.1615526330367008
1.8561329861822713
3.7063706884567220
1.1316302384378829
0.3613649663393415
2.2774014334182198
5.1891598652243767
1.0393865006856597
0.6274039873413280
4.8195734729450583
1.6092381585942328
3.2549764475973824
0.1376773788750866
2.5592767447543525
1.9671839069551278
0.8602221386602851
1.2443147054066201
0.1726146772141755
0.4709350983011212
6.2672587083575735
5.0407982110859004
5.5914924747542045
1.2157638157465311
4.9485827111619676
0.3804634175685292
2.0717739325321025
2.8136346728281802
0.0404456904677178
4.4097600074638397
6.1383350042893019
4.0451569203959199
1.8365744374773194
2.8434472506762929
3.0256821163994139
4.3620837583129530
2.6981706770284135
2.6689735970792059
3.1558234243713752
3.9974397717420831
3.8756052702938955
6.1587583934841215
4.3429215399451877
5.5590541362581938
4.2796748177668933
1.9655687465441352
4.0384223591603394
4.8092950682226983
0.9090342401425373
1.1497751638120925
0.8869061497275796
1.8510879772005895
5.4359600880326369
5.8351418363326424
3.3441347263074865
3.4100095448795757
5.4014416119743940
4.5247465762466108
6.2555642694132478
2.7629003712943883
4.1013290599556793
2.9537400937311009
3.5533158214279248
3.4114733169495892
5.5879448885745466
5.6207278374175011
4.2847979577498698
0.7530090000373050
6.0238506255760633
0.5821366639542471
2.1284384810108632
3.8488555931237198
4.8405134570599442
0.5838036036643837
5.3744520326062695
1.1673860379533132
0.3857419958307794
0.9936195783646822
0.9955430962651386
6.2803246352938391
1.3954051024530800
0.3276927801153542
1.3987070856977075
0.3603875686132525
3.9863620654424921
4.0527331813648928
2.4202139388347632
1.5879402115868901
5.1453600366050463
1.7679083209338167
1.5835433073203453
3.4316670365523931
1.4841027502769581
4.9582729917703805
1.4414100800179095
5.4790475908393867
1.8916714442427920
6.0713000106192014
4.3806467516745009
5.1276307112227544
3.4459804051996068
0.0280252902776222
5.7576865422578054
2.8291252557576745
3.2226789054416702
2.2042391418961418
1.6871667705442970
5.2219454808350818
3.5993318147186595
1.0546414684196741
2.0530844301995748
0.0898173507949905
4.7593221347751316
3.5713535183641860
2.7734897242986065
0.2894361263071666
2.5872485173248001
5.0553514695828072
2.9518857415317084
6.2279374810713941
2.2697022194087717
1.5051119078237989
2.4082400607477599
2.5402351628480626
6.1188294606634122
4.4028506235055334
0.8556628347569483
1.0189670695428494
2.6409117226328247
5.6701043590386107
3.6641957288888305
3.4888091100960770
1.8872620462888963
6.1974011651565091
5.4002793934328794
0.1956568723000421
3.5040219258400089
4.6067762798640288
4.0552912070906162
3.4601581839287276
5.8517594607040246
4.8420182736473878
2.9953507167487756
3.4576833986563851
0.9072661778070359
3.5235277732808945
5.6678075630442830
2.8087103531561315
3.9246311998546051
0.8265842491377559
6.1288754935380885
1.7851406903634368
0.3229169998844428
3.5101551850667851
3.0139273706357534
3.9726826445875361
5.1190364308544201
1.0393231141320121
3.3949662991999396
5.3829727194418711
0.3990371025375705
1.5031929466147136
2.1608274373144036
3.5293842800845043
1.4159525989737438
0.0338588312911136
1.0484578513478862
2.6469004869638759
3.5090111407413387
3.8653859254963168
2.9730072414155497
3.4192455884431188
1.4341052742845104
1.8120923496001680
0.8416689111969483
3.1510918075714756
1.7792361459884347
5.6273582854438624
4.0691686002388394
5.1364807297480004
0.6366937548240111
3.7731259910527357
0.2368431912921547
3.6073987523682298
5.8518850297759162
3.7555849050196337
4.7191273245737984
4.6213660000072094
1.2011276489359672
1.9643048225928947
4.7077741894717766
4.0451370852997623
3.6208966510900069
4.5752179655807312
5.7497699523196131
4.5901268931943751
2.1400981001439696
0.3259224901248584
4.0793797295857361
4.8021489942824918
1.4561629131570202
5.8882594092112939
4.3308379925737839
0.8565022970796106
2.4114643430869127
1.0684760724735096
1.0013741873958835
5.5406964385706612
5.2133393269291135
1.1183104571038918
3.7713980908682680
4.2560064862592650
2.1734564295833807
1.6282396860542265
2.9760180088459065
1.4095568830441458
5.5077797298875604
4.1940706188104100
2.5409186082468147
3.8198968659415482
1.4852945274141089
2.7651086651327192
5.9813773647794370
2.0828280939863770
5.6988537835231874
2.8129855291910553
0.3730991286149718
0.1680476971490045
0.3919594153488526
3.2434813847107575
5.4288259120653048
0.0298477388971336
1.7438712886284704
0.4900275845085593
0.4810076100445903
1.3744306933316426
2.5558057459054067
4.8826982186225187
3.6383515677838689
3.5451278625884952
1.9698140067144576
0.8377670320155018
2.9036100534609912
1.3836251685662522
6.1078523499772466
1.1975536928472881
1.8045146343632734
5.3081810181933857
2.2958358279625166
1.5924354123819808
5.8987269421363600
3.5706336240280776
2.1645382664918649
1.2125591610107247
3.8863135596666605
0.0392407369239657
3.0877872812562419
4.6899353136791788
3.9006502510272294
1.9998006842459617
0.1728088185303156
2.8641014508547236
0.3182683268177795
4.5854589594892232
4.6612678926838713
0.0508935143645520
1.9232723059067145
0.3584451478064012
3.1879873719484300
6.0388589349563837
0.7974237019087305
0.0253145627093378
1.3586967505505496
5.4914726924518664
4.3772535321493633
3.5560478971010587
5.1614859885036068
0.6151143746457313
4.3380034449018980
3.8708398203718635
4.1440486005303194
6.1442684338945357
2.0520857380722983
6.0588058320762439
2.6573991980690495
1.2839832832467999
1.4683360754040864
5.7113065042635967
0.2496866735371639
4.3439558768585904
2.7141296778877511
1.5912858092819582
1.5965638085927880
1.7246299466878090
1.5071578215112538
3.1096497215293888
2.0096683097930823
6.0643967657774622
1.9813678992940311
4.0998109213533915
5.8577953563744707
0.2230685991946101
3.7129812569336704
4.8036007233981683
3.9279961912861587
0.6327750394917625
0.6887552708258432
2.6012088480858240
6.1887709059597258
0.2687582780162151
3.8522632694813836
2.4623387745065437
5.4282646620331345
2.0217488501343492
1.8263154211723582
1.4040109559275133
6.1081705835019680
5.2335516014666759
0.4309174548955528
4.6386034939959462
4.3707993355352137
5.5265323470321288
0.6372734789371264
4.5001975075163552
2.9614645519100087
4.6793244931683207
0.2915165212327325
4.9632404761698128
0.4033627426634687
2.1129845836898906
5.4237274915683740
4.4018131962932001
1.9831690722491517
3.4456318023799901
2.0501821546076635
4.2849991380577030
4.2996850303886278
2.2634534683530507
3.8704019037505457
0.7143520601042815
2.9114993995466287
4.6211413995642276
2.2524165606194675
5.6486755952297054
2.9558917959345545
5.7178601332618761
0.3772224190511804
3.6187201219890697
6.0917981103230288
0.4757820622670567
5.1902426790614316
5.0365907518229482
5.1500934446691815
4.9175263126994118
2.5291686296444627
5.0169924620254482
4.1920249218265742
2.0022636919427796
2.3554424641097969
3.3644057126690967
0.9377631831263405
4.0490462983485047
2.9789288016636406
5.2502977009134417
5.3448345623129994
1.5086661788141400
1.1269534797832570
0.3083165690376882
2.7091938275594809
4.4062234527579012
0.5557377033526821
3.1896006838996751
0.3137708728772096
3.4966075936108556
4.8701075548522885
1.3250596841932474
1.3583889754316503
4.4283607980172208
1.1141204069237245
6.2755145515329982
1.0682514634575198
2.8295333185703675
5.1039703581684588
5.2081446858646459
1.6823846970607734
1.0091277506210627
3.1069591373830341
2.5288991761007646
3.5769260815485140
5.9468915934801325
5.3724713497834919
0.2377312914717723
5.7691409134279326
5.1125766767020329
0.3007979486465340
5.2720474925392393
2.7869629214866691
3.9546782349291143
1.8599307474509628
3.4826682185912921
4.7820243481999096
4.9155636890737382
1.2417528229551020
0.8780507861852360
0.2064631731390925
2.9115008507469207
0.7571953305461261
1.1151122758190641
5.1667053837265184
4.2640031045351723
6.1468074178756540
0.2528220628669108
2.1123422415032569
1.7464288373306096
4.0127488087151884
3.2088415458522004
1.2194971810218784
2.3754283640945504
0.0800063479130983
3.3886781073002203
5.6150388398120032
2.6606353914877876
3.8175251335031528
4.1729363576698431
0.5093166585933999
4.5830666229338934
3.3384851926827426
5.4819066151725542
4.8206989738050918
5.4313981454795819
0.5743240328285015
3.3619848685778995
5.2107174857212328
6.1106669903205963
2.4930268459517779
5.8698866509827017
4.5146620426532831
2.0614183434199047
2.5552589195427555
5.2155372808374016
5.4992969295037408
4.3596008220719868
3.7474467350799765
0.3813415607117941
1.5642728986002870
1.2515576911379611
3.7800397066025329
5.9807970933783423
0.5217600494119943
4.5344329273598731
5.3753522756676810
4.4865465507421849
1.9535750205806854
1.4365527153895281
3.6103095440182411
1.9500518780433240
6.0176641969195259
2.1823153225767165
5.6560982365375896
0.2345146112505206
1.4482876578878106
1.5964324468153186
0.8107874607487222
5.4674916073290305
1.9456572524081392
0.5061385224195507
4.8716990859497322
4.1319383052287355
3.8263764344144544
1.4733175616745187
0.9393296329846963
1.1510022647090699
0.1632664838823566
4.5890264270758978
3.6441964603571995
2.9073183964148113
0.8724349432550428
6.2815416025782724
1.7852790094278408
3.1866988185113150
2.4476088515893633
1.4719417509121302
1.9680534728742660
5.7108402585834037
2.2968706135172559
1.1058160843967479
4.3408786432063966
3.9867146097726263
5.5596398520271899
6.0410968383288575
2.6050183481577358
3.4616570391413508
3.6866715339074134
2.6178938676765697
4.0626258600343901
3.9684484357947287
1.3338762819541219
0.7283940727356013
3.3291667899991926
1.9562492644513805
5.6543845638458050
0.0120214157696204
3.3036061486069057
4.5229661528226792
4.8813111543082384
2.8770374308896942
2.9180248845512802
6.0868814045510664
2.0800146466112350
0.5810256253441296
0.8384009229298254
1.1754906967248397
1.6358815333011081
1.6789550573448986
5.7859169145952558
5.8912151506080477
3.0783694347425072
0.9333508903537336
3.3867771377982043
1.5418538515151770
4.2496599262333303
0.2044487145926538
6.1922689031178164
1.4100620911060744
5.5926658073912927
1.5163072844117500
3.6993474134193947
0.4937068715338527
4.1215548903634662
2.5862981631486357
2.4459241863601298
6.1563100499835199
5.7780147269122857
2.6691975263018430
1.2107333379715883
5.9679388293686522
5.3455053199993872
1.3018088472167313
4.5585506929364890
1.4787500885184865
5.2177318826446690
2.5592735700082443
3.7710779898487790
3.5958485968498834
4.3059322581806052
1.2720176917268062
0.3589116817113383
5.7005182615886048
0.4094856942233706
4.1544142469219105
3.5330913005529094
1.7493870655442227
2.8281617141538966
1.7569030567506119
4.2774843006615768
3.1821644120974835
4.8309694050461056
4.9742695876248453
5.3167688251440044
0.3361192499595969
4.3473675729013008
2.4636256375631960
2.4329328515667692
4.3350101976076836
5.2428205211658900
1.2818704965638601
0.7349565125559914
0.8040817292393205
0.2006651810182344
4.1231905913723592
3.4084639576993294
4.2031308330686183
5.4282391874232712
5.9109238533079118
3.4879344684248630
2.2368426304173514
0.2070369005282649
1.3957889146346341
6.0642026622636429
0.6501383024226444
5.1724076599733211
2.2971836392669753
0.5326201536314655
4.2185903994738281
2.0550051442463753
3.0528509890715028
5.8541440830205831
0.6591387933364627
2.2375147829204711
2.9625351626879457
5.2944510911209210
5.7192664830789628
2.6772367642557842
2.6009572400826717
5.8678542044007571
2.9659220598078346
3.7391675530348492
3.0436870392711626
6.2167614169374845
6.0733330148035876
4.6178243857341723
4.7944043781728940
4.0525306747139354
5.7857687704879357
3.2903887196491457
2.2474681051526595
3.0559233393191088
3.4880767292713153
2.2681439424253136
4.8198964715924530
0.8506851767449682
2.3658928527176371
3.1257167046513681
5.4516818063590184
4.9224799546756079
3.7448422293178920
4.9150089036152433
5.6048384764620058
2.2217234467288161
6.1158091535965582
3.8172688419492222
6.1641063606105204
5.3938615927331908
1.2086681976640201
0.7095597917525572
0.5750016196036271
2.1304058050971304
3.8381200509202169
5.1604160924957663
5.4144857371534520
2.9527962520333926
5.4911145321750654
1.7305294896378589
4.5129996067269591
6.2061028580487241
0.6609606150383865
2.3612351676074681
2.7558336242432029
2.3618434132225752
3.3382064980950292
4.3554467850226075
6.1041561816695067
2.4800571363532162
0.0081142773968489
6.2161386303089818
2.8403603880176140
3.7799809447392736
4.1388040146240233
2.6233821844328427
0.2105821602059990
0.3214503467148858
3.5029310009524735
2.0825207484983843
1.3529351130694169
3.1121441517978412
2.4021594918947384
3.2247244028627362
0.9120037014220591
3.5983338942922418
2.3621904670135643
5.2252519000130269
3.3881231003737344
5.3907551913850300
3.8976849679361560
1.8499773100179113
3.8124023757107151
1.4271065726597527
5.0062258465770375
3.1709539688255375
5.6430287428090988
2.8961701780057139
5.3363015868170676
3.7767566278752147
1.1232387746330568
2.0905182037846082
4.5681574496415349
3.7603639353620419
4.2196837402477660
1.0348621215580343
0.1915245788165451
0.3420156560901110
1.5377794718642768
4.6025619997147391
0.4936788129788234
1.3593825092063199
5.5635151880257379
0.0255969308059295
5.3437538302508942
3.6919113653646551
4.6010171272377569
1.5031369099471623
0.8674068279218409
4.1010705283819480
0.6262790466722462
5.8695832249611559
2.3867303249273411
4.0279935137334322
6.0846674202012823
0.8149820851518427
4.0418710026134219
2.3857000355254927
5.3561178064956119
1.0145136552908856
3.4876966354160026
3.0823169150662872
5.6589416788533358
6.2218683851668946
1.2242998246918122
5.7996117734406827
4.5870885595875750
0.8065767993072949
0.0602427798584337
5.8945259800570584
3.3106553930328015
3.6262736717872732
6.0096103532253196
3.0161805867814886
3.6045716621537114
4.8293993785274516
0.1575530524947557
4.8786720182099064
3.8073022686939000
1.3727233677882207
2.1511699145558962
3.6154539903929308
4.9978175530561053
5.9839234534870966
1.4542033485509513
2.0753832714787315
0.3061594104196546
4.4314785195016153
1.5493328609330250
