2.1904244269724535
3.6036779912359798
6.1243873217570179
2.2125579843799987
1.7889703065536258
3.7291629489719340
4.5940322532818065
0.6202472400416114
4.1429888619860993
6.1820101843682638
3.0083871474627277
1.4241674551712928
5.4464259833947501
6.2295475728444654
3.5956773504808104
2.3022161542022217
5.7490453715950114
0.8346392889979355
5.7165303700003527
1.6205096872410218
3.6842646354053312
0.1371690183559912
3.6680629310687514
1.5121673309107477
1.3838354491429252
3.2518831768487360
6.1429032315876722
5.4362750874670924
0.5407344046949003
3.9201927411874320
1.5113018130443807
6.0921791743921636
1.8785087317712947
6.0650022128053349
1.5241643153406972
5.4839755993125969
0.0775191935556696
4.3637365526535632
1.0178597667576779
4.7241951753744154
4.8209193815390199
2.6054603233714815
4.7630396154251233
5.2212979196759850
3.2855527992097513
2.4324553203343502
5.5062842090712465
6.0696439846889794
5.2306120656236512
2.3239491070759777
1.2489667164486671
5.0018139658835388
0.9719492719056989
4.8861447490203318
5.8251699092550773
2.2483312961988884
1.2153228056842784
4.2500282269904632
0.0330874686890791
5.6898520652790028
0.5420844006435356
6.2107284323153369
5.6474211409458848
2.0691553923673913
4.7570976420177926
4.8212271982475610
5.5258413726708451
2.2464947176545604
5.0249471200835156
1.1101351221972702
0.7266432922785797
1.5246346335141341
3.8681743187745288
1.9869960828191169
3.0335161782525506
2.1868827410946245
3.9707872799915660
5.9896209040972916
6.2671691898749797
4.8704023534559724
2.7152225649755768
5.8481545352323883
3.4731948817728817
0.4486322826380642
0.1846867178750900
1.9367148359914663
1.2939332735345153
1.2050198493476059
5.7124726171037485
3.2885374401555563
3.4839201472887940
0.0979472868204960
4.4746165955712023
6.1318393407347358
0.0671231358076843
4.5678070997006044
6.1357777571098193
4.6500475059807771
1.5995272256937192
0.6318092432860050
0.0145729111182230
5.3816731772252089
4.5768046077138873
4.9512987013969463
0.4896770838429438
5.6297425958373664
3.4481121169130429
0.7478509930408916
4.6313828636688266
1.1087914812537851
5.6408775930053219
5.0071635623733846
4.9713524106033589
3.8744360540303662
0.4575854037406866
0.6189825165317180
4.6679176767799122
3.6868118619671089
1.1173731130111499
5.2892484677024472
4.4394683073358836
2.0083198129175028
3.3273136213927867
1.4906543184066632
2.7801460508011857
5.7229138000334006
3.0443154057949093
0.6989139905711521
1.2996281167143047
3.1980875188308149
3.5225906202188444
0.4263770679142819
5.3568126767657187
2.8033535194636108
3.8909795597653378
5.8505458160884105
3.6062663165382163
1.8688780891271717
3.1281551289068181
3.5644548602184138
1.5385545647122303
4.9927839808761263
1.2703761954220134
1.5868992229328920
4.6079098335884696
4.2522696699019091
6.2403109550322622
1.8262130421328897
2.7014622543487534
5.1388158080058703
1.9495523953261555
4.2200617131089242
5.3011467725704913
3.4349345615240181
3.5683118670270733
3.6191221485135454
2.0951900900151665
0.9228491303219311
2.9572719351320345
1.8449561794439708
1.3472195857572473
6.0886356260605874
2.0153235779341139
5.3149798864307645
2.9730841359305598
3.7904968325951964
3.7132742139072565
0.7940948055032591
3.7280143612024204
2.8567463280896765
0.6705830689906465
1.1646092796654506
0.9749062269935014
4.8998315948079618
3.3785382526745615
5.7730659432110176
4.1729771403939679
4.7311924862159414
2.9138561874402158
6.1916200135852595
2.2179390813575606
3.6450275616732672
1.6081503340977317
1.5316513627913533
4.9184511007845986
4.6312590835283123
4.2704443322077017
1.4310305232743417
4.1944197570462878
4.4342146535518188
4.6752412070290461
3.7990114933640320
5.3862872367312757
1.8211339460967626
2.6838689088409344
2.1949034005117221
3.3830969343251991
2.1430879119772412
4.1988491448967435
3.0403392408654097
5.4239606793453436
3.6337870497183742
1.5792161802105613
0.7903636478970610
0.4855887610285609
4.0424500002049495
3.7273526244924149
3.8897234491434620
0.4457511749433231
5.6734473788982704
1.7277796691770029
0.6745002199269511
5.5987671354235165
1.9161205942151118
2.8568711836558069
0.4904460417712607
5.5545543892837212
0.9641419064997450
1.3551597392515902
4.6635734217311322
0.2916257283207944
0.3927295008492183
2.3238869414848278
3.0400443411322806
5.2411097962662243
5.4197200781019790
2.2341180214529381
2.9783165500151112
4.6782662543995492
4.6671204450360673
1.1293742491845853
3.6539986602804602
0.1624944211777762
5.9464772706122702
4.7477788210009768
0.8575272951815217
3.8153187733511493
1.6482489642056086
1.5904439569331827
4.8136318441255490
4.4003525513960797
1.9083100563312820
0.3220974698518883
4.1378919641426029
4.7329771043865714
0.7333534932800416
4.3946924017014393
6.1275442377574931
2.1636312584194388
0.5391226673740687
0.0581788223803939
1.9909535317271887
0.8727921587065203
3.5633841779175373
1.8201452572880046
5.1450475054253797
1.6873217935593607
1.3426408683737538
2.6559976973245849
1.8230528551705349
0.0590478144337953
1.8060183497386069
3.0267139101995721
5.4598129242247664
0.0952195790041998
5.5074014327026557
3.5034816013701819
2.3446889299737927
2.3393285200810481
6.1380270715590521
1.2605258499549510
5.9889552643987907
4.9650483384543662
5.3401600913625487
5.8698076166856072
4.9803613950846550
0.5796169718130858
5.3134478875821358
2.6004240408982606
4.7232718005487344
1.7107499658759293
5.3962056928153581
1.5321008103584122
1.7196987181718972
4.5880674867945830
1.0907494217894869
6.1495796741312470
5.4931477059769112
3.5634500088598116
1.7896768660653066
0.7518328220793221
2.7118584068764964
3.4855615410925371
2.4718339614377238
2.0831524626226177
1.1975329286980079
5.5857407061773703
5.9485398797752138
3.8356846064735781
1.5365356746287093
0.0184098977364732
3.7384411797675807
1.4410469791069151
0.5135293418989769
2.6744905009141422
0.2399032287017519
0.2716360237957592
1.8729484233085050
0.3369372914792805
1.4182874680075637
1.0922383181795881
3.0802426943323185
3.5301138863579795
5.8303816866382858
6.0254665359941626
5.6032103057718334
4.2031756663102433
0.6061151559072981
5.4781561947555568
2.4601388730228830
0.7451088750412751
5.1080022531354778
4.6284356944956393
3.5236263664041831
2.7724523199316078
3.0714986399190822
1.6713300589694349
5.7342884079706469
1.8318142677118761
0.8746289704007929
2.9859417781803890
2.6582200161876672
2.8546380580337707
3.9179682247901346
4.7612579062315472
0.3257875458138862
3.6775829883281270
2.8132268520711365
5.3701209916241908
5.1794872392048639
4.9619030261003809
0.8128041967272929
6.0930920067616610
3.6884178152200282
1.9925732997786256
0.7672482204894280
5.1494317814131403
4.3391421205370539
1.9920033025406800
0.5908791147936374
0.7700662298158053
0.4187108701152876
5.1704922396040489
0.3440378317132795
4.9498855851704917
0.1619646291551126
0.0813919941250562
4.2035670611032971
5.9493453065573538
4.8812905950449519
5.5966121819632377
3.4757898746304878
2.1757245377404568
4.7630125160284527
1.7995114971456088
5.0554810092048337
1.7701242232656871
5.1127457247675849
1.6350491620649579
6.1741760253714899
5.4025983196539515
6.1504436504498559
2.3262176982876070
1.2330489497800126
2.4253472045052256
0.4406404957615362
2.8168102574074014
0.8385588228632003
1.7882787278307128
6.0562303900347416
2.3347553220195736
4.7181262599036362
5.3759299383674097
5.3730199385805353
0.5591020615933666
3.4463514586857640
0.1696267766608160
0.4054326366731925
2.0206002339765674
5.2075703868221996
3.4135453794033848
3.6432216060290914
1.3467380668113444
4.4482289494331297
0.9903463618051754
4.8826227790779813
4.7471079901257163
3.0424456502320347
3.4220666583480122
1.4548670590930677
3.1802156815901133
6.2718297475557545
3.4800445842296610
5.4867583673920590
1.7468238286331497
1.4232488543527595
4.7241150729663302
3.9607619080378189
4.6850891044700562
4.2928357529470569
1.7923849558404246
0.8375120803392331
0.0886225849489995
2.2327431968483347
4.6058202977874503
0.6743822646513448
1.1274269345993384
3.0803243427736273
3.5675047292928821
5.3611991925984812
6.1786780181441854
2.7023366810224174
0.0091291001838627
1.8134966278597426
5.0774610961611346
1.6375951993129363
6.1329239333560306
3.6177068798553673
4.9927602700804528
1.9080397569276573
0.5199373559582270
1.1866508147081261
2.4788603723857352
4.9359913439308309
3.2901860345959522
5.6018738922952753
4.3411096059859950
6.2579098679160934
5.1435577560771968
3.6716294389704709
5.0999545270271813
5.1778342688304413
4.8606349308260643
4.9584614895063988
5.2889960073417734
3.6263352480913529
4.0432981441514979
5.5812684016913376
1.0230701362426062
4.6475208133320551
4.2803977568540326
2.3306446340782139
5.7296280871507488
3.3198677152860352
0.7637022358945282
5.3779394667055254
4.1911313151354026
3.3895163159544563
4.9165276326622633
1.2422514780400749
2.3027346584178319
1.4880559974074588
2.5690783627511196
1.3976194910383168
3.6596570197360143
1.3767798636841655
1.4312506811713022
4.7233599227475871
2.5189737989615009
0.8533720553485327
0.5367969939015649
1.8878993253223095
3.6617092865940593
5.2940551023227602
2.0588212784782387
1.9229456318471854
2.1043888278531631
2.8623899955161578
4.5190871911025683
0.2750459894433285
1.5718020467933962
5.9602969860000803
2.5730364958652459
0.6961415553342994
5.7484764372708561
0.7638417758380717
4.6629704417356796
3.8004009865626052
1.6234994956063975
1.8229194824483139
4.7951092197474514
3.8561136715413378
2.1155326084902648
5.8346371634338094
3.0330337708351811
3.6951054877915968
0.4327609388747409
5.3294648954130821
0.7972902786047987
1.2556783487963943
2.7414111389487528
4.7966652920421824
3.0765507049034340
1.3993280687816603
5.2466599404717353
5.5732493899092290
2.7979301963192396
4.6565651026620740
0.9257727801881649
2.4610040255854635
2.3835862925972009
5.8315421936017540
0.1408135362323334
2.7239489170995865
3.8859631609455074
4.6734081490963391
5.0231476012444505
4.2650443816516459
0.7595529943373841
3.5697952670068887
1.2748410951842171
0.5687630361456530
4.8351115616037230
3.0762172444018625
1.0921440989495423
3.2745080038412770
5.1470166194952851
3.8283542630538099
0.5693112516577205
4.8099246556507325
2.4004319998981196
6.0577067702375862
0.1132406802315093
5.9620539954352845
5.0204857369994622
1.5170494635377925
5.7172520631718120
3.7641198603716104
5.9591814296116965
5.9066776437694450
3.9336206319771594
2.8960420815387411
2.7012486201547170
1.5111012898529275
6.2096092985671509
4.3740103643755566
1.5887450911455727
2.8658599526162831
4.1086053511161618
0.1102454362103110
5.3308861941335453
0.9445815356016825
1.5225027267462281
1.0109191947728293
5.5206827142859032
1.6476544352271763
4.4372964104267103
3.8346697265170291
0.6956444248841896
2.5369866959131420
3.0755487727406425
3.6500492386120698
3.0162397526227691
1.6835958662939263
2.7473936837154636
6.0499474253321655
0.2217265942587859
5.4857045753535951
6.1087152307366370
0.8455949486624758
5.0928489011046940
0.3997331306079963
2.5861277775227829
2.9107191063485947
0.6757166723828697
5.6200688589967509
0.3273207535683645
1.1188867147683215
2.7672740260396038
0.3430333657932442
1.7215938608968093
2.6570782970675708
4.4353478696695303
1.0475915323465450
2.1961352984545899
0.1209014461825371
2.3257239058843484
3.9817091184685687
2.9858724370758867
1.0064332807806846
4.7175144892333911
0.2981243221559721
1.8735945009827990
4.2416132413397829
4.2218738004573053
0.2429031455350169
1.1449004512483356
2.0493925454367479
3.3722053027357726
5.5154607416401511
2.6104440681336682
0.7162547943361882
3.9027867153052203
2.2985559442741246
4.6743933749650308
4.9784933939721503
1.3179347674300406
0.5697869163018887
1.0725080561979674
3.5083943990121380
2.9400351302014358
4.8006541296160723
4.6916694945701281
0.0319855251877424
0.7959472462971905
2.4991920505318204
3.2370371587626328
0.9610558316778639
0.4313261389461189
0.3143650243673775
5.3965658968493662
0.7879571099835223
4.6103708970285702
4.8758713112637544
1.5318568048412005
5.0196946038359540
2.0038393194583421
6.0816494187813834
5.0246292546194384
5.6766999119536772
0.9394249672619165
2.5296591187064794
2.1121066337799861
2.9226011614742151
4.5613392068380891
0.2816041740104845
0.0903229387518147
1.6597243818500029
3.1790538090994209
6.1324790773918236
4.0691684441798834
3.2754531476171640
5.3558776756652797
3.1637925226153136
0.5684687506404318
4.5145377169905245
5.0942105038010137
3.9446437167385144
1.0755761945386735
4.6874318281241045
5.2076241736034516
3.7364818865785012
3.9433663175695193
1.4682119504752651
1.0543172960055023
2.1126535928733583
2.4394254531005877
2.9541471437574196
0.4999011308877905
2.2762819257393887
1.2979178956453912
2.9038746967030038
4.2918490485542558
1.6922614746132552
0.3561732010426125
4.9840535697946100
3.0013983010730150
4.9185347709818865
4.6307227938046500
4.1097460318428807
1.2134070476910237
4.7849473480833753
6.0964545769427989
0.2260507499698954
3.1046597614896227
5.4285950010094135
4.5145074313689015
5.0530000989915695
3.6233565481078420
2.0428671567994647
6.2132475695838423
1.9185857181787402
4.1511746588046154
2.6266451945288538
3.3465827826289569
2.5383451204409977
4.8592424124690350
1.9518005824704918
3.1191281796251835
4.8244451614749302
4.9350049023461171
2.3489047377757397
1.7042206732237519
5.1418605580364911
0.8045734424575630
2.1829538501203301
0.8297143333033468
5.7296337099729433
2.9369873279705394
2.7441729336672815
2.7563233243598391
4.4945492648716714
3.5450834332818912
3.6446935891514509
3.4688280828341469
4.0049064532512020
5.5899117914427876
2.6075066071877355
3.6466184496817267
1.5751179654726570
1.8206331750150517
5.1723384795392118
4.2028837878915795
1.2054016246520340
2.7037159530241319
2.4747844321394248
3.9540403773653439
4.9750510045362839
3.3831180096273492
3.2338297854782847
4.3737003603224700
5.4808300100949463
3.9090187221611057
4.0967924708945587
3.1770247950743813
4.2241647154921473
1.4647299154792233
2.6881699025180339
2.8879839531974230
3.8737085547429086
5.2139549894602633
3.8122037891932834
2.3089714304533051
1.9054548456719989
3.3512752113088840
1.4514630797433254
4.9408130393077574
5.8870246253766805
0.7683909414115435
5.8478089419505830
3.4800855869708087
0.5939767251150536
3.0653750091655043
4.8761387616202070
1.8822010328370995
3.2769075588608900
6.0400969884422198
4.3963981806213432
5.0032402376757208
2.6483584409111018
2.2225446116000116
5.5806172728641696
3.1458826545828749
1.9435635363866151
3.0258257913166804
4.5216971313647267
2.5610423795075676
1.3545141369269527
3.1498469198705137
3.9508507660285295
2.5373340677057810
3.4535327517363785
3.9814957553432291
1.0534723799682328
1.9488138444227665
3.1873605839032932
0.5945586100178557
2.8932272679601274
2.2917417134334763
3.4064920142000470
3.1923224157073835
1.3880700803392978
4.9881942845106151
4.4015876199458344
0.2643468896986602
5.0544706951760929
5.9882379782667732
2.8891123492910871
3.6339224381564548
1.1631228914770517
6.0317527537405757
3.6339751824755719
0.5291508104863217
1.5388850767414901
3.9580589449429819
0.8967270855010082
0.3592974885373976
2.0785733679225986
1.3523954789987547
4.1485110615547640
3.3542711244273016
2.7085123609983479
4.0130293111706008
3.1679304072035119
5.5608281943453779
0.5650622635810089
2.2420288701602460
2.9661137605614751
5.7488971408715948
5.4091433811472633
4.7021338264127657
1.8631076168082772
4.3305640620350445
2.1958870029807116
5.0125272314749783
5.4076663874923723
0.2402595596296702
4.6012074527366460
3.7810854469395614
4.1276076866077052
2.1846189866392680
5.8918723580826819
5.2045370126620210
6.1455105329098778
5.9281371383882719
5.8947999175484469
0.3750743898604421
4.5613516237380409
3.7009745969846444
6.0761908937959319
4.7039912021545289
4.2814614513468570
0.3966089600801125
2.9946295596201904
0.1209418564693871
1.4662717205034159
5.2138997635565367
3.6019000178693403
2.4402778687333213
3.9080809977861559
4.4782920416354219
1.6824480051883655
0.9402303096291423
4.1601384303388276
4.3844908098815365
2.6488470974877685
3.2852692594324711
4.0500844724197691
1.5542258292453510
4.8625623110631402
4.5359167081180525
0.0389409733273778
1.9484595507662699
1.7854792018839740
4.2643558753936324
5.6690228849898743
1.3120224459540384
2.0557549125273202
5.3636482034122928
0.9411967641946566
1.9698918764431594
0.7892074127884553
0.6709228404666933
5.8950542064477327
4.3835799273504028
1.3447743811043651
3.4147957648213887
1.1562595939491447
2.0736393145043692
6.2069542046352044
2.8392491546421170
5.2050586928609812
3.6373418683012426
5.5107344950727937
1.0196844869147947
4.4488035685340490
4.8754757695426951
0.3629370866626971
1.0617856312702021
5.4582606026411877
0.8245379157052819
1.5152991718079678
3.6086830346382448
5.7501375921386453
6.2348718015029601
4.3296423522987082
4.3228307723990929
2.7459022416897216
5.4964277836374285
3.9641839349018668
4.4231478254112329
3.4295231644780322
5.2731859144858246
2.0476044231690014
6.2382711683481649
2.0531360108782817
2.0151365404206669
1.9134268869812516
1.5499453966775341
5.0272305050693689
1.7958041348456155
3.6893528009933139
0.4517941066534901
4.6987761309471274
0.4197240347840829
3.6768879229302969
0.5950676779243861
3.3889254708165693
4.3599550725061613
5.5267103146806074
4.6733147039352616
1.5929421437373976
0.0049710381627769
2.8941628581702501
0.3041271110208889
1.5329947212631467
0.7649142190604534
1.5518861238531181
4.8414150419535522
4.8845471908871900
1.1691782559731361
4.8727443787806193
4.6898946198177134
5.8358620224465643
0.4935754283312841
4.0696053661123806
1.4543611944634529
0.2582596023522282
0.8233670034954966
1.4961325547498034
3.1051135795703217
0.6628798159768750
3.4408025013078349
0.3561954064214068
1.9106512144950798
0.4396851944357290
0.9643393737992101
0.0947813551881595
2.7025935047520755
5.2255286195687471
3.8905910088169819
0.1049005416322638
4.5386785777124832
4.6893834989779686
3.7086643459990198
5.2102812465515278
6.1209830399332104
1.7779481611323236
1.9273793782889275
1.4675209205335706
3.8465374046944505
0.2534080468429362
2.4385226274916025
2.4217965978034086
1.1794917803645999
0.6990472406454322
0.9536150728012600
4.1936684636459303
3.6617162668734333
5.8600466141478771
6.1162288909255826
1.3063121873152457
0.5733072417890669
3.5912594760777683
5.4867646287022351
4.1447583421387355
3.7820890989142648
4.1606803667736951
5.1066120803693495
0.7267032662543537
2.6783069103092361
4.1402623299197625
1.2309330671820915
2.5626827198302955
3.2259530036445350
0.1654015251057624
5.9173811713713098
1.2858504732588809
5.1520255315755250
0.2748890532985089
3.4164831347333475
4.7122934031152717
1.1623465604508065
1.4593957088397751
4.0010799916468098
0.3794864566403326
0.0252927348302537
1.4939381518324564
4.9432633020982468
3.3055062474152748
1.9599283199750430
2.4295067712388083
0.2649340050566511
0.9837269418143606
0.0337076747422864
3.7994703836312671
4.8820118112283932
2.5791167479970940
4.2740806997798888
2.2091359452592183
2.1170447894159161
3.8278493232229098
4.4153528129875781
4.7185548337261345
3.5700064396997857
0.8235110595114670
4.0168193350442394
0.6997843445545283
6.0535601244010122
3.2972424527213384
2.1518563651357132
0.1134879946233040
3.4468712077060784
3.9601991760293260
4.4775591961439183
2.3458741819640423
4.8265418470804793
3.1454999222767634
5.6408055978092593
5.9979945043068845
4.2035252050608420
1.2947679717583327
3.8121821976965764
4.8661695388095421
5.8313515541689895
0.6148904690882355
3.3630953357785853
5.9144164376085975
1.1044241378805038
6.0961691874513937
3.9055713919567969
1.0561788805418997
5.3199224778813399
3.2183281132580621
4.4722104924806523
1.8040807072003202
3.8195726809975681
0.7229624743949676
0.7341055341751123
3.0377021697925830
5.3755673055395299
3.3634435510989333
4.3535603098090316
4.5258473842687064
5.6879789695085767
2.5123998820464579
5.0133176518888689
4.6683719971678856
4.9101025743817974
2.2854298021608495
1.6098119263692288
1.3210744960045364
3.9533372571720715
1.9726568247805816
4.5640487414084729
2.5670976658162576
2.6369981686189048
0.1767312671364392
2.2290188969088747
1.1716294596883567
1.3348958803650797
3.1912317510012151
0.1534997450463392
0.3654525738747895
2.0447695882943995
5.2017451450351428
3.4293484556311884
1.6231695416175314
0.8136266764339883
2.8844486043780635
2.3787124803685309
5.4875304034455423
0.6660164018734378
4.7465378037154453
0.5133320290895066
2.2830293708664646
0.8094378353731380
4.5499560328735900
2.5661092449380671
2.0854296021805734
3.4176963256856392
3.2162082843978204
1.6488494942563212
2.7471881422812436
2.6001399335423518
3.8878201910871217
5.0478103720182714
2.2653524813819543
4.6562882472737686
2.2277678706472535
5.4812634155920827
1.9821083035532299
5.2833348459806171
3.1259249174897548
4.7525887562345028
1.9384275057973024
4.4375830875555646
4.7483779997811117
1.6103302985144237
1.9824620464124949
4.9942503395537186
3.7232456618096639
4.0832560979798087
4.8244378630970584
3.7613155727920260
5.6571880346109920
0.7148465892115706
4.7912223771588200
5.1692809915504601
1.8174130553064238
5.0010092300664963
3.8387336953568156
0.5599697646334849
5.7815441334251672
6.1661794760097779
5.4391019337293409
4.7608159819987188
1.4299524044987226
2.7399636177223150
5.0394680829092344
1.7654163188054981
5.3100778761514436
4.5014259503600904
1.3633924755929159
4.6625120428648037
6.0401224066974555
4.9539126504007882
0.0008966461949531
4.1951877123759180
1.2633573420160304
4.8032732067904638
0.5568653780953911
6.1095136301644990
5.6576997472750010
0.9269723227586258
5.9073860990953353
1.2140004271351643
4.1514869673325645
5.1874652942737818
4.0314912713213706
3.6708403053855614
6.2052890924649287
5.6166553867158200
4.9092174780355613
5.8069274663787267
3.8872900888004578
4.6241672341668298
0.3167927456660878
0.7525154186660309
2.2350701600319449
2.5268642865361945
3.0824724769068843
1.0206701613462270
5.2896470352662917
0.4016422470718200
6.1120562286381626
1.9526786571639732
6.1178855736708631
1.8893820150818403
2.8259465138809086
4.4648958496004818
5.0030857034444320
2.6612188586035170
1.7764331759260861
5.9768855127555591
1.4620702131879488
5.0386746160738234
2.9852983933722586
4.0645111771699103
4.5311732187496094
4.6419327781710109
4.8791735937606129
0.1817140361231149
5.6939668337751579
2.8517167839868458
2.3043587063629136
0.2915401234735224
0.1428036419901306
2.1921523472180717
2.2905939362937109
3.2042608163391821
0.3927322512633063
4.1512778692152459
4.2864050454005778
3.8715946652298747
5.2400507260690015
2.5965976245049838
2.8512497964998356
2.2029416752236100
1.8199017328701139
5.9776860560314988
0.6336129783400886
3.2240223549841582
4.9043339402430508
5.8594158677143584
1.5111142272062839
1.6035922808837699
1.6309799158940239
0.9500607138755011
0.6653753343580086
5.0988530677693111
2.9501147039976114
0.4676557585766395
4.4282148116007134
3.1918964429631957
6.1304741693946569
3.2925714092279876
3.4571651468790492
2.5927266019568180
2.2304905593033140
3.2030339630698528
4.1500292031889359
2.1729993181139164
5.7852089033713243
2.7402820975303479
6.0773232930845573
3.4188180632215905
1.1397632106539917
4.3193053180111196
5.8071733449666816
1.4003673193823791
1.0049711511391752
6.1276608231089540
2.9814179783472277
4.5829902317020110
1.4849644096394954
5.5223696167264960
0.9549263735232323
5.5634633906519388
2.0751180700675924
2.6492470483026254
2.7043729371224394
1.7575947944529808
2.9872900064269667
0.8323984155238842
4.1937671518253685
4.4975628578317997
3.0805335730943817
1.3218124451652329
5.8640635816784998
0.1811667697660607
4.9883060182360577
4.1879166758158313
1.0631162098278688
3.2550025286238831
1.0888548834101108
2.7546869002281000
2.2262388476739026
1.5159622232455183
6.1667898288196614
0.2524295577304477
2.2524839427349139
3.7224995076237657
1.4411186747107161
2.1937516101422481
1.5695514209514483
0.2480286288151775
2.1193582405069393
0.9732117711238135
2.7104199606097663
0.3565166314694454
4.2158260252891786
3.5144659360485533
3.2101563384970890
0.0550260770236161
2.0744539033137723
2.6274283920985471
5.4627494565271260
3.7155902346890861
5.4520522337935891
1.6874522591614254
4.8790544409026877
4.9402178714808382
5.0424817327728988
5.3813028681740098
4.8659712378479885
4.3103189073664288
4.2108746177466214
6.1798743850891222
1.2261729834102826
3.3834159208705383
3.4829740926011827
4.1242940773316503
3.1802983412442729
2.2327884890344514
5.9122762247092808
0.2606777658806609
5.8636506178699737
0.2234116713926772
3.5099331111542185
2.3633384942066362
1.7333360139655944
5.0417065279866113
1.2749109471931166
4.0986238938544233
5.9803370438934271
1.8631802905551265
5.8286316882588363
2.1330194761306873
3.8199765775862811
3.6091453508993285
4.6679592346028249
5.5228025574905137
3.7104002239262184
4.2495631282117472
5.8997777451736990
3.0392248854265707
6.1315511400477494
4.9897496340493799
1.5931782614284871
1.0871271679161281
5.2464616294695032
2.3269939016637351
1.4799823010319830
5.8701900697009268
4.8031796323139853
6.0965894734025685
3.4731159608667252
1.1094380498227407
2.6815527501232803
5.2691092328219993
6.1647576005117530
1.9413765082404804
2.9494229695532965
5.7342589841192932
1.5639565905636030
5.4228309702220487
2.0769693101410747
5.3473860861181013
5.2818969086996752
5.5959985064311555
3.1395471324522481
1.4004494142474564
1.4462951539194568
5.5528821713008538
1.4477965705222493
5.5456925479001109
1.6306456864283441
3.0178571197300355
4.9422231355657145
1.8572126082439036
5.8688378204908593
2.1561659698943418
3.7163017751506966
4.4120459595802552
5.2073947436799815
4.7457443438525493
0.5047009407713710
0.2464917003363648
1.2393799487290860
6.2250896385442820
3.0318210158941659
5.1032016336614898
3.0389405402475091
3.7079938280911366
5.1019799037134135
1.6299155436263286
0.3815370973489148
3.5533693277887082
4.9945891786623440
0.1142633236232907
4.5502239633215646
2.6280475437880737
5.8699409163853522
2.0544584191656536
0.0186989651893660
5.1368597281502142
4.3160621938652701
2.0581717434039772
0.6899005543378238
2.8048128325057520
3.5988674801823639
4.2006898467146927
0.9091266818978530
0.9070543435103317
4.2936355748937771
4.7866691304953966
4.8747632001822687
0.6916457218021810
5.8767324540051860
1.2367531201805744
3.7841535980204326
2.4225605455315629
2.5592384968011479
3.2025971867263623
3.4163327267768628
1.9992293026220647
1.4252527119364260
5.1350198515691563
4.5003111421327153
1.5997737886995624
5.9299026882680703
2.1164636779892492
2.7767058183918296
5.3866446529309782
1.0527497633215446
1.8641556798674990
4.6246295436500624
1.0923212543997900
0.9341111020062124
6.1848654625278110
3.4681570042902541
3.8827234750818107
1.3667426062903822
1.4914075432128013
0.4756283783566503
1.0637813554025015
0.6363319970043917
3.6339768715105909
5.6939368602774936
1.5277092627501381
2.6412335068365107
3.5583865900613425
2.0415380817951090
0.3415088981883102
2.0223311242322368
3.4837244500538822
0.9676262466466234
4.0857248093002534
4.5666634731198927
3.9013024673200869
0.6520249574847374
1.8277545194398497
1.6405923977266883
0.2108749169242966
0.7295445047310165
6.1154941928164686
1.4435555767066475
1.5510787295980832
5.8548150533355718
5.5850810590464643
0.9562029353644477
4.6223450925428242
2.5940533974826177
3.5256262538419141
0.9683615470238109
5.9953115782655697
0.5428674796188223
5.1282959030206126
1.7607116305824677
2.8145382461390214
2.7499721359795624
0.2733049585349572
2.4550475717386493
4.4517231717310715
0.8476664441962428
1.7791741370822531
2.1443356388316523
1.6756905365616306
1.1396966616533530
5.1849582870820097
1.4449088111057393
2.6100306452273667
2.6743408392019936
1.5937635114455431
0.7007679231737948
4.7104008608051933
2.7666964500484452
1.3685312840136055
3.7302054591523874
4.5642814821388704
1.0957971522754981
5.3760973713846827
2.6452637008288358
5.9100038067624263
5.9441113524488873
0.8106286638425830
0.2923967339837596
4.8969103868767085
3.1418320865571556
4.7000061664445481
3.1885301879118222
2.1276625688596966
3.8677307472807096
3.6424115320718302
0.0142288321920470
5.3508744981520859
2.9996548632453033
5.9628540334177726
4.7593235601522883
0.8825652457629243
3.6407459888289031
2.0473515926963417
3.2583774073045082
5.6163492589786994
2.3014064982122977
4.0742578376695633
1.1583312842436038
2.2538048828935966
2.9852451251858474
1.5342457979606858
1.7186883335570446
2.5262683728248021
4.7245879069462928
5.5950096847219370
2.5793498203970082
5.2091702630907557
0.5803867272732811
4.7706215967060190
3.3295242544918340
4.1847539451348741
4.2404798415601235
0.7973837674767645
4.8198532937914704
0.8579618698656566
0.5372204038705846
5.5517259121676608
0.3633582761724951
1.3412714634791560
4.0944712348148595
3.2004026520816358
0.2282609901351417
3.9430243631614252
0.1030300301322459
4.4607205064477524
6.0927887874800897
2.3820706844456967
4.1976860930145357
3.3763208302405978
3.6837640643498122
3.2899095927957278
1.1516785075968721
5.5987071237720878
0.4573809147761238
0.8248773128867067
3.0166609705708916
0.5005258526964556
0.4921675463797779
0.5087760861569266
3.0122335103224982
2.0272196165115495
2.7434255913952743
2.8766012194073327
5.0350353847709020
2.9580499780297504
1.0218851164665661
3.6610983761524918
1.7719671861294854
2.7985478932983865
0.5683751912208580
2.8064411049055322
4.7052797286868939
4.9792298036329070
6.1187115874274660
4.1947562889376213
3.2455970873271984
1.7190772836343755
2.0587933240181333
1.8692201785647409
2.0061869849177403
2.8967131951655767
3.2610306564881810
3.0608660447368035
0.5507342979208262
1.3151587996234322
2.7789282846118626
4.8838012778943787
4.7572773323030741
3.8094536064844253
6.2207999150890538
5.1459346430214099
5.1097373547268390
3.2038285134597380
4.3859828934715921
1.9598451189346675
3.5666004109046145
5.7873768401386920
3.0151370592925071
4.1330302345659913
1.3294380206877756
6.1126499146387303
6.2423707323765836
4.5410654097461194
5.5861733338361663
4.3626573689235952
1.8741696661714256
4.7138011638937680
2.9645154033263208
0.9508215784687190
5.5509197698902852
4.2217934248084195
4.9790434109643025
3.1354968483219112
3.4297441343471093
6.2274033826406816
0.7580911114752243
3.7410505823676461
1.8619742188674937
6.2351526917594295
4.3028883735958914
4.1902184740543111
5.6337724779371605
4.6340981864410367
3.7199764567658771
3.0813714076008645
5.1294373989411177
4.7880783520020946
1.1246371883895874
4.1140017324701823
1.0200094128360955
2.0559280029199747
3.5339317919052018
1.3950747807309036
6.1354563750485838
1.6053218015585267
2.9175808705155606
3.6957782000755968
0.9325663584419823
0.6128691029353089
6.1460270666925139
5.3690833716255835
2.5248235369402829
0.3270193092995558
2.0908817376199855
3.0252668952808284
4.8971788834919554
5.4034340195608586
1.2422809579975111
4.4025265320393316
4.8109263847726833
4.6981121827593428
5.5913439986027980
1.4474481842538574
5.3006583065877226
1.6572141229348774
1.2593507824173704
5.5810808619694390
1.0103552078707476
1.1601392642692097
5.1157930158398051
0.3264051859291356
3.5957092403168680
5.7926033284426675
6.0686092871142137
2.0599274923262039
1.9779978444444621
6.0763580370696557
2.6351831277350555
2.0529443119758213
1.2129149819846397
4.6335851318465258
4.8475047085838190
1.3576521441189047
5.9310519555991892
4.1855669278548344
0.7759362699621983
1.5009177187679028
4.7914475669254122
6.0373673628211648
0.4232551258153882
4.8336508550457058
1.8150352423494123
4.2235412903713359
2.9098954712359273
1.1283875275797957
5.6525041435330383
5.3523529103949938
1.0175362476934984
5.3524085494895814
3.4105077190878608
3.0999472389163283
2.7745194511828810
5.3406264138146637
2.0633067127299212
1.0095776856072673
0.5391601099371999
0.0734131037588628
0.9510694653758351
4.0681857066492029
3.1553830007261983
3.8991009705003203
0.7949369805876075
3.9390869233687846
5.4172726093363002
3.7128047550001533
2.1215166610436551
1.5168199957999999
1.0775962410671702
1.1741651427439472
5.0260916480433480
0.0746670758880546
5.1471329192360500
6.0348980451828496
3.8991915775179185
0.0114388084365944
0.2813868605056581
0.0949846964566621
2.2252268108209226
4.9451346487524006
5.4147154320197002
1.9201728548974384
4.9208330429567031
3.2143692533016166
2.6322415348372141
5.8621920289864269
0.8712219367792577
5.9301965439464466
5.6512922282346718
2.7574275846761931
3.2392527191869429
4.9982633403809968
1.4899247448380797
4.6335743599326928
2.5905482729972586
1.2791233742702708
5.0299386578301819
3.4472661248874825
4.2171219889015585
5.0323609198417039
3.5677596987470599
1.0153557518024716
1.7046166783224082
0.1112596417393563
1.2487093373751832
0.7098544286442218
0.1509782095916672
0.4717045464214993
1.7771086852935387
2.8688089725374635
4.0584290346203575
1.5301837715096620
5.9533463293964708
5.9269266410247781
6.1996047281818463
2.5484232722856808
4.3512021561124712
4.6114113580906286
3.6300927037371276
1.7447907565126142
5.9890396577598608
1.1199720907956829
3.0295730231829165
4.5265074428159684
5.0443226808893273
0.1362222220989331
3.1892084757583579
2.0747542126731737
0.3603179858475951
1.9643278883123401
5.7135587804094987
3.2753370909114867
2.0998651755211393
1.8071045478027896
5.0135667928155918
0.0576525855481103
2.1536361325145235
6.0925059658671081
5.3733276705414363
3.2439487096330750
0.7631200463403427
1.6745739850560173
1.9836177262387042
1.6534943096653898
1.1875117251577805
2.4366321896803202
5.4418192256734610
5.7924819798291329
5.8764240518024602
5.8006859650634537
1.0023166359536018
1.0222496349700818
4.3075284562358105
0.5680138347994846
5.2752808580365711
2.5045177220749757
0.5886263092609419
2.3938193296099080
4.8604663334267766
0.2057795396804438
5.9442017704234953
4.0216529836980088
5.3018706331429089
1.0071081410165321
2.9009248921473874
0.7521560124491907
5.5679487751746510
2.6043744504937028
3.6387595809211373
1.9045641573662320
0.4652955695447828
2.2505097171049488
5.8532838271249661
4.0029703703165458
0.1840620551040571
3.2973456646220840
1.6201513387288335
4.7930373024849668
3.6790537796604514
5.3173780379713413
1.0130711736581637
4.6949852026193204
3.6103122720462424
4.0761640309648577
0.0113111024628465
4.7544538790853883
0.4156210721743295
4.8102509419176016
4.0525163175080650
1.4665768790858771
6.0918585367883606
2.0542297627364983
3.9757436545191434
5.7982275108369663
5.0577924948936186
1.6999887019799411
4.7471243666685092
5.7334036050543267
5.6330290048903482
5.2577300723795082
0.3725976369081674
0.3685154740461504
5.1942038138155180
5.6097897349701071
0.2017668813258250
0.0017696337105126
3.9473635895543677
4.0680465545811311
5.0408059086852317
6.0435706970689234
2.9802913887974567
2.9026251555217573
4.1966960686531465
0.7831562429909327
2.0434784437661757
1.7521849229724369
5.7015740095751557
5.9659445534921431
0.7215705581773321
5.6377811644527425
1.9894214517257385
5.1031176616560110
6.1819521592264728
3.0775071123567215
4.6171172274936936
0.9113179174057485
3.4491167375152858
4.9307883472934781
4.8014010199088508
3.8180455924313748
2.8411054010531656
0.9484820348420941
1.2894318177255242
5.8084052997672142
1.9032172218488064
3.6364672156207645
3.3698309634028911
6.1237416226966426
0.2647498858725329
4.8798206171764980
5.7348942385802024
0.3405054218112679
1.8456799244538014
2.4646570670500711
3.2232135389147403
2.3619216051169971
0.0178241715461773
6.1760721822431117
2.4359641133724219
5.6401227167469781
1.3205519805855981
4.9166188704422256
1.6790821845846717
0.9022262292859655
1.9752376199371979
0.9979107278198445
3.1571088364864464
5.4025970278236493
5.2590925380976419
1.6413919291909473
0.3193836733990294
6.0481489603877572
1.3194258333411251
5.5145273221362094
2.8094201338669853
5.8034581004869921
2.3101454093245533
3.5791060274345194
2.7740365570271144
1.7013490859741058
0.9013373569985860
4.8105962557233388
4.9811618935774717
6.1264077353871826
4.4918584974729789
4.9653621165609794
1.0180130983831472
1.9462180785195973
4.1062027056375019
2.4528325782368583
5.1793043617536192
3.3325576850057006
3.6196479470087208
1.7407554761576416
4.8082239670117000
0.6739502919539198
1.6510947192524561
4.1751417586270057
3.5856676534004488
3.2649574576228022
3.2964469043992768
2.8156070229562618
0.7238936132773792
3.2913256999158573
1.3604775031663778
0.5921087684156142
4.8983488914935513
6.2808739977299135
5.2270270605192506
4.1913473311365577
0.2762779043588988
2.2184597124776371
2.7113269609745441
2.1795965878478571
0.0112744217212250
5.2187086902361273
3.8928586077833960
3.7024853280416328
2.7906847191074728
2.0271748924366366
2.3537051603186741
4.5096897954551860
1.1324219391792520
4.0074833284560816
2.5140044884237924
3.8177349234354323
0.0939721492781852
2.5836656040429311
2.1527386619786233
4.5580625499669933
2.2280608595458080
5.0135211049545187
1.5609210690400612
2.2275158116364131
5.3314798866741118
2.2320056958441468
2.6995691967208870
5.0951178419590670
1.8722225584233783
3.2234579307220486
3.4196575424382525
4.2737345545881151
4.2039978325417042
4.7593537266735852
5.7821920638637687
4.6363489988342232
1.6077233939197575
2.7485581730859150
0.7213900013636718
4.6797074674727988
0.9378012230175631
1.7287621518079135
4.3533654086528850
2.3104116593046520
2.0921117494532746
4.3687226813963571
4.6478397754790057
2.3825479921162280
5.1065405121347611
3.4304122285918850
5.3944151621702146
0.2884360065142985
3.3461536944946118
3.6824595226078540
1.6864543601667514
3.8319278432182431
0.2330713363417848
0.9233247328213134
2.2956594154388354
4.6989665090587946
3.4087652767726269
4.4160827102476388
5.0352914238772577
4.2513242681045709
5.6353913553696389
0.4556857690695479
5.2475462477913473
5.8765974536039263
5.6945521924437896
4.5874842639902127
5.0507271858212173
1.3607558038127097
2.9299799702627287
2.8592201593108806
1.5694011118960427
1.7923894473259212
2.4188953513453990
1.4249065824954634
4.3750242193584556
2.2869008361456538
5.0079252057435486
4.3412993104373045
4.8406053599573653
6.2083357783141198
5.3808837762982016
2.4070408418115283
5.7762090521425993
2.8464631514551257
3.5922613945459378
1.4728672726059207
5.8956112993882481
1.2331875748744960
0.6633044669244196
1.1071425207933412
1.8511977832843540
4.1520338484268731
5.0835403473416436
4.7011260596963096
1.9109799586730880
1.9678398418875447
2.4832360753871798
1.0858482451797535
2.8972133581448487
5.8642683016033272
4.9337853256379676
5.5713154692219184
5.9526388515414235
4.9879940425926090
5.7835960911429636
4.5756941165562282
2.7616599134052455
1.1258124687771807
4.0282591316818044
4.9832028250040947
2.9065162194078953
0.8614711348042990
2.7504894207406085
5.4710534261236612
3.4818300613485684
1.9369623775576026
6.1155027605401875
3.2479318826099295
5.3258483731299480
0.7082359968800307
2.4756468042116051
3.6158061755996957
0.1145124189282185
4.6140138385146034
0.0273154972635418
0.9464986932978092
5.9769219939318665
4.8320148707061792
0.9740726682779973
3.8075846102897435
4.3106007554153836
0.1486139067610144
0.8539981422797777
4.6305526108607840
5.6284050245180275
4.8214196476122542
2.0852079489776387
6.0009926520123757
2.1930116735467973
5.0180908784774365
1.8117757795939227
4.0391522075630713
3.7411151452679552
5.6861239200493925
1.6905561426201132
3.5825037604249230
2.3833784402220868
3.2862620968894452
0.3932974524501441
2.8221040199361593
2.7265853394733131
4.2823698500806637
5.0494429575944046
2.4594280788781848
4.4483558416342248
6.1235946474705676
3.2656845576502400
5.2667748504141052
5.3478681811839914
2.8838964878949196
0.1863975488871062
2.7840074779730126
3.7763364952671670
2.2353894684381843
3.6130414517940279
3.8167549233504365
4.6690940237406906
2.0321410919593825
4.2037956011124642
5.1195230994621257
5.3613091705610625
5.6238614269544307
0.7900938465160999
1.9056767040356806
5.3375312131020465
5.2824319458575175
3.4240601028801865
3.2373691378169047
6.0969071330947040
5.5193695318190086
5.0809552157129989
4.3112725669580509
0.3303971518891308
2.9439850943821191
4.3443344916961717
3.0288080995765552
5.4997724164969926
5.9372658042707700
0.9956830597946568
0.9946996925135343
0.8061456843477403
5.3384370251203954
3.0712282903710046
0.0586364556897905
0.4764803105212603
6.1424835020298820
4.4632808726758793
2.9581709455517364
4.8079069130436363
5.1012975012804231
3.5213101398936546
3.3135009299084217
1.7957287520856908
0.2906028464039547
5.5214399919682222
6.0987908746421819
4.5300789861547672
0.1599906019299038
6.2513821946123347
5.0497623401673390
4.7869609620723725
0.2700426700394289
1.3007752128581824
5.6173687549042715
1.5914354146761576
0.8130719651716265
1.2866169936658041
5.0467284451749430
3.6940584552113007
1.4268997109458672
0.9123339936043323
2.4112133291085041
2.8812761724264551
3.7406078344519402
3.3139855469392390
1.0829559320050526
5.2391110102484086
1.7353211252978433
4.6919035476122870
4.6479331143818792
3.7651549948281016
1.8156004428884662
1.4894540337476205
4.9585046533851491
4.2951018695523926
6.0339564311272014
1.4623867248422839
3.4772477385020011
2.7956656701369815
5.0540503577753935
2.4970703982673741
2.2224243765799079
1.3580423546376268
4.0645801912960584
5.0973332417459529
2.6077050095364123
3.4732388925962097
1.0976608673325272
2.1863146942442166
3.3717661130919145
4.5424193195500768
0.6759493245543768
5.0444504273074777
1.8553979035854875
4.6935204357940616
3.2202748285704121
0.6590479149472993
4.1312384118666472
3.8655188843977060
0.7519427853114118
5.6947319907888181
2.2145843575475723
4.7244182002796977
1.2675277223507606
2.3578455391836006
4.4475109090382929
1.1717431514364809
3.8661141551909903
2.9373027358874975
5.7017266760217673
2.8028223947484507
5.1721393751108700
3.7168961032379526
1.1977265872044751
4.6097916930043787
0.8751889421632438
0.3583599227505790
0.4596746603681263
3.6967918934120991
3.0628416653980195
3.1260935131398475
3.2116199097632525
5.1848782443575150
5.7484375063570221
1.9318711286730834
0.9553478633433686
2.4479994825138331
1.6947894956119789
2.3592185412780351
2.5368678298131195
1.5867038620571738
6.0268325669390368
2.9331348628662441
6.0862645181615447
1.9087759469636394
2.3911486395430739
5.5318171145117061
2.1563842337394283
2.5576849870195426
4.6576069310723884
3.5949563245866956
0.6933135945286053
6.2794320429236548
2.4732113842520556
2.5400253741250087
2.2707913348375346
4.4541375377548569
0.9085659397947177
2.9906783762321458
2.1570739390920819
0.5106602829150590
2.0643109019211376
1.6437841862377487
5.5712065533714465
5.6937427095665036
3.1984815281872345
4.9541868640069824
1.5500692762441715
0.5986606523072687
1.9446922627688377
4.2274667157299906
3.5144663496634765
2.0268937028726715
5.9789425672138430
4.2959917622918509
0.2318864298394047
2.3670140610825618
1.9289939355642975
1.4614154893104421
4.4684086040519375
0.0738983836421437
3.1633954741409980
0.3696438857414173
2.9166230531707789
2.2586113008222317
2.7106081549236984
5.1918179209083597
2.4787598882429638
0.1111408142173979
0.0867041585860237
1.2163502555799928
3.0155695027288316
0.8954887954225466
2.0710135999022050
1.3339470917140965
3.2447416845487758
5.2895026357020694
2.3311946167971773
0.7928898045237163
3.7990493448483886
3.5264765146223866
5.2859676798702449
4.6368363139397824
5.2554168131707222
0.6719226400150375
5.2509724994960161
0.6534786249677454
4.7386660853236444
0.1270036062900529
6.1685024977798459
4.1146291315043531
3.7307051595403644
1.5316138148988743
0.9104850096537555
3.2374814725217247
2.1228272704833504
3.3424110921009844
5.4407051806415607
1.2041992118203628
2.0782277989611169
0.8955598283354589
1.2588069523251881
4.4684865011682593
2.0066927995089876
3.6543312068267118
0.0298692671263721
2.0844289546702086
3.0006301287970056
6.0697145660319132
4.4160257625336579
3.4592026565906324
5.0424030488550633
2.4180673435245201
1.9137464269647682
3.3250259079149203
4.4318130874405224
2.3180933500932555
2.1516729203646077
0.8470334248141219
6.1706940218711139
5.3553876318324534
4.3200199655712277
0.0910880337950647
5.8673137439514331
2.0078164670351439
6.2450686654310541
2.8263224436419994
2.3397304946348201
0.8423512751145620
1.4641919314450931
0.1636486222459927
5.7594965061124599
3.4099848603284180
0.0356589983108349
3.4275577667145094
1.8182076338497852
4.7288928140492095
3.0892569701543398
1.7325482700289461
5.5981712310933256
2.5462875074092688
3.9630079134526257
4.2222350196728780
3.1844473158137014
5.1821803191733320
5.2839148453399316
1.6844604136504124
5.3985829472863012
2.1594638828033195
3.9907211889073260
2.9534378094740590
4.2914845919531972
2.5421059354253459
4.9959164033686081
1.6588989295410366
5.9979441988927613
3.3949608714820836
0.6026761110057226
5.0034369950391264
5.6183606478155994
1.8652488480405869
3.4048628596747776
6.1625540302165769
0.1527611550293684
5.5250804144131553
3.4034017931960450
1.1739193229884091
1.2256748395039605
6.1818724800772022
4.5001236048177349
5.0974609273403004
5.4878455229479730
2.5293628029405859
3.6493445543658263
3.4805303713227596
5.7013459593527678
4.9411918760934306
0.5689708630176055
2.5800202338253255
0.3561444419161889
1.2328661462872286
1.4100683695636396
0.0282313349653312
1.8149470576498261
2.1926735152851515
3.7810527943773509
4.1186635558731091
1.7050773365143386
5.5838604185310858
5.6980142487939158
0.6375669484659224
3.6263825103692828
4.5402175271964875
3.7587712525919779
5.5402039967547481
0.3394472313218854
2.5548293485552502
2.4486280161945655
4.0595967212826620
4.8882226212818614
4.5847173173519007
1.1271316447846413
1.5405697059669028
2.1808814544888646
1.8953869648384465
0.4224320163656527
3.6711912454585831
3.3676326084413928
0.8388260133031172
3.7844504387009428
2.9895523391330294
2.2257906360228854
4.2756424153130714
0.0967431389159954
4.9270904454726665
3.3440730273404840
2.9682743424810822
2.5217293650898944
1.7694169074315433
0.5548106121285230
0.2814874035228915
5.6756252219602583
1.0679297630173765
5.9587558522668589
1.6267509747705124
2.6190694207883456
5.1086448906069908
3.0663770281092226
3.2772097875515653
3.3978906386991259
3.3016722169553363
2.5816264517193468
2.1984010102085381
4.7526370116093233
1.7862059792580260
3.2752546959703523
1.0645020191215926
1.5757637446036896
1.2152062300727979
5.3229312429634756
1.0968603044514496
3.3093640668358311
1.1384708913819148
0.2969049245154008
1.5481733317301443
4.8807492221143205
0.4384589306627117
2.4727668862372139
4.4161403510712622
1.0448898801661586
5.8514714577583593
2.6907360291448432
2.4259123006322709
0.9824011701865778
5.8452393423499478
2.1847115221079014
5.6946305149563816
1.2399273580869210
3.7714610304739313
2.1891977131100555
1.2681783949071377
4.3269405226059785
2.7884532605811638
0.3468845327677121
1.5127597529391346
2.3625009025843298
1.2979546721534758
1.3320648943859712
5.5139552836182473
0.1374284063290654
3.7697973692543578
0.4776924442940050
2.0549840526743681
2.0072951959985521
0.6879570690075475
1.8286040720362751
2.4363709213081939
2.0949346181739807
0.0735808748414687
3.2913972109649241
3.3487102943379470
1.9699916863708080
4.0562627373049454
0.3317133792688314
1.1083418054007914
3.6527832402622864
2.5458890623899784
4.6848478964970210
1.6202225476665697
3.3603943962042422
1.5167952514961252
5.1494298525280682
5.5403780141429060
0.5187522288024161
4.9268251832481802
3.2243296400430186
3.7327186575025171
3.9115812060802888
0.0517194791947112
3.0463250862023648
4.2016728325958628
4.6208490769117008
3.0723264151539746
4.7319369248784806
2.4874045867681183
0.8150975285888902
3.0055736242949092
4.4801537768339061
1.1450821158816669
0.6748359503354400
0.9942279959620386
2.5893759234549765
2.9637367831426045
2.9637506371840003
1.7202895508242022
5.2615143785726755
0.6210213490617777
4.1293313374427676
2.0310214875006585
5.7196565237880446
4.8635635631881806
1.5154392251241802
2.2532732420631314
5.4997331523749322
2.6075733937549246
0.6725610429804562
4.9313033335977146
2.2421271638910940
3.4860695800046013
4.1194346378868785
3.6571432136008748
4.6936950353548061
4.1859051091401636
2.2712281922915780
4.6852641357220692
6.1069195457795562
4.6147015743052062
6.2621113747032737
2.8688673520039969
2.9350289014146504
6.0805574667866926
4.0582607988833690
1.5264791333609218
1.2694069110067274
1.7539570167920149
5.2832382082219391
1.3415134709365286
0.7985920407496498
6.1252511755487200
5.5742554888693352
3.5340532852886182
4.0675122995931048
3.3398638529804670
1.8914302724561742
5.7062578213414712
3.4423302277069125
3.5588018163336512
3.9251396133210208
3.7098434563085778
5.5091640551860301
0.2528590644052870
2.8851735908550795
4.6747958320705720
5.9832401834826285
5.5715216166337465
3.4504404067880667
1.9477838884848480
3.0221749234721593
2.8681276432060137
5.8467419765239788
6.0017688688257005
3.5437942395567741
3.8061581679050596
4.0284790080407831
2.3092479385209335
4.2072889488736678
1.1227575357929382
0.2502365735536653
2.0919048893877936
3.0222589026182312
3.2675588273087288
1.0619184531383665
5.1737543705279458
2.8752651295138021
2.5097298945455258
0.3186160741054203
0.3082171120765353
6.2182292195747015
1.2142781944796139
3.4835955226206647
0.0847262452505514
5.1629925014618365
0.3030256596697160
1.5657927506360694
1.3865074174899830
5.9542449558971908
2.6063668144786081
0.7661359772718652
3.1073985339513825
2.2740704730092056
2.6856337038810483
5.1268246850415577
1.3965515307874206
4.0892568268818685
2.2608152528160925
0.9109977707336414
1.3879101056311367
4.4853749370093663
2.1483235730669028
1.4718869671684096
1.2397899878225096
1.8520284300635803
5.2663348679665418
1.6106799928944395
1.1527972417807151
0.4190813094199339
3.4198711553320509
5.0168755125896922
2.9543483720842203
4.4320716535858677
0.2594204034145323
0.0046397985005400
6.1532203673376999
4.1595880865131187
6.1545025896292973
4.0881221448414973
3.7642667813950625
1.2911057715297554
0.9745081994478253
0.6795834420186713
0.9224712626570851
3.1608645792560566
1.7513036662201056
6.1648156318841236
4.8545792778787860
3.6651536761321406
0.2324260266832289
4.7353090331531780
1.0471215089639672
2.4267335647266801
4.6425380386413408
1.2954021546318382
5.0646309734736343
3.3108497457449308
3.8807142227936535
2.8033377242527093
1.8395356434915882
3.2121520609476075
4.1535153004432237
2.5589021731507477
4.0599708240923533
1.4998037756446432
0.7497314187392482
5.4753094352920613
4.5547660044479867
2.0640955157728214
1.4618108034359922
0.6692936931935249
1.3072545896929648
3.7136692058453229
3.2961519356180289
4.0549973635467831
0.7356365816679593
0.7939614167762155
1.6326600174950343
3.5717446559039461
3.4241679550147492
5.5591872059947480
4.6089949360532465
4.1571475180880846
4.9368836470651623
2.1932893282073462
6.2540325259017377
2.6982036749189939
1.9382351921411358
0.2903034859815964
3.9691445198652411
3.6009187280976618
2.7929140949313340
4.7647803049311674
1.3603692619626806
5.1343704478339038
1.6511104266173036
4.4410470682609144
5.4088457951427511
3.2598638214822322
3.1401041666523888
2.9622752644117507
0.5302587735447484
0.6090058569048943
3.1638940415685126
2.0945858593150160
1.7153331053304293
4.5401235061336918
5.4766949607650286
1.1281224006015547
3.5386291463695012
3.5117619170568615
6.0070031265037649
0.4987496024641754
2.9213799329156327
0.3124303428338090
3.6114917690486354
0.1033214774409336
1.2809555768882637
2.9047397821718364
2.4951163240079932
0.0920285845418383
2.3331759660312437
5.7623581953527898
3.9709958362707529
4.1281226451431081
1.1624433189050558
1.0240042390173403
3.6412137520721006
3.0046856132108513
5.2794898374816182
6.0452630416361401
4.5194709954400931
4.3175719230170424
0.5436790620809955
0.2736267205812422
3.9438548928534742
3.6013158496601729
2.5780896296533387
0.3459317342237130
2.7043405561755822
5.4047068647913417
5.7485656468691406
5.6354945522917879
1.4645785941052569
6.0667300447584438
1.3447788137304946
4.4280254267588228
2.5542687465119247
3.2918678908329255
2.9288525918880510
5.9962076675144607
0.7690468615054253
4.8381049153556726
2.3149642037526577
4.0941763020482256
3.5381167557799507
1.3795727577504442
5.7019077019615052
3.8518990628672913
3.2786150360027264
0.2205470396178996
5.3760571996029851
4.2608672503453935
3.2399912582250932
0.1733086338913405
0.7510671379307460
6.0264920942840732
4.7615995759835519
5.8892846237428103
2.5931504290099880
3.2782678851854365
1.7099821259491099
5.1870966978163064
5.9819245549054756
1.3565472689230089
4.1619444927480460
5.3744623032423098
1.7578936399193266
1.9373645037796676
0.0725295821751532
4.4170606487550863
1.3372996775656252
2.7363575039041579
1.2742080784309118
1.4939612438877183
3.0837597298989063
2.9462994541942034
0.4949507243024192
4.9106319637443363
1.3315904450892435
3.1985406017463180
0.5456946847965342
5.4982986691290376
4.5935384209216972
6.1974408460375408
0.5420181657831724
3.9646821790738938
4.1949477901465704
0.5533665417020162
2.0242915142933553
1.4074752307613965
1.8556095546065707
3.0658905066351463
2.6784525694456049
3.1265307234872881
0.7759123711148760
1.8303037082437774
1.5672565896472650
1.5918294670904602
2.3086875022473765
0.1342186674961684
1.2275660397173451
5.3465607214370827
1.9312786624630416
0.9890938548199305
4.8274595572898953
4.4765415346175077
1.9441133322083104
0.7378152188515599
4.6833775625943241
4.1013803042405197
4.3807641081416611
4.4728984209256124
4.3821163601206550
2.6232105010700431
3.2074963843071016
5.0857620639225543
1.7263649869511728
4.5418020680443218
0.3014195044451886
3.3084260967765204
6.1326108427899575
6.1160575282199128
1.1502085562493141
0.8187474638140926
4.7171279913646194
3.6723141093605900
3.4695698386525140
5.3649205248820753
2.0444254129354134
4.7650287843337349
1.9988660034654291
1.2177136191754518
2.7250754982748715
1.8165268155895133
0.7746348431009979
1.1387911884181792
2.7826834011603787
5.7606062803564777
5.8735891316071749
5.3029759364686244
4.0385187337983561
0.6108722336105672
2.1553305769183142
4.9520754529137188
0.7662815478166186
4.9331268994114499
3.0101325402629002
1.1514135596357833
0.0393738978250184
3.0431385522417118
0.6734016849730015
2.3166416238559560
4.3594932830045385
5.2134266081194633
4.3502253264205262
1.2890773557161912
0.3367605109315860
0.0392046029468058
2.1126735555507890
0.4550607104946083
3.6042871437523196
2.3549990340121418
2.3623997182542609
4.9674022670407192
5.3162850793026628
6.0729117165469804
4.3608197277870664
5.0485106147517271
5.6000297470400948
0.9824857996217237
2.0631775719255154
2.2161245204902205
5.8600617379967446
5.3696669472972740
6.2728088420637080
0.5448144084964195
1.3774506704016107
0.5355709361415988
6.1071304778580746
0.2265379335371167
3.8618092902860437
2.2135020810118116
1.4238601550994971
5.7101774841666808
5.4945328202143058
5.4008177531245165
4.5204255680653098
3.4915941672053066
0.2839913827053507
4.5913199217068552
5.7250661511372440
1.9697285261552846
0.5134799710602213
0.2435710233758505
2.0076024622878448
4.4912545230266554
5.0675820669950049
2.4443405978215460
3.3359796913853264
2.4557614935318410
3.5424228115273690
5.6348494631512143
4.4350428572695888
4.6844970993701782
2.2504300026406385
3.8868310964330068
0.9605669543714295
3.0404293496033463
3.5972072852664549
5.5617531487017775
4.2162632344141233
0.3160849618213663
4.1100145028118318
1.9071613088774479
4.8163106911143583
3.4867475709149995
5.4633539520305527
0.6470506836973862
4.5115904783496195
4.6375337004773636
4.2757172612789667
5.5528443977545656
4.6792376095407597
5.6654929326837076
4.3535498307246909
3.0420645316764343
5.9411392342273857
4.0524501096477801
1.0553215061383239
1.4507615443911339
2.4355841871934643
4.8330728354732093
4.8007375824032401
3.4712244079086565
1.8407995793505980
2.2415861081140265
0.9140662411844034
3.2238629351785746
2.9221135910528102
0.1217901749142698
4.6506294970213684
0.1865171687994613
0.7471514959486645
1.5571629707288699
1.3465552142777788
2.0799477639858961
6.1199658123466394
0.7816548714006905
5.6289782900864429
4.2266730045185819
4.9714926899851566
2.1750156673222700
4.5449333350208176
0.6065223818705497
6.2344670052237809
4.9963874802708643
4.7200989931885875
1.2143913724446782
5.2675081133680628
4.9569283856212598
5.6984665912348644
4.3454120239016278
1.7493791029699177
6.0136772835526129
6.2525131417694348
5.8883736936936666
3.1946368702966352
3.7570844791616071
0.5502207558975173
0.8097684505662445
0.0984781048723725
0.1588723970223631
1.7446287533237288
4.5756763881413480
1.0295355974037883
6.2393255479522809
1.4835912718473037
3.5900182145165913
2.8713203714768798
5.9628107821438299
0.7125532953316706
4.3817687956224187
5.8352104254269452
5.8429728619021217
5.1712675889934054
2.4019527849952129
3.3881136163105650
0.1121802485388086
1.2021384544046727
1.5682710913112348
6.0369734943378583
2.7099912104808648
2.1219503709642780
2.3202329450911678
2.6968631560238685
5.8901936930369416
2.4005405771070918
5.3592180335946455
1.2189380496279787
6.2527774984496736
4.3393095591710535
0.7860648721412626
3.0370566436865918
3.4409820776368942
2.8733290697007816
3.0728859042609726
1.8810736617106354
4.6956540458556990
1.4495946152349144
0.5044602759321559
3.6549057503724196
2.8512324649866030
2.7130265341956106
5.9490340138522635
3.1260081891650819
0.2417500782017553
6.0701122303808068
5.4644648194780734
0.4241960448706066
5.1856889096425753
5.7899700396530545
3.5602602302335544
5.3587018144884100
2.5443411973950716
4.4577845629307280
5.2043724972752194
1.9030540263664661
3.1728323410952979
5.3222058254050681
1.2315086321749442
2.1019387991614269
1.7844943244297409
1.5393585966688363
1.9373171497308861
0.8004625574836546
1.8066593112911846
2.8136049776570817
2.4580439782916867
2.1783769279172609
4.2898026585303590
2.4158656433638290
2.2643504637762839
4.8534548905510277
5.5402275754618753
1.4275169783738382
6.1300896646008791
2.0821280869983476
1.8229861547182300
3.3670217341849122
1.0098704109444956
0.2224984185752354
5.5162120843647484
0.0432623156032657
4.4117888995636036
1.2414485014518921
1.6245233833137709
4.3316845534923480
1.0468243362254539
3.9147731335200495
5.2943944776871410
0.5425685982246695
5.3947279194892239
1.1872484260937644
0.5836578362015731
2.1032178784499211
1.3395625656542134
4.7822811176117828
5.3575825085467352
4.7116793997946589
5.3107924132522140
1.5006491347212856
5.7615210797410610
1.7974154540209717
5.4517624907800215
1.2608093020788702
1.3444858898806600
2.4984649617625023
3.1137184114844052
1.0722891859074735
4.5582099587025464
1.3663516014241806
3.6745524033210955
3.0934327641651920
4.0769253173133606
3.8627113721657302
4.1719382266377734
1.3677452647278336
0.9231724885824886
5.8498426227063627
1.0212577461336361
5.2153135928186201
4.2762333140848225
3.3848895157167762
5.3996795958227324
3.5860246637190194
1.6117407138139443
4.7152741761045212
4.3555458717058624
4.3860726817945430
4.9578655431209571
6.2760382330582249
1.4268010584804165
4.0429973770743999
4.8035929184953563
4.7914122213914627
3.6043356539961779
5.0135855667680769
5.7469075940884204
2.7893732366673705
1.2878979046589172
1.7395263042270126
4.2213441948102988
2.0344289785158765
1.0945859470578712
5.5944495789423270
0.8835289595574978
0.2344224390507006
1.1354723667016042
4.8629264351440025
2.3279649758048744
5.2504183629176548
1.4223968472653978
4.0516251478284095
3.8971333350149910
2.8240361510811396
3.2582021158690004
3.1495894501533583
4.2583683296062480
3.3479582421452942
2.5030908315628442
0.4704864887381530
2.8707588925816867
4.9954467531672400
5.8910208759389793
6.1016179494218976
2.7276590661466353
3.1094703925909761
1.2617747141131304
2.4407822929685539
3.6125595522110925
1.6211206847051214
5.5156163223714776
5.5291352693871927
0.7187381841968608
2.7331586434071271
2.2924525428033706
5.6672180205952980
6.2034330148832133
2.0444283402406018
5.9208933482855484
3.5911556927806783
4.2944575372108895
0.9532445071765319
5.4643521075084980
3.1524964312764050
1.3483215730290421
0.0115173185824926
5.3057066284116878
1.7656780581581608
3.8396346917421007
1.9688787909745611
5.8269145975160290
0.9028070791195159
2.8624333412117977
2.7205861271459510
0.3840095770430132
5.5322112266351802
2.4215211822189802
2.0430956841037480
4.3058364145488373
5.5960482008672932
5.9191103102821208
5.0092836001269339
0.2321214297378705
0.1840471048412301
2.0660864912799788
3.3252582410633282
2.0826038732114363
6.1875309829486218
1.2240468978511096
4.6865654374450125
6.1923772371489942
0.5815916737650703
1.0112557718094979
3.9610535004573912
5.0771843440028954
4.0590906069067936
3.9022572146112608
1.0331097846014532
0.3486788699444178
6.1358011626290825
1.6628458767990455
3.5032461708559017
4.2143666280069239
5.0808223389205454
3.1523252666514741
1.9660004513874128
5.4937836455148474
0.2710872771038038
4.8823408758235765
6.1010913936827080
5.8073407916359079
5.5898692061137423
0.4237772623869373
6.0270478000080523
0.0511984982532212
2.2608940108329976
4.0842016129489309
4.7951671404863605
0.8302088039855202
5.1564904291563813
5.6214030828585431
2.2723005191548706
5.7711021834310428
2.6996088038718695
4.1084821914587586
5.4005979909174489
2.5626320146792798
5.6151611422387342
3.1288090002618580
0.2138991572738656
0.6190744855736747
3.3576940742939771
4.3810729060306217
0.7417819932840892
3.7885372592205027
3.3245548327631869
5.4903497857252921
1.9155825372565503
3.9127684715850379
6.2730762396682884
5.8672513476591943
6.0165246007144155
0.9280192148099130
4.1959371846944684
5.3979250606120930
3.2185985733687437
3.9085148442628812
5.4501426177281953
6.2617594358617668
4.2139155583044197
1.0922108579356136
1.9924257649402484
4.3167394992856449
2.7576182575726951
1.4292009909914678
1.7421089601749757
0.0508201093349498
2.3329961486407420
6.0881287186559687
1.2241895617918315
1.1772410264687585
3.6598483928741632
5.0670225787178325
1.5842235928491655
3.6269657888962628
3.9566526475209205
0.9393338870532995
1.0945313053831187
2.3412033304677005
3.7493835762481069
2.3184548984998008
1.7695006335781149
2.7698136689346038
4.6257429587155778
0.7725734165599604
3.7946265678323243
2.3632963790616572
3.4357063913622699
5.5280984986314445
5.8215313741578933
1.7247369030908171
5.0483781286424128
0.9905305681625243
4.5076295673106594
2.7704363448688976
5.5794064526481613
2.9531938581383379
4.6689586014000177
5.5971796796513065
5.1515875833884417
1.4951739854253716
2.2822804691676053
5.4049884688043273
4.0825227580096657
2.3380618082981908
0.6767418740953246
0.7598296610621980
3.0798201864106707
5.2616957127708499
6.1591294825438538
1.7885056951630061
1.3319173626222660
2.5793023670319619
4.4143387559143310
5.7923559546788992
3.0262003789409975
1.1606013205393511
0.8567491378910650
5.1872294540727193
3.5482264889988748
3.1020412639633195
0.8271840370585414
2.9038361497257310
6.1326966772144473
3.8801625272295492
4.7050199222794431
0.6010218626255834
1.8189916523447274
3.6453010749915387
3.7432319316184484
2.4635438759949158
6.2558016546952926
4.0019369031011980
3.2116362488457302
4.9214838822535159
0.8840100688138089
0.4908316187767174
6.1563193845729458
4.2242115697851688
3.5842154563114415
5.1969126587627992
2.5664414268320197
2.6257961574215032
1.4205154974309211
5.1989214376900934
3.2960797483598938
1.5606492742438480
4.2178086798023458
2.0799288313931954
2.9653091661336863
0.6054788164574028
6.2265135389908250
1.0328726838436539
5.1356382054743408
4.4705315286933107
0.5658941712009664
5.2118534048318885
3.8245556823509057
6.2100862662256722
2.9710029176780348
0.8533559853089759
1.7534186696278786
5.7103991594866121
4.2185687791816457
3.4774011280053951
0.2046980475588163
6.0541057005239862
1.4351316636134239
2.7599758309163533
0.6183805329591824
2.8313225673871552
5.7704706065032054
6.1670544074918778
3.8525364596923586
5.5671601234240580
4.3367919193304250
3.5313125111660426
0.5933252892709980
0.3259146779896456
5.8363045344675832
4.1024622069108805
3.9117040215302383
4.5439551650289580
5.1454248178189168
5.9217879282897155
1.0230637590498368
5.7627734871180802
2.6581520880889831
1.8778343533882667
4.6337193805021588
1.6046084161154899
4.8712699182796921
5.8772858324945432
1.7937910218347635
5.5707226767647127
2.6176102795565810
3.0257032563214916
0.3204905089370081
1.6344180785232953
6.2343382718076041
0.3318507046126264
1.1161865110385016
3.7914947001651815
4.0649250566947144
2.9288928161995980
5.9925549116132659
1.4771381558111163
3.0153151533795133
2.1194235436614473
0.4356139042818362
2.1522181608515494
3.8736118980598415
1.3293650350578996
1.8540303788254464
3.7398551514426481
2.5444372862344102
5.8978420823519127
1.6255830612870270
2.5612954630465801
5.0051424198569903
4.3001966294950726
0.1984169198519255
5.2218798616373965
2.4264149899347505
0.3140183696815209
1.1791656132292268
5.1737255595871101
2.7488066583594328
1.5417494183436522
5.0592481295935174
6.1485848907892278
5.2920847117100891
0.6232220990198158
2.3856410340331196
4.2818997451441971
2.2129438315157728
0.5432586147836796
3.8802737614110763
0.1791520421824487
1.1811086030979654
2.0062173079890133
2.7078608548257597
0.0008944409453975
6.1159721900212265
0.8853913679959728
2.8223964926778580
4.3679951383521223
4.0642012309723325
4.1504946686944217
3.6820926263107427
0.4792277959972034
5.4845288129982102
5.2758379693503299
2.8202474852629864
3.7818004431807482
6.0599119927628244
4.4190032581299974
5.6231158182912839
3.0448348463341217
1.4439517096081989
4.6209255016964601
0.0053090129881545
0.5435149495541161
3.4903978289776045
3.3592511985845852
4.5758211077252948
3.9467668656533026
4.6233267653268530
2.1450928825725657
1.6890503835426049
3.0317201012069486
6.2041898346914905
0.0419654829476295
5.2491484953595062
2.1780189982018476
5.3077638705772658
4.0268238061859387
1.9825295361500068
5.4961887172346042
5.6141213537718748
1.6255490364123877
4.8750360031904112
6.0852185961197085
3.5692802583586740
3.7325283898562578
0.3947438239581664
3.7466689317982844
3.5128352156156399
6.2248985679201230
5.1180637847090331
1.8818014820762337
1.3171502018001235
1.5179411973403758
0.7985432448382880
3.3375725751690983
0.6055978322693938
1.5440770543835394
3.2328291083516789
5.2271663798303996
3.5165781370047213
6.1403657144979897
5.8660655673712743
3.6742745204207452
0.7123840652126084
0.9507513318330266
0.7635510166694791
4.0985194469883766
2.4782741860689481
3.2855259302121471
2.7661047655638047
2.8587769131137870
1.0343516673914448
4.1601108314413562
5.5609526294069216
2.7836837631505738
2.1935949646946460
3.9964785315788198
4.2403333400106087
4.1483873064081918
6.1947970808155635
1.8185621873996738
3.1628173601949001
5.2971075042410414
2.4954792004553625
3.8664120564306921
5.8956343086743379
4.4329395884457652
5.0704942761755145
0.2009971207828742
4.1139063674749732
1.9926372195813840
4.8353470172908581
2.0579310578954506
0.5076598085886287
1.9955012090956170
5.1791773035302775
1.8170498161664037
0.2267182081805161
2.7280755835971915
0.7310666276950955
0.7550836563185941
3.1189656090578541
3.9121476923200280
5.1942303281567499
0.7286937179202012
1.9161604938580346
3.3146622593160977
3.7907408258171431
4.7156271481899426
4.4683759577457893
2.4655912245716416
5.8330728673716683
0.2638570930881602
0.3301550427333598
1.4738116489210853
3.7727896735397088
4.1187181254109682
4.2408486364220863
0.2789715566098291
2.8734816480699683
5.0154431735602838
6.0516409712281680
4.5357128414964265
1.4150185032216127
4.6454410866480522
5.4299346971131603
4.8027625826609270
4.6737131605049136
1.1599456682806513
1.8094038087015218
2.7445960733071639
2.8918095929122880
6.2471106673552592
3.0431466043908086
2.0760425105121598
3.9852844463149637
1.5769494682089753
2.1951257443704022
5.3919218465949257
2.7398103194191448
4.0427864807938825
0.6029747981680064
0.3033867096842226
1.6080822297579096
4.0665040874850584
4.9050980257848664
0.2215772714725344
1.7358214362863165
1.6781668944893411
0.8117294693195459
1.3421616779193111
4.1512423570988517
3.7604526039226047
0.6100925569027469
3.0718958362081663
1.4048472507253240
4.3874957039702744
3.8529915092756517
4.1227970488769969
0.1000493688085572
4.8915236584949318
1.3051208984624669
2.3007340703181836
2.4557755786892201
4.3750813445919912
3.0630234698566468
2.5186139969248962
1.3928206878967166
1.2067214586543953
1.3450129854543100
1.2870107010623790
3.1880778378975587
0.9907792038941482
1.9721998453054774
5.2308939102400167
3.1723525614510995
5.7317253343001209
0.4895588305345445
6.0067179600128480
3.7016520383280707
5.0230867427579637
0.8461034533046462
1.3166985312764246
5.0602518180792719
0.7531141325584245
4.5760069806308952
1.5389285013185598
4.1119562718816827
2.2486815668936644
2.1316375405999359
5.8999812554227100
2.8769896124452732
2.0606985623210137
0.4019251301013604
5.3202156862101520
3.5432155870717055
1.1392307235208579
5.9008705982368088
1.3241907809917179
5.4272622180449979
4.8203797759807898
3.0316910501557377
4.6304243051224363
5.6410259455887317
0.8952045563978502
1.8431724662838871
3.5552213211152814
2.0136287065573035
0.4213003081412787
5.3844475272563441
0.9723106716503745
1.4833676829974538
5.7353195411492006
3.3091902771333515
5.2470252295071393
4.7953061241049433
0.0301503845994396
4.8529316901613733
2.0789513014189569
2.6544401008982099
1.7463799383358294
1.5478096305082580
2.6600559574706466
6.2182121458237836
3.3595907540950161
5.0827794588500481
3.7903535802299575
3.0497147678692254
0.4402686595659143
2.9666215300183887
5.2187651121508223
3.2646466459081087
5.6191246924253972
3.0532484625377139
2.3784199885016721
4.5700400861621846
4.4576491312285640
3.2054381779991146
1.3123544294848986
5.3693242437597899
5.0599023481771912
1.3912896797037877
6.0008102890325636
2.1494817224441412
4.4171334781084903
4.4843386629316146
0.6484988908854593
4.7992997479019923
1.6169448471175727
1.1294189525475420
3.3749890646092178
0.8008107529267255
4.3764180039197935
3.6334676260458099
2.3922674305452665
3.8324220052694646
3.9622232420909200
5.7505513167219053
2.8049612727553965
5.0880047915275721
1.7697296226603063
4.1014899660803694
3.3718331917975233
2.6827013422560753
3.5797770325971698
0.8061327777956453
0.6876753801324917
1.6889619549123245
3.2730125147185150
0.1173505031960008
3.2580443338084293
0.7813435639555819
4.6706546724259859
1.3142601261294753
5.9916847992773272
2.0253035885578536
4.9418825669547672
5.1637839945432855
2.3310227662273117
4.0527772953112784
0.5033041805852388
0.5655661449588405
4.4343323862631667
5.1355861894574071
1.1280797566346310
4.2761434327821881
5.0096885551541410
1.9085296760310986
4.9858187402254348
2.7344220012064153
3.7517805703291103
3.8620741673859436
0.7291116743612218
5.6698784469819508
3.5002458978968249
4.3039040153201089
3.8804186880555376
5.8386673547247030
5.0157796912221846
0.5634766816085781
5.3364130448955915
1.8705266727185852
2.9519050116163248
5.8888461931826708
0.5860133201897595
3.0307363414298418
5.8328149106167952
4.6606517380494239
2.0655037243859362
4.8806065832236083
1.4025796776065060
1.0433839124975635
1.1071263896524168
2.9559074539890942
4.6358576106152247
4.2117539084279993
5.2369592538721781
1.0697098220563765
3.3514657542941753
3.4981174896884419
1.2684743769416709
0.5473187516535947
3.3009463577649774
5.2050527807235056
5.5416057450979128
2.2394143233581674
3.2850226119868369
0.8070984573139999
1.4694080733708099
1.0961066023080119
5.6971128078833893
1.9173841350721423
0.4051747915593965
5.7383079782391517
3.8471973193983802
2.5335403611740532
1.3172672097864271
0.9722502348390402
3.6358448762495668
4.9024357304078059
1.9133162748453789
4.8979596857088472
4.4169154110805957
5.2798635114199310
1.2741324731953332
1.3790689773956444
6.2256207219435220
4.2753120656930994
0.0133407332445328
3.6217833680277534
1.6335872139384604
5.8063154995877131
4.5042790514891582
5.3465975955899108
4.5173662068982008
2.6682246485045371
4.1559753355418874
5.8882899980460488
5.1594531703854800
4.2315413927410583
0.8200631440459193
5.5303631980614192
5.5959254470405702
0.3060612249466980
0.2680020465322154
1.5352895337119898
3.7791422163692796
3.0415631647044750
0.0677133006366445
2.1176204214677696
1.8779683586388300
2.7833989077627148
4.0744345993832960
5.1386944859853365
2.2904239802799493
5.5115395641474043
0.2506720610747779
5.2998925991586976
5.3473595406504355
4.4791070714126056
3.6142891107556032
2.0583127722148018
4.5204207556342064
3.0317452789567865
2.3963252544908822
1.9960457976483494
3.8595692071202441
4.2111758802290629
5.3293581409982265
4.3971062164322472
0.9437840769354678
5.1892981496882111
2.9555658324184715
0.2166508508189122
4.8770367181609959
0.9724867633297459
2.5152578166168782
5.8351698916642514
5.3402147511891114
1.7335895331141682
3.7003649990012262
4.4777393866978414
3.9762130105596323
4.2058845426192430
2.3333378338467998
1.5487803276424259
0.5098005625922625
2.2244758358200585
6.0662996469345707
5.6611548347538978
3.3466444114796796
3.9804982492723657
1.7857842121856742
1.8861384453411578
2.6680069170065841
2.1209936959566225
2.2883659920452093
2.1078764707969109
5.5444574730620060
5.2659304495205586
4.3830291509062507
4.2232723705784814
0.6659287157127610
3.8053912860109897
1.9880568906154623
0.1259168181974036
3.1169642376102504
0.7599110869380294
5.5131163357658570
0.5151134393312928
3.8269470602430058
2.9393997063104300
5.6413118722958639
0.8375954579752716
2.2689661427347074
1.7510656868152275
0.7558759559394087
1.1676198723925368
3.5435272221068472
0.0240515242671259
5.1556191062288628
1.3858206772162569
5.3269084023616546
0.8152012339790126
0.0846742799929492
0.2686376775263555
1.8862604812718333
0.9706772577310988
5.9047239388627260
3.8213701977919534
5.7299233409083978
5.6978611037655780
3.4117740405712316
3.1335593116591052
2.7847755285187343
0.6571988773824992
5.5024983293100762
6.1249657956115851
1.3941868784006337
0.6415345389811705
3.4402525785453268
1.3853276110158907
5.3251469088517922
3.6257576366949524
5.6004197638533295
6.2051222701367408
3.1941210317115596
3.8155829926024989
1.2693549173096677
2.2641713667646726
0.3008468064166346
5.4673928888979049
3.3193178564998629
2.4023557117799723
2.6843675838714725
3.0544020567590837
2.2204764097043475
5.2681831756019104
5.3827081403011467
4.4172106653089678
1.9639951464875007
0.6579083532455886
2.9067604654763963
4.3714188936996319
0.7694587690385952
3.7339387284505934
3.2591395548169388
3.9816350315737421
2.8652987400941576
5.9354344129418770
5.6958306210355722
4.7922990251663089
0.5751037002194689
0.0793664120332298
2.3022128033641560
5.8758909057550985
1.7369726466728788
0.5529123557402535
3.8890915404307815
4.1217871662174552
4.8802302090762684
2.3408785117332873
3.1006483397048954
0.9757016264035971
4.3408453726917422
2.9688733226293254
3.4356230341147453
4.3140388132377163
4.4585953672800880
6.1391743480271384
5.3907489828524087
5.0244295731968531
4.5203158311566023
2.5899138649344273
5.6508268663902275
1.5549508119851907
0.8742862560744358
2.0298695582251400
6.1062719641959120
4.5857353897259570
0.4243009957741018
3.7512093827025317
0.0426906552989240
3.0393693622407625
4.3099093864938736
4.3497715071854977
3.4001121525408040
2.8639159620598629
2.6788237438236151
2.3559213956897276
3.8566745031526435
4.2886729414243883
3.2649730823143330
2.0144097261261500
3.3089798292110260
4.9218001700492602
0.2446100953728994
5.5893076439811349
3.0209838832351723
0.5617465634396519
0.2214236228264778
2.8150679194040955
1.4557274709878867
5.9040535084617050
4.9492497093944046
2.3336438367462566
2.3518269400693335
2.2632650451851055
3.9537751791673341
2.8008814790416636
4.7141367559694638
5.7345544241014670
0.8295669530006365
4.8214081759547751
0.6326114272120094
5.5650201253393856
4.4378398316512335
4.2233064572863297
3.8614992540342348
0.6946212680625410
2.1337297226026020
3.6772149501454550
2.6906597151568232
1.8051454614782858
6.2608644799194533
3.2539679773483101
1.3354306305760770
4.5971771510138364
1.0433031600493625
4.0128832048228738
2.7374660091517429
4.0508831613481640
0.6092809471207653
3.2679259435785184
3.6230951035190611
3.2613670331776179
2.5557343231240530
4.1227584144705558
2.3044844352195288
1.9502869326463537
1.8308256017384974
0.9443089667619411
6.0736693507475890
3.9676466446289536
1.8310127999686625
0.9685320318789220
4.3352170430608643
4.0019321532569485
5.3154319878548115
1.6390358266815874
1.4897758716924325
2.1074059633918698
3.1283232755610761
1.7204172586735786
2.2573016230312266
1.4308630516698777
3.3898110186846595
0.1129672800338321
0.6102853580849184
0.2153178814395947
2.3100994935091865
4.8198914853407322
3.7683142006393791
0.7158725822907874
0.7931041218601647
4.4426572689131474
3.6420199135710036
0.6493913554529887
4.0886521833302618
4.7439465356723662
0.9329697172005765
3.0738878489430976
4.7537686376822315
3.4360189926758853
5.4428920139351735
2.2764163699271918
1.2264860843920200
6.1706262273761334
4.8442771779076290
5.0233537475829344
4.3212309131590647
3.2110234292361706
5.8171856646931506
5.6659210121649473
5.6864871535150119
2.4280840775728700
5.1102244249805846
3.9123264078259852
3.1394556529380253
4.0240920641450941
5.4348594032669828
5.7512126596556641
2.1910085900769487
1.6236910760275576
3.8735253044473184
0.4912073971384829
6.1509310990020669
0.5677213463968801
2.8389849864102739
4.0854159050059273
1.6284919647672067
3.6494108433197670
0.7251735493167203
0.3640757844374417
4.1587723922304018
3.8094959088423481
3.5707453637189643
1.1504155293867178
0.9231131062244529
2.5600048612234314
1.2339049662825237
4.1900371123748128
2.0962587062113083
0.2678667468658211
6.0487068274529987
1.6466697931545251
5.8710210561788125
6.2443238501633402
1.6182454284811558
0.3920056456900097
0.0177453500232939
0.0310939153023695
3.1840779146900653
1.0334246049970788
0.7276625604409537
3.4754381561368164
1.1200895869461596
0.6562996320727389
3.6456265790426872
1.7839599894478657
4.5622221905497344
5.2216612008122345
3.7628774584679334
5.6085561382722702
2.6039603430048048
5.9263750881402961
1.4553574704514693
1.9764155230266203
0.5457805444882656
1.3377769310659464
0.2375171556713315
2.6629030624393808
5.6456459932363083
1.4473749117193075
0.2093234235747654
2.5645493300691506
4.4500240980225625
2.4668123125098189
4.8202040695775850
2.9471061628851780
6.1225419097740001
6.2160125235699653
1.4537482205863141
4.3693721108538135
2.2158000664938142
4.2832171936346075
0.8482767104538217
2.9752046879246299
4.0475936237895720
1.3331644085566663
5.2290608064970518
4.8053356994631038
2.7131298718497039
0.5500637161132111
6.2439790311043613
1.9795381850684881
0.7903793053115766
2.4055189613030485
3.1436352367059439
0.2478804141291362
5.6271680631174581
4.2259511704989112
6.1887348157268089
5.1596114664654005
3.5525222819956235
5.5777774455482829
5.6842105022556106
4.8564405812819240
3.9515827557924275
1.7866728025112824
2.0750735280350012
1.5083146634037303
2.1223701568688815
1.0165072939101634
0.0318128784928408
0.8671435599849178
4.1185764558421738
3.7827243717914909
4.0367644716439823
4.8507326326386817
2.8471323625200391
5.9327003480625260
3.5900799589274355
0.6935168173952696
4.6662533500648227
5.4537094890669779
5.7411512387515282
0.4097620928909955
4.4592250044584745
2.0326567575174144
6.0501370453810237
3.4597947032857372
1.9712146229325056
5.7136566666148481
4.5504503371546745
3.2307920418386074
2.8966272572324328
1.2223695681344606
4.3741940817474312
5.8948446493693503
2.5725371329748117
5.0066549153280002
1.1091419531834519
2.9223786941092200
0.8264912642795625
3.5613789770514428
1.9143213341184528
5.7502897869746441
2.5960147445738291
4.3425374818622009
1.7782791298865914
1.1319593953070588
3.0793617691459776
4.0388182227464888
0.4704080612910511
1.1396804420666413
4.4312470429862856
0.2416531724822506
1.6852865771265735
3.3594565332894630
5.2516586498841971
3.9256388783147624
2.7189230150297101
5.2714157406303057
4.0587556393903190
1.5981093696442616
1.1721138282986718
3.5888155924437730
5.7358444355030622
1.7761305501227764
0.3940352897049391
4.3473639698174376
5.6812192960473160
2.3478580963036197
1.8151275588503244
1.4674045954988084
5.3265307895468323
5.1172827225801365
6.0320101288867649
4.6664643602827498
5.5761894932470542
0.4990590657858804
3.1086981554578452
1.4705656901453654
3.7720757910208622
5.6179082325749663
4.5631102565929185
5.5185435147616566
4.4426332044305177
5.1299141660251220
0.8026659356566518
4.9794601135725474
0.7494468182721485
5.2916138320917012
5.2944126162966123
1.2709641593463432
3.0873176875973893
2.6558884367392332
5.2162476765999797
3.0542288904193038
5.6720715657847292
3.5581466665195736
0.2019892131117589
4.0667325738596665
3.3693337714519584
4.2271384526449971
4.6408935001398488
5.4676777855004843
3.2853442103750314
0.6948574425879558
4.4427092007872089
4.7353979762430223
1.4674438965112104
3.6482892980106381
3.3573950646369011
5.1851740413212717
4.9408967480828574
6.1607515683812855
3.6538435047761637
3.9200851880708756
1.2598872908124821
3.2867051683023321
4.5722430502747340
3.2029324551759535
5.0673745465912736
3.3671488046297888
3.2784896977398352
3.1349073905444773
2.7603844735577674
4.1897708294037050
3.6333889712007656
0.8421407511427945
0.3879648373500883
5.5350385089093246
1.1945515670054383
3.0785252003896684
4.1358640531116313
5.2877914743947549
0.7765759164537718
5.2513706243814084
3.3188808535869758
2.7354911498102163
5.9157565980933278
3.8708468967283172
6.1574744923000422
1.1470717749795056
4.4088639806380483
5.9148723471658995
4.8674044861754284
3.5690830376904197
4.2926170853444461
5.0259740525664469
5.5355766630586967
4.7246396344917523
5.3847114433287482
4.8475797018791500
4.5284188346651320
2.1974310175820788
2.5779943871495670
2.9685331405810280
3.7358651396235869
2.1300021796811230
3.6930652353928330
5.0949950119117684
3.0384078923681148
4.4681839688857501
6.2135354414869504
1.7597370061955042
3.8444801525095977
2.5927477135702826
5.8210844020444563
0.3448071057436598
5.1723222453467068
0.8087541801885557
3.3227116122173772
0.9933957104810890
1.7300338258930865
6.2627267761723910
2.4452220667712097
0.0551721309542416
4.2346388241247048
2.1631822934228979
0.9237448791962510
5.7011320346620815
4.7146592063830246
2.3107226629920987
3.7016341520884022
1.3373543332397884
3.4938344221247037
4.2428782266375515
2.7624069906925945
4.5572516189276637
3.4648949203472417
3.4762855797950833
2.8421485865365046
6.1780420401673481
4.2960302554334611
2.2897672235508106
3.9511212437753729
6.2472912625720314
1.7645522187294735
3.7790954988292169
2.9319052477948171
1.8630609323990128
5.0565859055556119
3.0817816870053547
4.9931300451814815
1.4848041833852383
4.5453551193211750
3.1459248646003384
2.6434471498977214
0.3329308532497405
3.4844846113966392
6.1307552551204738
3.8536346494880731
4.5018018953207575
5.3527066232121125
4.3484712551146627
2.6170148137708367
1.3125363034988662
3.8755839513044132
1.6603621972828262
5.9617443892686603
5.9817586421444586
6.0790421037510720
4.2742055254634925
5.9270388698355188
0.9765677771822503
4.3791841123226467
3.5966471767959156
4.1534160981028423
5.1677911414551678
0.1570906111448220
2.7697320918585757
2.2766297568812162
3.5137407959786220
3.7003333815334036
2.3794786549677123
1.4645185248501089
6.2379184300033153
3.3377280327463579
2.9962584511606609
2.1773540145986807
2.0712439649325662
0.6796951300110571
3.4926780133649915
0.5745041673349880
3.4620644182980120
5.6929568604404306
0.6888487448412918
4.8872588398868215
6.0508171490566260
4.0228905080741777
3.8208691959758512
0.1481701099594035
2.6033252336413546
5.1981469490555146
0.1001943748420731
3.1892900294070867
3.2519181782681152
0.5376028247578130
4.1641555423425798
3.1199443757964280
3.3028452074413481
5.5013164500490639
5.4479382601334390
5.8942364086180641
4.8248937553966957
0.3389920466841412
5.7616452113632475
1.4249237192258088
2.4412987007872147
0.2935568040442620
4.2784662742413486
4.3460254503138680
2.8624512077029975
2.2967813194841606
5.5855193264473835
3.7985950243132875
0.9200939668044046
4.5119515949210047
2.0056994107486856
1.8680965446530928
0.0478956420982559
5.1227952583241008
5.4173028111920436
0.7559187659440841
5.8397179406948467
3.7913674750977400
0.4175851670113676
3.6295456732440936
6.2645377122969146
0.7598497422778270
3.0029176567292986
3.6990119165854014
5.4858507343915912
1.1331851814543084
0.5416470267538768
2.6826573624487113
4.1531916325887250
1.1092230920355888
3.8488360952236023
4.2181452888140436
2.4964913501988479
3.5765877473905605
6.0495382526664487
2.7406016657819174
1.9770544203041622
0.7079936824280066
4.6043821456955678
4.3901149619833593
5.6748087253936719
0.6672322126016046
4.8967109684293542
0.5643007802266852
3.8023234339493226
3.6705836266832157
0.6964926110166950
3.6528356674289237
4.9109024128409882
0.0163592972575202
1.5992455816847579
0.5388344102552189
2.9743316559179078
1.0798762309503127
5.3202177765040224
1.8105671254268854
4.0148922002987835
0.6777625330185271
0.9013189992809376
3.9638677265886826
3.7196185210351098
3.3863136137821463
5.8087134141374364
6.1910228168007615
5.5075349193642520
2.1088198285530471
2.1090050486479353
2.7107367744238311
2.8055361812200261
2.5839053253297397
1.7953105739517214
0.4191695362621877
4.3429583605849276
1.3641336974296683
2.5866519279884086
1.8115372511584749
0.4024095760833999
2.8419942498319912
5.0272926417591028
2.4524197678355275
0.3613178108774605
5.7343083925825509
4.5002286083244085
1.8357190042329288
4.8921566720915797
1.5919010597363676
4.3899955893244602
2.3078901780171468
5.8887632995333909
2.9829495863189144
2.0160429454874875
1.3947296282284996
5.2841542755253572
1.2327862483509668
2.2334471038193242
4.9314187372645693
1.5087210437070500
6.2585267366184461
2.2234465509632702
0.8113849589036277
2.2581497604639087
6.2698622245378237
4.9769529893443893
0.7795116869722463
2.6160384996155761
6.1616365712889900
2.8483401680361693
2.8826681934130391
6.1912106461573373
1.3347868162499419
5.9395397587449565
4.7802809132336499
4.5550162105519423
3.4541207030447585
2.2886554283491849
3.9812439249124902
2.7974046494695872
3.8453788942638201
3.2114081838479138
3.8585136563775984
5.8577246151619073
5.4585706696166731
0.1760071486805363
0.4693757364123808
3.6116330051556305
0.3148097093062994
6.2491078409243377
0.0637151896395371
6.1959898030968832
3.5283298617751861
3.7020948869272603
4.0523228000016331
5.5317548964430587
1.5481294129230914
1.4823774389309521
1.7103853251369194
5.1218618230680510
5.0525180008279342
0.3919567136618543
1.3097214615509680
5.6397014892403483
4.5846642466680789
2.1156045762542828
5.6535063361633862
2.9782200109799972
3.6604941744873485
3.5351297826666674
5.4204272753437373
4.8987348689442154
1.7330497372549170
1.3081707175511708
4.9900166597431532
4.4671121655172712
1.4155844163603739
1.5028982851414945
6.0973755138019134
5.3484691207673425
3.3919175154831156
5.3593710292582708
0.0687754850467969
4.3256753369828269
4.4925215337986932
1.9639898452906572
1.0130100016215788
4.7389697583897119
5.4167226562908848
2.5005988591460566
5.8677532874121887
0.2811370917319180
2.5707308642800593
6.2425389209858144
3.8249324438320706
4.3187718941827491
4.5378829521457957
2.8615372626685813
0.4001746160114329
2.9378645989179395
2.6130545258712328
6.0499259686721825
5.4515710432616311
2.1592595260612146
5.8729674170661603
1.8244455259696000
2.6506789410062370
1.6097814858719470
3.8346578112559802
3.1263530499366858
2.3750186093034293
5.5192598968305573
2.5147554869618118
5.3758989156727903
5.5717209985368150
1.6612855657009606
3.1801510309769374
2.5457030786577244
0.4090516557155728
2.2693591594130398
0.7904531346669410
3.2862699167612024
1.1268613397910376
4.3604912610660334
2.7392718389383477
2.3721764705355493
5.8774604832192914
4.4810330724110825
4.8044541289076497
3.6114477202840205
6.2188742141557682
3.3961959858850990
3.5960146418947931
4.0622744863497857
2.5146788830705060
5.2555688873461914
4.2451550898983035
4.3900091142836297
1.4094763442527287
3.4907139397600040
5.4178351371715703
2.9828660451466384
4.2463186688271151
6.2798212029736638
4.2110645752341700
3.9005752081572149
0.6113119532252129
4.1204909307174997
0.1418938191099994
4.0065022954036866
5.1316355657119637
4.0611653915586476
3.9165839728221523
0.4425135794647557
5.4175240817954409
0.1735870910391549
5.7805428455795340
2.7238148414533669
0.8387601806647985
0.5394351305817759
5.9049746505357490
3.6345512269673459
2.9598720784909407
3.1519080747192669
2.3150365282661500
4.6468296120065613
4.3588893744886441
3.7924235085387452
0.2944544663943517
5.4247781999017697
5.8198112766000394
2.8335937235154289
1.3131537833314793
1.7724165282016284
5.8925868179173122
5.7703240513423868
1.7073869136864936
5.5982438688613421
2.9205695272249463
5.1311280724772104
3.6225961954247641
1.8512909973828828
6.1571550062874918
0.0094257250603046
2.4645616740244440
1.2898243316851332
4.5416635803271683
0.2936459213580767
1.4622418582209982
2.2978949775071240
3.1166826926191122
0.4966296475325314
5.9031922811802415
1.0561595527893086
3.4378444960607091
0.4353076557172209
3.8315955984837422
3.2266193872739990
3.7076305301337844
3.9789485128408790
2.5660935505668867
1.3632047868074406
2.3090987426606162
1.1995644228281668
5.4419664703393407
1.1639822520912462
3.5302084457675251
3.2868315227569584
3.8319937331310592
5.0072644558250889
1.0430169213649452
6.0961802766666144
0.0852176706764559
3.3476978553699333
5.6181672971887116
2.1941792721799773
0.4874547965029379
0.3019215697350696
5.2293858519860201
5.2750659039121519
0.8715339778844065
4.1579355088527477
1.4874697657824509
5.4425226008016141
4.1775172925317436
5.3707857989686048
0.8513304729656304
0.0169929070220669
5.9060273970079322
3.7356764309913562
2.0440308578285942
5.8448046507336819
1.0342485231671659
5.9909451780886060
0.6308965745084711
2.2218564295979202
3.6507582713546500
4.9506625322507256
5.4268487174402740
2.8482482727942187
2.5701686576061267
2.7736257265824569
0.0844387004900078
3.5566264997767902
3.9509355179078738
4.6132543037357490
2.6731505909385942
3.7728967053134954
0.7124420220663730
6.1305489389691337
1.5808085584399121
6.0592948836664204
1.5405439900004143
4.6946373754252360
4.8706602138670574
4.0964201084314400
2.2526347057052014
1.3688263515382131
4.5964920708048336
0.7104598137220877
5.7598870356307224
3.6740809728434325
5.0843077444782550
3.4525007950776492
1.0583877767724337
3.2627548267461473
1.5525687300349595
3.2976414134143868
4.1615829103954214
3.2061585605071925
5.3503682833382102
1.2322977387807528
5.9212123979050393
4.4346425699885339
2.0772913353131983
1.2368434893887221
6.2144289127205052
3.5406759421279266
5.8300646819718471
2.3964830884376900
0.2320354194200930
6.1952907819521004
4.6556440335110336
2.3361287510149102
2.4570850466405751
3.3792760707125935
3.6167641635309766
4.5639595467456795
3.7497031032040544
1.3813951921245058
5.3507214238183014
0.9482082234129914
3.1602342756934960
4.9784744860108816
2.9966624206854768
3.5739821648167438
3.7285584386215902
0.3269751255315729
5.1697357147192164
1.2986036684507791
4.5752501588036818
3.6914346350542195
0.2799849056749144
1.8815685364919690
0.8661009369642688
3.3659208097720361
2.1402240624181412
1.5019446126364246
4.0505811478767102
0.2739684590869225
2.6468553909453982
2.8483189094961316
4.5930374162298424
1.9849032701070599
5.9713583011322298
3.8448871945648539
3.2320235594233839
1.3204821777317701
0.1363457200882065
1.2343076114640785
5.5878995132890212
1.2938262869936530
2.5573816819411879
3.1891905678569801
1.2347829690664982
3.4483200107710634
3.0664937597846800
5.8144461277116513
2.5526663289552083
0.9302558897950772
3.3442493043492352
2.2907157122295358
2.0001035490039492
0.7338962016554574
0.8656107220723502
3.5155113470470680
2.2510269900019400
3.3514193185323782
1.1100701760419192
5.9358774852608054
4.5606256945926908
4.1791716898507891
1.2543696312890134
0.4984426134689595
3.7170732588150983
5.0280599093971210
5.0716992513175505
3.3565812706506151
1.4954593802948770
3.2441905401837938
0.6442610429334978
0.0114037161239652
5.8240172352016746
4.4824440081953192
1.4896362475835041
6.2703279271548853
6.2821558648521494
6.2610182340298728
2.1272209790520695
2.1811046217278558
5.1833757896458552
4.9300532751933677
5.7751943243369048
2.0261434052505174
5.6833734470796173
5.1604685875524279
3.0000382418569060
2.3942303167609165
5.0553562068947064
3.6478670447538999
1.9387922383310656
2.8742259344223866
1.0144669757302165
0.9894957808276444
5.2004566414884668
2.3493677088811000
0.9863423373239093
4.7107495520690232
3.3643183835196244
3.5297487456830381
5.6690418999733652
1.8550975303160162
2.2043524279791833
1.2383746166953493
1.3117730200424418
2.3043813514713523
6.0313661637885900
5.6038546280768378
2.6306346641867249
0.5775123432011491
5.2627931056540787
3.9457888413661406
1.4923261567620834
2.2146071540785082
3.1582297543692288
3.9708215802255253
5.9182043942973301
4.5413915075418778
2.9458319493351839
5.1080047211489701
2.3826880488168349
0.3273357907452478
0.1225763283396168
4.6750510422847595
1.8455669563765260
0.2636680127992552
3.7930103412562080
0.5205743668813876
1.0476412709663256
5.0082723612024900
6.1095555705504863
6.2652844921660966
5.7344250841394073
5.0782363647990092
2.6198056795113782
4.0077691194500487
2.8942950238438634
2.9571037206400623
3.7958100366201002
3.4583973752058519
5.1003875540646169
4.0660113042867545
4.6899764969059623
4.2633155108885221
1.5008721843560047
3.7810703691936869
2.5361798660921755
3.4242479424614700
5.4772299690300352
0.3590130652853058
3.5920731118998002
1.6876543320837536
5.1802032549878287
0.1306011994570633
4.1827411921711963
2.2772187029597579
2.8411397960551095
0.0449853565738630
5.8073490283789830
0.1693124260244925
6.0926371044252381
0.5360731025229569
4.1572947746476325
5.3517272396213231
1.3457874081818677
5.3973159363022436
4.1676111618992859
1.6731517745010385
0.7801473458361731
3.0424844184999134
2.8745294513908957
3.9414905270490319
5.1094316150520900
1.8940785496696797
5.9935728875465628
5.5157402329284038
2.5578962193388723
2.8491544589540645
3.1208825578231090
6.0991168616485716
0.4580764570880646
5.8908563843744410
4.1895310052370593
4.6182342490465942
4.2786702004988468
5.0413726456126851
0.4223938097605384
5.8236023303839035
3.7022591981826620
4.7353755222680949
2.2187080694223860
3.7054989226682249
4.7327545120753856
2.5113207254727343
5.1271163506939486
0.7036423146038938
5.0450183535599207
4.2311661266685245
0.0855416186208096
1.9318445857442776
4.1833292435858382
0.3328104775195905
3.2541449564676248
2.3652048596631081
2.1406714952638914
0.9490842028900893
1.9378310918853061
5.1416168906966684
4.1975961261709287
3.4299571430717459
1.7362896040549725
4.1563184953736938
1.4365786704887131
2.8005019901753947
5.9280855197501285
2.9923404068166715
3.4305323014715570
1.8736397751928027
1.8481252482413237
4.9146132084368901
3.3034057776438854
1.9555351589697436
6.0626751881244845
4.6131114067109333
0.2468416927727211
6.1235647597442551
5.6829097816996610
0.3543137929336800
4.5964168964869998
4.2295504013786802
2.1621455815864818
4.9687313412939922
3.1445889649026455
4.2587507256946076
2.2492549980603442
0.1481734012343394
1.5675979536525984
3.0439254176065957
4.2605853779780354
3.6030648914487484
2.0186802070556249
5.0129514828218671
0.0453682370886812
1.7399605689440376
5.4078402530566008
0.7384900178401458
5.9151875433919443
1.4921897845159720
2.8233942941079908
1.2319079524668686
0.6125253994765472
5.0349861759940717
0.9112984041323118
0.5195566259514948
0.5788216620570272
0.8549400563855085
1.1586509480410407
5.3676647600163836
5.1502507696044031
5.6081540117553716
3.3871207120096365
4.1687893522577220
2.8211596521786366
5.6536001890123515
2.3135024242967082
1.0928910046616285
5.7400158344308609
4.8095067942685219
5.5072800934485340
5.8444901847398212
