5.8972997805969998
3.4731746183578429
0.2366864676775941
6.2081058738074164
5.1189787476192192
5.7278362683308295
4.9817839315731876
5.6722150925241861
6.1448310863545563
3.5200300933706443
3.0297466741739312
5.9819820158833785
4.3264804700465849
6.2499350134674581
1.9100609408451750
2.6586387929975559
1.4841263938409601
4.3653303859055272
3.1156642297017600
0.0212900446100100
1.5393744816338941
4.2310041686833948
3.1424209069583560
6.0763214539049653
1.4650866100525282
0.3999838320757634
3.8851346640453892
4.6698623635378587
0.6705267544621768
1.2808361178659096
2.1096756949860223
3.6960269360281259
0.6150780188000105
3.8156535054360323
5.2107437083024140
0.6326555781322631
6.2469719409308455
2.0913269731236284
5.8336651504181889
0.3597365096607728
5.6038940890583202
1.4323055273060077
3.1195452014412113
3.3022411683782718
5.1614103680728558
1.1724959292357768
2.3593378722161700
3.7612565565481670
2.3475404735517635
1.7097417278454698
0.6990048814521437
2.3710905490175218
0.0994308801285852
3.8688620463407482
3.1289881778460269
2.5580835825873200
1.0577673645281163
1.0947700094999169
2.5233870374403757
2.4317409095877203
4.7420752862232947
4.9342590402667073
5.8178871377761503
3.5428223995565555
1.8208123463262575
4.5719267648457045
5.5102710922311742
2.7001071134426962
2.8230497481267065
4.7674073351071531
5.4472728024641643
2.2143993589935613
5.4679787770529646
0.1636789041772214
0.4420075756026707
0.2326272061527568
5.5487665538680453
1.0496194580211431
5.7979950158311064
6.0551033178580278
0.3652941166790848
2.2344662159113260
1.1115490887661181
0.9380138187440831
1.9659265352344437
5.4706696139387212
0.6209878454813308
5.9701422379811664
2.1306411038703206
6.0221757023396112
4.0692314693812994
4.2359807925428550
5.4877293750381160
1.9161807311424048
4.5898501363865023
1.6513681640665419
0.5887600044388580
3.1153107119514556
1.8298575668355124
5.4155277576037717
1.4491170574848551
1.8083291124354723
3.4793064837562264
2.8983965427779017
4.2411234732126868
1.7974510848927074
2.2215812210288379
6.0679620594383783
4.1688514898556805
4.8154444952481121
3.9466861812987113
4.8742557918346696
4.9632197235247695
0.3785147504829554
4.1996446029131853
0.7224096701787434
1.1961093725882557
3.6802129056075414
2.7747031374652802
4.1838896456770094
3.9203317372933046
3.9266768689154987
4.1393949062840054
4.6264188976664622
6.1632600304135829
5.4920078162255157
4.2838981098589208
4.1632931576880408
2.6818787587183262
0.0596269134158205
1.7145031513154383
4.9785510542226543
1.9859021987306877
0.9039864288832123
0.7074025297211535
0.8806462064369566
5.6778898825959550
4.4794578989526199
3.2407768565407724
0.6677668617288984
0.1417067433032708
2.2775977187472614
1.4481560410169645
1.5938773950115017
5.5183288998775994
0.9212451018383780
0.0041682873080906
1.0202665116347063
4.8507693365131983
4.7558362591084897
5.4933465286849064
6.1239135843729455
2.3020732781239439
3.0070235185615237
3.2198509314819712
2.5732707641233858
3.1177825327481501
0.5253174282595314
6.0187112908335321
1.7916086960680124
4.1900592800988630
1.5998263899086664
0.9699962674437157
5.2103451013616722
5.0011848280397757
3.0725945384468849
5.5284431447111793
3.4632840777777623
5.7747853134450420
0.2127455160610690
5.4650903626171861
3.1845231293763407
4.8227548532043842
4.6169918268852657
4.2808972287129690
5.2267713404722986
6.0273696367233640
2.1061311524743433
3.2229491464944919
5.5656323819152860
1.1935187317024634
2.6503223718151188
5.7711255076174188
4.8433974842732388
2.2586895920321837
1.2849344272634760
2.2676999656369126
4.0486361041841530
3.2833117849610556
4.5029390219586780
3.9647410674657833
5.7041417503274898
0.9537338538879514
2.7534445774397938
3.9503924067983864
4.3677030279458178
6.1207211635864311
3.3626809975606342
0.9901359489986906
0.1258605525066232
5.4093179663660038
2.6801896036786617
1.8825688328467431
5.1162777018989614
0.0598906001968113
2.4955406379083986
6.1541860801342461
1.7788410080423416
1.4632142210311425
2.8769092718909213
1.0273088218649058
5.2064227016517615
2.9587372100627740
0.4681269878769689
5.2894517693422491
3.9462440991547192
1.0673040298998286
4.4213653739914713
4.2580935438379157
3.2909044583506648
0.3748447823708272
4.3900099101399919
0.7218773723470981
4.4708459291266500
1.8517092256016436
0.0200884111437349
3.7357117878744757
0.6479687469190042
5.5975367621746113
4.0535013274296299
1.8174718919134678
3.4273336213247059
4.0265717072512253
5.0961881352376235
1.4203787334916071
4.0766472340799709
1.0537254525338178
4.5833499704321738
2.8422277209926796
5.1939246797227776
1.0890783515377389
0.6940593326611880
3.1486819156002435
1.7919058714487290
5.3680227178049096
0.5569485007292535
5.1370126794821713
1.4447933744065828
1.7586914074969262
1.1218331423193195
3.2385391805493993
3.1026694740778051
2.2879492057891002
4.0761430030712704
3.3606328187820460
1.6612115183857543
5.9576247197283987
3.0765176947609469
0.6448031945930917
6.0039664914036734
1.7377923500892298
1.2460500076378758
2.6113706885704131
6.0164140222399851
0.9170163052533383
4.2073579902906841
3.8313607670214007
3.0544213408232856
4.7788741133884853
0.2148625198802107
5.5078586480842846
1.5412825508927219
2.2467777346422029
3.1929706583645796
3.3443460464321340
0.3974407619637573
4.2657842582410757
0.9026872751850668
5.0180946376774713
5.9231401504671526
0.7699707174241877
3.6533349376750706
0.3665738024994967
0.3313622450915213
3.2275420985832710
4.9904430133318298
1.1157005125325494
6.2481265281012028
2.2103719174047454
1.2843588593458588
5.5142479318447233
2.8386402374467288
0.8677338989061402
3.4412386547418783
1.2244435347096176
5.7267224255159537
3.1790846406073423
5.7644463776119714
5.5035799132578855
0.2101903633705916
0.4363910735421678
0.4794443523987406
5.5886001287689142
3.7165345002741970
0.6929978367951347
6.1928136337724640
2.8559857021638444
5.0761099752329910
1.6806795266136914
4.3040586167078896
3.5096633947932063
4.6070771647070385
0.9561986055512135
0.7434690118439017
0.8891644430902338
1.5406667632031072
3.6767235253642365
4.8657616304874143
2.8432688531728334
4.3933426893481275
2.2279538059898019
1.0507480144956181
2.6174296198313081
3.5101679927580167
2.2291371976577889
5.6906975187553295
2.4386073593536812
6.1993407748010929
0.9139514901990557
4.3503109258216321
1.6970745991979197
2.7149899007516898
4.0399455243714870
1.4353369055666820
0.5362959768175669
0.7783622187156158
2.2948067817120772
4.5123510574903110
3.8049404231475714
3.5995347041229628
0.8584012933299895
5.8133985117824576
4.2898605859743446
0.9896821564180369
4.3677594382551881
0.3653550767132047
0.5667458267751818
1.2408377734361908
0.1548532126820597
6.0208684088863738
0.6506371454209002
0.8355628637297922
0.6303242618809078
4.7186512145384709
3.4634336031555342
3.9225081173503544
6.2300304108494062
3.2096106103497575
5.0801325811563309
5.7812464064909683
5.0721466565471962
3.5158052608147945
1.7820241533116463
5.1322338529251326
0.6836666440248113
2.8322109895120620
1.7043612417133742
4.8334813176126392
2.8147409457099828
0.1634462892397233
3.4117352716859553
4.8689079260634571
5.4100503222682441
2.4016833611904409
3.8518034853918524
2.0896750961889268
2.5995676885329595
4.3688351708314244
4.9943856790392287
3.0872959452188979
4.3346286748115412
4.0686545583093761
4.1364728186755553
3.3538266404091672
2.9341129916967401
2.2334480801556920
2.4998632994843684
6.2613292156422080
5.3793554518362763
3.8854363814548911
0.8277471106327490
2.4652681359010238
0.4509914812080691
6.1143529530463487
0.6181065209992748
1.1601514855837367
2.3227477339609930
5.7337886050817923
3.2736691672225922
3.3727201914092841
1.1539138894823979
2.4225910911358817
5.2885517932462571
6.2095014924761420
5.9307582686287823
4.3250531626839797
0.4581036924919928
3.6001453651396940
4.1975314472139047
0.0022500695382601
1.4631965160388329
0.5081827612889894
5.0983815605243930
0.3670323133843499
0.0162133262339710
3.7226746830904562
2.4310238704154279
0.9413269159184808
3.6161988452419109
1.2844280723823285
3.7417068717758544
5.1044263901344342
5.5899726237463598
3.5347523771054905
0.1580815704022987
5.1599990808687011
3.0038814126013711
3.7949121374996571
2.3132676361848477
4.9316752386361458
1.7779145817275777
5.3706533946411739
2.7613613700000137
0.7850258699769566
1.9646672551887254
3.1066347717435088
0.1763008479434811
2.3448353367200050
4.1147588859861006
3.2393561696603519
2.5810695379653081
6.1131561548980038
4.1880048752745207
1.3397020336628296
1.5202091698271090
4.6490016533223182
4.5213882690248246
3.0715359644782971
6.2294658827008300
4.1721121795947917
3.0938864560851105
4.5578174428137528
1.9134114525057735
2.7021342935767110
0.4754535484446950
3.6187030391125168
5.1369896641106774
1.0881889627108663
4.5922158016933885
3.5629965856468435
6.0951465551979656
4.7576849050895476
4.9309040256775116
4.8829192632509955
4.5170999671611458
4.4664625079702667
2.4088294904530274
5.9071753504363853
2.1016598979536001
3.2156215277871225
0.2071789067084942
1.0299987987635186
5.0814931833061570
3.0365494605220302
6.0197713691681454
2.5496846380166023
0.5376365297476713
2.4620854806479353
4.1120047801209383
5.4348157521749743
2.4091883493079989
2.5835364887465992
0.2495387793657017
1.9858746260006452
4.3144806894998116
3.4097471822641707
1.6568800804627575
3.5858535690133047
3.8056439878270356
0.5907160292635906
0.4695519114803938
0.7058923418245319
3.7361656995030907
0.5449824034430063
3.0341012684739117
3.9833105818070984
1.6524934843967267
4.3113242704351453
2.6645715215064709
5.7251856674602513
4.7853680100981801
1.0358395712949289
1.2149575658412413
0.1533377190284345
4.4830456359460058
5.9173243956287180
6.1443089597283782
1.8043627362189067
4.6622090842008630
3.4168236302055366
2.3417452360154796
2.9602276210591958
0.3707886253487025
1.1642679252607095
3.2590125934903171
3.3783088948306084
4.8112034218164395
5.7302465971600665
0.7907335101542775
0.5863760557586197
3.4784082815047532
3.5128549859532150
1.0912578292506547
2.2157347353925316
4.7703979205996916
1.1597138964848088
1.2551063299727705
0.0226477899012641
4.7927854042764304
5.8246311624481555
1.1879662518715501
6.0791759354295731
0.6678112610110049
6.1566072890577326
2.9147773205289944
5.2223377065323566
4.1830109986265409
5.0225646462512863
5.2737660357211800
0.7204897501027721
1.0742044234580703
4.4557547287592243
0.6382273550580869
3.6282843536889446
2.5426385023955977
6.1707395158143399
0.8785026510870290
0.6132380607434934
5.8414259215099040
5.6693914104629117
1.5447872477529745
5.8443846852820238
0.7840418089530033
4.4192632960901070
4.7627123456374303
2.9381807364851982
1.1690946313948201
5.8108119988576972
0.3203641619965518
5.3721493925140065
5.5233094209557496
5.4782505948179585
0.8329707385150530
3.7249097962065512
3.5004277743993275
1.4519161045249005
1.3680300861585570
4.9797793961742833
5.5114512988219282
3.2938007813942982
0.1387453415308494
5.9462903900286728
5.3232957553269999
0.9926328829842697
0.7116041314948479
2.5458819188729529
2.3790292769879469
0.3446451762254653
3.9691430167946984
1.2604409742626621
1.3406401851294787
0.2262112363791610
4.5212396742037289
0.2122437131753918
1.3986776862207080
3.7525185523352600
2.1068045978967240
0.0022676301311914
4.7095397157576455
2.6641196730540870
5.3622690701757225
2.5575743642792101
5.6661621235667612
5.0357976943581519
1.7868752158486971
5.1494784525494381
4.4220064627731457
2.1424052567691017
4.7972767636528992
3.5140928535277216
3.5585238329548958
1.8325920841527619
5.5892317156727538
2.3529101167199800
2.2970579082889921
3.3133193506775291
6.2375420989273875
5.5970862780427364
0.4409719264090478
5.7007642212158229
5.2921301450917948
0.8496197443257181
4.7036787646753835
1.9670193315563074
4.5847698178005452
3.0778292103584892
0.5197481251318650
3.5001622400708978
4.2524134382510841
6.1070454945838009
4.0196148930827906
2.2640733566379909
0.0167919935894514
5.8098288989128699
5.3354409206975255
0.2875474914195743
2.8425867543136341
5.0729566977197225
4.9154078784163904
5.0057181402137862
4.4658762249842443
6.1809222638806860
3.9298977151107808
3.0985628871089297
0.8728178789882639
0.3128933542210446
1.2179352363481937
5.9763683438290975
4.1217184885458531
2.1989218106195598
5.1959871313241246
5.7669050160188418
4.0233833105770946
0.7405299684255173
5.9692723578115006
5.5654548185152137
1.3294629017404387
6.2788225961413371
2.6097132072010920
4.2106225928999059
1.0555373639445786
0.0059318145250977
3.0325612212972226
4.4549582676366928
1.1631705311560854
0.4117233891635633
4.5747211131209937
3.0630470703885906
6.0039854369723846
2.0429063026349441
6.0848841143212349
5.9964484398711155
2.0223530639057543
6.0662161059443882
1.2578333236835653
1.1941473672179181
0.6542834729089824
2.1265797134060005
0.5736979869832433
5.5841189454646702
4.8445743495194025
3.6114621570689196
0.0324089787616427
4.4993820306183041
4.6189588836875686
1.3842766607447714
6.0084956137017640
2.7668361034471278
2.6336614159884837
5.5722478750695554
0.9664393079541020
5.4357695073128207
4.9796017788689548
4.8343623881944318
1.5188605362226351
1.0088576023855957
0.2962825116833854
4.3672015071861292
1.7296586128160401
5.8596595475839353
1.5560441046273055
1.2402246015245650
2.2184234312851014
2.4362014334092823
0.1813807933380907
1.0667445843389656
5.8080295604858581
2.9126472788538100
1.4489894662956666
0.7433528616493137
4.7245310014518047
3.1916084848990338
3.9757729415386711
1.1957502523498296
1.5174973835794370
0.2200750219446441
3.0617872857033510
1.7425764491311782
0.6580533531128593
0.5301231258193987
2.1921690922481791
2.1210135591588979
2.8829931894577383
0.5433098480880739
3.2057236917799163
2.5789505941772441
5.0642805449894119
0.4017893906260275
1.3016719540229584
3.1635622703486215
0.3322822435925532
4.8946424312499435
5.1454833507175879
5.1506057773498766
4.9634288935802928
6.0390464487087412
2.1465736305841778
1.0494394875111293
2.4125047847250980
2.5870272717978153
4.3143348524880052
2.6112877948768611
1.9373467709699723
5.3348355293153489
5.9254495942512992
0.2265974710310976
5.7884999475308447
0.2565630357388123
2.4422339488888589
5.6419442401270565
1.4753354074245384
0.7725893878660238
1.3507061211970879
4.7649930319002696
2.5970704250064052
5.8345572019237597
0.8199179057282028
4.8258621336943035
1.1827756283952808
1.2779543793154649
5.9334152979204386
3.8424183682852808
4.4268411783882513
4.8957834218529896
2.7354054480869157
0.6353305527119080
4.5635050992433843
1.7877417144413421
2.3646913643582503
2.7665793920720771
5.4067960138680142
3.7414858122637411
0.9527960655579009
4.0389206435132028
0.2149591844200285
5.8960967310448993
6.0367290095470940
4.5203055994271777
1.3883954381976522
3.0276596628283783
5.7126229487968612
2.8588744937137891
6.2415018059071503
2.4626861057646612
4.6088808824661056
2.3128657210686363
1.3712760655213887
5.0567614694947602
2.8361947121963196
1.0629053107557329
3.3977215570098966
2.0318596121112860
1.2196192260189529
3.3586240923380792
3.1076653701769699
4.0151916244316146
2.8740456820214582
1.2411408621454432
4.3681716781288022
4.8443724163918702
5.2774502122957028
0.4985432924289683
4.0243366935339386
3.5551740860503922
3.4648545558965456
4.4986715532565773
1.2600297119763204
6.2732436073055808
0.3810465552468257
3.6974790521300065
0.1294367950623028
5.4890539906334954
4.9422275584289448
0.9437102224014216
3.0107326325517656
2.1010456136128282
1.4620659042821227
2.5117026414240695
1.5348925706600474
0.5219345381905081
2.5927745568648546
1.6414342561175004
2.1425539404895964
2.7700578358498182
3.2115322184031241
2.1400533397867365
2.2394814707772368
0.3998579654536290
0.6419283441060049
0.0083387513488716
6.1809563116920341
4.1809912216448586
2.8126038221487875
3.8171424336019810
4.9025603849667343
3.4812646097234166
4.3637753268993418
1.3993183427232294
0.6018154758244028
4.6739733164624191
2.3075081168839389
4.0782579927084317
5.5723661497426376
1.5532333288814517
2.9371765011855735
5.1901236936525201
4.6231375665201702
2.2480870264978772
1.9363971396060908
1.9980051624288366
6.2785968374038479
5.4869523284716877
4.2200573008797306
3.8529681361372323
0.3116423265297376
2.1027843639799717
2.4303259748002919
6.1862292003409163
5.6033391644569779
2.2138726556844932
0.1771279239181752
1.0330719506347645
6.1637624112020948
5.3845763593410432
2.1674326037094449
0.1276088833163401
4.4851561539446845
1.8018008655884710
1.2554995539144824
3.0942337178076569
1.2286814364718632
0.2360657826886211
5.4901060286567551
1.0310282171370468
1.4686215369546995
4.4306297296680244
4.9763901858735764
6.1056098207983540
5.7139993637512898
6.0370935699933019
2.0284757800742130
3.8830494189285498
2.4202242556130749
6.0520901756962893
5.9728139550500510
2.8694127525247461
3.4055397427446397
0.7507580355530733
2.9005650712342899
5.1262000942737176
1.2540949718891248
2.7326566024544414
6.0348684678032471
0.0852725318107467
5.9390646682264938
1.0757421525037125
1.6138842895803998
4.8624344852908452
4.0017657573932954
2.7759393674001154
4.1501918677379255
5.6116678655926506
6.0690504495945961
1.2956646296903260
3.5168465174123749
4.4194601442323842
4.8883707082319221
1.7308760055841250
6.2089308380146679
2.8272025534650225
6.2784098101769752
1.4230289333571438
4.8352869312196516
5.3051172626133125
6.1424889115657466
0.2246586724927435
0.4537085389892469
1.8085812673241515
2.7585000262214994
3.5105114651874398
2.6665251096353551
3.7689531194215604
0.5844660286179661
3.3218818300402400
1.3146299277025431
1.4812166902090502
2.1244852515955879
5.3026812418728451
0.4946696655134465
4.0635262532729710
0.9913678533814010
3.7177570121121182
1.2258649769260832
4.5816648246921226
1.9355176555016851
6.2197180292806502
1.1760557916267727
3.7757043870533842
4.3478080450257739
5.2002519121795343
3.9045794166846428
5.5323536818102026
4.5755736482217868
3.9042878405413250
4.5117559837298815
3.6384908667133384
1.6431784170395223
2.7786146414102837
5.0107523238329703
3.6537847117609745
6.0891922494593045
1.4853518693472414
0.7734256953181096
3.3276317077961401
2.4385280765410400
1.6521050696369508
3.1734162905554291
3.8852230400631567
0.8172272475710427
1.2961655782002783
2.1840840656335545
2.1046983410598581
4.5057568026053216
5.7150305549369529
4.5535530271694116
0.4911317407385738
4.6808354181731682
6.1259487993428410
2.5125965656812346
2.2139332268880727
0.7981590371055582
4.5878535128754745
2.2000136003521207
5.6862136736231319
4.7661091382440581
2.5491863545902622
3.6957682845855535
3.3858707824224905
1.7154680659413013
5.8775817436405164
1.9221091189889328
0.1580039086625673
1.9764352644203096
4.7978837542331636
1.6145534553884997
4.3189729920195505
1.9879191794476894
3.9901774030915464
5.5793903991491103
4.4726780570207278
1.1626051674782123
5.9113863765653978
5.5673937301760290
0.5397687134153994
5.8570619829025041
0.1076514103694662
2.2036140668956170
4.7453567413751516
5.7429154819657482
4.3733800744230349
3.7919715005616323
4.6393430388528856
5.2524114535400788
2.9917624859340317
3.2705675866822261
5.6741174903711880
2.0978195298661810
0.2810537918612860
0.0597943610586710
0.4086845170514164
0.1508275658820834
3.6254656495378041
3.6647828010293790
3.1883217226643676
0.3109658696480278
2.7944064628058984
1.7089020506589259
0.6112032976498686
5.1288578742386282
4.1023644998333424
5.8353901955839573
0.3778599713616290
3.4526094632652788
3.3463228988515210
1.6857170484816333
0.0564850876027325
2.8710056940923971
4.6028816389392304
5.1084689500553848
2.9888495249941531
2.3641093922922911
2.6142501949969184
5.0646164055956433
3.0315991495038652
3.6451196274219977
3.4425143391859532
1.8536485032095547
5.3526925890088899
0.4167698047351868
4.3056602126047032
5.8988353494133801
1.8681590993447381
0.8064529338401621
1.1755052799624499
2.8197085030804399
0.9218223789948740
1.6017375508834495
4.9585540277351132
5.8674761120117038
3.8931986051469156
5.3718708485482489
3.2833249611251798
0.4819531671089561
3.2689464192503950
4.1208799043005753
2.5059667947318087
0.0455643258227729
3.3952005395665008
2.8646178030763219
3.0412771636570168
1.6552744254838190
5.2299639432612910
1.2679054176133542
4.1968853250748408
0.4185791298680216
0.1795273050247587
6.1243549824793044
1.3346666296455469
3.0527823710020141
4.2276984842568757
4.5471554321856171
2.4263153190316711
3.9459903346498324
5.2346258701839119
3.2634418257673503
3.5557091907730518
4.8991972481589388
5.2117559137681537
4.4551116588501447
1.2616516150653516
2.9553049037336931
5.0888486747683528
2.9134595383777393
4.7253679124278944
1.5513972670720406
4.1334611942388015
6.1155545009354428
3.1308015161619167
5.0689510683300147
3.0510277369593890
5.0267423475332169
5.8379243051692935
2.5476960701027234
0.0455488270905165
5.1014459600904356
5.7153120319601349
5.6995048619362247
5.4084445411664896
3.9496266649036484
1.7602787928153643
0.0272404054731875
5.1130759085873221
0.1578742829994530
1.1014116700248429
4.6472770647899520
5.6517253820230007
1.1019876274483231
5.9011421494603891
1.3804394227991048
1.5581794295250149
4.3514674285082116
1.1456473012401138
1.8178906738308775
2.2908329115587600
3.9088634179864439
3.5881822824334040
5.4167916440599333
0.7655446448923626
2.9246630461801275
1.4336088132723357
5.4828967069134320
0.8136807753704298
4.7694270648547104
4.2737671324123223
4.6746728165216211
1.7999993275144301
4.6623787151768026
0.5813473099380917
5.5070068722647552
4.3803647847987062
1.9723388119402245
1.6097789034388565
1.0899395968859409
3.0049880655439707
6.0026443112425696
1.5206755053948136
0.5467555262108961
0.9315943606514056
3.7846883240500029
5.8856099912964694
1.0388162374816181
5.5512394503488336
5.1773331026010085
0.5339435410744031
5.3340991274203384
3.5902174781279608
1.8948186576015875
4.7250373751958534
2.5831791408590719
0.7442797052460474
2.6520837007111187
1.6755135184407242
2.3496356003790790
1.0460772827668625
2.7249530827012904
3.7419288157101556
0.1443932906618161
1.1497021446398423
4.0429351373518152
4.5711713721352547
2.9442989686878609
1.6518276050565612
5.1112038810542009
1.8941666621563755
2.2360520576853058
5.0558193269699219
5.3112008244694699
4.7928269991340278
5.8745436018312756
4.0711483378184106
3.5632107532543729
6.1649495667836627
5.0971466784878317
1.6624657374805283
0.1033605808091006
4.0506241792392572
5.1831566138621836
3.6320715720671832
4.6604150623489584
5.8761954097662672
0.7688814413032800
5.7641435627258133
3.7704624544336416
3.3556937688723152
3.9069664281954939
0.6458572250792937
4.0755522316116908
3.6653447315179517
6.1587043744953363
4.7082276094513134
3.8387263756199386
3.8109888289569946
3.2379077607997133
2.8555138672523150
1.1336597392996661
3.9233617073775067
3.6711667341505523
5.8635822766348538
4.6097907849801114
0.0916666896744894
4.9210622525825691
6.0490615662814236
2.6139296577677165
4.3819025734471611
4.4252249146834748
0.3250408430716887
0.5973752676593529
2.2997014660453621
4.0168595987832578
0.9062155257317311
4.7541387075352990
5.6094946272845609
1.7267571568776987
1.7617405630978025
3.0818744251610322
4.2847004085650031
5.0069484141249037
3.0311076497891212
0.9455811089176192
5.4766304857270125
5.7337070490879327
3.5224761234771544
3.5881206305235023
3.4425428259948410
0.9163205968941043
5.7255560029199737
1.1193266085436926
3.7777556989345524
1.8479017466480530
2.7893191735785412
2.0709962426330493
0.4554574101629418
5.6056940441403507
4.7497733856720750
3.5095400924003606
4.9963933213584610
4.8211748421583254
5.5614345380639820
1.6384151486228284
3.1500344310873132
6.1383459726414111
0.8995420695392978
0.6833551989612472
5.3589422529324588
5.9659654854394288
5.4410873631508840
2.4819903415774487
2.1943496516512311
2.7984531918174382
1.0884970025068297
4.1198427393863666
0.8621581755205420
5.5634908317886644
5.5664978898116635
5.5661450350009272
3.9363268089234507
5.0104963120101900
4.3060875146677962
1.9333152209083411
6.1877304352166318
2.0961721043010719
3.8684999380219387
3.4497179536914637
5.6839524543640536
2.2944859416973502
5.3519388666997489
2.1750031194571444
3.6469509898714692
3.1716157397868061
1.4790513651160977
5.0478452103756242
1.4368927843011945
1.2802593220821168
4.6353376408925762
0.2400877516021718
2.7746585468395555
2.7249722232403553
2.1337507655876236
2.7413655344950358
3.5234672893810703
1.8663114964523269
3.6679793949556325
2.6339720036926089
0.1495964404965089
4.8263641151856636
0.2203737025017001
4.7046099196250193
0.2084955913109509
4.3848937947264721
3.9354887314844769
2.9456067852327541
4.2659338845099111
3.8834565059224233
2.8962929307317302
3.6918134910768186
4.6014219623860972
2.6157524448128013
5.5342111666650178
4.2877798204887565
0.3379892864089859
0.9759828984968196
1.4984337344469782
2.7285680732109596
2.6516596741821434
3.0219083050071434
4.8213281162920003
5.1047089844646427
2.6820254322736665
0.1704735428212002
0.0683572110250492
4.5389658333286267
2.6767754678498066
0.0393832906795462
3.5727453385564245
5.3908926405880706
2.1499316606844414
4.6690970819323461
0.3738456277107228
4.0312988642392025
2.0994395625232807
4.3540098766583757
1.2030698968064597
3.0613332074839446
1.4370190979803421
0.1115283091997410
2.9147774392803729
4.4835273125139166
5.9685272009362240
4.4066008015277660
4.5421159089496186
4.0853883422794786
2.5937517088203550
3.0631084035001948
3.9512337040097303
5.7149007600379136
3.3793677041146357
5.3132567451694914
5.4687918186529734
3.8271163753507778
2.8609569536451476
2.8015382640348925
2.9818415847648398
0.1504554758293771
3.4709589814107411
3.0089289227472147
1.6748349638903992
1.8517025292242626
1.2049381618144592
0.3449348276864595
0.9980651998070018
1.5799942734078685
2.2034224058681358
2.5469312671066850
4.3160047650091462
2.5719617211068249
4.4767683184586051
1.9604355675817013
0.6780660308949527
5.0675995153574833
1.1184423672629045
2.2422932183861786
3.2390262933706633
6.1719412463575285
1.4185947812828092
5.3470775322413413
0.6348503040413970
4.4177064450538968
0.1955461622614962
1.3695555581089156
2.4441278031448248
0.2022981400776503
2.0351365430021060
1.9998228978696397
4.1382164298241504
1.9060062762615508
4.5452431643966635
1.8177322958961208
4.5615810499411404
2.3940440477716782
4.6833650884038613
5.4367603568253893
2.1066735921662914
4.8786465488905293
3.9184776067124103
2.7290811566026858
0.9637540201280409
1.2897351786401825
1.8972951406941245
3.1575521937107318
5.8756395066613836
1.0050069636056229
2.0370119042272847
1.9713119374834620
6.1491622319535670
5.8822348122336203
5.2391732169580658
4.7124191217722045
4.0864303479667718
4.1596932646730176
1.8497251264107746
1.5051317441443532
3.3038477806105839
1.5290607834409999
4.1035886042552860
2.5908286045718696
5.7347618793984001
4.9610605863869273
4.3807106486510534
1.6962346117574263
5.7984675520513509
2.2605832566562105
3.6203721076780635
0.0805900398259868
2.0354906339665826
3.3716154524109356
5.6304624505369167
5.6287812211202635
2.5861764684835484
4.2471449388041540
6.0235047118976830
5.9195019038249823
6.0282515093152975
0.5625740752392954
2.9940711393256123
1.6691913245655567
2.9956802214917841
5.9679769260340017
3.8008874187606891
6.2771697164825424
3.7538299960086379
3.5305277899208170
5.5498625289345247
6.0202612636379857
5.6577954191812116
1.8433052329984609
3.4154100947440336
3.8636158094285147
3.9956707828961981
3.5915729285132669
1.9284333900250656
1.0325633094617661
0.0184459098788931
3.4659115230476085
1.9278421851024876
4.5811345284190121
2.3325253322751944
4.3263608839177321
3.7007704976804803
3.3447488284488402
2.3232551649369970
0.0631832818454940
3.5665928412198649
0.9770018388018212
3.0362882167034320
0.2016781062463753
3.9921112412148885
2.1357884650124235
0.2218606865457711
2.1818259928701451
3.7025213419560368
0.3958463202424415
2.0224233775521649
5.2112006679392282
2.7326005854764448
2.7820346400211617
6.2085885406184902
0.7260409059401483
0.7958834664544082
4.4707307689257805
1.9905655094068893
3.0719635705073038
4.2572225975700215
5.4587669588216885
0.5588851604629808
2.8653515169482326
0.5452689784214380
0.1823424079293395
3.8349931588655028
2.5759586749991881
5.9529324340147189
3.3914186657293994
2.5534749934444099
3.3145423983394688
0.7524836112527568
0.0184156397465271
5.9988349384414352
3.8546053889804290
3.7507575539603666
5.2402040212555816
0.7868982360534522
4.4798244001038778
3.0838869197994487
1.6822999341340283
6.2326035356282095
5.8048529743071429
3.7982700940234366
2.4488990207186996
0.0571589471186497
0.9173622092734233
5.5424662747009661
0.8438643885119103
2.1688503466479077
1.6222981660220381
0.0308797789252682
2.1688151973877368
5.0881598878311003
5.6227431928208480
5.4562231777941266
0.5905343716006743
2.9798669665537947
1.4322462966563392
4.1827165041200853
2.5186091893422882
4.7540467082313453
3.8194180709599186
5.5759535550925410
4.0765176695021514
2.2900580898594303
4.5220182449304271
2.0003484556754367
0.5089888137448690
0.4314096677295163
4.7980646011155397
2.1530688273817296
1.0584408575149638
4.7301085317532152
3.9334189217892779
6.0262409362251024
2.4173983554884289
0.7789480779864614
1.7683116014222064
5.4940944333949631
0.4013226935592495
6.0994143720821148
0.5958455486554539
1.7176990916077670
0.2116848299235908
0.8012997238341606
3.5736967086076672
2.9530616166160515
3.9712806209098135
2.6587049547767054
4.5996160617019672
4.7565356768594640
2.3858617847246548
1.5588585117534666
1.6067891470341658
5.2292509188979635
2.8967361591590404
3.8710586404123979
3.8273885060051938
3.8911124428250528
4.6938771767428102
4.1791931894426799
3.7645765201711963
2.0176589540557677
2.8073564201963843
1.1007618531226695
0.5089143472845857
3.7671779754154473
0.2420191082677330
2.2966471136751694
3.6124741532670548
0.6837600836411101
0.4085984321065948
3.8788258062145644
3.7536748145856449
3.0894551430021528
3.7848460451979897
1.8286814553847452
1.0841369251727739
1.5131476813820255
5.6622354694379373
5.6509454103125263
1.8174700151428584
4.6047880063608426
0.0983155449938710
5.7379892887812369
2.0659139422948312
4.1435290680145869
0.1481799363295435
4.8310177712649809
2.9805759617734306
5.6564253423661830
2.8735848869578327
4.6543901442784845
5.8835189107782204
2.3114080153375536
1.1159791134990840
0.7955892380563362
2.0698430162692376
5.6107498945213390
6.1911480758221691
1.5336869386752032
6.1547695815707275
3.6901341411587816
4.7963994530596468
1.3569162109555342
3.2062880403582232
3.5686189360189249
3.7586432935266796
3.6097514767444943
0.0388710586648418
3.1555138412153934
1.1062387862208263
4.7984126052101663
2.7085152248950086
0.6770915583336053
4.7232055679976046
4.8676766466933783
5.2650633312956643
5.3689877243610473
3.3008766510295482
3.6359797455768206
1.0445700107019251
4.6795687566051001
6.0111176047178274
4.6177093939299922
6.2517905362411668
0.6728004819747677
0.8747305597436476
0.8706562423368948
6.0476577375800069
3.7987541932558799
0.4155427630871599
0.9153210449797553
3.3486810468998418
1.8906984384598808
1.0720533951544633
2.0886798022200512
0.4229618209122190
4.3373543168572395
1.9190345085790039
0.4623640064257096
1.6220897606893665
4.4611639765907833
3.6398137490300027
4.7403667381632202
5.9664702358849073
2.1433512127004275
3.3683238181922142
0.1647264277980930
5.1047412182832010
3.3700345878049403
2.9492964399456185
5.0319811370914280
4.3336656691020616
3.9362446086907856
0.9399072283114200
2.5374970438090263
1.6126916287445587
1.1418671138740681
3.9734992756768612
3.9560921194912337
1.8870184667818395
1.5823859557858595
4.0490801876869611
4.3487084932522455
4.2800833255531607
5.2086093078434654
0.5553579725861841
4.0988098689744215
0.7167493364875481
5.1173409915007886
5.0617343913066923
5.9324691412635611
4.5217943254453399
0.0148436422077972
1.4625401389886954
4.5468905435486073
6.1559249093164157
0.0608705397088470
1.9814762493596612
0.2706396718985681
5.6130888150000775
6.0575067443393582
4.7940909753734671
1.8036584155695872
1.7013097288936687
3.7165964335527359
2.7184457295144315
5.4429453676661419
2.2514636358290745
5.7722017938135064
3.2427093889877137
4.6190738957510744
5.1334264867310102
0.8248688001156773
0.7564838095175236
5.3659513245751684
1.9077922199195074
0.9674795504654969
4.7410818612816508
0.4829219014569122
2.5215213661664881
1.1028611490777085
1.9993993256896556
5.0730517271298545
4.0686608304213623
3.7690683806205314
4.8421972813585743
4.2288737546329767
1.8775942147226974
5.2913832991420957
3.3879510291896060
1.6643071524062831
3.0384927128776584
5.0160167399135833
2.8752704692535072
3.2337200338005490
6.0025447244262882
3.7257904047866770
2.0245436515908257
2.1416932406593627
0.1804817110743490
1.0672008589682791
1.5299890704770651
6.0095789021689106
5.2815973987728864
5.7627309248932566
5.1668843336396000
5.1554753914739093
2.4941616550601058
1.9173439609916694
2.7346994239871143
1.5710061744673049
5.6815135738360167
2.8014452535899550
0.6098521722309679
6.1947641811980390
4.0835743133410167
2.2800164845130069
6.1122335153429699
0.5585037467726413
6.1093755051961143
0.5310457813609548
0.9349785058308405
1.6658553735118971
2.8634525632107595
4.4608885623066872
4.7679914445221456
5.7876058599667903
1.8550486548034486
2.6984707643027730
2.3644107651411654
1.4899102258602883
2.9903115572621610
3.8503006314166961
6.1105070878386556
0.4345023912020897
2.7504788068135086
2.7565963383377770
0.7277442745036442
4.7446596959537937
6.0487747062806925
2.8994218116965174
4.5369360260938389
2.5181835963218075
2.3225347972116328
5.3797531367502556
5.4772844321732075
1.8956105139370059
2.0042128508662533
4.3458607939305134
2.5523820019512691
2.3380160816192808
1.8775789597423833
3.8673311728857307
6.2111011382015340
0.7877799456334479
0.8479810564501280
3.4883747635472857
4.8209360089529172
5.9183370579957293
5.5388615563244601
4.6046727518696517
4.6081906302872824
2.2047964153914235
0.3450178493088941
5.2022702642623289
1.2525479575119602
5.1641411037395732
6.2404958175602729
3.8169157303860701
5.2693117031313763
2.6246625013363154
0.0463640317180819
0.5546532327336080
4.6568396698614576
2.2574361602283082
0.8746343950446857
0.9094722628431036
1.9011910530882767
5.4128488116540776
4.1144971772497625
1.5987299136756179
4.6180641222153644
4.1552824011612293
0.9796201957565607
5.9779967269616234
1.8644737054144425
4.2496821313239286
5.6129037774991657
2.6468012811926438
0.7682540942961599
5.7987213789902219
3.2221410202328591
1.6904070600870806
4.9516302467855517
6.1953287005364626
4.1083440677437970
4.8503813566655580
3.4837378525951164
4.9188432313974397
0.9621356037996072
0.4570640528679532
1.3964815462216960
2.7657315274610474
4.4247927972993804
3.2264186675312283
1.2674801251913239
0.1627126654892554
3.2433519580110648
6.1429778917503839
2.0228809831379855
3.3554136858393004
0.8045226551819505
5.1374817166673656
5.4302749463041664
3.1241209358948732
3.1045551461354055
0.5668787897699098
6.2486163979658871
6.1449931551249692
5.4264014205184159
2.4744924253248133
3.7891193279845892
5.7759291271694000
5.2828377187904767
6.1484792579497123
0.7838958260455726
1.0831781128610269
0.4299765306452142
2.4454989907321947
0.8112165167625143
3.4736869603821674
6.1198205948500117
4.4651816456312554
4.4720823003712544
1.8295067753522802
3.3388899291854921
3.7201913723583120
6.2687279881897524
2.1373823012819675
5.7036498329137277
3.1049806931761861
0.5560201296298125
1.8006795540940215
1.2681226465537123
1.6745607310669230
1.0427471675073008
0.5270155325636229
1.3651682661489066
2.6906695499725704
0.1293227453422901
3.4825630120253459
3.5003041739422871
4.7881467618187843
1.8868122712572764
3.3005583563692915
1.0782614560116692
1.2449260565600981
4.2440071933359507
2.3703815040309482
5.1228438446353231
1.7845374430486092
2.7286881518161512
0.7415835021138502
1.9727306330833592
2.9108188225135505
5.0930156046825337
1.2410809309354616
3.1338630503519824
2.6451162162699751
0.9305068006269076
4.7235294610950662
2.3112675039196131
3.3424026418814732
4.7809854225322415
3.9667059828781328
3.5720382698342159
6.0343604051184272
5.6411842931554927
0.8631817058952374
5.8600685388156082
5.6690880617238797
6.1053276337262599
2.4121349314184894
2.4167225186597574
2.0428211867174588
2.4182780442583325
3.8690802865943308
4.8259669200311723
2.2687739933059454
1.7933527715096480
1.5661746428478129
5.5863356514773317
4.5279045079468361
5.3460540958739262
3.2612178466296400
4.6468364779301066
2.0435926839963532
1.8509763161520152
2.5096024503370375
5.9813772240874270
1.7791341227487887
1.6836363072428020
2.1557741488327111
5.3556110623261697
5.4242043925544046
1.7236394641612776
5.0477325025987714
3.7922733539198994
2.7949514235920701
5.5409942163536439
1.9314052734262115
5.1474413420899943
0.3190112067593142
4.7291588852730868
3.8869364470610184
1.1132991125362139
2.8724877190474665
0.5405025162389258
4.5005985435776310
3.8145873899013880
5.6797142287582822
3.3973480083659160
0.4067442723834355
1.0318813651255638
3.3416591415014745
3.1532408243118426
2.0224099664673174
3.8303788451681577
0.8822035668966780
4.8000216864759269
1.9366358682986768
1.0551165360666710
0.2259118113945055
3.9953466207087480
4.5959314036171541
4.5198189445573593
4.4696630201145719
1.1996785256394396
1.0039465739485258
4.2990476385490037
5.7032858262598651
0.8197531401079391
6.0151365615570969
0.4765265055399074
1.1886171617205716
1.8448316702044205
1.2472689560866832
5.4240834920944652
0.8479320061486748
1.7888949003361314
0.2740878764228917
5.8373600197564262
2.1758641341472313
1.5473743083729623
4.9867990451731306
5.8540304349031498
4.7594567030779578
6.1823550261715043
5.2904579392551225
3.3617469823657773
5.4902796449161135
6.1501086831711245
2.9399588381442112
6.1826239885987606
2.6863261646255974
2.4970978700383473
0.8577956412559128
5.6124894276852206
2.5169489438087886
3.6783216729025656
0.5290911021618923
3.7716693022203107
5.1859675490964978
5.2435050203805229
3.2645493746008749
4.6468644578159548
3.2023193906190315
5.6530896282168186
5.4279898131224966
4.3343702420621675
3.1954493441010738
3.4022869578702957
1.0337287682114180
3.1275752142380209
4.5788944806074872
0.7738863492476387
0.9093966104078274
2.7715975190244935
4.6213783630714227
2.9802999234754171
0.1953798596553422
1.7018460923948688
3.2558428920174300
5.8459921994605946
3.2444860536242608
3.6653934761675693
3.5986312996393051
5.0671262744079772
1.7460537296544734
2.4336107249383216
1.5187836789584963
3.1320680808504076
1.6760887682276429
5.5499832064327981
3.8445377214799459
1.5446606458589192
3.1032015706557026
5.5246811517048684
1.2545309661142439
1.0130359622753193
1.2047066715571373
5.8501255382556385
5.2340655902232012
2.3668987106969568
5.5108314232901989
4.3008419012934969
3.9745691942769379
4.2265553310470265
5.5858995551203661
4.7803416490691175
1.4319689457171398
1.5816545945011697
2.7707411154558779
5.4010007091183150
1.2073257152441419
6.1784903534754987
4.7421402911591874
2.8400495800249748
4.1727455835465799
3.1533917061411243
1.2885090177922127
5.8533998346548852
3.9524190258752689
5.8403432240105815
5.7546587082585559
4.8955212401377572
4.2975222696899475
3.4791751041725156
5.5043572705224202
2.9799422182149020
1.4669434467804963
4.4893699172961012
3.4468156042471780
0.8415720112671854
1.3234646325634649
0.0719681752162598
1.7868754346537299
0.8600040302667115
3.5879154310704409
3.9368805552817561
0.3672512630360331
3.9888779934189826
3.0882944682555373
0.4233234717187921
0.3290469545105176
4.2027068779382235
3.2598824189163964
2.2585245301530450
4.5591422902984471
3.8613168495950432
3.0394118043371381
1.9821000836445493
4.6762230933764828
2.0683333960728212
5.1828885447805293
4.8154829703192172
5.1297480228512216
1.0665230601124580
1.8582250688396746
5.3565517438655332
3.3339430014207805
1.1218783690655192
2.9806672094449453
1.3297587915884512
3.9153251354416727
4.5826611042045231
0.3390804237135849
3.9948696700153166
1.4680338021088941
5.4951000275207900
3.9347440187246043
5.8111903103716633
2.1337867049555568
2.1213580134977543
4.9820934456447130
1.0288576680942596
5.9468383174366739
5.5231356633756876
4.3934059931383027
5.3145815504928473
4.2409858539533136
3.9237029017460898
1.5659919997520617
0.0404794042998893
5.1167582352589909
2.5599643924090452
6.0753234531137332
1.5924659719786767
2.4518534184002729
1.8586155055812601
6.0177318856793951
5.2954173551362897
5.4996470745909738
0.9969483708149863
2.4935034612500599
3.5123471192325146
1.9351874958695556
1.2531045299710706
6.2496639744961069
2.8281628395606320
6.0779021749616184
4.0376372363395534
1.5493407597146602
2.4179508490896997
0.1851471733600236
0.2083513380985132
2.1867835223623313
5.6049234788519637
6.1629731969591601
5.7723219789557652
1.7427361816871656
3.6070680383470175
1.6329022055408122
0.8692613902045014
1.2135540314233140
5.7787474528399221
6.0852623676764548
4.9618125377718121
5.8825808450183974
5.1337348486247656
4.7025955067392662
2.9117239117254301
0.7215049850409972
5.8497290980576899
0.5899861495326447
6.1748112494239402
4.5213041908570810
0.5942308421940127
2.2944641035848159
3.9718261649298827
0.3434185603271152
0.5207624843593952
2.1337565318861165
5.5243318294726240
5.3340212288362574
2.1942000897377287
1.9831691968135676
4.4554921068786841
0.9125348987529526
2.8438732425091686
1.3748118726591660
0.2695330269685702
1.7489947838069779
3.7633996999549479
5.3418218877632073
4.6415500890318970
0.2049721109624864
2.0525779513370854
3.1199239266901513
1.3279896923896828
3.5798566112351033
1.9298755700676462
3.4679901189408455
2.9096443453567709
5.1863256627273824
4.3897700457759301
2.5878653504190945
0.8897719170512506
5.0302657561156741
3.1091762232532543
0.9045117754325380
3.7754136149223188
1.6167364907064534
4.4640135838140900
5.4966483801595141
1.5830896636122187
1.6222926776617930
1.8841751413768590
5.4382247398814743
1.1636354351725033
1.2070263954060607
2.5951024570619219
1.1624881781463836
0.8508861743224448
2.8204986294363366
5.7809290359384162
1.5540269195949874
1.9389071068105310
0.1493846626361356
1.7350562899343507
0.8355572933725524
5.5627265204292167
5.9629740298268210
2.3347395127705215
2.0727585303142457
2.7941537020203429
2.8477940319933897
3.1227794835345946
0.2088670336644374
3.1631517226010804
3.2507906754075755
3.0836205451612635
0.4071870321810899
2.5919311565955816
1.6391129514221099
5.3170253376637513
1.3974754983520465
0.9499966440973822
5.3494774672101633
0.4665743850673683
3.6715277808013407
3.8144381468443265
4.0992864413776893
2.9007254355471539
0.8599664879074116
1.4754151924553283
3.5576113836195371
3.3978864716294654
0.7649646020638615
0.0543256090111429
4.2624765299055394
3.9182597130054182
4.4324091100211076
4.8400763245342588
6.2459856696157914
0.3624542339973610
0.1281081323995300
1.9055841999698651
4.2501352911314170
1.1270050804148004
1.9387643969569173
3.3803918069078458
2.2903926620925112
2.9162778809222725
1.2175413928409256
2.6537709799192104
2.2593209441611699
2.8915841595524667
4.7389519562133806
2.9566860583167891
1.4292848292455014
2.9288056669902369
0.8099301754582823
5.9935066721792305
3.1272721394238059
1.9446926926900434
5.5543497085151046
0.5691608907187132
2.3086248450354176
4.8465788197694577
1.0347812232699463
3.9855162665237227
0.1084354293926395
5.4785818321537496
0.5563177809065444
2.6543328453102260
4.0057599975692479
1.3965383697109013
0.2727401082201628
2.5134056011944557
3.3307214744924911
1.8245725169848741
4.8534491784272813
1.6366450563618049
1.2460702438043745
2.7957887671313664
4.4335956592685468
3.2407986697357698
2.3512215267080894
4.4254984728129729
0.6353496426209870
5.6368120431891482
5.8795093589420304
0.5098626469982713
5.8564949362065626
4.7204048493715147
0.3278797936526232
2.5563655135963885
1.5995959611138635
2.6571834924159594
3.2149012855848085
4.5158078195555467
0.0070151397836980
1.8835746282806074
4.9524901468281799
2.9207560049081676
3.3407410585305142
3.9178644270928915
2.6398978951865724
5.2629360762292112
0.0179714802976057
3.7427703706104523
4.4517430288606805
4.5566725139556601
3.7258006126936687
0.7327474722386959
5.5597399542673402
2.0758416849862291
5.3572230279064668
0.6826372677072661
1.4667167111068844
4.2814289402037238
0.0798306872103381
5.1248058483195642
3.8071282663890758
3.9097847466054749
4.7255778734032221
5.9925051328046406
0.6255532251652413
0.7487430392668415
0.0260030472650256
4.5453381088259368
5.0935429432643504
2.8502066549653886
5.0774470851996822
4.2220693388046611
1.3193162720444356
2.0982920416848212
1.0069514927618850
0.5888886386081454
1.2793745090046880
4.5246384827234172
1.6924718038205315
3.4343489408849535
2.3057058916635400
2.1314356872547213
3.9122253871828363
4.2740761158401126
4.4887711623305382
1.0471827603893005
5.0301675816812121
3.3330397879476408
5.0605886242104514
2.3865707104611258
3.3887476407177437
5.7825627693209851
6.2458538097711740
0.4189684176932010
3.3796991497354272
4.0472445026590780
1.6904563265158854
3.5028339450082133
5.7109362297948731
4.6870551650880357
1.8211132161390877
0.1272141282015198
2.6268447797672274
5.7118369758013197
4.3006983863094925
4.5627555619236677
4.6197830183473876
4.9266000805452048
1.1581391994731178
0.4445667676055933
4.5387732476496332
5.6860218450721876
5.6937206976249968
3.9184601990536430
0.0179550250783432
3.7732005960131074
3.7309995776043086
2.3484732973563505
4.9393399699748217
4.9888431934436692
4.0451123400600695
3.8162382765684599
0.4569507016694000
0.0200893850295006
1.3896757208602226
5.7101680371620889
5.3372127272343581
5.7191549403757280
2.7268271169758669
6.0254527583321424
1.9657111398147706
3.1958200656036175
2.2164303559293868
2.3033655766881913
4.9785396898421217
2.3546636963511829
4.1734538400705992
3.3242572973789559
5.0849413268449872
6.2428747208036475
5.5199178553504433
4.2633670722275063
4.7566552075311694
4.8063777896151416
3.7326938158909977
5.8908938680333804
4.7206207288949518
1.8749190573278440
0.1022090321306407
0.8648741557481515
3.3182028968977448
2.8653862902475984
5.9504211472917952
1.3198640457553630
0.9663106820379577
1.3508888617500074
6.0845422786474739
1.6263929797320329
3.9311456600750994
4.4063005458727407
1.8408343071109119
4.3114595460486953
4.8541433501248763
5.2969764647438788
3.9357020186390992
5.3439306807968086
2.4956156153719742
0.4951630952434390
3.8027962701798490
3.3218079666592804
5.5180348692449313
4.9824923881402263
2.4743975393701074
5.9836191949506148
2.7093070437914664
2.8055992239635112
1.9322503670856814
0.2833031545867180
0.0805761742531671
0.2934538068907951
3.1623757745114731
5.5343572328050099
1.4981137959569280
5.9143940123843857
2.5509909953417655
1.0829319993679432
1.9490592394338015
1.8903178839874963
2.7115864614109557
3.5460942452746558
0.1948832419341970
1.2107510136776301
5.1274268933258584
5.8162086264994910
1.9087783727717229
5.1785193217351182
1.0517439068087138
1.6215378000256024
2.4732753999435348
0.0670815921801258
5.2017848188509612
4.6065282079665613
0.4601839194089080
6.0659388019336955
3.0484232380150607
3.6986588568612202
5.6827283358954714
3.5805945992608494
2.4777076724479961
5.8846711866522270
0.2278251329781580
2.2805993388973014
2.4659785541746890
3.8487479412635870
0.0804583745794279
2.0812110944717745
4.4892816784201690
5.0745740092549196
6.1032353198662470
1.5187506922593759
5.2997242816438108
0.5566023024786907
1.4651102410511230
0.2777004606716602
1.6941735946782128
0.9123547584758190
0.6778766250332395
1.8030266704706508
3.1700378499660316
1.8783787554563764
0.6516250070558901
2.9530578765345910
3.8443025116810445
1.6811736303628917
3.3658337734207380
1.9067027706140667
3.3805183741940659
5.1595995408934616
3.8292289951325875
2.5134195326946260
0.4692447704584994
3.2880797338263381
2.1861583944696985
1.8872140117871039
6.2118117715819272
6.0078259538580445
2.8713725075366598
4.6344466692245527
6.1623827610638395
2.6055009733305674
3.3771196568496311
4.3181823971457129
5.5886746643526140
5.9923131804988490
1.5383210710271515
5.3579534473691091
4.5110711044350769
1.0693411703698552
5.7580092927528508
3.0585900020688723
1.0264172657441240
3.1281479815191795
3.7466447411808570
4.7051477453959025
6.0754023003233071
3.5624461453622120
5.3102884005497879
0.4273720942024894
5.5372249517651886
1.0661063534974904
4.9496372235378860
4.5994991239001841
1.7195406849057209
1.5760663908125827
0.0275496741499824
0.2500574539219000
1.8452471628978362
1.6749587104659891
4.1222576139643961
0.4844319541083230
0.0746128061556923
1.0907065828982705
0.9485165138840714
1.3473250239298673
2.5549370936451599
5.4170195670268919
0.6880799480428610
2.3605045738611001
2.7155563903250499
5.5715469320123789
0.0934217860694903
0.9845011862308455
0.4380792687628546
5.3200136254636146
0.1597245235094542
3.0297073129936885
3.4951051688760804
0.5508934681116674
1.6107788193908845
4.0238519161958095
0.2657454419520102
0.4851652435168906
5.6903380916888713
1.5134783235817446
5.9753366185016263
2.3434541180492152
5.5140319315806430
4.9595070369778345
0.7686639190155075
6.2020371587254788
3.8736278951378402
1.3052455934152825
0.9268316225836905
3.8801236139451101
4.4449783637386844
1.8991758866810227
1.6598895349452074
2.8476102180003804
4.9924002149978897
1.4022620267333590
5.7984281862506872
1.6363399325452179
0.3198991719745056
1.8098466266674258
0.0293683795249600
3.1056408893923702
4.5329313025749025
6.0829576776856724
2.1714890132268372
1.5542033425527833
5.6192145301374472
4.0073460169011907
3.5701529593624204
1.6203781426619885
5.2813652237347011
6.1798137348896933
4.1777095762159542
5.6206112851806180
0.2968179285746031
4.5832535356854365
2.8948120936437234
2.8392728591212326
0.0227233198975611
1.1966119382750189
1.4141083143109487
2.3291315915593418
3.9218601133035818
5.8260036963773105
0.7386515101800422
4.2166276848831066
4.6199349011452577
0.5557619444887244
6.0531457058912350
5.2910450566914617
0.7265058758227410
6.0039514301603196
1.2513224184333236
2.5180861738912532
0.6799460330432817
4.9363419094234997
1.9889095403460031
1.6196168282808221
3.2364073747377655
4.2061527295190286
2.7727861588852534
0.9592008095045823
0.4285949601701449
5.3838765363682599
4.4168872338643572
4.0598108677842610
5.7751203537199256
5.9342793990301415
3.1666354686439022
5.8149063551367739
2.9614010830582536
2.4881904413752101
3.8057339664366276
2.0736412067849783
2.8162231076022697
3.6989318125132025
4.5847405556532941
2.0361090640643802
6.2273966174664519
3.0669388546613008
5.4318231645846975
4.0143715774841464
4.5624189656530598
1.8734673260131387
1.9364571239999111
5.3428840320076452
1.0967806442281949
1.1483335857296557
4.9569382962622957
4.6448037969593221
2.0716204246982999
0.7268114111140407
6.0057923083174405
3.8357156465110767
3.5953470909084295
5.8438277304358168
5.3389764194413454
3.2705967654523209
3.2897016598994906
4.7723106518185254
0.7498954957288572
0.1741466635850124
4.6268589908811313
4.7451476612086037
1.2851415751959878
3.6805490372240803
2.7389527183397062
2.1271130774638114
1.6397038366867633
0.0189658916218540
2.6796703409950076
0.6405902158527252
3.5403543776326272
1.5866531926494027
2.5973873595838328
3.8528129048457913
3.0120557069361169
0.2842614961053794
3.5155394177101158
5.4454763487769711
3.4953268447125527
4.2068702809117413
0.4188461164128908
0.5280278715813713
2.8636325664225359
2.1032821584717181
0.4010695919073163
0.3569764883992821
4.1719971768728072
2.3374475342548360
5.2631575593186986
5.3858871429809874
3.9486095600610609
5.2128914911266042
6.1696051701436607
4.0670799923946923
3.5259170422265078
2.4418241964294443
4.2049020996783346
4.4224377551627434
1.6725454695846296
5.1803778340096001
4.9351066887690749
4.8643322870706838
2.6414518864242127
0.5914952084757286
0.6577271928261845
4.9610269373547906
0.2358653027402854
5.3482199450934811
2.2507748425317806
3.7641767918362072
4.4593243157524149
1.8347255341750044
6.2104432606276569
1.0916171778672761
3.5266868524590027
6.1225534380343989
0.4737624672845129
2.9587110482942705
1.3271502650039542
0.3438482406958978
2.9673767491511560
2.9443991820948132
3.4105018332369035
0.4905612332728385
0.7857095379145638
5.0587479010433576
3.8045998132536067
6.0793625701182261
4.3857350805315916
4.4408639720295975
3.2829545229208756
4.0423368438030529
2.1736286490587147
5.9679616282619543
1.5492283913231317
5.1607843665097137
2.8715626204175231
5.3267856511871274
5.3809097571548845
3.5063635887960207
2.4212424063057538
2.7837178715325686
0.2141873616243754
2.2897861410632854
2.8741168207197179
2.6841082216014835
0.9960287569301469
5.5211629549020076
1.6733768953469237
3.2563637322636274
4.6299489263568203
1.7326964211639619
3.1552367495828118
5.4384814287867176
1.2899921171192466
3.9442942073236207
5.9247052026920519
5.5741573001518718
5.4042834807955966
1.9547211199609318
2.3480137617401264
3.1644473205356749
0.1434476690629737
3.7626652342222289
0.1231037817646369
0.8946378428998357
0.4771805757721103
4.6749777768168883
1.6257326508629113
2.3950921259557796
5.9481824809047579
1.4254732459847508
3.1507294954166034
3.8416943827678032
5.2705209587738713
4.9328621280563585
2.1194855576311857
0.1714082858043753
1.7572783663310949
1.2889710593256984
3.1208907109490913
5.6743152358258175
5.0854132876963822
6.0078921595792538
4.8329418866772933
0.1966170709746428
6.0590030519782818
5.0094998072958505
5.0003046501256589
0.1832439733553004
0.5412020992379308
4.2684304435989571
2.0175420449549870
3.8083735279153084
0.4982978908359746
5.0313971487026370
0.1208994744329233
5.3510120350135804
2.2020076172245369
3.3315529908346750
3.8818126247970954
4.5851264248295891
0.0743901827354246
4.4363986323085998
0.8479718618352311
5.7341362657526238
6.2548251388400287
2.8190148443203986
6.1180874258483087
2.8803010584013844
1.7922486651735248
2.9010160582054447
2.5356997129870331
1.0238817420273316
1.5381030568141840
1.0780804926387333
1.4824557651140808
3.9924907966565639
1.1355199412104715
3.1201007865966255
4.7275178791090875
4.5733130283356536
1.8184744223044125
3.9568344178767396
6.1933819633611291
4.8824666624328810
2.3342172288749379
0.3497415742461442
0.1313407612826745
2.5062155904948025
4.7458282841070627
0.7684789074544239
2.8839505366323972
3.1272859984193819
0.6639041615294222
4.4247483355021382
5.1193617972486845
5.0675001243825042
3.2003407041034269
3.7531096873008871
1.3879051479082751
0.8799295624936745
2.4536298336916467
6.0145363647399437
4.4118043088665253
1.8824246937263018
2.1065695399500814
5.5786696772595548
0.9374383283792700
0.2766089314319297
5.7736326435861027
5.9113880658279969
5.2627554958857541
2.9843321219819510
2.7799501300429603
2.6961483933882318
5.1292329542218926
2.8404178709344570
2.7026274855847117
1.9712389624165800
3.2485235596424915
2.8385347092275062
2.9484594535837734
1.4145168808782158
2.1360795986512446
6.2055591517785578
2.4092425262677062
5.2874678434380886
5.8932760334529970
0.7243809195876109
1.0906884244960904
5.2886327175035035
3.1179964276972507
3.9823185518083175
0.7530036726415722
5.4538059446845804
5.7414312124333309
5.9593350561592855
2.5537191112912558
2.1251128874069161
4.4989281923719595
4.9995797139392391
4.0760208780936189
6.1393296151777479
2.8140159665816631
2.3752964665193499
3.6798229100184447
3.6837059450376799
0.4219898147636817
3.7849886605727385
2.3189677018623973
5.0168521838828770
3.8184264779272157
0.8710562385180824
1.7782464471536921
2.9076823092101329
3.6736212301694922
0.0176584074597420
2.6156648643067126
3.2017968693247800
5.4022526734601231
2.2173820235420907
2.6288054212897265
2.0117599725833775
2.5664107458122811
4.0487650183312898
5.5081034258699200
2.6855997710335129
4.6079361721090217
3.5290123796787656
2.6738299580690037
0.6146571767278536
4.2734474194142251
1.9090543164980709
4.4662069261021102
1.3731047395549540
5.9083143361382504
5.8557585474885459
1.4819582118054149
3.6163916859732419
1.6651772239163112
5.5386654572947194
1.6826211336809909
6.0896751014633868
1.7210497448212922
2.0564031025671441
5.5289454170148407
0.9399186460075486
5.0541748065344088
0.4935991219352281
0.2680466820204770
4.6718167955294074
1.7045883930288459
3.4701629409291894
1.7068168119642169
4.4292692717941620
5.5408832385299869
3.6153003600843587
3.2488716129516919
3.4019266449395604
3.1156035947770513
3.8564939450071547
5.9309036708232501
3.4918982064655721
2.2514550632990979
2.6487281355123478
0.3644118879306675
5.7002894994677957
5.9698267707212285
5.6282796043130396
2.7985504931868412
2.3114389521273142
1.4481038537408404
0.1204190297318883
6.1385133385090880
5.1492348391850280
1.4383290939357731
5.7548787600542459
5.6300787735332767
0.9930177739570188
2.4867786106258811
1.9788600920948087
4.8678037692089822
0.1492310454858650
4.0727386587970891
6.0930646839064924
3.3814088709595369
1.3259159216065066
2.3833589302519536
0.8396844026462523
5.4066707115566510
5.4942316711293921
5.1521480257511110
3.2265570956718994
1.5252842035873428
0.8041483747163278
4.3332380388648808
1.8229098315019738
3.3861190056472590
5.4792074356405456
4.6920776901949344
0.6498245070154473
4.7403128143546684
6.1845562578102271
4.1128538397534733
1.9514672651828371
0.0541368755073784
5.3218275267325019
2.7563112512549548
5.9999976486750226
1.7907150768087485
1.5948163746041926
3.7332450638105485
1.3570312457080975
1.2069088194998330
0.6119824494339068
1.7023449180244759
4.9139065645165019
4.8677738558608645
6.1177077293461171
2.3962089576269472
2.5319081649316963
1.8474606694016338
4.9028824777276689
5.6981782898725575
5.9996583707058502
2.5450772184500989
1.2195614762033318
2.8524584929052748
0.8073920858405872
3.7956734767649132
0.0945676500888845
3.5663775044062560
4.2627397701869558
1.4010058360689053
5.0042952052388729
1.1839240694254918
3.0113168415021576
1.9012760660833978
2.8600356642507685
5.3482716576920719
0.7824778268138946
1.7286081400908511
5.5546095215349585
4.0329892523327766
1.7537687834360365
2.2422605768587180
0.3424411261813939
5.8021245819798883
1.3164734344155931
0.3160839244356152
2.0868825236843840
3.9936552817464714
5.4805773996486886
5.7428549842946452
6.0059421525406727
3.4996582049942520
5.6455412899282642
4.4340636004050795
1.3719162455741081
5.2459705493347206
2.6347353302408276
2.5534727455142030
6.1920470725242174
1.8537004425333603
3.8667889096493542
1.2530085427965625
3.0024252373141040
1.6411905435934366
5.3603966277102124
4.3766206804605252
0.8362952379282921
2.6634511503584664
4.9972163127928706
2.0538917680567246
1.4908753531485985
4.7904979443720030
5.3226590563457110
3.6011013733799921
5.1669353010578689
0.0888588929381775
1.9317359808773804
3.8085845703447947
1.5210525925330625
3.0872055756814891
2.9981502448264581
3.0041325698648351
2.0546763578781881
0.5522604244414915
2.6466220917433834
0.2877703576255291
2.8794739955419395
4.6045820315719652
3.9609055659783516
1.2859380764476920
0.0431529809111002
4.1201736519167111
3.9858061479037281
2.3791361133588689
6.2445440776887509
3.6331686479689722
2.1123482157675992
4.5351466207025668
4.0393522968855349
3.7741733202525189
4.8647633298318196
5.7299929004959829
5.9843388674295657
1.1473089381691632
3.2088344196531411
2.6288289142615753
1.9235015819660675
3.2408331965529564
5.8921272502662712
4.2200267253972221
2.2019235092696396
1.0973400427009743
4.8875078608579052
2.6284183035472668
1.8015799425982602
0.3756149004730455
4.5001409759393658
5.4328294169087492
2.0371203144234502
1.8136701459120517
0.7480042846407994
5.6426666131109737
0.7355711895201337
2.6924852578739209
3.0792401903145352
4.3771775794992616
5.7381088091575227
4.0580803679507804
1.5926557424961310
2.8517806262685714
5.0758638480784866
0.4273644937376155
0.2901522479208492
4.4884415843658854
5.4561324423895075
1.7465033205127285
1.9667553998436367
0.8034570909210682
3.9970986763656615
6.2148982624952867
4.9115816238650227
5.3201395977592236
1.6806205689079934
4.5726462948910305
5.8312978622648748
6.0656132989184455
1.1529864834751973
2.7345935199513938
1.2031276102009936
2.9315174329596991
2.0741272499546599
4.4877600010952170
5.0498246548583525
3.7800372154917605
4.0368122679413476
6.2761593205809891
0.5901331831905384
6.1566160418176210
5.1285398942086591
1.1793452664970587
4.4102856284136038
1.5994086999089798
1.7081812574036974
3.4774190337413344
1.7246235725383827
2.3702249449772212
6.2114336751500634
3.0430625507643034
4.1436529323750149
3.8066632638397722
4.3308444963384156
5.0999103557083041
4.7085517805234991
5.2119300401258499
3.8152598749466691
2.9011128467864400
5.7242827983567226
5.8277126044326071
0.5107349449582917
6.1674359168669302
1.3298113927747348
4.6009069434097283
6.0136449668864582
0.0838265922668587
2.1321560435001388
3.8807902316823188
2.4193518651935042
3.2279490440352254
5.1702512155425033
1.2068220755060330
4.7198267189433221
2.1991385357269952
4.6511358505440441
4.5721960082891950
2.2649818844055911
2.7847603598525237
3.3207444487089868
5.9866330744235796
5.4118911374925078
4.6835576063986943
1.3344630917671632
4.8335761700620212
6.1570907620251676
5.7681619211666035
2.6395146905319971
2.8282356392642303
2.7118997383323400
3.0504494005715088
2.6877441171780356
1.7067053056370118
2.1296064750319594
3.9987333318010556
2.6338506257583876
4.6854698625882989
0.3623167616983271
1.4308618703266556
0.4994965756579124
4.7553043333333385
4.0606695755698885
3.7783781782173063
1.1221019017906719
6.2036223773297623
1.0265680915126263
2.8315286782220821
0.1882147528247843
2.5879930705906986
1.5176363620510716
2.6912555377836638
1.5735750727084485
4.0350191141908054
0.9454013674113196
4.2559470377145816
0.7122370898570721
0.7362630969248087
5.7344332757740082
2.2450869251041254
0.4690409245943048
1.7224340098851778
4.2093170099357859
1.0140524817818399
2.5730085252069554
4.8960200995192906
2.8869929110702151
5.6533672833629236
4.1543842440558683
4.1619887516345857
5.0613080222590678
4.0356708752091306
0.0575747911901749
5.7465367835195238
2.7948637186582799
1.2241458304438517
0.5573996720286040
0.8572313023108948
4.4304288800635430
2.8027241061352273
2.3902654424040906
0.2204582620787353
1.8395725650428085
0.5350384289741428
1.4237209151744699
2.8982586823002188
4.8534949383574375
2.0786987068850222
3.7053030166433643
3.6947117956860693
5.5990571475038582
2.2938056440945447
3.8343369044313853
1.6548088097681648
1.0613559958925660
0.2421631879290193
4.3150464484940647
4.7733153546719640
0.6416373571901411
3.4155749722347912
2.7593883245536053
4.3817966177334657
1.8852487157905342
2.2349348481685150
2.7183880828943470
4.1970708928652645
2.5428049691180439
1.6788077991546311
3.6668593525535984
0.2462668549824579
0.8041673803030105
1.4228257314656318
0.5795516097913644
1.3211701629583930
5.2262467743506678
0.4004555214151862
1.8255065555119614
4.1888421104395182
2.1872062363987776
0.7127167098688999
1.9853069452186829
3.6384607012927335
2.8238323702123185
0.2379432117696698
2.5940208353995624
6.1083531122666912
4.9537441840496559
2.4648216367330114
2.1368706657293313
2.4517033485479871
1.7578799737232116
5.8246246810052584
5.1083427936654342
4.9036783921268654
0.1164826466053095
0.0516142388431501
0.7199312019164206
0.9362605330007377
5.8671344274331769
3.1682261453336369
5.0291545125063140
2.4070658508688667
6.2510347374881015
4.5629989651126523
0.7217962509285817
5.1669350749027911
5.9868975127328854
0.4916014922801074
3.5095153275469921
2.8715024298158056
5.2479670902192899
2.1897901043216210
4.7274778026733841
5.8206729448121868
0.1023738070010686
1.2592933213396045
3.1029063729172592
4.2421047563095735
2.9546993475504206
0.1910165657952990
3.9716832712477825
4.7447225603345000
4.6665594568364588
3.9345271688519987
0.9811699743020922
2.6229399612109763
1.3231718940632458
1.3428815634826252
2.5014535689450441
6.0839815696318480
4.4541068361748444
6.0244061177637196
0.1435032168824009
3.6498187935943762
2.6421365401401924
1.6801345251770399
0.6901927397898217
1.3066563923773586
4.4017648166182388
5.0745784635588578
5.2946390195392228
2.4149605363506916
5.0761347197623712
2.7253506104735159
4.8651765121752106
0.8957136979809143
1.8708556551173372
4.8659151759036021
5.4542352342131437
3.1218041995293198
2.7405372991198380
6.1058746634015355
2.3684803573870385
1.5123896936746710
1.3000038024278959
1.7223032586496585
1.5163598671063074
2.4425900887418432
4.8898463826111280
5.7557276858860256
5.9332445148821096
0.0128134780292471
1.8097897275374393
3.1708813036106411
0.4157167869905068
5.5441751942505695
3.6367599643752868
3.6795403590819649
3.2376941830098573
1.0937461674345612
1.2830400325670128
1.4135361999017768
4.8647581651578671
0.7740711101163127
4.6753778223403986
5.0082937045313161
5.5856969151353937
4.8151819329573433
5.8652362151280935
2.9869917733258924
4.7110879721495262
3.2586292319259305
1.2099296162374398
5.6888501869108925
1.3278765004443849
1.9394500141543218
4.5291492407891365
6.0827357661369588
5.3421820643067166
5.2107035697811339
1.0149322930193219
3.1183229072598948
0.0826831454293070
5.1104126446517943
3.0114491288002534
1.0038782582554615
6.0895319855771604
5.2592756789567119
0.1718766822191800
4.5912508806723871
5.3837161326913154
5.2200415336958388
0.6858580132211091
4.3208934778073056
4.6234747789086148
0.3645990396805936
2.7476256062978637
0.7018705270848787
0.8702646517270201
1.9850812177139803
5.8430770740137747
1.9230574283977635
3.4010627963560642
3.9857974679880672
1.2009174496127031
2.9882365772367288
2.8285858705163154
2.2385541231014239
1.6375179724042603
0.5915165994387019
3.5949023516361391
4.3983879237506871
2.7676274284098605
5.6972437605179351
2.1636360960874685
2.6761637621149861
4.2195275832682473
2.9813400101839540
5.1699100165076546
1.0112449783068416
2.9321948784019849
2.6257823974741012
1.4765553188995515
4.9600225996810972
1.3371159461811921
0.0117212311759686
2.0469616556487460
2.3215607269191643
3.0617135307612746
0.4509847772845548
2.2354233656852291
3.1057714399468668
0.6190147525126728
0.7446692269520424
4.8183587201063105
3.5200668039023020
2.2434711457311027
2.3941693251809082
5.5681804826166790
2.2750462099943092
5.4455578284742012
5.3635768825104373
0.6926197744264916
3.0363158207126397
1.9727890303476086
0.2365418482395480
6.1696723137593592
4.9477361956885524
0.6479941620533756
4.2480910999333679
1.1402833683419873
0.8985012599375019
2.6166199830562400
5.1088621000825212
2.4324612835203050
0.9359634091506976
2.0548534890558745
5.2192753048311333
1.3242745254190937
4.9100816964813623
1.7657460599356409
4.3830887915302350
0.9316678278689712
2.9873727966392041
0.5891588487439733
3.0654307735477495
3.6623586350722892
0.8530522915402263
5.1249859775796835
2.9182487682505571
2.8319833431778330
3.9431387550654322
5.8836446992018763
0.4984867873662738
1.0412416547420562
4.8347724282909805
5.0093376184972565
1.4838479666051638
4.5107842702466350
0.6153148055552163
0.9916531942582655
0.6580594851884509
1.2943775323402029
0.2668711340836351
1.1202499195022559
2.8019551974416133
5.4298988461286806
2.5533646444404390
4.9930144904461624
6.1563618093008659
0.7091576245070129
0.7260410569317278
2.3059378313240706
0.4319071085895070
3.0619955072180249
6.1936585099853820
2.9459397851310309
2.1075384198763198
5.2647266159776089
3.1244318719085493
1.1665668491311942
3.0803552688732969
3.6398845578332812
4.6649318188018540
0.4276862530338584
6.2776194898811717
0.4140714761499037
0.6887970979865958
4.1666420792940473
3.4268684944029100
4.9580552059743530
2.6488493829837068
1.5539649783171781
5.3980153512193603
4.0091736176516486
2.4915898198059039
3.3581952594753148
2.1017221231286394
2.4078729677687041
3.0135522730637154
4.1885025136965561
6.2203920695512220
0.4648738423821821
3.7666084723831572
1.0039611186575395
3.0222692217110092
2.2236354640339653
3.2488935374555488
1.2413384974637116
4.8872532267771831
2.5683260302597510
0.8949500305449326
5.9164554929270503
5.6620446200743570
3.6987834358316962
3.4727154350162381
2.3370471294771327
5.2957266485386345
2.6724368399844352
3.0499317063135329
4.8164037231931545
2.3313890163448523
3.2759796987555689
4.0938463805866547
0.5318911389445788
3.9194852954981543
3.1467975654994826
4.5499065514349253
4.0010137792307221
2.8873925899569550
4.2517263929175266
0.0522282441169910
1.0306284098520178
3.3325771200935099
5.0053855903240558
4.0393560128360111
0.3066020192901273
1.5494876963776112
4.3929539071681329
2.8839814633560810
3.9740702662647838
1.0284269127754004
0.4559899969999713
5.2396729624042822
4.6897237687791442
2.2462939285332859
5.1907094583277980
3.6514881483201598
1.5385786755449715
5.8427974736580985
5.4047736012278254
1.7478925020686016
2.3122371374313415
5.8349587347240996
0.0089577315931933
1.3524922164368391
6.2004246938267675
5.6459609418951402
5.4073900220823621
3.5556412985833687
6.1886169786349807
0.5963425656208388
2.5749803925923724
4.2842738889889906
0.4511876913792937
2.5729631423298986
1.5077599484867423
4.4022752895554040
3.0815008297734963
4.9650208988121101
3.4890301813673683
4.2906190301592373
4.1622444168425119
0.1282677759913506
0.9505799837363198
4.5067555384189806
0.0363600573919512
6.2553036740900163
0.0898798420817765
1.8686450399929875
3.1024818663998137
5.8456670298562114
5.6328132763598902
2.2478775469370578
3.6915398601390175
1.7929289192353435
0.3324039317647664
5.3821187909888826
4.6555824123601397
0.5051561926613808
4.9333638635941606
5.5817818581070169
2.8825369178811755
3.4487053724149281
5.2267816164446899
2.4205606138343487
3.3603339964968235
3.1732534774713690
5.2615879546744155
5.1487850092474305
1.3449983098477791
3.2444946011602576
5.3296859996857942
0.5682360214422131
0.6394218170672952
5.8532218558188633
3.3014840188499139
3.7377141603749000
5.4306958792774198
2.0823992127961639
6.1960464470600192
5.3519032809885703
2.6812209300578518
2.4095240553713970
5.4021424598123025
0.2953879235926923
5.7380969917107576
6.0470058758426291
2.5879417960810578
6.2336782913687534
5.7882131609794465
0.9313902583031373
3.4008659947623379
0.2474896741305055
3.6651229027376253
2.3312020282036006
2.2358102755129883
4.1969944337482685
1.5003981583369059
1.9084225953681551
3.2132299324007003
0.3215115450578949
3.1076226495632451
1.6820444912656916
3.7160795134899494
1.6887380990352778
2.7502694640121748
1.4257079797303822
5.4813788279355480
4.2176133977367343
5.5575855830469187
3.7882158955052105
3.4871301184637136
4.3932892469905731
4.5562317286012002
4.3483610457299520
2.1541372503663627
3.7950263095740526
3.2791665570534914
4.5648794937296575
3.6502647358256723
1.2534707085520862
4.1156049545251410
0.3860086894612460
0.3929923842030936
3.6913876528469656
3.2593759491305687
0.6517379758427199
2.1276658092962246
0.2294353135712411
6.0801809523406876
2.3169651597075496
5.7633783454194507
3.1542367077500479
3.5361716107931698
5.5312810884934605
1.3837307171186199
5.8745038028521055
4.2805512569173398
4.4473491624422312
3.6184797992639135
5.9017840620423216
1.1013641267572902
5.1850064804505482
6.0449454869630390
4.1561721370447691
3.1283682413537037
5.6985683115345580
3.0945111577272066
5.2262491955144998
3.2803891526228703
0.5433801189067706
5.0157118348689265
3.5210497563636380
2.8290424288274103
3.3437946605628501
5.6275364406736701
3.3601729177518664
5.2087232659037852
5.3724504287573227
3.3437646943705612
3.8927250172335297
6.2379156800354130
4.5913309109193747
5.3138563297132908
5.1405071227271479
2.5684392682287189
5.1684605288344923
6.1736978442163961
5.0989426281092083
0.9448836804205409
1.8176902551153693
0.3359388560597303
4.2488277394808955
3.5061680483605189
0.5846492823223506
1.2288958488933659
2.3482374862269149
2.7800636006514861
0.0053105934154052
0.7446246243328919
3.8059875291606708
0.9329499989898526
0.6069316458131759
3.1085813208925641
5.4157937125712747
3.5514789252726802
6.1501529568952753
2.3670687708023599
0.2686285783017685
1.7359178338911236
0.7936655948014751
0.5472355916612586
4.4328388938269994
1.5501624444981428
4.7260489694779233
5.1091067755545998
4.8692316779246090
4.2230193907779503
4.2606816346462217
5.9806108415430357
0.5932214694211129
3.6235056587624737
2.7324422689097481
2.4826158842648169
3.4619783290193618
0.1380591057948370
5.6788779720998113
6.2728652693796025
0.4674918404310564
1.8688944478831608
4.1613954840288709
4.6092657101720267
3.1658764511401412
0.6621642539521350
4.4026197017972342
4.8021692990592664
1.2997407049378285
1.9092151261370740
1.9375022128482864
3.7705162354732740
3.9987518551616863
2.9546587960719748
0.4830785625390445
6.1848215972440235
4.7291078225814589
2.0905227729987437
4.9905963446686288
5.1167246312677488
2.0927061499666393
4.2535822755425228
5.0306206604604515
3.1178528518130642
4.4984772938009963
4.8007585233701002
3.1461776170547857
3.2816901811239738
1.8220952265871588
1.7144767507517820
2.8865806415587234
3.3709626836088669
2.6998285238098712
3.6758035309135257
5.9323336990897992
1.9514392306221178
3.4898611764836098
3.3172483226954723
1.3313407268517177
5.3449317082443519
2.1305011371162825
1.0989124014301583
3.6101208264575861
3.4084595451640194
2.6147995790251524
2.3352677772873540
4.3268850615029004
0.4040350529576190
0.4518172324624766
5.1571486822096730
0.8151164599530224
0.5539100097264223
0.8703455454244990
1.4977278095869795
2.5184621668914664
4.0498050127210856
4.7406061816233018
5.1000661094882673
3.7595826208575578
4.7752751568717384
2.4059921840929248
2.5427040436412689
0.1196515627973423
5.4321156668989277
0.5839508375418067
5.4559113331007865
4.6290106456014959
2.3813981707897178
2.4446048990615621
4.4646372990138250
0.9126345812522542
5.4567365981664686
2.2085367390920649
0.9195822810084394
0.7880713486474543
5.2392612978946467
2.2215323995321334
1.6919613892189223
1.8078568687312169
5.9442851504339229
4.6202370932485319
0.7112598229954192
3.4636339621965186
5.4579208936730756
3.7538359493719931
0.3313330928656830
0.9709156239069446
1.8724622936210624
2.2701447083080302
2.9278499401361264
6.0158672804278419
2.2632081813869558
1.5154229605926326
3.2519673714796959
5.8810697159877297
4.3693343744575559
4.9711298173968403
4.3197734334677396
4.3331414379888766
6.1560110199849847
1.3182584129886570
4.6215551776409622
1.0444330794432291
0.2623678447054861
0.9782799027614451
2.6435173268508829
2.2920223278172771
5.7574281554377489
4.9833449000634120
4.2993029417388220
4.7007714521968316
0.9133936872094185
6.2107219509049925
5.7322148152651966
0.2541691522833556
0.7050770948049397
4.6866156037010516
4.8895501171186098
6.0365338066756191
2.5518244703000379
2.9107292412896464
1.0995248697705251
5.5866088991850269
0.2630611833714510
3.1178280483845251
2.1115787029800228
2.7268456408974409
5.6532171711045978
4.2879522368505079
6.1431397439273354
1.4516501773952351
0.3695467904831380
0.7029760297650770
2.2916656863220912
1.6188288008141039
4.0305778106899242
0.6424448409092219
0.8106834824196812
4.2145324852793502
1.7606873312797371
0.7143239422542250
5.4139249180360798
2.1747877376649294
1.8646752217108955
0.2652059564596497
0.4615484444507914
4.9410600726150422
3.8907406344687523
4.9672231916753198
4.9629355873986789
2.6732332688484206
3.3722122369108489
1.4630698622294553
3.4955597123283799
0.5702319931490898
2.7109806291154568
5.5468548857740840
0.6835536197658454
4.6664764666527256
0.4139218147941902
5.1132006420032212
2.8152562780312649
1.1043268650228331
0.3581703886576352
0.3793229188934365
4.5098944576706801
5.4977012879414664
2.0401853776016345
3.0829559638751443
0.5404379689370676
2.6964952367060393
0.0092949864185800
3.0710491141049792
6.1944155544561594
1.5481269263960082
0.7042962455602171
3.8772833841458239
3.8981669359792743
0.5728409897528971
4.5809676867328255
2.0127731396279733
2.8332708390230468
5.9723079930798271
5.8873842759489703
0.8196980122836347
3.7986183514376530
2.9497171273562430
1.9529574526439657
3.7693466519855736
4.1850654253430859
4.5967321631853384
0.1897621328606698
2.2993270391661693
4.9221001718099737
4.5142769806728671
0.9746037637770911
2.5851497667452792
5.6778821148651497
1.4975907590319422
0.2991986442022150
0.3679458968217185
0.6930583450020128
4.8380173653935845
0.2520489475142703
0.8945065058909776
0.7245722812185937
3.7305426997843680
0.6149794442771451
3.1433647916480809
6.2652148565398074
3.6505472360300533
6.2512690615067470
4.6888594885880366
3.4791321735780598
0.6806855390882365
4.3239242451469835
5.3817502748721564
3.9041810280505129
5.5134581248605636
3.1309652435991642
3.7886628593000795
0.0749128777374542
0.8895367031703607
3.6421945279506827
3.4081238528813977
5.8887476504113785
2.1214922708835644
2.0567438803999414
0.4396951569185510
5.1610255036947033
3.0757577574046495
3.7213223295074607
2.2655060058368570
0.2872047691502908
5.4233557160488202
3.0707285537396243
4.3256883286296581
3.6776812999393060
4.8756387335057978
0.5543287994150549
0.0226012203217088
3.3799364380839343
2.8030673035008995
0.6449127615833387
2.5606847851782817
0.9612121533566644
4.8470051841834181
4.0502801451943835
1.7431451325941305
6.1659915596859864
0.1438496617142001
5.5373465885360327
5.8731854356895772
1.8369378674510155
5.8127053735046834
5.2429377866820133
4.1969444655552195
4.8459852674477331
2.4754447471040146
4.7044460138519124
3.0534404034936062
5.9497736794673486
4.5134079434855634
1.1959926898991107
0.0364585138088918
5.6648551654193078
5.6444535313244772
0.7288999307885548
5.7645369628329401
3.2654330459939707
2.8298215382561858
4.2742282263523768
1.2368455097472910
1.1205728426064572
3.5975922406786687
5.6177813673446870
5.6483242770311231
4.0307868570216376
5.8416961436311023
6.1692861376596566
3.9540330609852923
5.6066366234917639
1.3834064314849956
0.2877366047500489
1.6258935948929369
0.5645601084866331
0.1602109253718089
1.2677734016498092
0.6449978137620010
5.3800239762700146
2.4725316899887457
5.8896453251440324
0.5548357316667422
2.8383519104690302
0.4800264801176048
1.5603586567745082
5.4945531060325843
4.4679327035626670
1.7696556073038419
5.2246694900690471
2.0600899096183776
1.2950801008827126
5.6953986708242867
3.6682585131678507
5.3422763256462380
0.6351602301422949
2.6324612811091597
2.3674701680747221
5.0484604031066906
4.0060097559739187
4.1889351257143970
0.2659774323390297
3.0348213814425633
5.0488611691927918
0.3560924935704268
2.6537741706536946
0.6347635905070990
0.9629540734768971
2.6954585779707227
4.6198992265733212
4.0108716120800603
2.5102065588806872
5.8155661193388903
1.3307276645031789
5.3157027391138660
2.1517894462566707
1.0700356232993562
5.8794633590999643
4.5604791600045749
2.1692090063698162
3.5015527223471423
6.1763191988673842
0.3249742259627562
5.8288712336530120
6.0573826729193438
5.4323480370065313
5.9701533759797201
3.9458405897175668
0.5978398792160022
4.1614283320718721
4.5513200240728384
2.2775283857454087
2.0734590974148110
3.2573874207627647
2.9369127296832525
3.9054613275536019
2.0376138219541038
4.7074776754805674
1.6770891417669811
3.5190008908100019
1.0753021344273832
4.6022756116701746
4.3040583146476461
0.6135186963314229
1.4192174771568593
3.1769905511315542
2.1891554928958152
4.6757688658548142
1.3337885359325066
3.4496771501262780
2.6753267157764906
5.5614587211243327
0.7022117832604269
1.1340079934355662
5.0356416326772901
4.5552551407445598
4.7103169680349826
0.2352210124635910
4.9348295779570437
5.3407149432035235
2.0910664339707483
1.6234951510761035
5.0293552399746453
3.5686630306262082
3.5734610477694608
5.9195449124882824
5.7770376633248626
0.3088686095095654
5.1692201656679488
5.5357688794426121
3.2329739529322645
3.2455988637762205
1.2963416765871270
1.7283019933884991
0.7070997052863501
1.4291448633104986
5.2372198610219538
2.8113466827718536
3.6776477715567184
6.1156336038181296
1.6147059258586050
4.4243104230509651
4.1134676443795675
4.6046257058817570
0.3009628216285248
2.0841037243281253
3.7646499419767858
1.0303160919807390
1.3922329423774651
2.4349475527556663
3.5953285010180380
4.6443037760489396
5.6819711061881648
3.5622477283659815
1.2168313415710919
1.5890771197236153
1.7904395429459936
0.1491399005606160
2.7927238885434096
1.3452076255980969
3.2529859379644512
3.4961718023267623
5.9618740747530214
4.2601768724183344
4.7880051406426922
5.0084462875009175
3.2805288301991169
4.5091082413681107
5.1405212823950599
5.3050671857475891
0.4541558675667168
1.6417643194567537
2.9867453641768447
1.4360812634175086
0.8094630078412370
0.6433135295563720
4.8528478365999730
0.3053295626278848
3.4343113798001506
3.3720114020539733
0.3643053847561085
0.2323237116165303
0.1125415937255616
0.7759986222820699
5.3375908348344669
5.4808346141687458
3.6531121666204043
2.5374889648942180
4.3899747728792633
1.7842800327130190
5.9057619440439959
0.1433177846437023
4.1711991667101040
5.5371739571860283
5.5333768779495767
5.2043913226296263
3.8947503832391694
0.0829667626216095
4.6022937177113619
3.3352736033627477
1.5767176303819463
4.9897702973123952
4.3293981615188599
3.0518536629926616
1.8674565794442739
4.6930647296732948
5.9103752250296573
3.4111944416133295
2.9324563104481545
3.1624998472452970
3.9454832458073317
1.6720800042866721
2.8614363493640385
1.4449134157894039
2.5756935370530685
6.1975913570940904
1.9544192382666299
1.6988182889809738
0.9146963758243737
0.9723932180189232
3.0415301426292696
3.4482718930790766
3.3254006099140478
5.8049344492940911
2.7641556145236823
3.1278240792601482
5.2716978509208809
4.4515095119298422
1.7138683124620129
5.2047893702299355
3.5657509467272210
6.0953670427365809
4.1670787588631875
1.4387159216073548
3.6936025128688299
4.6613121146937129
2.4266783463412076
1.2906587786134991
4.1158527905470672
2.2448604362920355
6.0309880355517107
5.6262493022858804
1.1468857399059786
6.1719441427754038
0.3443089105025858
5.8904273732125567
4.7339542991546306
5.2390308092984732
0.5998102398278938
3.8164373283312329
2.7387518551259680
4.2713034994145627
1.3673728914143390
4.5118269331158158
3.2655692754979091
0.5704070564586646
4.4287262492705439
6.2176771832193269
3.3092000510192126
6.0557428592056572
4.3921117879977780
1.3266541934286986
4.0416705172826886
5.0997527123747695
0.1882436115472112
2.5464549796062195
1.1034393903118553
0.6561255826977170
1.2342300203177154
6.2668233517429632
4.2818759229632288
1.4823408121452639
0.3347703320733136
1.0501498778657874
0.4084128608118083
4.7256025622212192
0.5201775141393762
0.1187018888319982
2.4430272169353380
2.0580144581275621
1.0184967706013743
1.1680105207982101
5.7308472212542734
3.6502183628405813
1.3853597211145428
4.0833968517621759
4.7824574641233868
3.9969629484401938
4.6813381863150711
2.3143527133268704
2.0644029276198981
5.9663475964504809
2.7989832977431690
0.5844453381236624
3.4897898359494008
3.3900231722493812
0.9014281282934837
3.9242421087356716
5.7138688242319651
5.8917732658346562
2.3411869766677413
4.9129218285207044
4.5854619941451888
2.4911708813275859
3.2485387470492522
0.1052143713173187
2.5969884258270421
1.8364611475345105
1.2850854436726293
4.7120227280863141
3.5251972378943477
0.2343341605065542
4.3920332332808671
2.1851089092258951
0.9614189555240644
5.8406081577417179
0.5813644794408144
0.6527182917456932
3.0710715310429966
3.3800526366158365
2.7479199087570665
4.6745250684332227
0.6418475219699226
5.9892280259983046
2.4708611797519602
5.6054251604153142
5.6455625266200666
1.3232224269385828
1.9106283932197228
4.0302367563857473
1.8215500945528282
2.1477001892402843
3.0922085778845672
4.0989885953780147
2.4189001608464968
3.6929982940273764
3.8079589023723299
1.4543739463465704
0.3394940315509017
1.8576036975659389
1.2694645107489746
5.4728783478001644
3.9544756700548240
2.4550551796027089
5.1080910123065939
5.0197338505230240
0.9130025271237652
4.5240527813348139
1.6239014680940098
4.5243022892370108
0.0185206690907045
5.8623044980661314
3.0383145200538628
0.7402318352374856
5.9833044351147651
4.0672359115570114
3.1614309303867061
1.8054936239764368
1.0546087571948812
4.9885798846383356
6.1936026090265548
0.8484483655461105
4.3525190872445769
5.6955082962504857
5.5105948247658754
2.2600001884504519
3.2970839093448494
2.2004658915580522
3.1310419200569335
3.7051820584642896
4.8629895407824639
4.8850401654473679
2.2717865310767853
3.7761643523306043
5.0689752582142154
0.7335141566715077
4.2415062152683083
2.8955340824236777
5.2737463413714307
1.9153220348443132
2.6465850118976935
4.8600794239817517
0.3529104244723642
2.8493560557800492
6.1024432367851169
2.9611633856738986
2.8049920922944742
1.1196080739258754
3.5707845602017967
5.7409874477457778
5.1495386730200634
1.9800619812181044
0.2373593819359156
4.0070895261608808
1.5361374256869695
4.9282240665604329
2.0676067827962008
1.2549886039315488
0.7477588550914968
4.0514957020356679
0.3170643457705130
4.2425881441599431
3.4677410168095357
5.7421808175179789
5.7218576228017728
0.3698576262398691
3.7851646062290665
5.9744820076043759
1.2797156397974507
3.7520129434448308
3.5409653539280472
3.6647700264145171
1.8309274958339952
0.0185399949213398
1.1339186323754218
4.2357023913741552
3.6895749612679998
5.9967685469497232
3.1606426427983254
0.9661443515599898
5.9749161858083077
1.1244615558347260
5.0688620259338846
0.1757113307321628
4.3276790358333415
3.6808997415195526
3.3497085307267227
4.0690973884460204
3.2196561825394121
5.3039609931342531
5.6115581348770922
5.2377733927048586
5.9921272369570655
4.9714149696574657
3.8984563116365103
3.9775261087454865
4.1696196872922959
1.8920832535537155
1.4155149830942850
2.6441667359201420
6.1475596988794781
5.4553595404480477
4.5645379719514914
0.5801959695217205
5.5067052097555553
1.0971317539796941
2.7759160799071401
3.8892855549769871
1.3582066667977470
1.0847092004832715
4.2642284164549862
1.8475596815813440
1.8481434841818161
5.1234959153844031
2.1904533699973059
1.2985266320626954
3.8281296142617007
1.1306341853516841
5.9420787139490603
4.0985887386612943
3.5894539464722448
4.9232196656114793
3.1259368429480596
0.1733518765743952
3.9361059805213232
3.0467502724886812
3.2228837384469191
3.4669093998111435
4.3330762325050793
2.2513032138212457
5.4527004572468813
2.6888194454584857
4.5122392551442294
3.4055643962546278
4.3109628770905637
5.6973178125125932
1.3934330372868309
2.0958461177032364
0.1290792189520175
0.2959680352869484
4.8731210963036737
2.0536052002930876
1.2549821426249039
4.1994984366380566
3.1912650741157980
2.8416684046107523
3.6660262548682518
5.7756943824141773
6.2202023605398420
1.4690183146917932
5.5655527253546078
4.3981407821185732
4.6697997976918941
3.7549495660285048
3.4257600781438389
4.9873079878746713
4.2872595492245695
5.6463601932064895
4.4725476111316587
0.4779833141957103
1.1474165423164773
4.7304414817582296
2.6865205681020039
5.2507971185426605
2.4631210455764685
4.0965192093787559
2.0101058289306430
1.4441727279757031
5.0458313120469205
1.1185124272573899
4.8754059178389664
0.1965005480438800
4.4887537630718164
0.1543313379120246
4.9396378435821244
4.8845693738631137
3.9858437670391225
2.1566600316480651
4.5704606316414571
2.0220933070462985
1.0255904558117042
3.8660741193649217
4.2594150604093244
0.8553277366243784
1.5536287640122615
2.9153736222136448
1.7024835017732980
2.3206966004767700
0.7371224717838850
1.7280789640129171
3.8891567632752158
3.1114781499175597
5.3770495315607647
2.7549423544374161
3.6758748060187378
1.1803934018517730
1.9059482312006579
2.0007364761380066
3.7744328561205545
6.1664632068531677
0.9476090817105268
2.9165299318156670
2.6162317933066879
2.5323876917116008
5.1960532484506432
2.4902130639371918
1.3743962125840159
5.4193929787031250
0.1585196072322467
5.5990198832734022
2.0681859870360237
5.2415790681157608
3.8693482985680330
6.2110392601519591
5.1267704052383563
0.9590152980742634
2.8421161105585964
3.2439639577633228
3.2669640560982045
5.0770221373023690
2.1197650512278670
2.0995190308663170
3.4437518243054539
3.7727158356419750
2.2104406430051582
4.6965527997099610
1.5997092478495265
3.9513494986384226
4.9292472221575414
3.1178562924778048
3.3972961640693939
2.0454366479190331
6.2118163741663777
1.8380692220138219
0.9864950561168316
4.7702559265842019
2.6861742074050987
3.6456491143884766
1.4529497259169089
5.8301566526554689
3.0774008394928356
3.7277449347470415
2.9579910442382999
1.1584397971373039
6.2255962142348515
4.3403437429580931
3.4987523603353994
4.9782372136000221
6.2084693704064247
0.7419441841941232
3.4692915469723724
0.1271619896238647
5.9204826262281385
1.3147286939690725
0.6479913163316821
0.2277002544098077
0.3412820691374126
0.7380184031438733
1.9191678696882508
4.0784782624936380
6.1613083217154925
4.4484347893192142
3.3068372751768904
0.6482655894293636
5.4236079940452946
5.8340188627199439
6.0400376093681762
3.4426847663519022
5.9663211843263806
5.1659858373934400
4.7125548278458913
2.4858258015270946
5.0053084985170457
4.5907316897737322
0.0714298087409307
4.6478436121364908
6.1174983366022113
5.3341526323354165
3.7175187269381627
3.7515187247984283
4.5057018820300732
4.2810918070904398
1.3952905005159175
5.6579752412222595
3.2737611363222126
5.4064971330842102
3.3572041048084480
1.3288619652543827
4.3451150375611487
2.7638987323606297
4.3220209042093307
4.5356400795283047
6.2333849105003507
2.8715602769875157
5.7718964743537295
4.6604185492193029
4.9517800985567826
0.4596341799544699
4.7456133184124916
5.4265379463930197
5.9017084986937132
0.8683352869210189
2.7292292480747640
4.9670198380135089
4.5021169354091448
0.7274582620273756
3.6438081658494008
5.4774504016565810
5.2589916453089085
2.6682576123773409
2.3532745137875342
2.0838889369584663
0.6104198425966293
3.5397690637312413
5.1236499511174571
2.4107692270001575
2.5688997812897787
5.4174237771576763
2.3551631036353569
0.2621220781162495
4.6056213372676922
2.1862327403321791
4.1458868577371577
5.5790344158141121
5.9294243294020399
2.9172437265137918
5.6938995137541841
1.6062583164649695
3.6969702622094087
0.9630318974395617
1.6338421200101922
2.3587632301142860
0.8830414179010959
4.7646398415870985
5.5114964767534484
1.2299649323071236
0.4862518104070866
0.8798135750344280
5.1942582138407838
0.8927856165609672
3.1176393186941875
1.4112649946138009
1.4937347111898891
4.3318837228625471
4.4437635702452942
0.5162108604279021
4.4471712554475902
3.0441480523269782
0.9983490942932451
3.1641193516777948
3.6618503569729781
4.7166833764356912
0.6985067958215053
2.9203765352990469
3.6075308152543801
3.5035692156574996
3.0776017375156903
5.0578161475642425
0.1346170841830837
3.7338685226964867
6.1236437568902682
4.6993980318976725
0.1388381297034169
6.1665952762463041
4.5324632615936231
3.6769830683908467
5.3532679442948155
3.4526395130604954
3.6868829744024461
4.3238513623925758
1.1401354089460023
3.9120468646215985
2.7997780266787347
6.2357421954525574
6.0109789325792864
5.5456726886187999
3.8444650857204281
5.1742086007669297
0.9629844051869703
2.3435558574084183
5.3109101198492450
0.0540821766014787
0.8036879836566050
4.4415224325878695
0.4754335474216900
3.3185181454837727
6.1808675379028539
0.5839422045566599
1.2540355247310739
2.4030303736626437
1.2626773693177669
6.1800109668195100
0.9321898710014106
3.6538507850363091
2.0713953855660261
1.4649371404102705
2.0808226087485839
5.0932560761997880
4.4299303537448775
2.1741312799480830
5.1185063772791830
0.4599087769390230
6.2289691122627735
1.0390980645961347
5.0909374326787145
3.3034610322884284
1.7597603892273133
3.9718258382141642
4.3248700720995688
2.9042581707532897
2.0957303431345311
3.3275551902574438
4.1792048439486305
5.0704517943057352
5.8508805541474391
0.2279488069010628
6.1555015082437956
4.4015465705942205
4.5793317868599894
1.0474077903090664
1.3245135951014266
3.2821018276651492
1.1208398876714620
1.1923724120973036
5.1157605252556371
1.4817789218244635
2.3203921888877299
0.6449920020822677
6.1544946080353586
5.7158230949220155
0.0717701798667566
2.4319913603847523
4.8576644829351032
5.7384349811235156
2.0015207784502511
4.4705392326725351
4.5649683550608753
5.5689689053248701
4.9913966008820738
0.7508003678990367
2.7123548353831661
0.6062968851367682
5.2494694339612762
4.3330050209253521
3.8932331786899406
2.6728590915782724
1.9910197436999340
5.2017019625033170
0.4193164163541752
5.8320454139916844
4.0176571400624672
4.3005952256079594
3.5318768187783394
0.7511348538461310
5.0573092551003151
5.0026309308133809
5.3831614228563547
0.4515707431019012
5.2098294670186949
4.3155340585655262
5.8536961132528527
3.9343077116847538
1.7983574749495241
0.4276371595696329
0.1164671547579709
2.4534955118086552
2.6355845119225658
2.8810784035969017
5.7677676088287493
0.3510619712586792
1.4453424206903596
5.9374653534211239
1.5844661443739891
2.6679483461230862
1.0560900333014795
2.6714096933878806
2.8905167864614989
3.2523394045987808
1.7684573648920627
5.2699955059658876
4.4701698192455694
2.6184183804824204
1.2406342502477703
3.8990705185855337
0.3613564475866127
0.1527043214579992
5.3723043479140431
5.1995274126612552
5.4387047425931252
1.3354214889949287
5.3448481265112120
6.2152639707818755
0.2991318112226912
2.8012534553745914
1.7004249050468940
0.0272865711723516
4.1546100675700099
2.2066710060229355
4.3093968809891976
2.2404031003556231
2.4796227510115294
6.2050076284583602
2.6355659232225030
2.1733324238716776
2.5077539490870109
1.3989240837539443
2.3469267764557569
4.9649491762295730
1.1761224506996788
4.3419733908537603
5.1053186864056093
2.7091276485030527
0.7277298413644934
4.5779992113395434
2.2374217982174183
1.9392094915782403
5.8397109321617977
1.6645980800851246
5.0024117812627580
3.1819307955116729
5.1685140662997542
2.7255542917183639
3.9055309014074227
3.7171090593292426
6.0764615074450994
4.7134820837176639
0.7682286806902158
1.2700226678723530
5.4748687406320853
0.7561307747047917
1.9789941361733594
5.0764615088075367
1.7213724992216932
4.1532450907151750
0.8979310420421465
4.3036463160367981
3.5169908878591052
3.2558831693755979
2.9497496386848017
5.4646771467114439
0.4194122682277147
2.3384950910292384
0.3997177204608068
2.8987241999276181
5.6208661403482205
6.1909046727538843
1.1619536417038121
4.3518005346528232
0.5722721837463882
3.1384807539601223
2.2708260576489203
1.1422717371981268
3.8469937109260632
3.1064482936108724
1.6336107370248651
1.9842095755477134
5.2203360482848336
6.2469685589411998
0.4537098488852176
1.8383214355765172
3.4338757117456042
1.7211303870406589
5.3064920421486059
2.1215812435474124
0.9120529445065048
5.0812681109064153
1.5781202728949346
5.6022631776004790
2.5329801197483652
5.1733496023592469
5.5289242382590063
5.9655322409402753
0.0471694392056584
4.5538239679598345
5.7531767131176386
2.7556748010094467
0.8127433756191217
6.0823784213320131
0.3134230435344446
3.5992763165297532
5.4374066910501107
2.7285473719837321
1.9969152561999171
0.9483986702093066
2.7692088291179409
3.8762366705520561
0.7814670176257583
1.8924126599519702
1.5916866219839410
0.4498950175551247
4.4557588876323742
3.7370624251614850
2.9473768225392365
5.9324096501025663
4.6027656993282147
2.3780122967977544
1.4108746644381986
2.0247941170235060
1.2088254769646549
5.4260356653084303
0.1471828168829053
2.3291368907239689
1.8442035886598664
5.4002339071933818
4.2276551371224667
3.3321517885734999
2.1379904875902667
2.7221395809302749
5.9600522151093411
2.3724176830214629
2.3559067631679023
3.6781521245981836
0.0618991879435932
5.8723156544949253
4.4534249798873429
4.4172657857365731
4.9146401978675849
4.6440141864059310
5.0658422740941820
4.8589079745155495
3.0887496026169430
1.6035991004876182
3.5286484634858586
3.1795155152129069
4.5872633273033729
1.0678260019640127
4.5515002991824085
2.0749229927413979
5.3810892046427066
4.3717129214669646
5.7343537359927277
5.2400544037734242
0.6674068521999197
4.0104289716683761
1.2657501264159967
2.4737928027155185
5.5151413539831546
1.0343860937757021
3.8973520118332230
3.7363995313500258
0.9260147559075561
1.4794898953876097
1.0982253163296900
5.8770806307035839
1.7428288491329298
