3.2166594719912909
3.9463299296141914
1.3555879799498816
5.6670587333629916
4.2020054247710723
1.9431005599859024
0.4402013281382759
4.4983066011575552
1.6848082504629360
3.2533075376361977
4.2627917834403535
1.7862579595008179
0.4635062891211171
0.6472439020862343
4.6418312780298709
5.4669375619353513
0.3782622173032729
3.5075356778304991
2.1423992852744824
2.8231835935606004
3.6315677854160566
5.0872707468749025
0.9293806129232172
3.9140442248000480
0.1230513398763950
5.7523097406117598
3.5567345708881848
3.0177236460115804
3.5702582911483072
3.7444561821009192
1.8390645181833996
5.1779802675622895
5.1780030546276175
6.0092378324058817
5.0820809967638301
0.1740454246212789
5.0236292629832757
1.5579451728973426
2.5909125838358040
0.3178534156103971
1.1357369468692440
4.9572866885336282
3.3970175142670738
0.5842811553981445
0.0503351168161820
5.0742691410614613
3.3323009777317187
2.4175245988306866
5.7908200716464329
6.1864770951160004
5.6574104200973538
2.9941617348807132
5.8532397473052180
0.4347479599876413
5.7979440298993712
4.9529174988197022
3.2921831565858328
3.4993496414897569
1.0914985293090196
1.8363929919278237
3.4171003116146275
0.3304608273578417
6.1883785161148381
2.9590177542325331
6.2084305841161287
4.6244495278740718
3.8184809982326131
2.8334929051725979
0.5958279199831586
1.0207464441959300
1.2822085985717355
5.0550394169458048
6.0834848827081300
0.7408744122937753
0.3866253533383688
2.3892409009972502
1.7015082860609383
3.5722949239581978
1.3965352449346773
5.7825002887490795
5.6554653849471848
6.2071552218003303
5.4532265825630688
0.3660359168395325
4.2192499789930222
3.2593184214709758
2.7117114295222811
3.8743596219216965
6.2504646730563937
6.1906211983343447
1.3666241948361857
0.4909950892990284
2.5860639976351201
3.8337553787836720
4.2135784618534249
1.3386456843618839
3.3885136318694111
1.2649508927147732
0.8083318444235534
6.2139531246031021
0.0725522554672633
5.5669969448079843
4.9501774406747225
6.2460567691271249
5.9184219187184803
6.1971803614787575
4.8921963219876181
5.8126072818472752
4.1980488166438379
3.8977706551875739
0.1085430407689971
5.2394410510837686
5.5494917739639176
5.6725310039784960
3.2145474654048085
2.6438575621385394
2.3854863982730659
0.6322266671437964
1.8438427597592897
0.4443922960804398
1.3300785268859607
0.0952185302691318
4.7537877519155263
1.6788335186346937
1.8940322955257691
0.8714735734897817
4.6250339017380089
2.5343428346667372
3.3527083024180473
5.8694573503955674
5.1383168002795889
5.3713585299733415
6.0429086844793467
6.0951022224173892
4.5707773240893044
0.6249276298100381
3.0490483324549924
5.3707545841060904
1.3648171347975346
4.2758454615204542
1.0844012848594662
1.1041451649743568
2.3409916262431469
4.3226914304351238
1.3382872308027418
0.8391244859585446
1.3459512986341140
4.3130179586860180
3.8231684327883988
1.5372770856262739
4.8265197958237733
2.2566448138799298
1.0569754280760304
3.0942144696987457
5.7049301325082080
0.2605636834095979
2.4154871672857183
3.8515200942000050
5.1401115108953022
0.6051671709296941
3.9759173939731292
2.1806021779070925
4.5984648204573828
6.1073401792816560
5.9715456391726880
2.6612887294729783
2.3333963599462630
0.2157157359735225
1.6223199413562746
1.5623325054156936
3.0277686016334351
1.5724341964667183
0.1263452193402094
1.8305321307017186
5.6078498623284014
1.2231872582132008
5.0850508281024975
3.7820696171722243
2.4961284888149655
3.1164209593969066
2.3332843084849642
3.2319284176488563
5.6052426227203167
2.0494904512787131
5.3212273757020228
0.0118002825592963
4.0360436994950604
0.3287190699962532
5.5813870713249090
3.5779484363342573
4.9442445677062370
3.4923900570864759
5.8645342090024686
5.3020485327159896
5.9403001784340930
0.4864247261735016
5.3224354129145661
6.1627921039808129
2.9077698500426408
1.2012642910772606
0.6456039717044231
0.8838248467004409
0.7384768992875300
0.3172251911341146
4.4694792477157286
5.1904074821790545
2.3087055800071483
2.4352973133101523
5.6817931015924295
1.6710382142059277
3.1292732439807223
1.4968431287579096
5.7426647420059460
0.6128177890316756
2.3587866778435611
0.5171215487001650
1.4541831011881456
2.1986853205096621
2.2692622081523064
2.1937182548064116
1.2820247234591406
4.2002451208580602
4.5931336681177770
5.3232924267734711
2.9484550953368980
3.7743571546949228
4.6220768943885320
6.0317506888610408
4.8739541873022718
0.5837650822038707
3.6067994646863539
5.0181735010171042
4.1489812799225456
0.9010805122320854
2.4904629238785909
3.3982437071289313
1.3677429314990626
3.1857483506609565
0.7311750138456556
3.0874251948455482
2.5234985208666267
4.7956777492610279
5.0111636172931462
1.8003930768932084
6.1974845892940280
0.1249827620909346
4.8283295959395574
1.8992116327637976
1.6747940432129793
0.7143517810941969
5.2444095415595937
4.5855845854098698
1.5633262312184262
1.3376051541917273
2.7616178405619363
4.3098618258701498
1.6081261305964720
3.9346709711871197
2.2342655588672145
2.7303824336305560
3.3788222104662355
2.0142865141249833
4.7186758001904625
2.1009159833908093
2.3156472321624055
5.1902041856283958
2.0286971386400463
2.0338551405783005
3.4453921881548739
4.1007649899810161
3.2736356965552926
4.5603211673086337
1.6658108236530449
3.1736775381197457
4.5911365474381558
1.1370699417516494
2.6921344753388823
0.9317640591367501
0.9980540576833508
0.5907808954723394
2.6519152729089486
1.0503975763997859
0.1750852255230025
0.6834358257198239
3.3855673149136827
1.3694733283536082
3.7330682494958389
1.2587785712503949
2.0098838849566931
6.0112608316991674
2.0888318430414983
3.5087611664262823
5.5298087644687417
5.1903613979407002
2.8181530491879325
3.8936375445811677
4.8602861662770422
3.6525325972030180
1.2169331957608704
0.0361960664371697
3.8676405741690418
2.3066431986440579
2.8274134547641254
1.4583550461931314
1.2382576652247852
4.2243663205397342
0.7293124379917375
3.3739726491635831
2.9737389986832001
1.6992719491655628
5.8994283065075228
2.8632097460048231
0.2656835612340903
4.7260218237510934
3.8583975119789780
5.0980623848770863
1.5348604971005657
3.0528698353323054
2.3028296713186998
1.9291991459178042
5.3469992302555491
3.5716601342652150
3.4710818211177354
0.5607372620541452
4.6704416029617883
2.1204088280836686
5.6612041817647469
4.5491397083224481
2.2735432079376792
5.1501951417874272
1.1531822749101948
4.2222210266743829
0.2700834825406499
2.6837548945778509
6.0389060753564756
6.0814926935844591
5.5448855668657080
3.7938181793319719
3.7537159986228419
0.2422863715602989
0.9301093237385666
3.3541539650882881
5.2097232755594103
2.2745283076303782
3.8639765869057277
3.7452824209085951
6.2247331175028817
3.0828970426149698
2.4289596096747847
1.0719878160320553
3.1961111850869717
0.7177984997021375
3.7185189281478959
0.3543726307410155
1.8131438974937373
2.4934339197356734
2.3047532761060703
3.9200388290748203
6.0309172100137189
3.7146827495128671
3.0869485277863160
3.8482607538473141
3.2634480652042415
1.2476904791996712
3.2970909238238386
2.2155531748665611
0.7744522379089349
1.5994897970229545
1.4459123466977413
0.4300005558464242
3.8363234344550010
1.6745314452767663
0.0212297113196653
2.6371618420523806
5.7134648533135337
4.3670738287800583
2.1410781518010307
0.5897474980417887
3.5083995810815161
4.6680189703197037
4.9466377283786800
0.0518784964303287
4.5550727568797038
4.8952326832303683
4.5281649009345468
4.3000658640566636
6.1569520868257950
5.5670385974020924
2.8136106232377620
5.3960777602160555
3.2560872302297628
1.8691818288300242
3.4612542989533712
3.7238975542784205
2.1784938259462376
1.1787582847075109
0.4930721094095039
1.7033174892916028
5.9240450730908822
2.7354937366615761
1.6781667837487204
2.6841038735460079
3.2897938672721354
5.5751504610684171
4.8135328360389922
1.3235403205964864
3.2331676912134002
2.7174686856225829
3.4727385402631183
0.4506181474173521
0.4019044086515010
4.4514420811347168
0.1199260991087264
1.3832562044765122
0.1064082135996979
3.8954839116919717
0.7675348564744974
4.1411765924449435
1.1908387007075172
4.6224235962995657
0.0152767731066915
2.2849136146671549
1.2569914957712485
3.9810046099721745
2.6654934070398548
1.6603457483704909
3.3914970253794126
1.5037714336195602
0.7010075276156760
4.1942318840306561
1.5040718160927011
1.7082769314194057
6.1128204584891952
2.4825163644841974
2.6338502725190476
1.0602493522414209
1.6240864304896114
2.4505763447930065
4.5439506540389250
3.9880941063400268
3.3333280540845180
5.0334702090843724
6.0602644080579537
5.1810804427920889
5.1246053196657373
3.2206823688809383
1.8026402869084461
3.7393334400680143
4.3517003301373691
5.9442796474186288
3.6812118497861137
3.7757426903062163
1.8704676366836965
4.6301311447481019
4.4655037069761354
0.8870439886145125
0.2650480324919660
5.3369352366295244
5.2997784143364521
1.4695788906306522
5.7927405992396421
0.4022248683099697
2.5023672356890865
5.6872291956709882
3.7890097133110148
4.2988594455614093
1.0597005345852601
0.1820668382103158
2.9025905134412295
1.4377389854491220
1.8343512786076026
2.6158312796331646
2.7987134045442943
2.9651942188326861
3.8139963511145631
3.0913753910001813
6.1370960692479581
0.2371209107077050
4.6797662804352758
3.3660252106081745
0.9605836429170306
0.4230141785361787
1.0116586783317714
1.0386526720872395
6.1671744174830714
4.0372068919802171
1.1581404726552471
5.7716797292352071
4.9225387083102197
1.9381600266725849
6.2622359567440711
5.3169637026676329
4.7275666402259899
5.3662459550194033
4.8353249002233314
5.2122720652919012
5.9722962331728375
1.5083476524410218
3.7663555168478031
0.4272544574474770
1.9840785330897035
2.7998100294868840
1.9413333728924322
0.6624435055960650
3.5126636137058438
0.6871928655849249
3.9992828130161153
5.8716487324459408
5.7785925461137460
5.3361417635354078
0.4680804965547798
5.3669340652196862
1.4461799911206255
2.0639681769762293
1.8102208490679219
2.1719999311064111
2.6342428121139974
5.0849921030516780
4.0806132678566600
2.2601741810330020
3.7753829410139499
3.0498010144715781
2.0186206033402696
2.7381826701760184
3.2642583665047877
4.0093793855296163
3.9306380601077016
5.6029401781581161
3.1655874898221024
5.2060600686008440
6.1684209812196462
5.7087461413889322
1.2585142139969618
4.0800421554332118
0.0445189033717846
1.7831567262853345
6.2231550022089994
0.9501898167183208
0.7434294884729358
4.6578985946506206
2.5505095575572905
0.2285031661865444
5.5837983151808359
1.0598976255473020
3.8938934940298702
3.0694573360655673
1.9053470116183377
6.0090615924056596
4.3702401703060341
0.6029847411788328
2.2165810627436398
5.6740849160828937
5.6769392524365099
5.3834011956650469
2.0224289667280271
6.0791548719606450
0.4742432362828626
5.2921965586627921
2.3373563762461727
6.2403725035595130
0.1275158608889396
4.8201537070757201
4.5205214881969935
3.8455816424217684
0.2414510667738929
2.5184727449523603
2.9801949952223046
4.9536248551350335
1.8381446597793361
5.2994757634262459
0.2894815779169683
5.8777278078261848
1.4266924124366158
1.5558869519214618
3.1730632519474966
2.3907097821101320
1.9476976569922668
1.6123862249293841
3.3526455263912722
6.1338625784638632
5.8882670657784342
2.4983668658797256
0.5495703941410526
6.1009378823131719
5.4985696873945331
3.0107257616675915
2.9444701153968529
1.9492061581869089
2.2271983349368987
2.3149939374428770
0.1864819272850745
4.6180419970825648
3.5632131424520903
0.3681933468625013
5.1753304807386211
2.2404970410670257
5.4498032197243838
5.8936072182978432
6.1036506775390933
0.7302371335418578
4.7954123858070661
5.0239382171389044
5.9792828168325576
6.1332822375702580
0.3272476947420384
2.4644073281029786
3.7317989777412355
4.9849261854076987
4.2852247185271537
3.6589208169172234
1.7911000818707756
5.1819913070801942
0.3355432325527705
3.9707736420746218
3.2034503053755978
2.6644454989161166
5.8171679911972864
2.7807093983258704
0.3558545819176279
0.8739375821178237
4.1924048750481298
1.6026391945967653
0.2140664638723736
5.5702230718471046
0.8775219462532505
1.1991228171869714
2.8738592682597757
3.8762189767310691
1.8772627493569212
4.1487640727819812
0.1570395571211927
0.4988733255409259
4.7447098142304700
5.8945850980840664
0.6695058449740320
6.0359295897262397
5.0402167086995640
1.3837143984680889
4.5861945832834508
4.0817859093768121
5.9291695611727917
5.8331853706494243
2.0109207764173958
2.1421715120246421
5.9837764569590233
5.9563655628910270
5.7807848514326370
3.3791602508515428
0.8503674444214251
3.9874303708561278
0.8367703227793358
4.2394898119182880
0.4713517523882855
1.2880275297601778
3.8776018270082364
0.9919945809768126
0.0275199741319499
5.8603119825365804
3.0215048114941765
1.8796229678613268
2.7687395638414123
5.8010754725566169
0.1201669122478896
4.5940013531974930
0.5574878923638156
0.4244944987773687
3.4794834515114386
6.1413862919558122
5.9033661422353347
3.8702648514399378
4.5059963310132156
3.8057381138870907
5.2638118483138872
6.2186760239707066
2.4714989496928594
5.1942505802050256
5.2226348017660262
1.8517924611091348
3.1950097432963234
3.4648954510765488
1.7718550387587879
3.3989464920442241
4.4393081443911457
5.2990044452283644
3.7396697047617469
4.5632903995309322
1.1361889110382313
4.0216296575815029
0.1438370086675685
1.5227502630818150
0.9066960355325097
1.5509277660030776
4.9901144411605332
5.6085952585188679
2.9092442184287459
5.0399985876463926
1.2491695937676761
2.8017753605864950
2.3141630409481757
0.0188322657977092
2.9412586891754153
4.9493942211967719
5.0230202138757001
2.5290131735264514
3.4584808393201074
1.8385235974332608
5.5295573937547795
2.5579681304475286
0.4887737431802427
4.2607110196495181
1.5116414244127783
2.5584118282589952
1.4731661273864447
5.8662812682451868
1.2111327076916061
2.5424246954939602
2.4888182537800034
0.2646200692950342
1.3106302966963985
0.8604136035712304
5.7186086019085112
1.5859376796313378
3.1065404204864757
5.7815562179791868
0.1443660016171742
1.6956648991668333
2.4253794474371606
2.2499935698802696
2.7092668969708193
3.6921436169702324
0.8404268215038195
3.4389132424058708
1.9605509357700082
0.1928382509705671
0.3508143495799475
4.3416978794386569
2.7145763611998466
5.5016991409508229
2.0305219250695186
6.2032626190004212
1.5665336138242127
4.2509819076314015
2.5600230242279394
1.0374865728798623
5.0020814457857510
3.9949492720345097
3.7838845217691084
0.0280508221686552
1.4274286484522274
5.6711017465829121
0.8812150992124126
3.6087014878733932
3.8803031868431410
1.7816395296012524
3.3036436890245784
6.0614728996361498
3.9923503386624364
1.8704917463899819
1.8754363431899903
3.5795531123627877
2.3086520872594818
5.6343800398979811
6.0857341205991062
3.5512873371730014
4.8886551431997383
2.1701401263820506
0.2232641050240364
4.8044234563660053
5.1410579019077547
0.3560102337141396
2.0713371601911108
2.3394449580283840
3.4206894564311141
2.4915087042398221
3.4631459943236758
2.9082296245447092
5.9626355101015029
5.6812273070740638
1.4238137874419505
1.4081145899666925
3.2065349770654765
4.3787466159193320
0.3094375429698836
5.9186621132622488
3.7231777462126443
1.4465169593780292
3.8956017312944917
2.5064153248804248
5.1127578093281816
6.1283085622910356
4.5979127310462351
1.9261892317551150
3.4339701280356691
1.0886829535396312
0.5808702449034682
1.4909161482068938
6.2380403859677021
1.7278146314864513
5.3385295920310227
5.0295807091307605
4.2285921923893142
5.0999030183180523
4.8036988903874178
0.3016513348438809
3.1123353651766394
3.1360092318096289
2.9849034541203898
2.5533270097842209
2.0056775654279759
0.6452772141617311
3.7140422771436494
2.4145934165071523
5.4639366702555696
1.8650812087337134
4.4140445388970591
5.4737849681701061
4.4759148633235535
2.8956801232286256
1.4904082499345430
4.4170746638174050
5.8930572460911765
1.4994903970950060
3.3670062908522227
1.7140539737375098
1.6633177490221500
2.2426848780241806
2.4468632220820594
6.2673831337945840
4.1612708828703324
3.0814792541934106
0.7468493140448134
2.4932193166128274
4.6127453585495664
3.0252665815404951
4.8646357010844978
4.2991576203497575
5.5067661805818666
1.4754811579760836
1.8931392654742372
5.1633171812554268
0.2918099536280161
2.1002231163496612
2.4425769809482221
4.5084720500623856
0.5410827825787424
0.5040884281926434
2.5843857800572527
3.0579389677789077
2.6303588507372972
3.0172440836271224
0.2957451872775886
3.7709409458513115
1.3996489741987077
3.4344047382053109
1.1444472119742302
5.6452822130100015
2.2813441356003774
4.9467988384084576
4.9089267598799156
1.2956299526971289
6.2612663784164253
2.2364513928044083
3.2399077375934162
4.8142423243287764
3.4441124333226649
4.5335024382621052
2.3356623103306799
2.6672955470452675
2.6161262293598946
5.7023407561924460
2.5779803256077374
4.7469396155235577
4.4424198880639496
3.4758878950661347
3.2639128566488407
2.1213749180889665
5.5236337038646193
3.2152641759836307
5.1641842445029829
0.7667459854831249
2.2237793427899661
1.0838806700499011
4.6463587632579939
3.0401172881449607
0.1379478695399342
5.8365681242696237
3.0978154877197714
5.2579475828539666
5.7540113054366939
3.9659477513019947
5.7167216700355628
0.2441280862839552
1.7881417676200575
0.6717069045071616
2.1542487298978297
5.8959321195642822
0.0215794341141921
4.7709226043102388
4.7159847575947653
0.5996099737066597
1.8339329894787859
5.8756481132925025
6.1538646361376061
0.5521540486463999
5.5912326261516512
6.1380151453920835
0.8173680683851863
6.0499014159714672
3.0893916589693680
0.1035707577300762
5.1966098541152688
3.3714991044229405
3.2644088324198086
2.9255093036058906
3.9740339826915880
1.9725649269930596
4.5108522467734398
2.3051342824272774
5.0810447061048443
1.8950338301133427
5.8521198406936161
4.9347857202791738
1.5709158908803547
5.3469930543754822
0.4229719942406198
5.0815557037440975
1.1627008196568740
2.7767272300882837
4.6211716939914984
3.2002321528225766
4.5671371458278616
0.7040928849115796
2.2239981211600450
2.5083347747766194
5.6668984613833615
3.2405604960208070
3.9648429515190280
0.9602189712230832
4.5611314487600136
4.0960750072265757
2.9025424611625583
2.0728399680195140
2.1398071092220445
6.2056910110691534
2.9856052543074361
2.8212648028795684
0.5805940894430978
3.6790746522488162
0.3578405150679934
0.8420730920370484
2.2549809218444570
2.7794455956456754
5.9452211997015869
3.0935215082222207
0.1520996470041331
5.6881618242397129
1.9080872687174171
4.3633238703207251
0.8642836986270525
0.7895037033679130
0.3026675768620266
4.9004800741415888
3.4016893465042739
3.7370179016113703
2.4598217873433392
2.8508426525595052
4.2454350863343269
0.9649782003039393
6.0827016090229584
4.8050351655406027
4.1771176530974703
5.0798559408662483
5.1742791719057699
6.2634663548035858
4.1775856848533905
0.2350265791666824
2.8204323916767065
5.6115829583937655
6.0163482456565207
2.8509166231383269
1.9433408733052415
0.2529215837717609
2.5448156576017014
4.3745560694883849
1.1843024583830875
4.9798348137570150
2.1937413600399895
1.4734820654753866
3.5241158872916438
1.7258524413231018
4.9063651417865222
0.6234867052006149
0.7726946226540845
2.4384657968892878
4.1404027003848674
2.1753473567135559
0.6811818963822051
5.9296109672524606
1.8367560218942953
4.6813495530855880
0.8847036004145723
4.0941559081458125
2.0718316319085957
5.4132402033099458
5.9480038111967950
4.3421289850038569
0.4810866246617291
3.7470127763107897
3.6242024676452824
1.3747532937182054
4.4589363323992011
0.0332360342283949
1.0081067488245115
3.5830061335872054
5.7308438942761013
5.1483306430784364
3.9800030831610433
0.3183507625769350
2.2607927675884829
5.3034889418028657
3.3395486816883930
6.1718331438509484
4.6026979911364494
2.4790488003438602
1.7071193397401312
3.7919364212728768
0.6825814130239163
4.1638572422097759
2.7603092117824399
2.7995237775536599
0.7555562199493648
5.1411841115978998
2.4749386678712009
1.9657880793908271
5.3645461454694958
4.6835468739358950
2.6464338094250532
6.1409010695809600
1.4220258956211989
1.5873585781155517
2.7642178286271446
2.2777944212370422
4.5464317834871562
4.9902525948734944
1.2233707054735599
1.6504326583293027
4.4523142121475718
1.7277882724683848
6.0954103007490303
4.3742178820099742
6.1335346090487493
0.6950894797022139
5.7747546814674697
5.3249248357598828
3.5928020805251535
5.4166381063832771
3.6444520493399852
5.7187744616212006
5.7021341288258780
0.9288690541900705
1.6834815641285128
3.2310110167596466
5.7769070622093981
0.7885205157532928
6.1735955014212527
2.9662450442595696
2.6795260541409776
3.9332538875063237
1.2459972922273714
4.2454429100946660
6.2781565157051524
0.5099345006537359
2.8944717883352298
3.8761506129380221
1.7723033986604353
1.1894422289447140
5.0229214087655674
1.3159122342664566
1.2446777114424286
0.4064115752373371
3.7530515693480426
1.7745316232892856
2.2259605499293817
5.7655235243599590
3.2825804412468278
6.2198612743401522
1.3290897967735780
0.4931953094471246
4.9496799842430237
4.3698545630186150
3.5545019884599061
2.8219696869003736
5.2039223676042932
5.9049323170852919
1.4326468979337750
0.1990877571405332
4.0672748818217013
5.1837805235062548
3.1062906724663004
4.2834466555853368
0.5416984408856937
3.3618839414084083
0.8544773903713171
1.6984016926230172
2.7332109788921950
2.4885015028429756
5.8011002893636121
5.0230349623044841
2.1422190643569210
2.3230195177660757
4.2083443448191611
3.8315376970593205
1.4868029807662073
0.4376492635976900
0.3381303249997105
4.9714582523349762
0.6821309319536689
1.2108457600639246
6.1175674116535541
3.6709533683722704
0.7488335265938346
4.7560691558516597
1.9593089839508340
0.8972081323162664
3.6800581493207414
2.2244194520134557
2.9071291073426559
2.6691923071307637
3.6090756043944343
2.4401269053182335
4.0160451500025127
3.8011039893959406
4.3964860636601921
5.3939693626473204
0.0883332193701764
3.8213663485436653
2.5888564290142906
1.9072208510972193
1.8153275065296928
4.5894321631307013
4.7217092327724624
1.4506720783839930
5.9454479277223777
3.2091237771522514
3.4129241460683879
0.4642747639525135
6.0864100960419796
4.4296008157753723
1.8949845033915180
3.7795546882568303
2.8191526280249635
0.1033882248863875
4.9839654081992046
3.3818029973494910
1.0433438832899722
6.0071747290530721
4.0122269954069729
3.3752976151636349
2.9976514888646206
1.3920840348955754
6.1945167479446228
1.2178566132111073
1.4608778158528799
3.8313024644820137
4.9438883317429845
5.2867690971300370
1.5810214304092600
1.4968386856923575
4.4115765377815688
0.8455351118338786
3.8847841339367148
0.6582049695790749
4.9956448686215724
4.7719193846512677
4.9425871709854956
5.9310735010990321
2.0072941132141349
0.6533435655202482
6.0984918474097922
4.8350125808221414
2.1823411909484118
0.2467625781149336
0.9902269439488163
2.1521651288928769
1.2043060139317998
4.4280041049435379
2.2446206393697721
2.9506842371173962
1.9730740671375342
4.0319934603117487
3.4100922623661374
2.6368383051766138
5.5001251307042800
1.4664194410940430
0.1248107930936898
0.4473123958700314
6.0875929419371069
3.2315712468270155
4.6253075552218430
3.8172686452779740
0.5249372925361340
1.9461515381594017
6.1642351689601833
0.5741151683019133
5.8761156197250983
5.5232775459790941
1.2890825404119390
4.0514221887646800
0.8412509255690417
6.1709557079444828
5.2547715775296595
0.5292799848627964
2.7820644229124696
3.7996415022568426
2.3488320562074501
3.2948956908318392
4.9819504429199615
4.8194084691735242
5.8757304253811125
0.8555198753547081
1.6461951729416622
4.2261490609935093
0.5379558026290847
5.9780959243052729
5.6133861690133839
5.8076286957104433
2.9687548295895003
4.7386925689313255
3.6989068930308542
5.3954423828157543
2.0015477545402391
5.2238526192665953
0.4215167695176348
1.4475897904790633
4.4319531097402365
1.6618378694467311
3.5410460723079904
3.7796407122671072
3.7487604011858866
5.2329592272268419
2.9536718819826739
5.4563228847776646
1.5231509194891897
0.5911776844301656
1.5682819976893509
3.4025546107778006
0.5009491586233603
3.5086103904530348
4.6476312962019266
1.4512537930610752
0.8155000297862919
4.3018158507210567
1.9802140808775872
2.6078720739449408
4.0839246477683186
0.6094535588545559
1.1212666463599492
2.1643579353793467
2.5000538515606472
0.9188036186771361
0.0564307772697615
5.2149630297030072
1.8045588728273467
5.3099366929033982
2.0478680174466475
1.3853907742444276
4.3304744056658260
1.9038766586617031
4.2559351175466711
5.2705295897788540
2.9430834652073199
3.3894249397291705
2.2088175592242449
0.0655995104862423
5.3677759163077505
1.5499692047750926
5.2711990249734058
4.0657525000127555
5.9214232024104057
3.5667339383934062
5.6589348518987483
4.8790212622032998
5.0563166471368568
3.4067033963886844
5.0087972334362254
2.4979666761782324
5.7715873993039777
0.3458653652000221
3.1257533558474417
4.7618778613170418
1.4723139361313733
4.1436201504441534
5.0445997965662848
1.2072553071114365
2.6395480736247521
3.2386233662787332
1.3476324935265356
1.9039848307182428
0.9581064574178129
3.9636321615248606
3.4557762378169619
3.7038131610623148
2.1088133271954055
0.8840346141912392
4.8507964481184178
3.6879082917542889
4.4921014617026316
1.8936675625479533
1.0918474966688769
0.8925342568976085
3.4433407801750349
3.6246455894449876
2.8917448652640139
1.5527037152490801
0.9894850345678725
1.7996689403552200
0.4412744174114815
4.3201567130270817
1.6660797485422072
4.5030328430254256
0.6796992766843937
3.6428122477521612
2.0877755590150198
3.3768761995689394
1.8801813615342702
3.9378394464227848
5.3291179116697611
0.8650393182675697
0.0341220912066333
4.4639254101926609
4.5161457722005682
2.6638503354015977
2.8098727410148299
1.9150316685357169
1.1850911712437813
5.6308415932435745
2.6878470638542526
3.3898165066115151
4.9091582498001651
1.2932322031969736
3.5211974651010380
5.2149087456721386
1.9866528507136545
3.8328036111511081
2.5520359843717446
5.5899206928871115
3.1693713856903676
4.6131615896944993
0.9592340671810127
4.2242363841783614
5.7651074052901086
3.9723045357536360
5.9350796667720447
2.9545382327457057
5.0355460983174867
2.8829017437402520
3.8776121512170869
1.1855144581951649
2.4279882604804670
4.7691984831741960
1.6905072682367717
1.1102786594211116
2.4726107765853107
5.9197704213310054
5.7777776015914366
6.0719887698374144
5.8220940242129604
4.0065967016064752
1.5845495960876426
5.4451059371223840
3.0668483997121463
5.8220583704874436
1.8278590187073938
1.1320152765483487
2.6987961631755235
2.7341191944862260
5.9663048385003368
3.2873231974877459
0.5931188953916917
3.7184335418926988
2.6568993342096867
3.6112854183949570
0.6959333127783168
4.3832688575385159
0.1423389201888104
5.8369987450001801
0.4426236209504307
1.9503185865698178
2.7884915049058008
2.5081467921034353
2.5563761012303607
1.9141628574038645
0.6144281722103897
5.2671699188114518
5.5999644545008227
1.4942750431145571
6.1455887475955349
6.0408503419569568
5.1951777290733814
1.2343065780668887
1.0456837931217944
5.3777156678113398
2.1395442761432402
2.4859426785339083
4.1538382188228731
1.2128389710385477
1.5792119847451156
1.1069610011327213
1.9199129955939800
6.1011584299929611
4.7282972311528297
0.8392094179306576
4.4479738062259058
0.7415072258904681
3.0285676353810005
2.2997205110930357
0.5686012420481502
0.7900036276473009
3.1914486425172566
2.6070148615883677
4.2843217566585734
1.9363637896578587
6.0409002448570348
0.2418979549210550
1.0571169960393929
2.2175726088279450
4.1752687281736804
2.0312131757858505
1.9474714630121479
0.5520505153105117
4.0139892344580481
4.8837380159567294
6.0706915682954126
5.5372671295865876
4.9987492184021072
3.6540620715218948
4.0921008625377624
0.9315281718138739
5.2258259527210056
2.2039605419713681
1.8959894928394772
6.1386717218170430
1.9311862843033523
3.1649144160528553
5.6992083811006014
1.2916768118141349
4.0610645193377417
3.4744035116340211
0.1900532603069980
1.5381485548385685
3.4666969312823621
1.7977879369100169
4.1599976226358590
4.5029316098217667
2.4632953854160013
3.2249104830360049
0.2661296928264268
1.7653405939036453
6.2773562332598587
5.5720974182518601
4.4648068097460119
4.6149640357598427
0.8310922180921002
3.0184530128290898
3.5423715724653038
5.7157775880438617
5.8082021401415522
1.4442872942548957
4.5417162438840259
0.1880603993835909
4.2144673921266120
6.1667303836125553
2.7597301320497856
4.4157535261972578
0.5763647529937179
1.4542215987497948
5.1042806054905379
3.1912806676191701
5.1665139288111499
3.8693442430342997
1.7687615789958089
3.2285854007628596
2.8102262414969044
2.9572322299508826
3.9322749460005149
4.8721830062720217
0.4334224518456789
2.1220528832000274
0.1224229511627286
3.0402113065120351
3.9029502660304338
4.6509092536936416
1.2430941184356490
0.0888305715523976
3.2742760121877206
0.9380869455420672
2.0268806162096369
4.3702640762030409
1.6133606402786580
0.7569809298173585
4.9020962535714352
1.0778997371480501
5.3879715499961627
0.3930729831406572
5.3933801957843910
0.0889944596139618
3.5299823758530904
0.9708560183012914
0.3112900794252480
4.0739547565689316
4.9921450480013689
0.7869691961228727
1.0524839095445397
5.3499285549811635
2.6760058862118155
1.1300609142972078
3.3277779310110605
0.1049957867008826
3.0275225407888726
0.4415314462514530
4.4864392606571144
4.1266810689621298
5.6733408928091880
2.0741933663289163
4.8065921033786214
4.3517611568513175
0.3408740820581940
2.3062289929844377
2.6660366536845288
3.4496638582969639
1.3226977488890643
4.8643097228797059
0.8330593485972456
2.7733411489078441
1.2449815747127420
3.7739777344912544
4.5901048556308117
0.2001596616183242
2.1777304252714584
4.9057330906508581
3.5793238503213560
5.0659724456828625
5.7410790047131206
4.0792165853131381
2.9355499514601608
0.7939780072709104
0.5632860143369520
5.8450697270493395
1.2054021752414388
5.1477030563985764
3.3401296824118454
5.9369153377811470
1.1139597068595626
6.1458557629114416
1.7921419621911339
1.7751875993348507
4.9848586709505334
5.3249712668245150
5.2772296442003821
1.7551166118030106
1.8074771973563195
4.8892770068853828
4.9757229390188344
3.0120233212892886
0.2554103826105740
1.5252345320361820
5.7831862743777380
5.8064490394073198
1.4587726508211096
3.1405126402823038
3.5723678471771021
2.9297822544657648
2.1104516577271193
1.2885193482045387
1.6923239771532597
0.9241004631249371
4.8261707348232603
1.5719328827941574
3.5417786916255376
2.7507207565487279
0.8923323587586753
5.2038853010284036
0.6683296689579442
2.1693216249164298
0.5106193627625452
2.1677130968362777
2.8757578140787912
1.5859326427921596
0.5919604957600182
5.2708605276577565
4.5818321098919572
0.7815911570469871
5.6887306036160625
4.2215182118153107
5.7598054586169338
4.4849080165747566
2.8160571223410784
2.0308317393153095
3.0730710707962259
5.5594774082795491
1.1980158593403405
0.0829748093451500
0.9431504867238812
3.0976569505935085
5.8703077032025650
3.7350520230854554
5.9766695509611552
5.7128763074441959
4.6590369649665213
3.8048988972574156
2.1887855838878152
0.3778528536437943
5.7392398013782113
4.0083555950373633
0.6793730544053188
3.3588384798369986
5.9430632553479139
1.6223041170314974
0.5075451064462377
1.4598170008261022
2.0385059601553506
1.2822296293022253
3.1786649237034994
2.8683221256132603
5.9258928190152309
3.5941292029454930
4.8103419955046460
4.2138235634245973
5.3686397171425142
5.8072340458600040
3.7128452107530383
3.9200065661729613
1.4047088899909341
1.7892641549331409
6.0994878289155707
1.5397952091402862
5.6519036668997806
4.7808904958698983
3.3385639820045250
2.7221515917497667
0.9872510991268514
5.1210467804429278
2.3603570585308531
2.8058573264783391
0.3222947255507258
0.4456537083730795
3.8282642679516430
0.6595850214701582
3.0180527641986963
0.9308814860799919
1.5509321415963548
4.9860582244695193
2.4714624449846947
4.8488503123969853
2.1658675464527586
3.4621440688272118
2.0421612150621558
3.7619408593534573
4.2555395366573112
1.1200027515762014
6.0505157441813040
1.6799499811518708
2.2805368491137412
3.2954277839305695
3.4493952476689786
2.0874658820205014
3.1151256923308011
0.6418517236986706
2.9075362272664518
0.9399204064777557
3.0095152174197426
3.4678952182051592
1.5985700816389912
5.3927468846266216
3.0816284862308843
2.6071591666114600
2.2561225014880111
0.3675335045475194
3.8811255777565918
1.9120216358009006
0.3385438141815366
4.7050642639020017
6.2356251605112849
2.7911913483548823
0.6786110042664976
1.4139367657761253
1.6273705120717075
0.5124221275508066
4.5441954795737542
4.8790137155445290
2.0706219241731296
4.5191425605031972
4.3609751484418098
5.3457999930494022
0.6294900025965724
2.7565443444453708
0.9328110176557975
2.7365588864564945
5.1211906901472517
2.7736129239301026
5.9855469351335584
2.1138811446399823
1.0794090141153538
4.6151984502672843
5.4813764354802261
6.0514122869862339
2.0690965426489814
2.7329152453948788
1.8447862475919272
2.9256813665518742
2.1711311388049506
5.3755348520131339
1.9852625984903045
0.4537167179067041
2.8866370554541732
3.5624150314716143
0.9953164890176436
4.9570669006641257
2.4561455607091460
5.1026577969140741
3.4243174073220146
2.7876610186564705
4.3324872036831108
3.3937453486911346
2.2288904548305259
2.3298344877730695
0.6871295948926615
0.2459512251380142
0.9295379929843214
5.3898597191674309
2.5556275184380093
6.1549692447359714
4.8641540964909593
5.9916110718281246
4.6203233767898881
3.1203505552127058
4.8715323088960707
1.6919702076466749
4.5866627748361912
0.1615682783572779
4.6595241700781154
2.2804710856806296
6.2019558189592860
3.0373473196602605
6.1634294409541859
0.9187989975027901
2.0691255182740553
0.3928705104614905
2.6170907037096303
4.2527502077521548
5.4188565136218072
2.1881387319951893
0.9507620167372789
1.5749875471600450
2.3548501217098634
3.0022972379291253
3.3890742465629478
2.3065504282386868
0.5678432384860507
0.9547947729592868
0.3741907885016803
3.2490320939065001
2.4196988368281795
4.7590964734330141
3.3669697048864156
4.0258998264173433
2.8963256379034492
3.0748265747115653
1.9010093585513317
5.6143916897911446
3.1310277433596063
1.6499494193494866
6.1193208823213254
5.9804386383219761
3.8516788844149232
0.8695331102223409
2.1012051062273560
3.3226674463418777
0.5681385144959211
2.5424500080390531
3.8768264176621519
5.4577058149878663
3.5137065539664101
0.3867897667752385
0.0442401735265531
0.4533283977239786
4.4393701252742925
6.1346434297239165
0.5545532741400122
4.9854105460932914
1.0499076318755132
2.4139224802506876
1.4283270774852814
0.2013526824324410
1.0980657359275117
2.2715402067884556
2.1812403852424818
0.6372433244836080
2.1150684466146563
5.7549733946217785
5.6836679164660966
4.3870460650548724
3.7623513875091992
0.1623463822054444
5.7086465950845424
0.4454148678832621
2.1142642415441260
3.6772531713473269
1.9544530192296752
2.9318605058595000
3.2973140962751399
1.5557360809044116
3.3262873280276732
4.0050776850652108
1.5537488644650479
1.8216716598672120
1.0500003238750875
2.2389853473239971
5.3520485346062294
3.4591165645109503
3.6674236761276360
6.0208128232785425
3.5746799321206071
4.1221208121536392
1.3585297190206373
5.9213697135839727
2.3578864949784641
5.1626177118271794
5.3421676281180064
0.1817322211808690
4.6686157805201391
5.7822959220781032
4.8396950444458984
2.7313419254447084
3.4681725253039635
4.7686638780186668
3.0433441331506996
6.1562481802326952
6.1546888445342471
0.4737878213099799
0.9703056991165858
4.7446094478386280
2.4881788484546687
1.6559144082003239
3.7451225556887446
3.7778821490744696
2.8103168482732199
4.0789684076327193
1.5529261956364437
0.8478114338662639
0.2299761208775458
2.3796237261245721
4.0236703622528616
5.2886855436792573
1.8976213698447084
4.5993308953836838
4.1612500149623637
2.4859094689881367
2.4654640469331759
0.0032208074677378
3.4577719906936637
4.5703912821817552
4.1476628792222137
1.8224045927174592
2.6657688622940903
0.3902013766493161
1.7198429065238889
2.4868479024858821
4.7178850808054920
3.0778300003302794
5.4449524209523936
1.1435813309813070
5.7119199182863243
0.1213204367982207
6.0596217774454955
1.9325920786548665
1.6752704599773511
5.3223399008055150
2.3833494779866418
2.0785099889687122
5.3553527353053001
4.4695671541285371
5.5030199306706491
0.0855642953464856
3.7516931787265575
3.5537440132172482
0.6156380531783571
4.1247857959609435
5.8926671583055130
3.1109029595981004
2.4594558347953579
1.2212981702526520
3.4356496037984736
3.7545784506263784
3.0674390187258020
3.2691994658049333
6.1179786344903331
5.2958657745281181
0.4454242962456166
5.2318515890555251
4.6187827818928691
3.3598869916450802
1.2300453838135865
3.9567250517234052
3.3063138270505146
1.3787681273774781
2.5249798936533918
3.2362679145507425
4.1797400180676600
3.6416764727767097
2.6421953386500365
1.2608388326031894
3.1608285153352713
3.0355302698386337
2.9167473408202769
2.5135521426550094
5.2849300532937642
5.6296284538673254
3.0020510669008869
5.5648729458776973
2.0885281981968626
0.0029079978657050
3.8680619359449331
0.6209128528244745
5.0593447851109197
0.0011935769673944
4.4218026368956886
2.2086835358694370
2.6125130386488222
6.0265783612605022
4.2684070290028302
5.4265440674980727
2.0435097368326200
3.2191895291591650
2.8640745492773201
1.8452545927692692
2.1428873759241434
0.9300452671847647
3.6632256071170719
0.8478292307617621
1.7243211674818260
1.2326146159314362
0.0190019768855381
2.3291683405820991
5.9479649020119902
0.5514485192138824
5.0099070119578499
3.6894597466181587
1.0102228778512066
5.5642358727567993
0.7941550363890878
5.5788162296412507
1.4196381352518661
0.4671960456942315
5.4587090502250506
0.2413697404714906
3.9992418623984709
0.6786540668775879
1.1469607324199516
3.0694448616653345
4.7729377172091452
6.1348180734786792
1.8562783297589704
3.9054406398131571
0.0541228781887695
5.6785670229490135
2.4334951940809733
3.6247896885053312
0.2206160157624377
1.8879182450196419
4.8555823604847532
0.3679331186260980
5.6524545381772615
3.0827153126644427
4.1842992476169663
5.0789272973432782
4.5800826406523925
1.4564943730844573
4.9201989584892774
3.3182797191054454
3.1026344013415161
3.1197329982106741
1.3426177577460330
1.1997965632023830
5.9166493641918141
0.7953687258526343
0.2948640074910127
5.3598035673423459
3.3516078112412786
1.1923457678648326
6.2491565337088000
0.4195778984807872
5.3547185688081003
6.0046605489101479
4.5824394859703546
4.4873782868455727
6.1419005306123280
5.8872042823509911
5.6835112146038638
3.7075264451395533
5.8696277254974074
3.2491005494637921
6.2229271383214959
5.9493246036400889
3.0006855501379692
4.1372664789903482
6.2244711461926423
0.5193373067348690
2.0567623083093745
0.9691518785401001
0.8474720486707904
5.8715349071726148
3.8646419131376510
2.1793845806569547
2.1651573515559246
5.9807011854034187
3.0302476362197064
4.4308734941426593
1.7800144030948462
1.5064688697889073
2.2448981440582991
6.2271635613197915
2.5588231233909275
3.8151684998274678
5.1762805125852092
2.5386288564652904
1.2423021066216930
6.0780481973832989
1.5802579421964495
4.6560636675557490
1.6140615031542536
1.0727835106888886
5.8628458607600207
3.3930889517441556
1.2143562053424382
3.5959616556971739
5.8953380930814374
5.4400868946368695
4.3619112748088726
2.1170771349106543
1.3169127795825470
1.6220657025656713
1.6676446567643275
1.2925206574051815
3.9178008000825515
0.4986612251791163
3.1147870223349656
0.4508343928041618
5.7368927534730858
5.6258800123493877
4.2786002017991596
1.6034686323240226
3.6266778493192393
2.1784119947477727
2.8735436983714182
4.6148553475237932
1.0708685248782148
0.0296086958239461
4.1367524668842384
1.8238349428408100
5.6461703459916528
1.2860013944667996
2.4275227519516567
4.4690179763328279
3.3691175465270167
2.6729982734992053
6.2677617620907444
5.4566143132802729
4.8502437346968916
3.6946443098384152
4.8867401659730518
5.4368840970684653
2.2590639891395194
1.6376738210463251
0.5415028126962690
4.9119339577725505
2.8015652549375814
3.5810812171474962
0.8974749755096210
1.1348377932853453
4.1700376317616916
2.0094531571913987
3.6966840655286517
3.5081048722287567
4.3714822310935570
2.5193848093096110
5.5214485252424614
1.8794759871899236
0.9800990298168069
0.4615769966941499
5.6064681231109192
5.1451623594954521
4.2174691818312624
4.9454533367586517
2.4118498614740314
4.9115499762572759
3.4527755623882870
0.3303321999418539
1.2681956215836125
5.5815489016284090
6.2259732795128997
1.6532809035706282
0.4033627080901480
3.8567701824184901
6.1806714827230111
2.1762470549640081
2.6086667776849368
3.8626929499520277
4.0231718259884017
3.8444078957804728
4.1459153498317578
3.8908838300315014
1.5003678174212909
4.6868666427325341
5.1725230840482768
2.6160227701698706
5.8082919836981111
0.6757266804729366
4.7996359298774962
1.8041303814533298
4.9268464967791026
0.8943730474217669
3.6559514909944846
5.7706691062435418
4.4879297908978355
0.5263877596910224
5.3215719261477217
3.4419477449882701
6.0312073451023194
0.3782009149844636
2.7081099595481408
3.3445511327235917
5.1324467207341353
2.5714594971564328
4.5028965322795793
1.9656406199552490
4.2797814312539328
0.1224795979787796
3.4070834649455186
2.3108350819419292
3.5045626342860814
3.4805264519445216
2.2978765548660278
2.8592579221446033
2.7835476591239021
0.5626778485869235
1.2602895848617437
1.9999511633964289
4.7326364768811144
1.7340871775934308
1.3865484589154182
6.0589873210192664
0.8947547073555546
4.5057729648800287
3.0494710898327302
2.5687036165264177
1.5222519296100780
2.5075126281051952
3.3468409269631563
3.0872584740090119
0.5774104138623047
1.4487297299918622
0.4940760431876558
2.4833081430802495
4.2150526191916811
3.5345321752070840
3.1852367620954536
2.7729361350597421
5.8989561524872940
2.1625778339805741
5.1354641411945767
2.3828752511063969
2.9008822009693338
4.0084808486959282
5.2993509082825252
1.3277158390618153
3.3872821339690145
0.4567696441673318
4.8533971770475874
5.1569197531937778
5.5477728321220257
1.8705890346026184
3.1245512371395567
1.7291845652749065
4.1678916068508851
2.8720601760477500
3.0791685861045002
5.4932304589418006
2.0762696718155906
5.0209051380463183
2.8063828803546969
3.5210635664044907
4.3298010643956015
1.2272283916684084
2.6818659005368239
5.4793326356153491
1.1213360038381539
3.9122874602941216
5.5061415107631619
1.7028692158417575
5.8959425720930012
3.9172385940853318
1.8919526882588620
0.2867330513397517
1.9167438503819290
0.4876260462617135
2.8016320289767149
5.0069001178735562
2.6764321483697984
1.9351245042342671
5.0572769165725822
3.9255976767345722
5.6734578906339515
4.9021877486893235
1.0697394445516417
1.9280639642672490
5.7779425190075369
4.2428015450211065
5.5570580508482355
4.3067631148326058
2.7378961832655300
1.9977591829553245
1.1659898743925945
0.9172759259981724
3.3842971623139837
1.5054035877081007
1.4221645716890696
0.8994325119900907
2.8519615447113114
1.5164490009868767
0.3367303107147990
2.8339659194142701
4.6196548845917311
2.9539248299722156
2.0381976955970762
4.4889701409578953
2.3954104768571680
3.2576536751833269
1.3477036354830176
5.3983001489472908
3.2287708673082696
5.8294746116376555
6.0437110809279426
6.2397375083074529
5.4210340199623968
2.8109687527652669
4.9909573055055318
0.9003342199636927
1.4369234347130020
0.7722165030000353
1.2807484823527429
6.2814294583149088
1.9066951864120938
5.7439828393410250
2.7015416039824007
5.3366777037866253
0.7831137692110045
2.1774853284478608
6.2174704056676759
3.5285062903843776
1.5114021726817699
3.4498703065407872
5.6504202197042943
1.7873612596129291
0.9622725566329707
1.6751828415554866
1.5034744776982232
0.0915544166034945
3.0110138900588037
5.7416136479156492
0.5376100964696501
0.9852333550201532
3.2762749976155381
3.4970089862879927
5.2463951851459756
2.0138525902032183
2.5413038404261705
4.2032236207675435
3.2413756000949556
3.1194008998553096
3.1873485966744997
4.3070347000260547
5.0028204775287568
0.9309132520963611
4.9401930131036007
3.1175849725473728
1.7180875424693483
6.0771984819801546
5.7265641016875914
5.0956090781981231
0.0937210904390157
0.9264731820524956
5.3632125838727323
0.7879009664552057
4.9947474938192142
1.0695857276023277
0.3882287362760395
1.8327891559930243
0.6261453937590126
4.2252314300320357
5.9420360254562370
5.2486605112494011
2.9348349434706686
4.6800903533714271
1.6163525965929428
4.4220697710343941
4.4245775277896184
3.8289489451142429
5.6192050233988038
5.0660276384021286
5.9493332774067280
0.0422718848249011
1.0244819002256946
5.4229780164293411
0.5473746051333264
4.3700752108196133
4.3467728336245459
4.7903663559266771
0.6693337129524987
1.8577160133432244
3.8547349641911186
0.0935374806760102
3.7821930984457222
1.2774078731753691
4.9279987226653841
6.1225319355515548
2.0800628601304001
1.1856039216185388
5.3585160716059690
0.7320339997387677
5.2114986314527671
5.8663519817627439
0.1341935682421729
0.0566957322008624
2.9357317532950979
1.2640013634472700
2.0335066463797360
0.2869141053533773
2.0703607945156044
3.4008697779421384
5.2378257121101850
2.5161491489025583
0.3913832345549198
4.4018313468419290
5.0510747713944548
5.8316011680657613
4.4874654158052119
2.3612455974620561
3.0920456099489790
4.3717251518062508
2.5256334217549763
4.9786303883176757
3.6835327117875494
5.3622862575163888
6.2168184222327714
6.2262747742838771
5.1325252698957682
3.9257540417469778
4.2046204207598237
3.9964362681226677
4.9212558321137507
2.4768267673278976
2.0388499159053515
5.5723668669380801
4.9132463408448874
4.6263710398948330
1.2693057951048679
1.6400325634023123
4.4978111492684896
4.7417337322315074
3.1322502036907514
6.0064599542581520
0.2081974253453771
2.3062893353624800
3.1433026237811332
6.0815581198675908
0.1951983132898200
2.1379085504522966
0.8661809308443924
2.8340545063459062
1.0195995561030649
4.0503135438495530
2.4966764331680595
5.3891155720447879
2.4774148745965516
0.0326951956805356
3.8929239494634178
1.8210328869154333
3.9394881805826847
3.1572383650838587
3.4300413718959772
6.0100864304366048
4.6789508584928061
5.3877331536299167
1.6766860034965347
2.5373440586344587
2.6393878712477550
3.5060406707417404
0.9446522926810935
4.8210324162018310
1.2399835136495103
1.2477003686263439
2.5518101249017544
5.5712011407796895
3.2617335279368320
0.7892023307771884
1.0209281533444274
5.7591388262345298
2.3218765547999305
0.4807345613138139
1.4746128828632956
5.4030321055976867
2.3994955128784441
1.5360312559426854
4.9938120830831823
5.8702229287737469
0.8668408904080332
1.4478174467523659
1.3350606906601843
5.6668604106915321
1.6604687874405502
3.4696072082706788
5.9071097933065051
5.5048062823963688
1.2866260901761368
1.8128195482952931
1.6812938520621399
0.0397791812089079
2.2094508405879019
3.0047770043545183
1.1559535261927045
2.5468893478644463
4.4984020988477260
1.3545217604125561
6.2204074125403253
2.7152284798924633
3.2557083511224914
0.6229625976292872
3.5757684604843747
5.6549184913571624
2.7917668706785794
3.7732719485426989
5.9159761080532665
4.8374249574062462
6.0120238094162923
1.1641517449540895
3.7300468863404874
1.7974081608815100
1.2325708340914256
3.6282609512321553
1.2913334873418068
0.8353800252559151
0.2734387139618952
0.1003230703572298
5.1483173917003144
1.7337960068086002
2.3857933004289427
0.9252161905122772
4.0539900778450999
5.2963709390718989
4.2562533368496176
2.9201362663975612
4.4589906324771906
2.9815482203957275
6.2489505869121871
0.6560220375799772
5.6880418982808862
4.5662642652645191
1.9880729216716737
6.2239576350891559
4.0779514333135545
4.3226958448651347
3.9102076395588985
0.6903873686448572
0.8310895500018886
3.4767249711009911
1.5189180257201607
0.4543396707537111
1.1537299564139194
0.2466434057161048
1.0327969653633500
6.0000046436667844
4.2008521649263297
3.9715850319405708
4.9983428292169982
3.1618882724374786
3.0643247291328821
3.2473906923905376
2.8996167895679030
0.4513323026137893
1.9907792640312063
4.7373332932606074
4.4313232746350577
5.3238644362490124
4.5755961325562007
0.7307619147275215
4.3727842199439992
1.5043095592093831
4.0581156090044921
1.3751275655975135
3.0601669496525674
1.2884334307311684
3.0314434879301824
4.2847845487726222
5.2224118256557386
0.7195799964044881
1.8252198011998928
2.4261154278148829
3.9671495878768011
1.0035082104993061
0.3204795816863873
3.5643317852198528
2.2674580946005629
3.4321718166631214
6.2787749004494797
1.1171068889357179
0.0285259224997842
0.9894691890927012
1.0380809903289916
5.0150769758390821
0.9704635831427537
5.6162898679745012
4.4326652245076570
1.2997267211385182
0.7671974049313282
0.5834992107369193
3.1408593473291946
1.3174930889470911
0.4753081711118283
6.1012449649792693
2.0579280847739492
5.5180511321904326
0.4138238182586341
3.5459332534010768
1.0793811543987115
3.9492809196384568
2.7757671849501162
4.9551768485738608
1.3210768821447698
2.9179190019746790
2.7018480331892909
6.0629125830752395
2.7960630789055241
3.3969895242946695
5.5047156512163342
1.4129749090732939
5.6337884886802616
4.0750950325159288
2.0406290638378990
4.5232720497955938
3.8345617877302596
4.1497252775218287
0.6711812771997421
5.4043020207007180
5.7621582307346744
6.2147026637852152
3.6910162504284729
2.2493222476830308
4.0958008617664001
3.7526259955569889
0.6627022607836595
5.8444592233422883
1.0393595532393276
1.7023449644304658
1.7626611286538274
3.4466648909460256
1.3424159481101097
0.8419694914127456
2.9598196541406274
1.6392565507686123
3.6304754026103008
0.5788686907324223
4.8004450937633925
0.1964098806763483
1.8313808675041867
5.2002845193955913
5.1368506862186294
0.0381495838722522
3.8513080786744007
2.9959575935992224
1.3075550267885545
5.7551357865709916
5.4041609912260666
5.8400498200099094
4.5387539630576468
5.0129602874060586
4.1894898308412065
0.3157468471997714
5.1426494084291239
4.4443883640895789
3.6447133703937573
3.4652600434210679
3.9502199928736079
1.6271626290569525
3.4638971177350864
4.2956083300260754
3.8987617175367926
1.7519770918228132
1.0095164102813208
4.8848848713190796
3.2738654704124115
2.9681662229351646
5.1013634470754274
4.0565252061043395
1.9243792134512723
1.3806452750818474
4.2938059890571108
4.6332652553740017
2.9786117186883154
6.2152574991855536
3.0289099322474895
5.4196907102232972
0.2801661544613385
2.1104272148299619
3.4426484580977625
2.6209310623201469
3.2169596336158643
3.1465323155385412
5.2054301261695706
5.6416571591999665
1.0976284133568390
5.3579415186829138
2.1138267877695549
2.2279597655881020
5.2888890607339407
4.5031512107336402
1.8121575378297583
5.7230249252132008
3.8875976468585867
2.3743059380808935
1.1329188598460280
2.3461448029128560
4.0580956945067204
5.4382400056460503
3.7408014583209601
5.6318407146652909
3.4838081492028876
2.4426211276323953
1.1769972198150811
4.8019820928069468
5.0284008845906225
0.5596218874969086
3.9590061733990303
4.8806130864742121
4.5043938523562410
5.3172141908538002
5.2161164325099811
2.2660994355236852
6.0482735932584424
0.8153451424700453
6.2531066346253867
2.4072070862047803
3.8142149741965707
1.0415103393356790
4.1896263505891609
4.1738847544625655
0.0922920586558930
4.9457158395566543
2.7655983183693844
4.7681109611706018
1.9886364466996833
4.9040130080020905
4.6274356840573594
4.2672824766315376
0.7410095586966112
1.7868151890889514
4.0736223194754890
0.1407787663697105
2.4028118109050540
1.4992263719612928
1.4169938606466068
6.2395642962152458
5.3395345984322313
5.5834210621648035
2.3726913664796827
5.5558054243169961
5.0559228772106390
0.1794922336541736
4.7813767858796767
2.1853425803547362
2.8372882427890809
1.9675957197193250
4.9547301607518586
0.3318512581522879
5.9024623444761346
6.0879470869143768
3.2001437351669590
3.2038838680980102
4.9482742804461068
5.2735537759016626
5.4658184795827296
5.5682715508570944
3.7339410332531195
3.2355336642533317
4.0054131759380400
5.8758563410527014
2.1128596077047956
3.0843234061960203
0.2871798453818897
6.1669233417242246
0.8930900012953197
4.9036007808184561
4.6423146835845204
2.9323352196317853
3.5004315437442486
5.5704978049098024
0.5663403869128993
5.6800202811393605
4.0189490672809844
0.9595213002956878
6.1746637609828694
6.0502398558127517
5.0048118777652908
4.8388205103039370
4.9883082021374090
1.9735869323084685
1.8434244415772303
1.4119761936456672
3.1492022488894666
5.4378921924897243
5.9083170182626032
6.2367098512744770
5.3543742067783322
5.7040418298023772
4.2191129758173611
5.1844512012075032
3.5146517205869823
2.4226027442770741
3.5484683428985195
4.2662528246825042
2.1201001953321565
1.3383215424650805
4.6048059554072367
5.2711729480490535
3.9443693596374874
1.7296540032253769
1.5662839251978435
0.6225824440012077
3.2346697690454618
5.5772977056373545
4.6146770300102107
3.2255074574570060
4.1764348846333181
0.1144220203752141
5.9953724509856645
2.6605312501868861
5.6851139169887883
1.0334025753541356
1.9119888886043463
0.3455795049620404
0.7588216915668693
5.9096003374291239
6.2329631456833159
0.9855278277651819
3.7573840889421271
5.0428298807758418
3.3339227501113418
3.6678308353678712
0.7586941480797109
0.4115728628816860
0.0051979083252803
4.9987177810471213
1.4451334777569493
4.5415539703315799
1.0149501940593324
1.6753176771037672
5.0569305548812551
5.7937982471078620
0.5504993127353016
1.8479731324023847
4.3148505960274965
1.7920759774495383
5.8849722930892652
1.6251713877606999
2.4585902907481096
3.3696408601628351
3.2187228175218747
5.3075231485832353
6.0206954821372323
1.9639189308738112
1.8352989696949000
6.1806442232453795
5.0165307451806678
1.1724642745816460
0.4739145990462349
0.0997028625520083
4.2358478847603251
4.3896744287475098
2.7745522119786723
1.4020290928520056
4.6828230918110636
3.0626302614332013
1.3023639503641562
0.0752203516155864
4.0314341137301932
0.6248978670994821
3.0498601812802333
0.0419720808982258
3.1939170629919853
0.8972551954753377
2.2938724658780325
5.7034633416560689
4.6689548973531307
5.8951408023533789
3.7224559510488171
3.8541692843014244
5.9770331942208328
2.4884288659509717
5.6723850900096595
3.7408266343724148
2.4829760909565315
1.7961801067201653
2.1474578435148817
4.3293318077647616
4.8757318756885111
0.0493096309019963
2.2012005985531826
5.6451167487478866
2.3115719454071151
3.6321745250088653
5.8467147453258619
1.6903362019400319
5.5168340044904483
1.5278596287013915
0.8759040659766579
2.8018825510379060
5.6961899266934992
5.4433057458336966
3.2189931058202630
3.3489308809835627
3.9174589480371873
2.4187498428648153
5.3411178748412294
5.3547340494199904
2.1645119870467737
4.7843266155791104
0.1749102399805606
5.5350511293248905
0.0971727452274284
1.7985825367053916
0.9681759395272109
1.0695302228798882
5.5871493994090944
0.7297925972914165
4.5721411422148162
3.6688514202284481
0.1363184255348202
3.5165534362932105
1.8483556948826958
2.3545874326685436
2.2515953316734536
5.9835339611514540
4.0000067388042924
3.5923672615694344
5.7276095432034504
4.4388993438722792
5.7486108091145978
0.4322056654828656
4.2071006588950626
5.4741863327881894
4.1696663198452981
3.8066234482098125
3.5476273272779282
3.2557183254117446
2.3321529544357142
5.5530044976655555
4.8847228332707457
5.5383525685164159
0.7789265079300949
2.1739374734741319
3.0627064484235298
0.7851230269145001
1.4729839061035810
6.2499749634151032
4.2274302601931497
3.3363170581737074
2.3502648157736088
3.6953275142268662
3.9291759872528624
2.9902627581655983
1.3736411532160444
2.9848832106957834
0.7281937160206688
5.5855933615400062
3.8192969140777429
2.8344161958440339
4.4651072510693544
0.1801480704003258
2.4085883849334180
2.2773297243026183
4.5417885414991463
6.0061857802799663
4.9355603482442874
2.5835345468595361
1.4632580427266373
2.6036751392992219
0.3269514686079751
3.5845493291388202
4.4174995165536615
4.4624306278429549
0.7967602400763231
4.0689160238265591
0.5864528562959056
0.2628166560262690
6.0116475706275008
3.6215566453858283
0.5652920360313733
0.7142135143592123
1.8478397268948590
3.2528108809754781
4.8912363671552868
4.7586602457422780
0.4909500799331174
5.3099247372590002
2.3827803709238449
1.8222837164666774
1.6436461570067062
5.2719790252909426
5.7540304210427253
5.8065026668762521
3.7220485709587980
0.2148577715836646
1.2228519903210779
2.5736261616750857
6.0305550569669073
1.5431820585518277
4.0717271758817040
1.0043273823669323
5.1359115695544757
4.0575581027333536
5.3466229287600235
0.3972123168988260
2.2397299910683874
0.7236081634256902
4.4222389849408925
4.1593372931431185
0.1329807012698718
4.5371858733036303
0.2538583674893480
1.8186160054143705
1.9888548632279899
5.2936652920187930
3.4862155739524452
0.8668864390493851
4.6593571831674838
2.2231786264079973
1.2110268405861508
2.4648460479214824
2.3396989260511760
1.4969200927116335
1.1486294757222866
6.0134946820259829
3.5018197418247197
5.9578256763642328
1.7469811512124225
4.1557576280948281
2.7140610736577004
1.1204298315966321
4.5519051583180525
5.4808243655805402
3.4706167001186898
1.7820317201859008
1.4147031412491653
4.5514792965401618
6.2137115979970456
4.0031305852484040
3.1992293705657131
1.6546295641833859
0.3086821432530965
5.1910601244446326
0.4399692759360178
4.6580923417530311
5.7569938779438559
2.6780682968178402
4.7519764785908905
0.2351147194810818
1.6382969704576178
3.9708477175288670
0.4760825002665158
1.2322574922967966
2.9131864791208653
5.4429999615482485
0.2813937179433990
4.5970936077362543
2.7468703953608147
3.3010506963490851
3.1559157653603571
4.8966515980113918
2.0603353030384417
5.9837530592190529
0.8188319500649408
2.6935919548270029
0.1032965800085856
1.1828868049921231
1.3366448118617758
1.5905914100153697
4.6176528821381746
3.6647435567377200
3.7236117734897198
3.5367631771821268
1.8762532864858579
4.4197213822155375
1.5612666518259697
1.3109554597297264
5.4172057483810354
0.6084928980378125
2.3801233801293709
5.9106735326646582
1.4751907797298209
4.8060876469527134
5.3290256463131103
3.9357370183806397
5.4389485558584321
3.5330927242852916
3.6084065025305532
4.4495517358897478
4.8613411803732571
4.7494619476694542
0.3658403860816012
5.4534589055011704
3.8105910203754592
1.1566094286535660
4.8596138650615046
3.5791096499337383
4.2009111184734635
1.3928967340324978
1.0010057751785446
2.0986705691174472
1.8534446879782418
4.4323670723067936
3.0847218390946631
1.7311706600372863
3.7404759200127269
1.0210174620730088
0.4592914026582242
5.8157154370662534
1.2769686407002618
1.0917503387746188
4.1925397625578640
4.4581332867943049
5.4468922454595265
3.5494214544128564
3.2751767321136951
1.6137459346108085
2.9659716535150809
2.2484696578833194
4.1869929068092393
2.1845193743821509
5.3334151058322119
4.6390259801118994
5.4576615566779560
5.6791962534571061
5.8906476570298461
3.5167231381601636
2.4852954281873205
6.0334819254743550
5.7309732127650994
2.6300049570339152
5.4766652630960033
0.3830719179467094
2.3044663561569725
1.0907232645345728
1.2965712482889851
4.4910810756011621
3.6412025161158126
1.8320506109775612
4.8627120614365618
2.4873745793467901
4.1809257001995794
2.2455006396684785
3.0755997006672557
0.6802399400685859
1.0427408002558494
2.1103207314985220
2.7198671992141525
2.7936660190280582
4.7681615119945082
1.4771328388963265
1.6996788730484220
5.3583464039562694
0.3375273229905154
5.5792426619678848
3.8982265951728023
4.4077762757804395
2.1739635846866778
3.0145099071693333
4.7933511424046236
4.8888017439744802
3.1696298230524262
2.0220129333551640
0.1847536888689369
3.3500533756643369
2.4782021864840109
5.5159265528047792
3.1993599681931029
4.5542311294179019
0.6922536810582950
4.0534793156731439
2.4061586371973456
0.1482726821038249
6.2342764853125070
2.4073959329362884
6.1090487421522681
0.9572439754641121
4.1325840179856472
4.1709217494435631
1.8077178680623944
4.0079683891299283
2.1921771884152181
5.7263504216623549
5.0636915808503833
0.2488206407287742
0.6715822286785461
0.4424341897960786
3.1148779888833293
1.7432631141385828
5.0692257434823684
4.4775335272339998
1.0442512745596180
3.2628443300484120
6.0475906018891088
2.2994076031688930
2.1161557094038881
4.4726793255889712
2.1152091460163169
1.3453776434985463
6.1125284217114251
2.2964234598819107
3.5063348032314554
1.4222038691946137
0.3796151702939982
3.2243104538699616
1.9349000993418195
5.1972726533882900
1.2442331660152985
3.1551870029923470
3.8093605332732934
2.2528873223591366
4.3589162129099357
4.8783549787068461
2.1758313879443798
1.6061143023108080
2.0094397738012022
1.6351807612351545
3.4250178771447470
0.1488250202897137
1.6764089712076751
2.7027033375005494
0.1937016926590396
5.6219175831897772
3.9911304337711195
1.1461894273696405
4.0617513848868283
5.4293564278434792
1.2982220360689372
3.9130686685104914
3.2597658448314535
2.6747544511220509
0.8827710394662299
3.6054845540192462
1.9985967455466715
0.0417959346815820
3.7364469997619150
5.4928894673345443
4.6246876942835140
1.7072226310398202
1.0729696025113531
2.4488984613654470
2.6641735529298503
5.5779030265614855
5.5247942097575145
2.2557334528414619
6.1096751633890136
5.6971679422738779
6.2462527847296530
3.8631864169820544
2.2305694332296810
2.0995291728254499
5.0702104501638070
5.2800218166796382
2.1596922025512604
0.6794509112360608
4.2972597397158543
5.5917656104687037
5.9589043348554442
0.4197258106610186
3.2859991274833247
1.4748104831445541
0.9469026409694581
1.2966781112699692
5.5199422783063161
0.5059943588453202
2.0416865176574222
0.6342784515837040
5.4096889459790569
0.5356675979106329
1.8730756783292843
3.4464045231703704
1.2050620522274211
1.0132048595687260
0.8476338779744645
4.9854113093130241
0.7376326398082145
1.5859582377060828
1.3969139003207758
5.3488942420399050
1.2048816999152738
4.8382309355555639
0.5148112388173940
5.8171455772723384
2.9786841637504464
0.5905198990551681
6.0431071505017755
6.1576355470416662
3.6306991762873086
0.8166239032823559
5.3125748290429415
1.1365199537768342
1.0554120345273610
4.5296901283186655
3.9559087079946518
0.4717907975637201
4.8712683843716054
5.7132020076429022
0.3115483680883303
2.2255356252332472
5.4968915954902453
4.0887421003030040
4.1722791834093869
2.3492506089064036
2.2988285989518280
5.1058963735310483
0.6169307665146769
0.0040781157044509
1.2123273986494743
2.9869764403709018
4.9932585899383666
4.8947694536284088
2.1226941054645661
2.8901627628397941
4.9008470663940065
5.7347544636652419
3.0687897137505469
3.3838769820241317
4.1894608137895846
3.0847186439940995
5.4891882690182205
5.0071469022378396
2.0780792708400178
1.6503025251394872
5.8292281319860306
0.1401712744992299
5.2172790703047474
0.4843484404441993
6.1685734854585048
1.8373061424820576
0.9128611715053039
0.3628094072655347
1.6728952791406833
0.0594257446895666
2.1845384729689861
3.9826702456179528
2.1181288260438369
2.0253267875589986
2.7063154247673644
1.4591296427180953
1.5844885613176953
0.3716371250957577
1.9437553297005421
4.3338672272543395
2.7783065419737940
1.8756506329907996
4.8585502446409210
4.9543191021894399
0.5585748309200790
5.5849138652796961
3.2066812041615895
5.3141305285172855
2.0906949952857850
1.5257643442199322
4.9567038264375052
3.1043151618031803
5.8135120618752163
0.2647075349341662
0.7430699851114325
3.6643212913427723
0.4324942707305131
4.9118845308227757
1.7710746476685859
2.5661968975766798
5.8284858864437430
4.7880406593955360
1.3735790128172045
0.1616642006340143
2.9156691454469033
4.0162737532358150
0.7226172125057023
4.2514765182646999
3.5389362769809969
5.1251174032881703
4.6159241800821125
4.2744647954625732
5.4731076641881700
6.1288389165135575
4.6903476923054246
2.8162596845934824
2.2461776947233298
4.4473466364890086
0.5906069631359462
4.5858901460685653
6.1810158723836777
4.7615033075471827
0.9510836273330380
3.8469363965667442
5.6830711748119302
4.4938921249032999
3.7090308260113720
2.9495434226144202
2.6522838004535374
3.9697110089326180
0.9706884873548852
2.9737026554581618
1.5298677398072189
0.8209516488297034
2.7631765815552742
4.3421528874604887
0.8201281092808381
0.6172267844514282
4.1893521947531500
5.8565158958890118
6.0816482594156991
5.7426810343431134
2.5356939248508783
4.3473388914101001
4.4150098197550953
0.2501652025203756
2.1560769885945570
4.1319147266866691
3.2590033303150077
5.6553465557893645
3.2361016723530023
2.0435266300590600
0.4831702498532527
2.0584495981355708
1.5207344308937230
3.4755963246453359
3.5841816915891700
4.3784956045226497
4.6071068669404944
4.3242355421306904
3.8476658270436972
1.9549449262187799
2.9678348793517211
0.7400251476433318
1.4051463403047837
2.6495660793639644
1.6273354717941406
6.1156798082982649
4.6015823008873946
5.6015028321312359
1.4348704163216368
1.2810132534295087
0.6285396474834382
4.5287992191657747
1.8622105123694652
0.1289401533745190
4.4651061404405219
4.1927650736844040
0.3929747238897028
1.5061942279875440
0.5095503782717432
1.1037554360332682
5.7835236786325517
4.8939098390220837
3.0869271413483483
4.9783263517927745
2.1682172090493803
1.8872272412976046
0.9078256865062899
1.7073945169077080
5.8303487802250409
0.8901768950177628
5.9678581524640872
5.0520457075426082
3.0613583601465844
0.2378669716165925
2.0032307191641401
4.9801668534199655
3.6014749638017549
0.9927408561710337
4.6299931456589087
2.5861230245020028
4.8769209590148126
4.7767482777241259
1.9700903063422448
3.7717782044063273
2.9645018388483804
2.2955812409452840
2.0529755810918036
6.1461940384701039
0.7843154865439859
2.5173624094108686
3.5878584549755668
6.1476005663204223
3.6816107582909741
4.6125313911172494
1.1831084144935793
5.1517612666244510
2.4993150251794551
3.7591723029449553
1.0901935737434676
4.7678150230761576
4.0109644065264165
5.6200005693395934
2.8256957519684307
3.7561964557726744
0.0134160557346885
1.7233463944606007
2.3740185304958636
0.6773424416084439
3.1106597179094231
0.1248563628071178
0.4242046990432026
4.3887603540521747
4.6866506920536128
5.1060838835797622
4.1149760972222245
1.6992261249249787
2.5540511326553785
5.5875778268646830
1.0468322987682117
2.2179079941352877
2.0107229231357522
0.4314322123755214
3.3946416687859173
3.3326524328646103
1.5757772833368844
5.5441209003986636
0.9817652778840196
3.4513766332228411
4.3084179243462533
0.4604727470108348
1.9183687208001885
5.9922935462388454
6.0242206013094401
5.2772527459505714
3.5222525367062523
2.9412756306750105
2.7243651110496923
2.6810356000000293
4.0172776996303980
2.2481129256727597
2.5912286773738717
3.3724408712996277
0.6158034487940061
1.7339427341853244
3.6412362017931659
4.7205321732421588
2.4012634087619729
3.8253134775901736
0.8660566577457844
6.1836294316787184
5.3254233642803657
4.1965611419613014
0.7897281943226926
1.9392862229378065
0.6166049527130436
0.1663840486099079
1.9931658858813559
4.0746220280150061
1.6152209992493656
0.2640463376455267
3.4327424687943875
2.8439563491077537
3.3578979041824355
2.8840893150072997
1.7521968124687544
3.7219362542019221
1.7701919555502905
1.3067063807170289
0.5910032127521180
5.0164866336463865
0.5303013988406872
0.6100876540124622
5.4158105579431686
2.1044054333161530
3.6667888824586212
5.2571819597826241
1.0125438747708706
3.4600647648302725
3.2453643753161745
3.3554568754452685
5.7513788239326713
2.1250706174352296
0.7346859879550650
2.3460010997971299
3.5605224211452651
0.5579033423849580
2.2906767866156215
4.4923014350663184
1.8446340754702037
4.4587407474092950
3.0142949468814231
5.8460528307077313
0.5705027924813740
1.5289509673308630
1.7840982576607949
5.7362822561739542
3.4661430108283882
0.6934138729053071
5.4048811276143383
2.4345150927895558
1.0283253729377699
0.4727033550057018
5.2179620537261826
3.0121542847886649
1.5446979622247974
4.8744882236112543
3.7917780890063173
2.9873370152732170
1.1291221161667866
3.6874545578613493
2.4788004224157043
1.9461100594966552
5.8156976845889643
2.3923452192229737
1.3319136104635474
1.6125206934801555
0.7452701665779697
5.1814859998240186
5.7378486499766135
4.5359664270651443
1.1364138698063990
5.4627473115578775
3.5322375622179019
4.9979439905865437
2.4090781727411392
3.7974440222676655
3.7524804358439026
2.8469867821052861
2.4798205645483695
2.8895424258231022
0.5657290107514287
2.1782842915908796
3.7800308457378784
0.7364300482622965
5.1603457567986126
2.1032531278083741
5.1154537631957622
2.9165012007101656
0.1842511539031821
5.0279762076065611
1.3510734381731457
0.7081539743169689
1.0384397819420321
0.0516773835777254
4.1289724045875644
5.3021569786290579
3.8553852288732515
1.5428285956248715
0.8792783619778839
1.2053875017677187
5.9550381984266805
4.5825859074098716
4.9021902439071532
2.9133147447379897
1.5255949805605127
2.9158335791240151
4.4215211689518021
0.0763677031953559
5.5833806042742244
4.3805712406349571
2.5128080163491209
1.5681597045398894
1.3798163812661164
3.7162796534413705
4.6887358012349845
1.2668394505586940
1.4021915111252288
1.7812810150332188
3.9970262744233556
2.0397360391433281
1.6787325742886416
1.8442383906343558
4.6854671624322570
0.8268056434937819
2.1250284374221571
0.2996431870162722
3.7038264768580293
2.6154773925076209
1.0667214217835326
3.5987338808145863
1.9662707954591871
2.7236428722810500
5.5231281283326119
3.5824998788255109
0.4081990678375617
4.8086770877774336
3.9382021838337957
3.8049305931564730
1.8536649763948612
1.5204064256611216
3.5805417359503529
1.7464007583979360
6.2156199804284400
5.4950726386368478
2.9792313815719575
6.1043664529391624
2.4695237086577770
4.8623079386286081
2.7510673923212980
1.5783481594029949
5.0901349185919189
2.0057946433313463
2.8363523441039877
0.5087352751400525
3.8813143031639279
1.5054338793127422
1.6633776554119188
0.9771504684573199
2.6566545619822799
5.1245350074978404
5.9689052792347921
0.5404297007715514
1.4694316113513610
0.5156320274735631
3.1979858141078892
0.3259235936495481
0.0805852963116000
0.5982715631659924
6.0300699893891325
3.5754929852005914
3.8908728508038926
0.5190996407312944
5.4038291998924262
0.6339302178070336
1.6634542055403179
2.0188390562250693
3.9930452139531951
1.8226998389912104
0.9217469903123064
0.5150486683334986
2.6067333131677519
5.3651966655789112
2.3256971651351974
4.8542973326477217
5.8599219119363912
3.9337253773187326
5.8782560099932013
1.7175417467246614
0.4235147813405689
0.4244108956264832
1.6362419189569810
2.0966491285919124
4.1049459144578240
0.0535955426719832
0.2330794820435252
4.2358161181828198
2.9208053587176068
2.8838676946921358
0.2404175933910623
2.7878892028558830
1.5569589854835066
5.8461495508479828
1.4335962778102942
3.7651146317035251
4.0015660385309548
4.9400773415806940
2.3545396036332833
0.8096532505905987
0.7034038436820826
0.7919194011796737
5.4058197898555402
3.1523030151504110
1.6521003800647516
5.3971538143386129
1.0213476863916369
3.5735249516145866
1.8001689123481712
4.0908408362738067
2.0100743900866047
2.0906332522850466
4.7826328726131484
4.7974650671700756
2.4704806650274440
5.4058260248616170
2.3978599122063611
2.8834739891618724
5.6295134294934090
2.7562986074867299
2.8787647387186732
1.2938301932088081
0.6301925422846918
0.3365251604243369
5.7249382995431146
5.8282772497521522
2.6346928287312057
4.9949246847369659
2.0796449547033995
1.5764371420736365
1.2267515192779506
4.1637569458811443
5.0597652668951296
6.0172765326420494
0.1166576528276223
1.9213511911596062
1.5251339280331828
4.6562709464540593
3.6028498037542116
4.3574825631156830
1.8991388646873817
0.0764621624827441
5.6629022078272655
0.2170613034951241
3.4973961807110907
0.1299856069306199
4.4344219659006168
1.8953271001058298
3.7845759881417602
3.5617567869018365
4.0919875758181705
3.4310370118447273
4.4916793598679874
0.9173968870840624
0.0385874861341960
3.3102714120356072
3.8370931467685190
3.6731000657158099
1.3627369332579577
2.0816419719286094
6.1466065100300691
2.1454107140760095
0.8275551561457097
2.6340648656327965
4.6620405439174339
0.6452504184868588
3.0585966386217440
0.2335153406219674
4.3752864014068154
0.8385415284230511
5.3290919132869803
4.1650033373143733
4.6335910021969697
2.7065748664816711
0.4378967942725724
5.4906749095283134
2.5953909924020886
4.0971221843788825
5.9285109116029977
2.8692707116338219
3.8175096834461599
2.1558178419304914
3.4458120561633061
5.6389972249516811
5.9863488847337205
1.4325044814867376
5.7232458973081695
5.7451364874398596
5.6701491292053579
2.1591808275849003
0.8882482249086212
1.8319408525909258
0.9748636016366533
1.6031931124340479
4.6644546099220596
3.0182518761611785
2.8882447254116204
4.3637217474771806
0.8504242419525995
1.0580216469889272
2.1012720340978630
5.6585108046636385
5.8862390866874206
1.7886236580203407
4.1060065275370290
3.2468572647855405
0.5580957892622220
4.6838832649118949
3.0491848566289006
6.2394456334501065
6.2663804427535155
5.2126623896181821
4.2903794024674804
2.2750120779004637
2.3329708196849333
4.2863907803822050
1.4921761277270018
0.9528828390047747
3.1257706129227354
3.3949092780912777
5.0970195913467933
0.7242359164678512
4.6615608152650232
2.5562935795264834
2.1549382421592744
5.6806752277683410
5.7843848267801903
5.3906943116801678
1.9343802334755227
2.9818963312715376
5.7196016240373870
0.7860480227666485
3.1385659723164188
5.9923245260525038
5.4963521077723669
4.8709733593305655
5.1405881014536376
4.5824139951410627
6.1668070114000768
4.5797199013343572
3.2689187813570921
6.2701574138326865
6.2133871591601180
0.6374684400913502
1.5172108937173541
3.6031737829594288
2.9738861672107082
4.7010276787663487
0.4892598912491312
3.2634938725056730
2.6997700965702909
5.4368034549054149
4.3987313616549617
4.0808484637710354
6.0457652732622451
2.9721988301301745
5.1357091309716232
6.1543308820340039
4.9928442507215163
0.2969673551802873
6.0893376883833952
5.8233936178563743
0.7267411988456177
3.4598703001336806
0.3477554240490515
2.2855601404091304
3.9344481754299916
5.1655696229535542
0.6708733292573039
2.6123875467060316
6.1969781188697128
1.5332291319310134
5.8371898450871802
6.2672295555705775
2.9807047123866304
1.4405200474730753
0.1367643174858285
2.8232188312890218
2.0726004039532642
5.4897477361182832
5.9570889194088421
2.6518976372276355
4.3660689919187377
5.1961220915561928
6.1660126020920822
3.3458822925359724
0.7463967647612758
3.1377444584573029
4.7591282072829832
3.6952985680270407
1.7294821096280300
4.2782726496717993
0.7252792183843841
6.1366408859169788
3.8009655432848568
5.2377910934990810
1.3495756208985847
5.9933879362736731
4.3961013506877125
1.1925153749376014
5.9350005975738123
4.2593190317341172
1.9046390609737149
1.9054052077147734
0.4350539951683048
3.5673704901940604
4.2280405311429909
2.3041909175553226
5.4455002445473770
4.4033450351213181
3.2496044311834242
6.0731798636930074
2.5045833087420002
4.0819484243602533
3.7736849226219995
1.5660059581115979
1.8918678966886038
1.9415760186998321
1.6407861410673232
4.6580761840737459
2.0546051959809608
2.3880806912774402
4.0776589707120898
1.1409425897366390
5.0255075675732730
5.2158413344781529
5.7065150847931942
5.9931737802073162
1.3783351740685454
4.4121492901288084
2.8092408716750277
1.1346890754026289
5.7623071166163014
0.8070802295736671
5.8796127348026310
1.9953769018797138
1.0604071636372001
3.3242387398074587
0.2158528566830634
4.4641545170532444
3.3623327433171588
3.8274903418886721
6.1867830223557112
1.3634588244617709
5.6394973783592652
4.8864095345890695
2.0599199742479941
0.1789096698084285
3.5306921157669202
0.1936441708458000
0.2024512673942208
4.8121651003317387
2.3188759882615941
4.7861356873116465
3.5604936311639253
3.8738176230143733
4.2025885610210496
2.1446473169300964
3.1765477041804546
6.0071773197047706
2.3905056797200581
0.2577129676753233
4.5330427148559300
3.8074559831613759
4.7788516494994653
0.2283417526957674
6.0217049046785691
5.9824695306058073
0.8287599942286019
5.0566317734509889
0.3451560494531627
5.2243026445101748
2.5486601031513074
5.6036116725338507
2.5971270334515442
4.9921264602800530
2.5078312867716397
2.1490558270494353
2.1656822333161458
4.2166209287893262
3.1313751846130469
5.8158908166311187
4.6718963812293701
2.1742490914873436
3.1056231681056778
4.1148368541220028
2.5147782803822936
1.1309667367729264
0.1191676262818687
5.2856519731043274
4.7241322199116089
4.4130931276703000
4.0918591310625878
3.9622566049621706
2.6711400469771163
4.4171915261324353
0.4153467432434356
3.8327858922680194
4.1747551333308381
4.9377768984185657
4.0770631955134382
0.9138353700814278
1.2551945996462774
3.8916147958979055
1.0358122769897804
4.1266438723558068
1.5908136151031467
3.0379945430400421
1.4452803749940797
5.2557069089174560
0.2103237891329418
3.5953539334757609
4.9901098196225897
1.5981521883209193
1.5437870958590887
5.7029906935902543
2.4500347945969474
3.6748234875602779
5.1274739500748323
1.4814058470798688
5.2826681712277281
1.1360793168736485
1.3072767837543093
1.4484277838151018
0.1425728888600099
2.9997772931379911
1.8404842054802213
0.0790054064990929
2.9699972169459783
4.8847820643436188
4.5496726379048047
5.7781734555909452
2.6834330595888338
3.9769984454164113
5.2238431852527443
5.8214436181145235
3.3536569412565833
2.3471295054816892
1.8186636640979541
1.3311155081626345
2.3206363548706492
2.6778254548086458
5.0312035765415573
3.9609105110124454
1.1335234702220813
6.2167869233605266
0.5101233047854591
1.9908212965149472
5.9099714388837343
1.6229300964488937
2.5874618508759522
4.5545478539544515
3.3589665208473836
5.2065734091260953
2.9153786290572308
5.3659452837228292
2.2119527212526555
2.4149346020685636
5.1989045824385425
0.7749780795943907
4.3317580664404929
0.5713296522659602
0.5357897083522916
4.8274671020965769
2.1513010873386547
1.5167093659495159
2.0385271749253771
0.1865742238616900
5.0163141671248885
2.1156156128001591
0.1140295597728682
1.6551457875450672
4.0986958390364059
5.1492024152123665
4.9938007121473289
0.9396325436897650
2.0421949439059737
4.8207313360916828
2.5893569151273605
0.4412370504880844
3.2218311096615082
3.4606957668624179
4.5852753073620001
5.2497867861835150
4.5335013612332453
3.1430018139758151
4.2342630770947878
1.9175603182985741
2.1576272955641063
0.0623341669532215
2.1367943372584368
5.5176288045490773
5.4423474199291926
5.3958486600720823
2.1480079590731354
4.1783565201042148
1.8941074351460399
0.2694670988557604
5.2406933955317401
5.7499610903876999
1.0089927447755009
4.7529278381090254
5.5326403548170386
2.8466574288534341
0.7946880595365312
1.6240988230919369
3.7221335384382637
0.4866022374585685
1.9216063783803417
4.3160232196491455
3.6064460362654565
3.0160805914384987
1.4394445818233688
2.9456496064493907
2.2935654568347150
6.1327410346667870
3.8505210428224728
0.6865405852061758
1.5697858552360868
3.7603077866343586
4.9103383782479035
2.9944144377942989
4.4825324525990009
1.7797494556250033
5.7413019180187295
3.5294915426335813
2.8070094957438751
3.8204735288673075
5.4645419421883137
3.5563178502363666
0.7059923845634546
1.0979061895033169
2.5426273227344396
0.8292945713602420
1.3666613105905743
1.3857270023921495
2.1990693784263096
1.4865265089693414
3.5721889857288116
2.5379463578970700
6.0045903199559918
1.6008648986486596
3.2111085240560224
1.5856584564057747
1.7502522912540499
2.7358146011088467
3.6962984835646728
4.0582167122313209
1.6430785432333135
6.0196750149937905
0.5455344522886754
4.0312159809954018
1.4312114331209296
3.6913192006718107
4.1437181411955137
5.5933268843648944
1.3924560302078188
0.3222935083500817
4.0371636503143344
2.6041422489433539
5.9472521495015211
6.1395103705026104
5.6220455809457182
5.8013604592842558
4.9849791232821552
4.6842600504570253
3.5031068223015560
4.2254769500476446
5.9141606807301583
3.9282650318604180
2.7444718866650990
1.5375598129752601
5.5463500048048155
0.7941624938500363
5.5090881391256605
1.0339689667623144
0.9547105445100198
5.4855577822650305
5.4419395844221405
5.0359903798626275
6.1702715473864114
4.7051845090221764
0.5738341156934639
5.8004335486068062
0.3889662291674690
4.1229230849925154
5.8713323143790888
5.0294236563644406
1.4510936431326140
1.3149830057211889
3.7965863882456206
0.6072994913970504
1.1440250204048263
5.5138763068466474
1.9826050988882535
2.0862690931386974
4.1651671123768672
0.2787971117936369
5.2208224693973087
0.3361540943300290
1.6159818275728737
1.8585265090742409
0.3376608626221246
5.1304578989718532
4.1338604942666901
3.3434406888291637
3.7847982309740908
3.8892782338199705
3.6649420512628819
4.9498270616238207
0.7843722803855158
5.4248797622178504
2.7293035602150679
2.9178955750350148
4.6101784799036230
1.2291711708617477
5.8330153801414939
3.2973360291004599
2.3950799181756142
3.3138829821204010
2.6099046160744317
0.7091424346439350
0.5262880847926714
0.8099832891488860
3.2815485487751923
0.7681465236383803
0.5500745373113626
2.6181940077565198
0.9141035591682417
3.5612139856633185
4.9487258700890626
4.8702114700029995
1.3385659316608460
2.7378540997208742
0.3177134778634686
6.2780636507174794
1.2230018291140297
0.5706816746635520
0.5596836321302838
4.4264309888562989
0.5355576065372797
0.9867607044378536
5.6770296191185237
3.4524956236492907
1.1845091758566282
4.0506306410262090
2.6492263161942620
3.6175840566738962
1.9946065335906340
2.1213942990296264
3.7473622665615371
2.8831952345233964
0.4673546812784278
3.6326986442229088
2.2364922184000045
5.5488525293557567
3.2936723319846375
0.4963454193521080
4.9404327606617864
0.3847612337125787
0.3038790527826837
4.7985811753687164
2.3804029318532751
2.0720090014498611
1.8071423789880259
1.0037259673817407
1.5506689712541903
4.2669366860943807
4.2452428486445095
4.9123740155527837
6.0568420960193734
6.1156708378544504
4.9967023533492094
3.0169036865425589
1.2922780958888556
3.6519005530163189
1.0118954339437087
0.0923980424911374
2.7057164546677002
3.4885261212734910
4.4287145818413238
4.1777243207398307
4.9207682112361910
0.0378267451206661
4.6500981704632238
4.9221613869726282
3.0731224548890497
2.1951588026483524
1.2384205045822594
2.5174343384137639
0.2581184313449416
3.2714550504771682
1.4637965384411908
2.2172068407518779
1.8108867322946631
4.9775286507892726
1.6872655539417138
1.9884303672037791
5.3483912779240086
4.5204935230116954
5.2087956170384970
0.5941169345426430
4.8112632382808878
5.4620045780281457
6.1243546966641746
6.0943898481136900
1.0405869058558852
4.3929329743814005
5.0010200040845723
1.7892476687511827
0.1631386886060433
4.4448991003705114
0.1611613678058167
5.0098547011963968
6.2652236817975515
2.3574856083544256
4.4079271203978951
1.9941285957828843
4.8505997762120190
0.7911321199808702
4.0370796603851593
0.6513425836207476
0.2430834832722428
5.8911858319456183
4.3381883443040286
2.3688522434546004
5.8022225190415009
1.4300799315178081
5.7184583871540156
5.6877739518861947
4.4913897277090813
1.3183462929136387
0.0042429144923503
6.1046255963672440
5.3736026661223848
3.0500670815842388
4.8623829800119012
0.6369992275636687
3.3037578226073361
3.8961921208858490
3.7968707323536344
2.6974575157915286
1.4637255505612041
1.7784259032657019
0.2217883132935223
4.7628605833704905
4.1963301393263421
5.8518993805728892
0.3160140650970731
4.3724529436830766
0.9924317234529439
0.4905064705910345
5.4117259596759304
0.3280954680920791
1.1077888274184799
6.1649754443383094
0.8084490860033285
4.6491426119186263
2.3862939848934475
1.7252297721315246
5.9043008751442247
5.0683275285202001
0.9456975915267769
3.3924982122807221
4.7875770434028491
2.9467958108994372
6.0463642367330195
4.2728395914413966
1.3796653189985713
5.8008626520665185
4.4664211860933252
2.4237388545915763
1.6861356153354927
4.3647893874804495
4.1940636160950016
1.6603356597412704
4.4063445791373281
5.5031753827995535
3.5161285881801856
3.9881223801432317
2.6178458665113116
3.2090520672984946
3.6450071574016412
5.1227032859734747
1.2673649936377818
5.4193216029201663
3.4236567434980665
0.6274580840083788
5.2187457461414821
0.1812992310980621
1.0693130731700835
2.5312481390381238
2.5163353651285778
3.5788627097929999
1.1434360828794086
1.1398445587193575
1.8706389802807797
4.8838958270000505
5.6357950082124706
1.0966723074401359
3.4117936525116899
3.7726798531753181
5.4445869755875762
0.1489210076335027
2.6798853969310747
5.9543176879542896
0.5547752186209447
2.3362731084062158
6.1281276832062632
1.9049406234453565
4.5170241009553624
1.8186384886178386
5.5334047304983232
3.4783110189988093
2.8648430107582215
1.7624525607002233
1.4070552554788975
5.3958679396488032
3.8972597065618544
3.2501248367357372
3.2905768385675609
1.8854418407371034
2.6557298108359757
6.2724608695966459
0.4608754222942987
5.4973642933367106
6.2037498842348118
5.2063490810005995
5.0630605513820433
0.5624102897898019
0.5388660497789831
1.9726755468782995
0.3507584893363040
1.6159620597979976
5.1319344529096780
0.2447269419586420
0.6704456848271113
2.3434647293237330
0.2093872797880454
5.2018815586275027
2.7776176474789329
1.0638399414608364
1.3150314423264087
1.0914313472093382
5.1130149621941099
0.5279106594294792
5.9063746541906843
2.2983432750162169
3.5695872020723964
5.9194112584645309
1.1021970156988805
5.7617197359259826
6.2225099193498616
3.8756019674566913
3.4242608410819866
4.0713311567367159
0.8498876882692433
0.9989268059756066
6.0792680236769279
0.5282651259217571
6.1225735354082271
4.7105769341256307
0.5420933851842021
4.6393362477361899
0.9877110764055788
2.3645866759916299
6.0270019773167993
3.6106090404117408
5.0090141455371446
2.0004945479735148
6.1875310270731907
0.5740253681414949
2.8251552125158534
3.6984319586755392
5.5394083114486774
5.7823980902973950
5.6568028179316325
4.2337741822860639
2.3587075468852583
0.9635938860115503
5.4470014982890635
5.7366953599365882
0.7315506323562342
0.1898707761710084
1.1629566162920448
3.2070006569558660
0.5593431378121168
0.0499505812804487
1.3551303501217355
2.9356161538404941
5.7266345011832893
0.4588141691561244
1.0226578100254089
0.0010582444524861
3.9666410104871459
3.1330781511584123
6.0214171214699483
2.7964972336976377
3.6811555533330438
1.6767480550897356
0.7039151898723897
4.9335441454073949
6.0553733696188878
0.4553824768734692
4.8994049415028877
3.7403306320349268
4.9080773496648860
5.6245791634297406
2.7078335580588120
3.7138884310783413
2.9049782739656256
6.0235475351690084
2.7661261076705639
2.6679765612998980
3.7291424814313592
3.0517714672569372
3.4793802284189401
5.0773738992487516
3.6509970982167603
0.3190630062448118
3.2029743918183931
5.5873964928319548
0.6000884140596072
4.1483580736622443
0.7147044502530658
3.8053228639413934
0.6703308930640571
0.8869058476298621
5.0576226226754892
1.9936564885782158
4.3416687238337799
2.9035467986789696
5.4190628567355166
4.9536561232890621
5.6326519989853763
6.2752119976994436
0.0896188253579955
3.7350195187392421
0.8670791683946623
1.2254051518052131
4.1771492647833188
0.5852141416382196
2.7538246518973475
3.4061210330356650
0.9365890516169926
3.8173325045322288
0.3394576404502651
2.3877609700226494
5.2185443243631555
5.5679529849279827
0.7977423932563427
3.6595475311077128
4.6705821632774889
2.0122767594300361
2.1144471997696490
1.9907672197642590
4.3112105597668879
4.6518352324983852
0.0009574126164205
0.4224103541557727
3.9924398188128554
3.3569037579239698
3.9731042120398872
3.1690755276028382
2.0202288245073459
6.2050413270654463
3.6091355352737109
5.9380458722950502
6.0901818177720051
0.7735315945185450
0.9234732836756816
5.9223379707097834
3.8382996299698351
2.4477305489837344
6.0207081847274537
5.6321622140334586
0.1725937686270143
3.8073191252259173
2.8379997184400252
1.4353245872088471
6.2017213929690751
4.3944712538494759
2.6873912832834130
3.9593394959548092
2.6179288419079865
0.0091401522220202
2.7159055359988074
3.4999994979765736
0.3922019946009028
1.8196559515749020
5.2746876198458237
4.6242954561659984
3.9204106418817912
1.5635529641608052
1.0975445763148761
2.7889488320181091
5.4979505253627865
6.2057555807550964
2.0029617642323636
3.1321675612935884
5.0869327672863500
3.5631799853359341
6.1008928098874353
0.0384982235193813
5.5182459225372025
2.5557980350716232
1.4146349791755468
4.7114041508654614
4.6104691001783493
4.4861159933541268
1.5248931438184630
0.7346289670447903
3.7949532037555005
0.6864440802922370
0.8558405173303323
3.2344758609301905
6.1959200195731627
4.6695140826579111
2.6233470754137054
0.6906143438818831
2.3697142388061252
2.3953621168746153
0.2537159158144565
3.9063521992779213
1.5686643049273972
0.2502590406078118
3.3204824146472895
4.8176267837272668
2.6157991568011445
3.6454246574418119
0.6408362249273665
0.2382345276156243
3.0548265629791356
1.1903080863513771
5.3162963565073351
5.2794634511772562
4.6852285732033971
1.5666228046448190
5.1216933092130157
4.1043355004353943
1.3669168012667479
1.9917586967643723
3.1245531884758879
2.7128715463628095
3.1412806355607463
4.0181222355818571
4.6692152734961354
3.4099700930968750
1.0334898855765797
2.2386052649170436
1.0377914270897999
5.7783522707363888
1.4038322913112540
6.0961363423353658
6.1005437302286607
2.7556270989366562
4.4449938493607419
3.4697876453680374
0.7286935400510610
3.2896514700278328
4.0284040289716518
5.5811477205447533
6.1263402859341172
4.2258265496672900
4.4782300150565213
3.8607764454151767
1.9795856091886830
4.3291856642920488
3.8506810769402189
4.3144615202682237
4.0664541685954267
1.4791552097634333
2.1302568619805688
0.7308834301326289
1.8996668628285374
0.6793281943412057
3.5524650939325095
0.8953808823548953
1.5685435698983774
0.2766073519211883
5.7700401263704615
3.2305327879599104
3.6466705874554441
3.8624221266854297
1.1141056996741603
3.2747291097018514
2.0285182379683455
4.1554861157346288
1.1107945787107452
2.3002871062386747
5.9045002311117978
1.1795476063447130
2.2657740117790026
4.9246782544161265
6.0267263110525944
1.1849423181532970
6.1966017614711522
4.5056480156483527
5.2560079263302955
4.3758587205774147
1.0136708832905634
0.1698571481279225
2.2780198865883108
2.4308801147395624
2.2788252129623068
2.7647180538618188
3.8277643108885115
3.9938083051573372
2.2376990792758717
0.0208785531983292
0.8386440383269265
3.0371911667289444
4.1421186435141006
4.2449729796028803
5.2255010217380713
5.3836218561547877
1.2702389140955346
5.6114576489941523
2.6302462502146327
0.0191124143333929
4.8647887168350596
1.3333700261677766
0.8498996408439254
5.3074538692157649
3.8020033682101206
2.9614098156951378
2.3580455492121977
3.9444687709973509
4.9937028118509987
2.7608802735915750
3.7321792048732458
3.4182495629372904
3.1238493030646364
3.3884136279493959
2.6320119765498364
4.4479312481553990
4.6265667349219344
2.8539322919078454
1.4339453433527898
0.8379148260740551
3.7682292135171855
6.2750607209977050
4.3080446017416243
0.8594531548274488
1.0579392656540245
0.5404395165232734
1.6447408621326027
2.2889342034186662
2.9248212357212098
0.0813520557360623
2.6449025711594691
1.2039029723474635
4.3028257509564600
3.9191094744710750
3.3166531111967807
0.4737799462767530
0.5542842521625844
1.2967948951359305
5.4824200544712456
6.2273379488852614
2.8994373699809683
1.1457794784477602
0.1346297148649773
3.3971930711245975
3.3753127638165408
1.9324941101273667
2.8418683679358163
0.8487437501019693
0.7921792527870798
5.3232909894035867
0.3030608476375963
3.9973646175976714
0.1171561933262200
2.9830896300382648
0.4108111477673808
1.5041684027143709
5.8233173992142575
1.9386521164226882
2.6057073344931614
2.7490452743140215
6.2356866943823466
0.8222874057507547
3.1271325522182032
3.6005121011047962
0.5679141207826404
3.9033604914088458
1.4137858877870890
1.8057696452468308
4.7713539705428278
2.5334024236622867
4.5420570310317405
3.2775006376171834
5.3510295708518694
2.7430915957726807
0.4137188079186642
3.7295787651731431
5.0377738089065867
4.0332817672879626
2.8473784785399081
5.8417924511900656
3.7492962339211906
1.3239079903484590
1.7120696082532982
3.1408575945178061
2.9886369257528238
0.7511960564007442
0.3653439187888021
4.6095582026848065
5.9735680164459648
0.2139130448886477
3.9633333611106591
5.2108768111138692
2.8285214739423123
2.0220678247892692
4.6589070435019693
4.9572958080005636
5.6137758939443039
1.9266033267462066
4.2354762277273847
0.9535866509150607
3.2232086008006373
3.1553882642080961
3.7985262420507184
4.5171991045228994
2.9831053867708550
3.0618653455436435
6.2491104434949163
6.0439560617542645
3.0690805866729511
1.6233439749348739
1.3461551726956327
1.9074577312707912
1.1709223063679342
0.3999444679742902
1.2328571561208437
3.6704193979363140
0.6050152182345241
2.6378350310953356
4.5875705620156069
1.9259562818076683
0.3454014415742490
3.2437342258771102
5.3427731122776558
6.1368409832000390
0.2701717633820294
0.1375127156780366
1.8820440344688691
1.9675663503740151
4.8229649626897171
2.9169364911442308
4.7652205926929927
1.7667503403194385
2.7472871886882779
4.9184967626732847
6.2752386690321700
1.9512329338790317
3.2248472184663366
5.7613250485751983
0.3083633470071627
3.9832750654678755
3.9839810518576089
3.8044721127087504
3.4425799267542039
6.2802104349365759
6.2168281626481390
5.0931967284290485
5.9898893664669650
5.8667584496860492
2.4154959973569525
4.5650841744935073
1.1100714538962504
1.5367425479543300
0.7428640982840840
2.2898141497610718
5.4856970682945230
5.1731435583327903
3.0977685224294653
0.0700984247944658
3.6252055493024504
4.6546110337127775
5.9519724355571526
1.8154011495943920
4.5594292235825007
0.3071150757514836
0.2169179356708610
2.0925123127519196
0.7647431264582283
1.6632582369100717
2.4818813476353823
6.1961587123668949
2.8424653244159708
3.8005876853728502
4.9282124174828468
5.9045653994169029
6.1993206492646227
3.3261322695355608
5.4562364206713134
1.3968513489325460
0.6307387067567186
3.1788410715851088
6.0076929523286706
1.5652641759227821
0.7351963845893899
2.5985507277332802
5.8885503260384979
1.4457523416495293
4.6841320428394440
1.3505913315418308
4.2370498062610977
5.7641483186890490
1.1187646028133666
1.3935612247330937
4.6396109042400360
3.3372734960775770
5.2388340641580982
4.5769248815203021
4.5424387626659843
0.3596908241421730
3.5726264064267435
4.7499214429085512
2.2182953881819905
4.4697730836393488
6.0529956893713344
3.2165060437093587
1.8954147992672734
5.2570730540147723
4.0338016015742522
2.2015572362640081
3.0498830862711395
1.8445300284419424
1.8080937091107456
3.9552230297654511
0.5660093134309390
5.9628712295813546
0.6163106531395272
4.6584109399453313
3.8148594861091216
6.2215325573921643
1.8631212397134820
6.1463213972475490
3.7523364556390395
4.7694637785041127
3.3194813342441294
1.5704979340215870
5.0680263843179469
1.7343398498097453
4.5743959865692938
0.1789441709441260
3.6223779250593120
0.7343689736818612
6.1331350516243441
2.0900264404986140
4.4950120068280608
0.9838328049801931
4.6858786733041411
4.4976145249097703
5.1028177442226719
5.9043153034188078
4.6942380948648355
0.7079329871395482
2.7193434455114072
1.3093518622460738
1.0691912870075762
4.4431797349955122
2.3784774481879936
2.2104353894585156
3.3228296780223396
6.1865824221791730
2.1221333827069460
3.5990958580840444
2.1420492355075762
1.3930894848308875
4.1941872580595811
2.2638239023207887
4.9738226841569846
5.3054513153192007
5.6254802442065515
4.5992066246238705
5.1060439070779466
1.9392357194227667
0.6487914747191503
3.6372002093027698
4.4649116769764401
2.7680098817040601
3.5542969819328736
4.5938056537290297
2.0499408249114901
1.5615230803058067
4.3032614467549317
5.8777666330851943
4.7371636722212669
3.3760892495940364
4.9311399116306669
1.2002552760382530
3.8378524581451887
2.8129788995221729
4.9570266530750482
0.2805468456271838
0.0860543453868647
2.5305131731053478
1.6742678060600740
5.9856107832006868
1.0561971910426049
4.1093632972827043
0.1150798546636254
5.8944452701249608
1.1677075196119799
2.7537335836948760
0.0709578413318281
3.2643275643691667
0.3743991050372665
0.5161303773488328
5.2529579475455721
0.4377747741689736
4.5181749139358178
4.1338144092106575
3.6295181469438065
1.4132669264328122
5.7785084528799917
5.4656425563070297
1.4962997436869587
2.5128264204571140
0.2129603190725350
0.1352348784278901
5.9671783308079744
3.6983483121341041
3.7414912538466263
5.7689133179497007
0.7750918311765942
5.0739791773599032
