6.1962860129934114
0.7457818255835055
0.5383574268039456
3.3633605775539093
5.4261804449360804
3.9677237678292596
2.6278992408344810
2.0976446335179904
2.4148973964172069
1.0858201051084080
1.0723077507788044
1.4639553927969071
4.2605128202311535
6.1447254689168078
3.5169991209883564
3.9549564779588104
3.5425541716927027
1.1445728396366084
5.5349604020627297
0.2903080534192139
2.6958400988481728
3.6967242330583456
2.4957129049388223
2.7109573728194243
5.0707338292515916
0.5366266769539494
3.1536793454126029
2.3364251344760785
0.7611103963915682
0.5932507753752784
4.9676909119018795
2.8989687531866815
4.6165294963852865
4.1420293858626467
4.9216896469697762
1.9012983683478719
5.5709172160890832
2.5932455470783968
0.1598394539782992
1.0009707641541297
5.7005713910796638
2.0082039028308487
2.9256705682266606
3.9121271872449106
5.8029862517711983
5.4643645543645674
0.8779274926178132
1.3267956098759361
3.3215886052285852
5.3574339225078811
6.0739550276459395
2.5758735105204433
0.0180661366608061
4.6349336766592861
3.0535906303582077
2.3741482974796422
6.2447773196181027
2.7266971270173048
3.9725890480547892
5.1104066769610146
1.2100778146015156
4.3981040739127355
0.3197433554759644
5.7437697445581577
5.3105683971010826
5.9966416490081107
2.1553375904118837
5.5204793940532220
0.3667428349908765
2.5580468149531228
5.5988213097318962
0.7506445597354878
3.7048250693872711
1.7341295171236339
2.9520430802323689
0.8362269054923486
5.5102237898710129
4.9539908244337338
5.6576585317296271
0.5341091881208119
3.3183052252889862
2.3053810463142548
2.2311226586367217
4.7953884416735910
0.3784783732179118
1.7007721446539299
0.4871321339263458
1.9986564576794823
3.9776238617073170
5.9432309339964959
1.3161924234801994
5.8499469113053379
5.4866594010081471
1.5335214820714977
2.7887904031491919
3.4180189144390121
1.7480791987343414
1.7575122429162984
0.2522799460512858
2.6532152708957280
3.3468586619478020
5.4317774615486272
3.8892544557937243
5.2908550608422011
3.2725434689256554
0.5817029199131160
0.3668648251089657
0.4103144065908595
1.8710607205876053
2.0474231300715497
0.0359755730434310
2.6573508061249962
0.4755183649929126
1.2751197335816145
4.5959202540451205
0.8433477251339220
1.4008891123044709
2.1734990614060608
1.5689004020190076
3.7933403827923082
5.2548763949407959
2.1012745213727499
5.9442445908810324
1.9726704807565443
5.3926994023212718
4.4590641940179259
2.7532223651418204
5.2363996056344728
1.8341693239684964
4.7221874602357001
4.3154670713335985
2.5544377928988822
3.9966291942377370
4.7547628614123596
4.1340000391287779
4.7523791253978542
1.7836401258105754
2.3958546811305168
0.5431891339399498
5.4579394027323298
4.4679029516515154
0.0784106162207935
2.7317427732066051
1.6467684714807482
1.9989311985721105
4.6369187734694908
4.6496696666816701
6.2277064794395489
1.2610527498198343
4.1089481167832353
1.2742738771866688
4.2315208431109737
3.0160711039111621
5.9078392053557680
0.6818345280631507
0.8800388706709352
2.6698074111856842
2.2806715496710348
4.4359227735811615
3.2384920108515844
5.5877121357917146
1.1291506573593437
0.4397293440437539
6.2355205244017009
5.9438512752615509
5.3449523431996395
5.6212799548831560
5.8102484914126125
0.5221366767629970
2.1826665181614913
4.5444953032385209
2.5108150338231443
3.9048118302701420
2.9036908538873587
4.9492576490644424
3.9399449119409415
2.6674791963268687
2.3894251138214218
0.9492256171493353
6.2457210471761577
6.2349564223271239
4.3047769224940824
2.9051585691517596
1.8945075394360791
0.1531543247458437
0.2800216408510027
1.1695464183141411
1.7329936918830278
3.3013643087895890
0.1994260049509062
0.3445910160969318
1.0034900370374709
3.4156361536804818
0.4577395059050705
3.1228450513372543
1.2536578577115005
0.3677471118925920
5.7617304086156658
5.8924047698563191
4.2397319154902400
0.6926387152768805
3.9203747494305645
4.1376804022359392
0.5708597553094681
5.8496425081858963
2.7588149734904097
4.0953792460605305
5.3990054435457351
5.9137932999744764
2.1565675871681202
5.8277593736570896
4.0933933717233764
5.9291435472118197
5.5029554139894534
1.7089181675087151
0.8817499589461611
6.1855184781534174
0.8506098575581506
2.6977741602287528
4.1913667238745136
2.0605963522621638
1.7791562308321240
0.5044824680040141
3.5806884879380729
0.2358070149566230
4.8599549142451739
4.6593681378803486
3.3099320285512683
6.1921959403109037
1.6062277024727496
4.6858957767400788
4.2487108581147401
5.6096254363559881
4.5863371485683233
3.6015128100876526
2.5963302800143016
0.0716817492121237
3.9706288059185217
6.2534954054305514
1.2211517917801109
5.3098893543413528
0.0097321447478466
3.4499144590099964
4.9603258746860535
1.7313472913165764
1.9721042090987770
1.8659918130980115
0.7274640115524225
0.6277340871657171
6.0199861567230384
3.8209507891540344
0.6706041910641424
5.4377080197427876
3.4810273667624516
4.9507933674201423
3.4278224057949833
6.1641215617179581
3.7984784694507643
2.2837127793680243
4.0712534691732385
2.2509943384927404
5.1857406536872661
0.3425164713495519
4.1586113328822361
5.0317487271099752
3.3185752269031457
2.5360582721856280
3.4143335699038588
5.4026036195958538
1.6595735515800671
4.4627838259083088
3.4436440243038997
4.5189043383793850
3.8109373281020438
5.2393893146323745
0.1714307867885736
4.3561175040943771
3.2900466176219982
1.5263950838187659
4.5490712482516011
1.4606143408771006
0.7196532521221977
1.3947972430684377
5.2431340450599695
1.1698016341563180
4.8272978014023566
0.0512913906569397
0.9459411065661080
3.8333744137004988
5.5064795029257203
0.5557926260590166
3.7304404651366978
2.6647653356034016
3.8925132274339487
5.7403220685512553
2.7961566811779441
2.0841330725919240
1.6711484359901487
6.1567449308475002
6.1675899168196198
3.5947758580025790
3.0796306271254741
2.7794220506792628
4.8924041750245291
0.4090453336095490
5.7475535994611215
5.1591073637621987
4.3449298450063205
4.5131187351830935
3.8716372346609469
1.5990027092292720
0.8526398179554299
4.3323128902958477
1.3824212641730556
1.2489424329362293
5.8833420797815643
5.0554512556413869
0.5586474010212632
4.0852416614691780
3.9700044635792566
3.1876871063855665
1.0159766404088149
0.3619498051052131
3.8506553136274095
5.9497425853384760
0.2175743204537376
0.4175281222122408
4.7632901400907208
5.7768384829102848
1.1167795678959205
2.8013833882471690
4.2143469651237133
3.4242209510438664
3.2166513434229356
3.2460424041324676
0.4347851920497359
0.1043101100803492
0.5410236382659062
5.2349264825895894
5.0738429205072002
5.0779059570280225
3.0519700602662825
1.0843300235844078
2.5626368944572500
3.2220840653862681
0.1885475011023164
2.4550792233066576
3.0295081277057925
5.4425814177728906
5.2822902867027199
0.8255548044662843
5.2380225959944440
2.7342478955543177
4.9908460469480262
1.5595247868271025
6.0707601490523206
1.8757778800474929
2.8163348972672542
1.5513091176017144
4.2414552212387013
2.6445668310928609
3.0076783704534189
2.5427216888125943
0.0037180885788309
5.8766704140959485
4.4702040833579861
6.1719684747760404
3.2841328841091020
0.4028412095465621
3.7565308560157216
4.1912497680784861
2.6125139625768710
6.0580895569065287
2.7927853024227614
2.7015508751354438
1.1074991896656237
6.0318230610036077
2.8211559678046871
0.5590013121580414
3.7331146192539673
3.6598094454437811
2.8606264846895990
4.0108808110270591
5.7331840215417333
0.6900884239896771
4.1630798378065181
4.1081232404767540
3.3370906205501258
1.0594877173955113
6.2444559654081528
4.1544634169786088
5.4890826355030562
6.1598558142012871
3.0256529626197466
1.5390096686179036
1.2015086846831449
4.9186695630950208
5.0592842165595302
1.3939045723741101
2.3134458852240196
2.1248332582470035
4.6599068740355802
4.4924833584921551
1.4255135400853487
1.2906103932633355
4.7184296631971669
6.0913857114139054
1.1258580279665813
5.1255849409519367
4.6573796873424751
2.5155594097613321
4.1784089218404796
3.0297020565075363
3.3107336135327285
2.2930909502615608
5.8272581144402542
1.6737216509942217
4.0421284794961263
1.5088595821290482
5.9785743494169505
5.7938810798429623
4.4459146856313199
2.3422750368793324
3.2682749990689235
0.8394851962023674
5.5797196563635723
3.0834957204137825
4.3011607286212321
3.3020858552067667
1.7049155801463229
1.9894689152628640
3.6900878205218643
4.6721005904499808
6.2033545461194093
5.0104832684610026
3.7399143820790202
0.5433479242747187
5.3266577172881640
4.2776636355476674
0.7887651979757213
0.8129805188827385
5.4166212624456556
5.9407930510253957
6.2147790419561773
5.9593978512837724
5.0724888683202591
2.6003122026274528
4.8372962285697394
4.0382987886256325
2.0290217642663486
0.9626287167490565
5.5997619475470035
5.4017432907305301
1.7644101480289200
2.7095425966050120
1.2682451010957441
3.3650604369030908
3.3599621927371306
2.3158311862445062
3.5327561109042303
1.3344365767476665
2.4196816242347410
6.1113869914502237
0.5572758882296931
2.9847803708547356
5.5699991151166230
5.2037035882708738
5.5399372491890242
1.7281021891063502
0.9057661982122989
1.8324763376225273
1.3563214605995382
0.8542440870050937
2.1543130885202646
2.6670291238303356
5.4393890298068071
3.0117667906580130
3.2327647799238108
4.9002610766307830
1.9661961852617362
3.7636833086341897
1.7322596170296283
1.8210246440203677
3.4706751725665312
3.7245856360220344
1.3563668280678272
4.7825194038372754
1.0670905033975933
2.6863952009045713
4.2854265961486249
3.2781507523278659
2.0217442287854261
4.1947244320539934
5.1678795649526039
1.1830026117641124
3.8213524486484531
0.2703740729438107
1.5011562961626193
6.0786483559030833
1.5932087711226668
1.0589097094394593
1.6899577813138795
0.7011986706581975
5.7093432636368187
2.5484482719930801
1.2789962210821295
5.1521839774247198
0.9016141139640289
4.2357556021521923
1.0730136275844528
4.5180755156450338
1.7153593830223313
2.2584424891807786
2.9948634699651806
3.0310203053722766
5.5484367907479406
1.0938966250084292
5.8541611402944618
5.8333508831643073
3.2291962591915899
5.7996530886154636
1.2892765921595220
0.0882757452147891
3.9115658097222155
3.4719853036610258
5.5235426655061408
0.5732324518400983
1.9773043301800528
3.2080145553683170
0.0705074597979980
4.8144665371892525
3.0379112154274632
1.4867484277152174
1.8706677821353572
2.9797145904979709
4.3706002760639002
6.0431753337965866
2.7625122185479025
2.9065939243201973
4.1026310010854585
0.6565607273809483
6.0101162053049331
2.8118275614309258
4.0981125682787445
0.8952371884472665
2.1226381631823918
2.9261063483729073
1.6763982192035638
3.2868631224985814
5.9947342936855401
2.7148907720690865
2.7759692566483523
0.9707575323668504
3.4037541969294169
5.7440671149165681
5.2446269606405789
4.7967705904519358
4.6139302699037641
0.9729033023388550
4.3814726107732804
1.3079100755241517
0.7361852645615744
4.8259308603101383
1.2523488599342094
5.8373440273400465
3.1161446885210156
6.1702829358358198
3.5431637264024327
1.8390848426052255
1.9195454292881280
3.3971234416765670
5.4544001258439154
1.9304114099036074
5.3554959619735705
4.4638063521165048
3.7257810949856047
2.5308410499711855
1.7485729512216830
0.1347149906899246
1.7467556807030220
2.4011328173942554
3.7149138010665728
1.2997071897693233
2.0879660761041241
5.8338092162251254
2.1000886805649248
5.7760274682969355
5.9815225397759564
0.0499059764096908
4.0288639425632793
1.0228422383567681
6.0661157827378078
0.6752016305300653
0.4915470713587319
2.1260357473241611
5.1712845260947136
1.9233626003498319
1.9553050021815173
3.5397912227223745
0.3871642946544203
5.1691505210178352
5.0031495189758655
3.1062424306881544
0.1349713722068269
5.9835751730535636
2.3605485514086091
3.3141089267738280
2.7498917390069049
3.9572124308445842
4.8404699495620669
2.1130944556223112
0.5357595445001868
5.4507765549776206
5.1082375331926935
5.2283186622252504
3.5693782497762574
3.4886502434523718
5.0282181879847245
4.5683482265639901
5.6286533667504424
4.1417772734336493
4.2548498158136283
1.2516534996291921
3.5066840903742182
1.4947800521327990
1.6406735550778830
2.1369305515813082
3.0321155843403838
0.5261997272378754
0.0381254215504569
2.3729918892145991
4.8341373847628510
5.7563546085831696
5.6756319104881126
0.8321086180465114
3.0844184770933887
1.9450521419895412
1.6939455510261843
4.1003685580635931
4.2643154431339347
3.3804162201166221
2.8578364937188092
1.5167661239165904
2.3861731359494542
2.8481962494205866
5.1425435889165412
4.8966543900384893
0.8856172509079001
2.4058589046157222
2.5831603473570155
0.0259544381367531
1.2095420023430703
5.1021115413909843
4.6828686952509342
3.7334376328412100
3.6092196679240569
5.2112339501844804
1.8704495187610353
6.0415287700716069
5.8188950252772056
3.8116050774696419
3.4534252481541272
2.6890237503883032
0.5180882861298961
5.1464941895857192
6.2098399494165504
3.8570679198777107
1.8604474041276751
5.2221690960016725
4.4545837655654426
2.7444691203718974
4.5311286767282848
4.3454197471304443
5.2141964771746334
0.1136634103625876
1.5589075273890896
3.8018174051056914
3.2692771186288607
3.9032339564374414
5.2203650695609101
1.7097667738927580
2.2302405073880887
3.7120577655946914
0.9051818310418892
4.3801184594977460
6.0302745776320643
1.9127972009685916
5.6864535871266249
0.7612850033254026
0.2893700554449419
2.8132085795989674
2.8978703671477040
4.7207839255042794
2.1180317831321060
1.9730656794289336
0.7510095731345154
2.4359060944747299
3.4350422737697643
1.9829848237442653
2.8437834420386503
5.6849517342901565
3.3444012135076986
5.8387078420817131
0.1905584657681833
4.3400276934044095
1.4818219742857754
1.9185085907613932
0.6117768927882928
4.2205753756168551
3.3135452256730336
0.0265149494620235
6.0183413083666037
2.8238537435365902
5.1987395000191254
5.7890308214720143
3.8212692983363334
0.6617478027773659
2.7955380544937527
5.7466687550947473
2.3343321270860247
5.5147259484433899
3.3774805941136816
2.0640666430869383
3.5960772031825443
0.8812010082755264
3.3904297525163747
1.6226623268017784
1.7123833721871677
1.3425786755748474
0.3489020536990371
0.6744768179863733
2.0920026692537204
3.8082735584336542
1.0482365072818567
0.7173019168517180
2.1573609109176308
5.8864928846550510
0.9957708361656739
3.3199419663378542
3.9502947482607249
6.1414148685402239
2.3349090517953202
0.1699954878842516
3.2261901684988801
0.2945786726384030
5.3539475470039539
5.5828904232225067
4.5925124140274836
1.8333123862204586
5.5072393858287114
3.5773512216019130
4.5674715735814644
5.0900927353328260
2.1303061634485281
3.0514463383045660
2.3793088768076758
0.0785142099487132
5.6222954930994868
3.7504874671181976
3.0237173738208054
1.4428354334611990
3.2362784152148198
5.3214768742663807
3.1822845770368708
0.6019410892373690
1.5706202253362198
4.6600278558496848
4.5221810345771480
1.0597775223983916
3.7832339003086468
5.1143578518505741
5.7595965653036805
3.3262499907582241
4.5472558324847201
5.5803395420159791
1.1079919767986854
5.2525461659850716
2.6760534835795031
5.2034552585111866
0.5831744300933408
3.5574282927159686
0.5428876029446505
5.3524492848525078
2.6318553819369543
5.6924144633079861
4.5070689154949148
3.3264201905226281
0.9764846237115383
2.0039489398557504
2.8486740436233982
5.9988763175119066
0.9182179707381890
5.0873910015046526
3.2950178165947652
4.5769488067471240
5.7458463613791650
5.1269932859131195
5.0848032653580200
1.1159504860022846
4.8105215637311334
1.1887364037410413
5.4562916976248026
4.7067315565704932
1.7412780872118434
5.6492501665973407
3.0004801429424162
5.3974995297249873
5.9001650191073036
2.8599244381020279
2.8961009360923375
5.4497065370991438
5.0829068542847491
1.0392117463630528
3.4105215691209332
1.5852647880601765
2.1452785638895917
0.8079250149535374
5.3955445471891608
2.8420803035443432
1.5565059712387239
4.1603119121253833
6.2154039008203563
6.2758277010658743
4.6446844169387473
1.3795015668781334
5.7866421990091403
1.9715056686560553
4.0459536321215648
2.1568007813248222
2.5138091711661064
1.6710988445454433
4.8769546244392146
0.6741157562721883
3.6691948801192722
1.4651502262516916
6.2589320390085783
1.2768672064370254
1.4390131577820939
3.0473970490386595
5.6491822996193326
0.2060940484541133
2.1299348286781266
0.7245162613371825
1.2149940773731169
3.9188513055812235
4.2509003088382089
4.3641147336632713
3.7232874618868310
2.5255283309842635
2.8271832970989945
0.4824391591078328
3.0773041126985796
3.7002003017890255
1.1178039126411021
4.5542335836031693
1.4861173278917055
6.2166168918780711
1.9170759128389800
5.1839029816801885
3.5221991886459190
5.2100635885690050
3.0226583997183631
0.5193314932025314
2.4727881161436973
4.5441153593810197
0.6420057717955379
3.3449456965795354
0.3912842968006479
3.6085957400233823
1.7154297981752844
4.8600702049340647
4.2400790818702880
2.2516289461294714
1.8316593256775062
5.5138823404529118
0.0861948074249275
2.9056710820913327
4.4123732728961267
1.4191012255896460
5.9855980340724813
1.9963266672459126
2.5468611040123683
0.1677382112484620
3.1654448607170442
1.9901252038814463
0.9905020170402595
1.2491040267779798
0.2166754515528203
3.4956959610581015
3.8391522362118975
2.9759967243616585
0.0042864031075241
5.7141498527433079
0.0061809787310834
3.6723971594506781
3.0379827220522930
3.4222536424586329
0.7752334527724090
4.8837551450592329
2.7699861386313969
1.2718740932090151
0.4034413275809266
1.5069576083828793
0.0536609172301957
0.4523303699910678
5.0369953498833171
2.4034105197375948
2.3817017052859568
6.0852653549814208
3.2609438198200267
5.7938447852317028
2.3562152720689000
5.6246424721121855
2.7497884960220089
4.4582431354500427
3.2931280625892203
5.8129755994316126
5.4618937528043841
3.7015276358583962
3.5841323331606953
2.5086623687667640
0.5150883461180101
0.2795568199153000
2.6450795338492386
5.6495929394824040
1.1152342811923939
4.7765207658515667
0.1875982228814902
0.3403911380345011
5.3723059777876756
5.7784760728906983
1.7544805317935077
3.4072690958782199
3.6363955082259882
1.2075702545655740
3.0911230692673457
0.5119342170597695
0.0139122679771316
3.2060275452690372
6.0088949800261560
1.1741007683446036
3.1183518473867067
2.6028241205761655
5.7679257409789031
0.7762961936772811
1.7315612082750151
0.3523744995866878
3.2337665051656446
1.4488240179473260
5.2156182666448467
6.1593418171452905
6.1604387640497906
2.9692964437963298
1.2923193869581393
0.2055388894791634
1.8539155519816064
0.5747090313582845
3.7582786771230778
0.0246475477766388
4.5633642027871728
1.3578870367507339
2.4352645723723048
1.4951524833238536
2.7060037547526958
0.7015362250128550
3.0979222944742619
4.2029079551905406
4.8429118925387362
3.4716871107399951
4.9581575357946361
4.6105838062228885
1.6465667009897220
1.9137473192817784
5.2157910233702696
0.6590473765228371
5.9290756598930772
5.8176151523456383
3.6002208397103845
3.5818941182661299
2.7525155062829922
1.8673968055609926
3.5735734636610106
1.4349632440635527
0.3272777616426975
2.5630208395254650
1.7977826714121456
3.2985985552922834
2.6362513278555966
2.2978140662958673
0.7483366364167988
4.0837852981610601
2.5924810388543951
0.5215821386858123
4.9733963004142501
3.0794260129053983
5.6197911133564737
4.1643133800193892
5.5769865902126945
5.4566959755912441
3.9540693542990968
4.9962558736871499
4.5636175943187789
3.5522867334586739
5.3465650821814510
1.2844526140995323
4.5916437984199669
1.7076743417252271
6.2073624564340415
0.4285865208305196
5.4940874313696346
3.6530995154619874
0.3927607672022634
4.5441296578975914
1.5103199351138670
3.5168306032922385
2.0715721164189289
1.8140668917873599
4.0038944928040845
5.2298690733377411
1.9851771068249868
4.6966150191418610
5.0953093144328712
2.9499818675551865
4.2481471655092191
5.7724113280887970
2.1301156105550194
4.9287000601267366
4.3780240963568566
0.5183214203522087
3.8149686018756208
5.8678453340382015
5.5996214785903851
2.6951387137442011
3.1315753983495500
6.2423831813490374
4.8453356043257925
1.7917472562226067
2.7103686964379534
4.7733562334390927
1.4336217567980130
2.3110847948145001
3.5783222567701816
3.7289392954207599
1.8287062879536371
3.3984861875001440
2.1451339359829871
6.2696183174251559
2.3616072060340256
1.7383383430860719
4.9593109710602956
1.4114522828440186
3.5523334827057544
1.8507679795327752
4.8974930166162558
2.0950186037035681
1.1449140649158982
1.5083970876879624
4.8873896583541345
4.5644730214639706
4.0338338205216946
0.1854205796199454
4.4329430937193610
2.8929916539349616
1.3727948217639203
2.5042142981822080
1.9883320898315648
2.9370265072450183
4.5578590447172598
2.8247114548847856
1.9470558637675519
0.0192624519685733
5.7213599504778143
3.8451553953789555
4.5968170784722018
0.5944481658443036
1.8835991608034404
5.0705332494490376
4.0270176335348795
4.8316559831678569
1.6230190522693424
3.7276342251880243
5.8054034265593542
2.2045048555926128
1.0266925238098095
2.4187179112911350
2.9556132209809616
4.2329231080518852
2.9217904572341347
4.3450060228804990
2.3961782454394638
2.8746360122079482
6.1917412025294256
4.4601932386678769
1.4862035931747233
2.2429409474803346
3.6870678954147866
0.5703835165376574
6.1803643275048561
1.4100530405326845
0.2504230678016252
0.8126676607058064
2.1150919656984288
5.4926316887607198
0.1227768406587213
2.3458927767285149
2.3214608819885543
4.9654743379739354
4.8006113674442874
5.9475980145029306
0.9816584686551693
3.4858265572821736
5.3615522159356255
3.1173216478825982
5.8257658913862134
2.3864479986038307
1.7482193306750515
4.5427981108409607
5.5709862586760366
3.0367345440277904
5.2730129417333211
0.5760209381302858
2.3858682478821858
2.5473884266936806
4.9588659475738757
1.4014220848354357
4.3075212687226809
5.4628369832376418
1.3950366321279384
0.2421987112671359
5.5223239868191367
2.5810647233323518
5.2008094623490573
5.5942790873088111
0.5766560927411639
2.7351031037804683
1.2443717125628391
2.9188498790126149
4.7895614897751884
5.2232419701972681
4.4146436712644714
2.3980805089060646
6.2787815106260529
4.5341858760276450
0.0355705517078131
2.1170760970456715
2.6083441372484111
4.5495988168001391
4.4798015235400142
5.7698597564510647
5.8811815793728082
1.4648433218619579
5.4485096863428852
4.9171040028769468
2.2271551812701391
1.0905194452496536
3.8452635771312296
0.1159369929762209
3.1216635180271188
5.3747712446860971
3.7026233293433970
5.6358444555953273
2.0328306182281679
2.8317114446941560
1.2860425657827492
1.3115299214257676
5.3296093233003576
2.7474082306188250
4.5254197904189919
3.8609923878676149
3.0216242481499842
2.7169436845032289
3.8003062296764303
2.8316166577474347
1.2538994902139411
3.4822676512638933
4.3081881126967492
5.3228383862854294
1.9096021563290411
1.4291969180949216
2.2452917642358314
5.1380644400275228
3.9817982885942063
2.4835793212835235
4.0640759768608170
4.6182051402592581
1.0451539220901953
3.1958406507653119
3.6076336013993360
6.0173158312067470
4.6025861133052137
5.4545673059804605
3.5740626251427896
3.0567862860428088
5.3528110513634592
0.0824155475275222
4.0005925497077195
1.0425096631529001
3.7436456581801525
0.6016266498678977
5.3750233123793301
5.0530634327634560
0.9980402930371792
4.4076345013582197
5.8969054596631389
1.7701280632922285
1.7140334839291378
5.3311019642480284
4.7999417937338800
1.5175200457079940
4.1584644490691414
1.7730239849165348
0.9976754693719504
3.9981510479385425
5.5275977028872507
0.0230420114827173
4.6955493148329692
1.7258369961937456
3.0546854178770086
5.7384212839821371
3.1138824289426963
1.4668042508390657
0.2404798591978814
1.4394162108358854
5.9312363542488891
2.8015267872826541
5.4050423168016630
3.3607600377902664
5.6477621632767478
6.0767055010523165
2.4027843610306974
1.5488181200213162
4.0412858630774924
2.4343266843429694
3.1420086226075763
1.0751842727947238
1.4189168314587410
5.7297610302224680
4.2022148131523629
3.3416490097746436
1.0372792817927750
2.7685478360665559
6.0365635926853178
5.7930872712304948
5.6384542174698220
4.5407504681937709
4.2663191639260081
1.5271237780998830
4.7473101337453176
3.2133312982609112
3.6445202295475294
3.6009011264348816
2.1891169658347751
2.6998333920789466
3.0104167970573279
0.9289783529452891
4.5500488976261115
2.4515128838838858
0.0793078387194297
3.3584990473372200
1.2257166719049719
3.7510240735465312
3.7533607129664972
0.6074600741013971
6.1579839874381586
0.9225226661228113
3.2779827643445150
6.0705823050430521
2.1521634652596031
0.6113943722099247
6.2805261739535139
5.5323467981216936
2.2163825954304266
5.9103424783055276
4.9078934664098774
3.6641554157507046
0.6651670339043060
3.5342658806567977
2.3555357242040840
3.5872029769635772
2.7481445880828792
3.1223327116047002
2.3487565745636472
1.3355023172822500
1.8345037101967601
0.4393393607458992
1.9995560967078803
3.4346354641586934
1.4632436898429344
3.6253007252705749
1.7328052861051151
1.9957746078455565
1.0699483931097169
3.7512300537697496
2.3102059315032011
4.9253111768581057
1.7107207692831969
4.3183586037299371
0.1484731731453997
3.1310033673968372
5.2959268833729141
4.5909573860287063
6.1946601010510376
0.3453515288582609
4.8522266128093179
5.8674989414486678
3.0536026068454900
3.1175031838745255
1.9304042216347606
0.7321474133721244
1.3443387300131850
1.5724932893004997
3.1258037102857132
0.3274504827296020
4.3695464483746074
5.3704057994774335
3.0225381436215590
6.2152691724153639
4.1110508494350535
5.8067992062580069
3.2697087871123580
5.9825679351804339
2.4363548457813060
0.4113011959964797
5.5915478372734730
4.5986757235163669
1.1958043015960831
0.5438888687151522
1.0988527612237251
3.4184250621594976
1.4647722597378725
2.7127222732294354
1.8037949368853949
5.7045004766758538
3.5287764665753971
5.4374284343685231
0.0682637364774859
5.8130023882856960
3.6043507929202474
4.3753237075450429
2.4118350461883180
3.3539057961762904
0.2427180933185374
3.2306614024854512
5.3423140501474604
1.3553046322766105
6.0671542063730524
1.3877996637391719
0.0707281540064582
0.8046735386046612
2.3840263853693946
5.8733874900338918
4.4046894884956371
4.5952199329041949
0.6806828231854207
4.7766919198360105
6.0824701039395528
4.6252835504753955
1.2984357440350076
3.4720615382817375
4.7879186113877763
4.4620518624086998
3.6182082928558104
0.0446486091392854
3.3015834361124998
5.4314639102485041
5.7750617311384209
1.3299613564978263
5.5749624761517547
0.5505808287144475
1.4357639591541835
1.4089339900636484
0.6650930281016100
5.7746531839763975
4.9652475212955913
1.5740372196452359
5.3499681636239220
0.9369311897981805
3.8456030875833127
2.0609342717472243
0.4587010204259553
4.2501261981168428
4.5117638530505220
5.8301557281109728
3.4415150754227612
5.9467499624879174
4.2146265022096312
3.4942121349313315
6.0017553448738576
2.2961636587179917
2.5192966066663605
3.0980824690288462
3.2256469535634564
1.4339028103439324
4.2856613132961643
1.9703136916566182
1.0142607883155865
4.9201794749145300
0.2519707950737777
4.1304267706243332
1.9304630197898569
2.7917861554554300
2.7845806975166005
1.5395057985517961
0.5932527246439872
5.2147537347446544
2.4887703504017566
4.1075321813874623
2.9857150250053883
2.1659755958967444
2.0051270585271288
3.2456312086423744
0.0151596702699625
3.2071902513934250
3.4703448689915528
1.7085771025342631
2.1497684085727489
5.5818312789838185
4.6132865778486378
1.3910837856837031
3.0098837672740197
0.8109121094600441
0.6612294970862233
5.3172051729030629
5.8267818291740756
4.8947957663411108
3.6723344300622651
1.4591623786831096
4.0572054015446337
0.2330612839306152
4.8901830895631022
3.4384826428837245
4.8470935769908543
3.3316096230011234
1.2789840114208668
2.1258213305803344
5.5867746251825015
0.9379205176783372
1.4512693115103863
6.0719498478533902
3.0473394087723289
5.4272185056291748
4.7631931920058204
6.0543422810735628
2.8460687917334631
0.5353574471532712
6.1155496633504010
0.6282463894246282
5.7121472284745289
3.2057592755863538
2.5648677939431193
4.6034398565802181
0.5822366797489706
5.9506045398358802
5.9506110941627401
0.0957388189428080
1.7590806567706372
5.7533382675576989
0.8500194494211739
3.5475258898357525
6.0797851547087980
3.0572127639700213
0.7367635328242046
0.5653958708805246
4.4601452523571146
0.2703210302938867
3.6661722507387466
5.6889295528614525
3.7881035453310399
3.5163252837883436
4.7001880696764866
1.2101914132249663
1.9407828973905226
1.9740216035995508
4.2572405608502510
1.5807708299344310
4.7686097349702257
4.1100691056721521
5.7541355053933820
0.0316604345855392
5.2841883637251028
5.4285603508386089
5.9611342179114528
2.5798852927358702
1.0357037872429800
0.9492760771364300
5.2007290934516677
3.3085129992517999
5.8955133271405318
0.9015880166904611
0.7578892796283354
0.0246032802167853
2.7643316757297507
3.8645272718648176
2.3096570012716313
3.8724582783590571
3.4142182653322464
3.3913326806041320
6.0109263289122019
2.8193849587263276
2.5147640094516106
4.1271304564146227
2.5947545740900013
2.6037714701771959
0.4878553278870461
0.5420751736954650
4.3668691145940999
4.8074386596515053
3.4879063352156465
1.7677298911443198
3.4511995896305852
0.0349287810486016
1.0741105617073619
4.2272631559557725
2.4115075426290864
4.0958589717924125
1.2109262103389378
6.1440735213230857
1.3979849748245141
2.7867820770764808
4.2521937513442305
2.3584342951752952
6.0758652636538875
4.0965417701126663
0.3972451406595328
0.1110921091357158
1.7102070350452045
0.8146521992192977
3.2393654878932696
3.8719124708740216
2.7515974668570737
6.2759406221959608
2.9693205002887813
2.6633534691197420
4.8140972293207565
5.8129439972179036
3.2430820683693762
6.2540103465725547
4.1543604648317167
0.0890682883145130
0.4284825879448956
2.7336874193189087
5.3940514592062003
1.2966188096810440
2.7819307064218690
2.0162718734806315
0.5964786081001664
1.6634252589892757
2.6862780775803232
4.6885639287028402
0.4392350261234876
2.8550631646223219
2.3701084233420757
3.6955539456713158
4.9934264051406050
6.0969453037121237
0.6640243497413534
5.4860752385335445
6.1511737544696912
2.3627884614750512
4.7971314182218139
2.7396663660805611
0.9667780077862389
1.8606120809984190
2.2927964213951051
0.2325339534474544
3.1163961341986828
4.6436858690433169
2.9480347582766782
5.7406796412147942
3.8583624162752006
3.0872332431672076
4.2754580373892264
5.6301138944602513
1.6773978748407614
0.1463112013669162
4.8362992781133087
0.5161603417087641
3.2405626776034073
2.8136112246908800
4.9842827711382487
0.2370497014046495
2.7739120441591552
0.5871500834727759
2.2518919098290531
5.2500308889988228
5.0888760160423745
2.4947807053974480
1.5995177114751029
0.8677570731847279
5.9607213695590806
1.6113021313867366
5.9305806080200814
4.3370115186184410
4.8737192677959289
1.6097604821055576
5.8132266933301189
4.2824717872019313
3.2756685262109184
3.8996291822734439
0.1182360658235785
1.4260912887923676
0.4419331074116206
4.3139908815632779
1.7044966241724884
1.9202483732974536
5.5159884978655267
2.0980878366243654
3.4714237938090644
0.4590346910991822
4.2839811259016702
4.5048217066516454
0.2051295468638455
1.8721067554566264
3.7078268553081895
2.8819747146018959
3.5958776319356112
1.5841556014208329
0.9615785403243549
1.4328039792474332
4.7034609039857900
6.2394676668215929
6.1119190786014759
5.9225411961567378
3.2252720280962843
3.4939131876414109
4.5636366865535996
0.7432392190572438
4.3524032202343648
3.0641436669051334
5.3350756318738695
5.5597438096711596
5.5678419928757288
1.7893614673096598
2.1643636640110335
5.3440916244175307
1.2941580229658294
6.1553128455788615
2.7350599490545777
3.2606351681558490
4.2802239474972943
2.4614165440949010
1.5336556753950967
6.0648436461159454
2.0481344568813662
6.2387577341234914
4.6894815523805278
4.4109599033247333
2.8937510879349468
4.0869045081721378
3.8665014961624182
5.1463648315237167
1.4816033925718961
5.0417669621009393
4.4086892362840189
3.0331385841533760
4.4052969905658319
5.1140999596128411
1.3309110868150371
5.8714399567388220
0.9890970496916084
4.5879292217917662
2.2520685007511521
0.8633844130606947
5.4955768936978631
3.9065920651237889
4.1857188978595961
3.9043017860077893
1.9388321858490294
4.9880651422793658
4.4578580637148857
2.8463620338973876
4.5814152310371519
1.8886397710443521
1.4163091664092056
5.4819941869132514
5.7470054358124605
4.8749969403298525
2.2654494871227304
4.2768770178820077
1.2421758994345176
0.6228983204752506
0.2744337732302167
4.2682045173741647
3.2554474460201210
4.0709098036556108
0.1258340998829740
3.0562713529886874
6.0094865114476486
3.5419203497699097
5.4010823888884172
2.2308538209826643
4.5766863731165435
2.6110394695366743
2.4778478106975239
4.4861356527724841
3.5973351564183118
0.4676828653175835
6.0794165754924734
3.0101068848338453
4.8636284376207621
3.5199455877139849
0.5524984659648696
3.8594116793839555
0.1855023314432274
5.6879908005505078
3.6872720535685057
0.3716068771563440
0.9891996209959257
2.3157729890566481
0.0249444312833717
4.2463851256899536
5.5429792230515424
3.9928975257045414
4.5490077287313433
4.7396276260673096
4.6447339326840691
3.4925083801101620
0.0319319910422577
4.0450462103908693
1.9864027711815195
3.1611122954664155
0.7809740662398035
0.4429055521297730
5.6070380331756100
2.7308338438684823
3.0465910922814969
2.8550699609340584
2.0804080008446819
5.4970383282217421
0.9456655598201680
1.0950963574604335
5.9359899914974745
6.0524229280609392
6.1170951952427322
0.5438282496078393
4.8162831606722465
4.5493726062768625
5.8069702028081469
0.2884201974074340
0.9084877926019458
5.1483887506034236
0.6638152219049245
4.6648503569165261
2.6952886783994403
1.5823739199675062
4.2785463008707216
5.3248119284783986
6.1440040588114391
4.5578531377371814
0.2232016877955494
0.5721424300962797
2.8940067306142363
6.1558406514098012
4.7809443550852837
5.8618952608280459
2.8919023934732322
2.8229694598305715
3.6012890507073720
5.4822763737940328
4.1102239269547409
5.0674536012487987
3.2598131272671313
5.4549449043943374
4.6359580524048303
0.9048800087074763
1.1221027677119504
2.5090194209597478
3.1906324179960874
2.7038133885677365
2.2235639729652217
5.4177895542996799
1.4209240806235897
5.9355836133209632
4.2734446630768108
5.6753001758205244
3.0733641274684249
0.7999023281771312
2.6109604043096200
4.5720871099859206
3.4724060320897268
1.7272958901008091
4.5980227338775386
5.4435224530019877
0.7914290588749185
1.3691364566175916
2.1453062322629828
5.7298823474017277
4.3450577721292936
2.6815099787152259
5.9053936498590405
6.0995048135223460
5.4956182353714418
1.1753674742659719
3.5474502965132064
4.7058130453531009
4.6143916425747697
2.8855728478631946
3.7750604122438229
2.2087320910384576
1.7166975829154587
1.5721853239418258
3.1148826430165113
2.8091097189249910
0.5814166467898024
5.6854915521663107
1.5246483981359833
3.5734002690249613
1.6058748152450582
5.3027737936592976
1.4617215174629907
1.2921515631851328
3.6240791857259076
3.2649598167821590
4.4786777462269365
3.4585634698744703
3.6130572589605046
1.8864080751976564
4.0100976895680311
1.2706141731214518
3.7907757822853632
1.4594153451126857
1.5535783449873870
0.4183236049686082
1.6049714711980525
0.0024072931873699
3.6166268243296500
3.5343798982683285
1.5483470511277417
2.7466546329731165
2.7111861912970574
4.3509473147871445
1.8349261786470430
1.7441990751268119
0.7212202113572954
3.1274799517647391
1.7822047293049113
5.5526238911712591
5.6134311391637359
1.3390617023489206
3.3319655032477202
1.0558022328663450
4.3225630141388800
4.3309586253198562
3.5448140169999522
0.1182477164291869
3.8844582777111731
4.0569919060182613
2.4151990440174655
4.3610833267413849
0.5802561814591728
0.5303439516351628
3.8637666290673205
1.1167733105504150
5.7489070459693750
5.8167407876135364
4.0353771415422237
5.9346821999395694
3.3659289808582740
4.9749306468595069
2.9643483131377919
3.7031654443583171
0.0538396205219904
2.6591770642591017
2.5476583352077449
4.8230020368119852
2.1597659530917430
6.1601840023397489
5.5137352212063933
2.1563620321409567
3.6817262520327563
0.6533769836062215
1.6064138929692373
4.8445859183055839
3.3047632344833220
3.1037969386311892
0.9903134167648340
0.8370656568035619
1.4404100808207141
3.9835225447305662
4.5445201085163465
2.1254071129682326
5.1134705399987261
0.7339770740048241
1.2155048206784098
3.2278922182668066
4.4984901213946991
1.8642857434299676
5.7908551271591895
4.5303965614642063
0.2261821914548618
2.1195370650565861
0.5814504308279969
4.2356436687922203
0.3845722808199750
1.0912647251029777
5.1092743827072873
5.7475292245121681
5.1018578734476216
5.6909141089831330
5.6043879124066756
4.3537531802553611
3.7297718011514926
2.0486172752658551
3.4293638107587054
5.5666741716455661
3.6580303102001221
4.2920531253900673
5.9736635282290713
4.3901212184420908
5.9499533881359410
5.1768900774336197
3.1493998078594441
4.7516625430056374
0.6647789257041702
0.6640234115606288
1.0507445731122798
0.1145217384448046
0.8472821578029758
4.4399151604639346
2.3811449544521937
4.7913812733468086
3.8814897997256215
5.3193993074993351
4.6048567524835127
0.3343835443046970
3.0040704695513925
4.5032988864408079
0.5178568785670198
1.9350493899022554
5.0561673625907648
4.8263705010676956
4.9705001824539652
3.2149926207273509
1.6052719373919255
1.7724695177039453
2.9908493250668742
3.0095987169400846
2.8762104112682527
1.5228779000770249
4.0056051970532858
2.9897521080930343
1.0023497534352535
4.9894170561094384
2.6966128819769413
1.3053054066401550
2.3279508800881223
1.1552180237796390
0.4233405969069715
2.2197158998177997
1.1839156565919238
2.1511377199732808
4.8789350648102241
3.9664421523058606
6.1894097376588899
3.8039426377418630
4.9641654668089936
5.8532264492154686
2.2767842898938251
2.7981105136739637
5.4679949846665892
2.6647607399196844
4.3092539752701304
0.3238779892249027
3.6675778291840810
1.7296662163116965
2.4094607273401629
5.0546617072860709
4.8738322171921364
1.7647243059453808
5.0573308920624171
1.2971782670926995
4.1751914658393918
4.8190486167328954
4.5935019986611989
3.9505800237839646
0.5583489026786442
2.7882879078785825
3.2152678295360948
0.0353257134592950
4.6625958873449465
2.8419657813814259
5.4791620243709485
2.2303857793529880
3.1604160231746632
5.1982089087405940
4.0897223661643567
5.6658530847380195
3.2974660458591334
6.0483350798185880
5.3983254920828490
5.2151505491761165
2.6082914398279620
1.4893054504419188
6.1919163560457013
4.8090518267202160
3.6560545995493006
6.0614174485421737
1.4880758532463514
4.9313368888220266
3.8647361007359864
3.3094580936507136
3.2278736242679615
4.7667765850029040
0.9070437675692411
0.1371022647033612
3.0718782172439978
4.7652344170991290
0.1166609652405913
6.1953881391909329
4.1394407759522407
1.6650565566268067
3.3499150992622244
3.7761123904359906
0.4527981354769975
0.6240411858864344
1.0291546298763388
5.5139909482450147
2.8251908013791454
2.2941123260912657
0.8396036158030387
0.8359714535398409
1.7888360471731912
3.3371484892815366
0.3873857236885036
6.1787740014989154
0.1205882510428945
4.3614721638799523
4.6607209780046537
4.6256362236385806
1.7990372049296064
1.9542991956067355
2.6833167525348078
5.3964753115569382
4.8634930213526246
4.1108591430839336
3.8477953066864599
0.8533138885875432
3.5512704983531411
0.8552133687957364
5.8410898294478857
0.0113672508624116
3.6656015677392428
3.3587838852518863
1.9382445181919588
4.3129707953580878
0.3234984661338507
3.2621885003383460
5.5327928359196505
3.0100219573122979
1.8373083847071141
1.0799073985441150
3.0171801406954271
2.8748814531087001
3.9524733339727072
3.5726261763218172
1.4842887251181265
2.6409875704204699
2.2710014201777864
5.9952013004494500
4.9679173716382126
3.7542248836446745
1.0804365412827459
4.2986437208167620
2.7174752987374946
2.3543034300550438
2.4147362351802051
2.8878656976523098
4.8735015792922916
5.5390014268735799
2.8863454353203140
1.7442534535963341
6.2373556879065095
3.5246747397744533
3.9702375951776432
1.5972903629641018
2.9975353365143960
0.6439719944599634
5.5168876119894819
2.1578097743386699
2.6214447611694696
4.6529013752278301
3.8935553639698792
2.4188686510270108
2.3252079628633848
4.5197501660577082
0.9887463000130027
2.3322245308442091
3.2642537712215876
0.3181816210962923
4.4140052418264126
3.0930572852342482
5.4587956483656885
3.7230639261099436
3.9226791470578442
6.0064239042213625
2.4766484457279212
4.8789362727197743
5.6332016663503017
4.1754019287176991
5.6787599963050361
4.1163995948583771
6.0919003650745838
0.9390639530080714
5.2266105885626715
0.0680627027364508
3.6002956246341973
3.1594596420520475
5.0955706037264319
5.5330095511929116
4.9420453479102084
1.0172883646306634
0.3861169615709928
3.2636146730876825
5.7116297557371514
4.3946006576391223
3.8848614447880960
2.8173967140599934
3.3785303401314821
3.9507706570300374
1.6831014767448533
0.2450361637830800
5.2708016372823590
5.0866651254062303
5.2244630539623635
5.4507286268384982
4.7938972549552705
1.0818921829106440
1.7098962419399029
2.5136328772197949
5.5085119062977324
5.5709761073254684
3.9584560527780344
3.6987588464130998
3.1028401651674975
3.8569048017130818
6.0312871742097895
0.5826653062165005
4.1968948124135874
5.2200918449545624
0.2294589413205636
6.1692356250026608
3.3798321520027157
3.7320111137377756
2.3386264569004593
4.4457422850547390
4.8788394557321606
4.3047520486698660
5.2510094022324854
5.9474414215242053
4.6896812795524481
3.2378407068783357
1.9072150919959421
0.4061124367061865
3.3583311631151593
5.6897936728401506
6.2238874883082662
4.0486576313765203
4.7948389945207044
3.8746202246248096
1.6007979523620248
4.2456384822559103
0.0488634895957534
2.1878294201610653
6.1217769707517329
5.6137718145478432
6.0830084781068141
4.0331261379018128
3.1126318747365493
2.8281794928889559
0.2856534568516668
0.0066953149867561
0.7382544933832200
4.7147068698202910
5.4369492908392250
0.6279013978700085
5.7942713095698046
1.0316047775598900
0.5296564900476870
4.2352980573046235
1.3775623226569598
0.5060888534743911
3.6598061069503007
0.4536271005159110
0.0235955802696507
5.1399664820711468
0.2793045521226498
5.0979482733909682
4.1923586708484626
4.0186890598482732
4.7773488405055229
1.8259902816532012
3.1243882416278366
3.8333391676332194
4.5892553215435887
3.2593981485990993
4.9203954353314012
4.8550895663438958
2.7073749318560885
0.9946073831519973
0.9715116105072248
5.3917208808638835
3.8678559370882701
6.0311785799356921
0.5776868423782238
6.0460511467355733
4.1591709347564194
0.3865612201657880
5.0533586698888531
3.1949170916681946
0.9581628710325074
5.4886786735528359
5.0350325140146586
5.5176820489468419
1.7064486550899391
5.6148213588538072
2.5643435934360364
1.3651204044099599
2.7698897458682108
3.3725672248874301
4.9875278747793441
2.8687866439565286
1.0895571798767654
1.2806106370430028
5.4783337732339525
0.5425828645924645
4.1026137108509886
3.1654538608706777
2.5841774901346062
2.7923093230739675
1.0263601706811385
3.2311978724086723
5.9945711698951083
1.8924142476571824
0.6231907997274154
2.0266916531856616
0.6951631045369170
0.0443052514931452
2.1169708692498372
3.1434028788072705
4.9494953185231836
3.8337454164617655
2.1042988372488547
5.9813249764167900
5.6928856317283332
4.6756157649996508
3.5960666353298985
5.4834321444077387
5.9993124018314514
3.3145558604483614
3.7781996475478401
1.5266818698801534
0.0470939382558287
1.1028839380637401
5.0513824102842015
2.3690147474840599
3.4845054092193219
3.9882031120465355
4.9089660049361763
4.0913257177243532
1.6937104648972321
0.4043738416313582
3.1678838103607467
1.8561278372920118
2.2933536213987225
0.8988553974919549
4.8247299614416406
0.1128973062372188
3.8755223071974352
2.4812266660970543
1.3548363851454224
4.9691575536072250
3.5179867290010383
5.0648801543335882
0.9368937045586623
4.1937711692188735
1.3641626858206812
5.6718045190047315
4.4927090808245591
2.6365175022921568
5.5336705614102097
4.9209925924272202
2.1142476685454952
0.0956157359560694
4.4526026558461442
6.0388343284955077
5.0867275253393336
2.7607777968089211
0.9739653142989224
4.7930401428585521
5.3503756401013085
0.7360077586868696
6.0169791461121713
0.2111215972359977
2.7818683669049888
2.1993626644305810
0.5291359789592608
4.9439272234749767
2.5245061256348578
0.0548334853025690
0.8406571167951798
3.6154569143989992
2.2211680023770057
2.1125171222873167
4.9218470207424643
4.3504350375936287
0.5876309557901154
1.9376046961511417
3.9089920859677991
4.0463277688894159
1.0308043745607824
1.5061761459890248
0.0191356121659314
2.2605763817541273
1.0764503322993551
1.0666243320490283
2.9093845495846384
5.0215333279146481
3.4984189369206398
3.0043113420769592
2.4111983868474356
2.8330719120466412
5.8419988707652299
1.6421234286019792
4.8992367492850581
0.4561999271012629
0.8514362396824817
5.6355652059871550
1.4835609492020654
3.6585506415835334
1.2945602995017436
4.3046792402916090
3.8410000244954268
3.8063028431795281
6.0848717805458357
4.6793793856623100
1.7341502991634452
5.9361538406909347
4.2156529711980673
1.9723805601088771
4.4537877931996821
5.0699714923414518
1.8712387310020546
3.0185355486847736
2.5567620901870800
0.4021726076985498
2.1045735328401163
4.9292552852621760
4.5111380256153666
3.8565055137495667
2.6128787498895565
1.8834144668947248
2.3770002431411457
3.4539556031321585
4.4063957806336935
3.0297610542541751
0.0666569481405001
4.0031923554081716
2.1470019112135725
1.3063117146150967
2.2863375023257264
5.4492523693417700
5.0781155604045196
2.7421754537766971
3.7299177126075906
1.8757458167084049
2.0898794703594961
6.1834539588462230
2.2253027938859855
5.8204889800770330
2.9912330855718103
3.6444306795502941
0.3751202857951509
3.9146868138009170
3.9011685308000499
4.9787182063584305
0.6501212978065046
3.9230919527919359
4.7639883184890843
5.0818943690276042
1.2277203651164079
2.7213742917332904
5.8116976168455619
3.2403926595671271
1.5170078793084438
3.2199457623732877
5.9282321314590156
1.7443112614306386
5.4119599267479455
3.2404300289869328
1.5218518984480582
2.9204101414083063
4.3951887555288547
3.7713774531377871
5.5662244897568955
0.6043313965080792
6.1839557956285347
3.8952350867320402
4.6963414496078206
1.8124708769970019
1.6099575616661932
5.5309939914350847
3.1050735486671242
5.1986743418461598
5.9907020615956723
5.3049797786033910
2.5310284363386217
3.8438868607484218
1.3358374376968216
1.9003113332353185
5.8597026700042232
0.1203199620518041
5.3152726114871571
4.5887038343519837
4.3448405181200842
0.2219576092525207
4.6514447709632627
0.3941074353316517
0.0148672301020946
6.2477821594120417
3.1776125594448734
2.0257365479675746
2.3327337827073213
4.3949989860960752
5.9798642903227446
4.3371851294533368
5.6439204343043716
3.3783735802966368
5.7040197914933115
5.4792537878207233
5.7770032036038845
2.4660721047401886
0.3706020136855324
4.9420415627537482
0.7326310316185792
4.1985329432732756
5.7963731411011699
1.2646230382030672
0.0484562650809229
5.0478013017352437
3.0526690295248766
3.0470579797572537
1.9805009551672839
6.2021738916355531
3.9750976887264553
6.2568184854650024
5.1263030074789295
5.1579730950309735
3.7885010273409745
4.7514311992447382
4.3001287214350121
0.5796312379794593
3.1110353248162865
3.3661018904746576
2.8301656967918629
4.5145128188350316
1.6326451015642909
1.8135617658422840
3.8844072043767213
2.1619949869585406
4.7329343026188848
3.2244576444926079
1.0201594236040845
0.5094308873762667
4.5007877124870292
0.1933438434695343
1.7562529100400321
3.9045257712731214
1.0046987280983788
1.4711411506650514
1.9282006801364751
4.9945663681395409
1.8321232579029931
4.2463149860700833
0.5554982357184625
4.2901301102857898
6.0884568732740316
1.2480340770719172
5.4046303204797992
3.1497160179553685
1.0414148379463222
5.0581979047529098
0.6319192345163137
2.2441148868763681
2.4747625100025994
4.7975104094369510
0.4969770042962812
0.3090052727599515
5.5854053643299029
4.5723801960746426
3.6250274460697307
5.4080321268850318
6.0916540709865359
0.1868379395664861
5.8987146959472545
0.1632928001279884
1.7437094011074905
1.0274020204365051
1.2628941462582253
1.5481603453298929
0.3910729650059121
3.4617411508848708
4.5680990240075321
2.0280168675303694
4.4866309883697708
3.6279843010159469
0.1024567067367276
0.3549710934491746
1.7035588241621369
4.4064737279847268
0.8281623622330991
4.0170090794986910
5.7974689195286988
3.8602041581698172
5.8128048908694723
5.7699582590232010
0.3499731058259727
3.4707991330845172
5.7040630890554285
3.0199767876893158
1.2169086686779063
2.2633794848237065
1.2968108042357862
1.7202418275285773
2.0391416523468986
3.4149765812814619
5.6621850225369919
5.5004320579014738
5.7511708887939479
5.6947101486002332
2.8576397104903162
2.2876772366630278
0.5112029792416791
5.4838451513282696
4.3279841841288329
1.2854931502677016
1.6514067591281480
5.5173103533265087
6.0089586987532160
2.0136395821132638
3.1051242086911768
0.3758310769983986
6.2452978079826673
1.0130347236679200
5.7019093975836359
4.3174681782137210
5.9911229663428500
5.5384660572247482
0.1365474079324084
0.2616684831755652
5.8617500614269851
1.8722970995136263
5.3437591177447423
5.6530167168088195
5.7057289449244442
2.8046054201179214
5.4731310749755080
5.5448200200529234
6.1971105029930342
0.1085186208292507
3.3941698071601483
4.8252082491812525
4.7361406218210336
2.2195475098678972
1.6743744498160860
2.2418906344059182
4.3223305062957555
5.1853312325811336
6.2755649747247340
0.9184243910850578
1.0248163325382391
2.4583762786300101
3.9871344773603754
4.8958830683640695
2.2316227802803699
0.6928835027544801
0.9797531153956700
2.5632799069912005
2.6295811925025423
4.0264116323276644
3.4572188283783771
0.8245041167157575
0.7457944574289735
4.9723062400412825
6.1129210144051624
0.2632397157039321
1.6278630658362141
4.9000324035474385
0.6649766650665213
5.4208782824710990
3.0604921992230807
4.4706743956999722
6.0555468724342072
0.1090755513577299
2.8275681967460353
5.4724802300556803
0.9182825630770423
1.9629926329759095
3.8692108264124627
0.5767836852933627
1.9826325555423359
3.2317890452322402
3.5121352868645257
5.6663419726857525
0.2916292924731856
0.0432633450541891
4.3210695712118001
4.6420708843974499
0.6923380601200619
3.8065955791650499
5.8056092587959283
3.8643639818782116
6.0345150207361611
6.2571775728960386
0.7979312533117834
1.3192825924516207
0.0201712212907271
4.4708910796511301
5.0698552714921039
2.9256955599066203
0.0120402025217421
4.2592820637430462
3.6614163031324720
4.2893333717860154
3.4768123426040387
4.7779651464114394
4.9425940430154709
0.4005045736360295
1.2614956000462374
0.1566447687336946
5.5225910413193535
3.1489186225363075
5.4055770941984003
5.1517152985735448
4.1512547523447250
4.4998668788017744
2.2691421430411731
1.5020703968275544
3.9940132949730058
6.0993927981672442
0.1827766507941944
1.1713029984974705
3.1583793114895040
5.4713065167546944
3.5127447274031556
5.5756848216560204
1.9071156530366287
4.7100188587623597
4.5878583503088315
4.8424735540382304
2.6475721402311199
1.9840752994877502
2.0234763202230845
5.7864595482877181
5.0581709999145943
5.7457345021983679
4.2014837321589171
5.5247619495231861
0.4914034993736022
0.3980485869028905
4.8460630239919764
0.8466550221454795
5.9515106217990699
2.0826513835396780
1.9254200595395909
4.7786048093557545
6.1491122340360720
5.7245462178899693
4.7853747625706902
5.0000618378265731
3.1594981427839359
4.8187512664816605
4.5554681020463939
5.3590278382696690
5.0203283957598783
2.9430324094297533
2.5678210129010823
3.3040526527489975
0.2010068680132974
0.9357279956263154
0.9864440454584169
2.5959160206294740
2.8915173084057746
4.7131623778627088
5.7309341214325151
1.8831622059381421
2.2063751508770193
5.0062362734496721
3.3192218071080499
6.1771368732949403
1.0655699994496239
5.3066291262812406
3.0998982985414454
4.1208659827871479
2.0529699613567249
1.9423485535007619
3.0145958114583031
5.8290254399047710
2.4455603806240775
0.0651965112631257
0.0341584818806778
3.0663875036414385
4.3734661848269258
3.0362801348654700
1.5878445622906476
1.6344308120973758
1.1840491279419276
0.1883904626351843
4.2114486389298449
1.0529300150996757
1.4949794540552972
0.4657189332318817
1.2473482595139729
2.5227529698280611
5.3713840514562632
3.2239571077806874
3.3231652858212710
4.3148610764468387
2.9636733977691478
3.5388855875122927
3.1667505400925950
1.1679939604863177
5.0538317754852375
1.4557312724705940
2.0220502771184354
0.1723710759373182
0.7799973194714385
1.3409205873084635
2.0043670677126957
3.9624036660883877
2.2464055982151545
1.4095213522933698
4.2962238241415998
1.8986524850208093
1.4663545850984658
5.0632302077316034
3.2032683237323916
4.5528308403104010
0.1825368957301604
2.5165277328494531
0.2737609653859922
1.8379761363873199
3.7010987947213985
1.5557952625106144
2.7421934301467288
5.3114336569434419
4.0751316243952012
3.2919913320268672
3.2125101336401118
1.3272194475605732
2.2151353878798661
0.6710136060339327
2.2155148607095509
2.6096597103681267
4.8204478405663744
5.8440340149263088
2.7599759056723023
4.0480921218943875
0.3365328985868117
2.9443856523453906
2.5818415022763648
0.6598354006817173
3.1780347103888169
0.2563623128492920
6.1964203070522066
0.4035414796094303
0.7956121642661751
3.4997058477567022
3.1817445303266711
3.4200266394151240
3.0342992386039742
3.8542725994869418
4.6733603065719436
3.2389726088980910
3.0992882690311223
1.0241310797510967
5.4799697639216136
2.2472181951684651
1.2763663614877645
1.7582968904698302
4.7029873614748876
1.2493510257823455
5.7050358137514143
5.3415851928336648
3.6227118206476079
4.4050735652177941
0.6309167525208658
2.5035319424533475
5.3626962653706984
0.1380025903511841
5.3524059024036346
1.9737170493853662
5.3884684672108216
4.3104419378859422
0.5143108991256076
2.5963990551468483
4.1807113079202445
5.9034892512266159
5.1446242215651790
1.2560778750779531
3.8270385747509041
1.5755185491728270
3.0102950778582374
5.3634343083763474
5.5761428049691757
1.3770473398252774
3.6443873828303275
0.4745048964243883
5.9052378567906079
0.4985323079488390
1.7840755079850796
6.1509183766809477
4.3074559342162608
2.6825022463515960
4.7149666459652613
0.8402213975584178
2.6132377202387218
1.1682683163331944
2.0371362465994607
4.2123437537428323
1.8407311857216835
5.9900281061106995
4.7518983033753193
4.9432841312718088
0.3477403034012045
5.9404315918241526
2.4215137189608158
4.9066384348232921
6.0187083267470030
4.3175375465685972
5.1697460484392321
4.8216952371711246
1.3356629415258885
2.0181911771567638
5.9473468016885445
4.1881095581752188
5.8861440485215084
3.1370048269170523
0.7816895509920594
5.2199869720785426
2.4370096570360440
4.3995186384405285
3.5055840212386746
5.3685849435995507
3.6490669624986301
2.2153532736510519
4.1750504380807278
6.0080892097351670
2.7272136650181733
3.4458884084438015
1.8027939520949154
3.4860228981285415
6.0175660570013774
5.5695196143357490
1.9422138719593196
3.3481878068031756
0.5865621221239755
5.4168019444990980
6.1756413712293101
2.9178952300155885
5.5948035486187928
1.5223672567160773
2.5109542319918234
4.2435349656694923
4.9161796383427552
3.1018271170914735
4.7676579168640822
4.1780715017722017
5.7236402622170983
4.8474456421286582
0.9191585006801144
3.4790886559453646
2.9313555644180700
3.8808675786808675
6.2302029908886469
2.8674487637699135
4.9135848445526289
2.0970448557632189
4.0670596852643248
0.5832930887399110
3.0121050005324461
2.7647457354231908
1.2012351198167448
2.0702829225197448
1.4376312853889457
0.3596441918182213
3.3473303523754048
0.0097351349318878
4.9318131978643294
5.2586716873564709
2.5557901705216453
5.4768417649895342
2.8567999430149169
5.6593632299362673
5.4675218821589580
1.8216766861548381
3.5436574815256949
0.7531467831077645
4.2056552317864631
4.4984986903197202
3.6067451184452683
1.1013340701854479
3.5800041118529768
0.1007664025113905
4.3017509949969126
2.7293911217930544
1.7653037460014009
0.3308429559220448
0.1623510299118057
3.5218905169296151
1.3179130676841977
0.7537722977905665
4.5259440122773462
0.1537564476582605
4.0084374738796988
4.7014747555734449
2.3260415348666736
1.1419418230214553
0.8047635887782497
0.5696330677356206
3.4801895332846557
1.0271428397713065
4.7356463091345793
2.5114439163381093
1.1910890842373534
0.6891166677493745
2.8805515178839629
3.2650542595285588
5.8942029006980210
5.0471049604773901
4.4125411329956563
5.0948589021648480
5.5926539701293212
3.8101266004974406
2.2586508892447137
6.1731669722764284
2.5121875512113738
5.0964985683867985
2.2769166110390446
5.1996740428658441
1.4183933144802043
0.9857075394131033
3.6559562359572024
4.6416876761614416
3.2758688326098397
3.0081996289438586
6.1185687984413413
3.9396509643250961
3.3270643419545820
5.4071739797422751
3.3455617508069588
0.2746849100929389
6.0908578256974240
0.1477101652911486
3.6160102918781969
2.8711460396092106
4.6004371441992609
0.4806980287253920
6.0204065545123795
2.2730254477086467
4.6237611325819099
2.7209031483853861
2.3538479982346785
2.2919513573232106
2.1260446661300714
0.4732714826705762
5.5281777204174318
4.3975097599366118
2.3933169129121326
3.8810498072186888
5.3008301119652899
3.1879828906743684
0.4453002306040716
6.0348803218318245
6.1577058450765136
3.7573520814003465
3.0351055404086025
3.8479385220328401
3.0766557262058742
0.6137905035077024
0.3426823001649900
1.3671571092991188
4.4988652668369280
4.4123717491520784
2.6448545580846559
6.0947088971085464
5.0930890337675256
5.8612626925748481
4.6784772649555224
2.3702199970781659
3.1567858463671041
3.7726698006763870
0.7954235411859268
2.4014674880737368
4.6887832509323033
1.9732955139840336
3.2210525043991969
0.9244547338900951
4.8398734264348429
2.3825956261664718
2.3706781622805568
0.9009696513295384
3.2087603871136321
4.4548158706797363
0.9588693456004002
2.6802269045685252
2.5332537001896611
2.0165754955901884
1.3777409761724120
5.8948027922619453
1.4640008829607087
3.1926159572942270
2.8754062629802215
1.6794289774330062
0.2373340503523097
1.8165963255865634
5.5451785439942665
5.8359770455355360
0.9904124467050810
1.3867680469065771
2.6287875574366857
5.5830834315066262
3.2785072150467838
3.3886124102923176
3.9090189262910804
3.4674394962827160
1.4977119101344516
4.1632551930646970
2.8001152327695737
3.6470784574425377
1.4203236932317489
3.1397940443978745
4.5367741423041119
1.6873640331399187
1.8484243544290875
3.7043978920682994
2.1815562211861010
5.5704868606545785
6.1331058466554351
0.8187255938359921
1.3274020897895695
2.7253732903737493
3.5150411957359653
5.4597274146181363
0.1857028542071426
4.2256017280084723
1.9826253810087633
0.8088954341775738
2.0377697566156989
4.1357217332255933
1.3249275597230559
4.5096088953855551
2.5907425133387241
3.4755606154396763
2.3699774626774817
4.9818064322881517
6.2740403840298757
4.2287776489594417
4.6704373368129906
1.1772274921610437
2.4838177709995755
4.6205784013709978
0.7231021215508717
5.9086265005991594
1.8197456952383957
2.7204225767442272
5.3726148460434899
2.9631247568107302
5.5388131564925995
2.6818501907283139
4.6403897752078436
5.5475696068483504
6.1179380648677153
2.5378371270187103
3.2167185665338196
4.2188750722341819
4.5033499135496600
3.8127589089474712
0.7704273594631686
3.9691826113267759
1.7934633531159587
4.4609789204792412
5.7359172469392989
4.6081521539062686
4.7918385484022439
1.6150030336131551
2.7491112525297163
2.3355899725649651
2.7536593628357071
2.7049830624889419
1.8801294827822377
3.8582357621479986
3.2884048366459515
1.7438427301036714
3.6283399934697491
3.7342825777807960
0.5396472095340408
4.8674912597628950
4.6664969146845134
0.7663430326507145
4.5780840125037994
2.1445716105383545
0.8410368063678644
3.6574759988325565
1.0647875580766568
2.3838954980359368
4.7338510985031821
5.9734745302224539
5.9317773820325588
4.8615984093933804
3.2484563258226165
1.3602452232820794
4.4809637161250153
0.8204390652908602
0.2861828637290855
5.2731646653250674
3.5360953471632137
4.5481358854952498
5.0335705640635338
1.9818260932138756
2.6968016321298802
2.2475582874665876
2.3768322580325898
4.7715819313691661
2.5509722259823704
5.6434500308570597
6.0164248571860446
1.1464307635971729
0.0827405531941569
5.1793746764432242
2.9601948623958974
2.7611467307383291
2.9542204352151682
0.0651436858989747
4.4611732277910878
2.6053394609807317
4.4247898705115185
2.2705031823981243
6.1502693513400963
2.6697236661643222
4.4595884444295590
3.4535240281382915
2.3298504391693884
0.3679605843953738
2.7427900815187622
3.9555501609195347
2.6580113177869098
2.3276739840999929
3.9062169170404539
2.7268909671608763
5.6034545179668358
4.1026546904820629
5.5010343378854420
5.8270442274625553
2.2094337864575517
3.4400679100533038
3.0123653805046517
0.1378652002056852
5.3446094871991674
4.3576350841962705
3.5995149039987466
6.1598298632863724
5.6260009449725334
4.6052904893803301
0.4004136903414469
2.8293378524365194
3.1686315622399346
4.7590903415940300
4.3177198684956473
5.3235281769794902
5.9722377566932012
3.0862996139584209
0.1155559844222840
1.3235243651199049
1.4985125149880025
1.7237654064234695
2.8246066709581319
1.8707616763123165
5.0494650104018017
2.8351936008733918
3.6802805327666053
5.9501825134769710
4.5824225435462598
4.3373719216892157
1.2804792980731199
0.2451771823801042
3.7230037490954353
0.6878881155692209
6.0176077226245406
6.1179013176143204
1.2301659656426032
3.8164282404028391
2.2217470625174798
2.3542105369337718
5.1567325040808125
5.0287841934348760
6.1163926925959959
4.5328749774774719
0.7952514026297589
5.0728684491549618
0.8600303583854947
0.7657747705628259
1.5788730508906046
1.6388297887327927
0.6945219051716046
1.2641832967795945
0.4524109957217278
3.4004832383377717
3.9910137053555044
3.3494325472841657
5.4863472343249269
3.6617036935560998
0.1267452471343713
5.4445597705076620
5.8148310116217514
2.1743393952523760
1.8891058127082134
3.0504980104650938
5.6842883809767608
1.7341358923170351
5.2948094221875799
6.0356968786619829
0.7746346333476585
5.9251959741664013
3.4308075807949483
1.1889317720742298
1.2364011760278473
4.5851940660118284
5.9973143399034248
0.0818980868646434
2.9600207801642133
1.7635212687421891
4.4139178890888875
5.8672524742404653
2.8474136946632984
4.3287155449723649
4.9803804616921967
3.3683393000347635
0.8806101866234967
0.5540365825813621
1.3528014500566066
4.1421327143027709
3.8331363272471592
2.3730160488956651
4.0766984229422878
1.1657352614897283
2.8550873393652627
3.6252991433586810
5.7886163976534224
0.9985309533382438
4.2959916253081554
0.9901103039525941
2.1345612276002957
3.7409214406136959
1.1126348648502906
0.2481789222327351
2.8794846285564208
1.4252459574069134
2.9855157274585089
4.1500614106130467
3.0599345468152896
3.4516378907307939
1.7500371815641540
5.3375597996815092
1.2409885003529990
5.3463347868798223
0.3981469577336147
2.7492535287022672
0.6418318063988586
6.2022683536846372
1.9038887882543389
6.0313362985219312
5.3811717791117646
3.6200679836143634
5.1114172799234598
4.4685922934581574
3.7277388527557598
4.0715480690167594
5.7934594907753620
2.4461671760461279
3.4211552457674337
2.4282081917498899
4.1227592463808325
2.4002223220975480
3.6554887791709456
3.7527077334941406
1.4003836644880383
3.3103778945042324
3.1362758702582467
0.8885383259307514
5.4947878379522193
2.4314518267100751
6.2763078855164220
5.8595824800113299
4.4316208687623719
3.5948720642475958
3.3623281589830820
1.4194975801761709
4.9971730132846330
2.0856930611913342
3.1910978362536997
2.6572207745240783
4.6146732803714006
1.4944672958347875
6.0566058216361327
1.6909278079937613
2.9159929320089595
6.0884989762804027
2.5929456079287871
0.0768483000670060
0.8509533977019658
2.5599588026653253
3.7210975547686833
4.5328512714881448
1.2384687746569432
2.7585541443359345
4.1009407009672181
1.8409413271949193
5.1297931524575517
5.6695564034961450
5.4880966294662628
0.9950874140543204
1.3926275379384681
5.9278989513769966
2.2633795800734715
4.5719524705645949
5.8740860841330003
5.3448524961045765
5.2814427328821951
2.3835658601436931
1.0687633343263976
1.7904579562322884
5.6810368079618776
5.6861067495824358
3.2138200616886552
5.6810982365126561
3.2345799561608897
5.2124702349725185
4.8228631913141671
1.1077390314918849
3.1266525002358909
6.0460373690101168
3.8838697931362200
0.6339287517298997
1.1725785052394593
1.9562600973423956
0.2515573672794668
2.1095088116461596
5.6189407381025642
5.6422336129617516
0.5641809464463527
0.7667704387147213
4.5610748717242249
5.3615454669618261
3.6892786529364385
5.0678937043998413
0.8844653124506493
2.2158287412983686
3.3479221606967915
5.3890836388120791
4.4462530627579282
3.9694712474969820
0.1280289792914725
1.5652671716020772
0.3148529063716239
5.8529423802642651
2.9040086949145461
2.6601600743526532
2.3623473218014097
2.4137832592302093
2.9499065215703637
2.9531154297800248
2.0764628451314211
3.6448186708559431
0.6576360655766921
1.2344982022377387
4.3254006697160312
3.4809521184856740
4.5251472096066463
2.8993978564767899
3.5395337501221387
3.5894171353866482
4.2932759810841148
3.8805667457100621
2.8719991851343996
0.2733084684961919
6.1432745236256698
6.2216628126600657
1.3087789764195557
4.9918616528373789
0.0989515976215979
5.7783923684751732
3.8179631365312225
0.5434238663571317
5.4743086447392386
4.6916868149896356
3.4214981311766581
2.9234951825576343
1.6856870279308143
2.2596077585217409
4.7825186985986985
0.5003998674291329
1.7646307338401110
4.2035646511616811
3.3612771170543505
3.2561576571860793
0.8763275199396181
5.2611645352554435
5.5773470773764533
1.6285116746661201
5.4585035674338620
2.3684241563732904
2.7013567929359796
3.5342213100265139
4.8908285135682057
0.2095276392474876
0.4600027316024836
1.7916655276383131
1.1907534932121544
1.8561822352127724
6.2582580754937851
5.4776003122582457
5.7317473129942966
4.7499664563963213
2.1302004631518905
1.9471280467845224
0.8802951427324768
0.7588237451719867
4.7396338500108852
4.2028757113522044
0.1946477148587184
3.1859448771895913
0.2078922923763547
2.0046021086286911
4.7518975915357471
2.3293602755975313
5.2694064362585653
2.7664046197589047
4.8306379732772768
3.7702408654636037
4.5776422662127461
4.7364217332265284
0.6994179634471539
1.0333576739847921
3.5882895117940263
1.0938720310453862
3.9446415568339224
0.4241564106399330
4.9792937749170063
5.4637600336955350
3.9437691605852510
2.1283987133234987
0.0507067276999817
6.1688131168844045
3.6208481593352135
3.6328208109572095
4.0520733137117055
5.3953002799214573
4.2499990452530136
2.9610547409094741
3.7576058681919760
5.1226505945784622
4.9194643777218090
4.3404708965184646
3.4957339342498579
1.4701091655418654
5.0690768744458961
1.2161773309421418
5.1674756647005502
2.8851720487084274
3.6633031526990334
4.6655043141966761
5.4015484432861660
0.9142242507055789
0.4114222331255008
6.1575782082745816
6.2113802017797521
0.5576155532680628
4.2288056284926743
1.1203441995048207
4.0903324811634549
5.5621067440689664
4.9201525603637810
5.5210273415005933
1.5345358818598609
5.5666764078380506
1.9533913405278303
4.9298375773391276
5.2538340034761086
4.4486471059325829
1.6709852274523862
4.5650014573700792
1.2147124696625204
0.4939519535256962
0.4300052882512508
2.7443905269158844
1.9145930278442234
4.8252607679647683
5.1404044344080679
2.0465241718409741
3.4990055994575067
3.1213390913654733
4.4216123946471457
1.1161068902112417
5.8934260900354589
1.7415682045121204
1.2405897267441985
2.8995262681711114
5.9278290231488846
2.0261226326897401
2.5039014156139556
4.1949187614521204
5.6716677587996802
5.5819607041529791
1.8352216677264179
6.2490556860961401
3.8171605042683736
2.8366199215169350
4.6412366809829377
4.1877061089418710
4.6966912635580229
1.3751010645976158
1.9880134200625588
3.4334842379426798
4.9970770378072569
4.3664067192665250
4.2254362391191673
3.9543117114124575
3.3971325352649737
4.1757659096821920
5.6913199738516855
1.6610697719774457
2.0870852280494545
2.2365114382264193
2.7768728801834168
5.3487308020283253
1.5667663341000850
2.3781455183985636
3.8176656958044393
0.6340270912071569
1.9001831868347856
4.8556310057562513
3.0708337571979776
4.6054146460785974
3.3949262982983908
4.2978327570673320
1.9477394538627553
0.3786056421285743
0.7375920927857846
1.9795324760636637
3.6277714537403942
2.0219778268538393
3.0304609541475909
0.8553005232241234
0.8429092150918319
4.4310372414778554
4.3416793799540150
6.1623549841700456
0.7655915816401068
2.6677929881492219
0.2676031750802920
2.6142499401275292
0.1795341975536773
1.9513835014096381
2.6293034514948488
3.0232751488950025
2.5982280972185468
0.4304614026054572
1.7672222996133657
4.4107541195812239
1.3287199525171349
5.3671689684027699
4.1800042051803823
4.0276033134752884
6.0369782316845315
2.7932122866899882
4.4175491642402731
3.7271682150534517
4.7436539050245488
1.8597790130437168
5.3586296065624905
0.7626041218046592
2.3557377889462932
0.6096141737363778
0.9737353636140991
1.4928375718448945
3.0253362658518870
4.8727705168514079
0.6430655096167879
0.1763026202821903
1.0892800378172054
2.4645356045011320
1.0278970984480396
5.4581155748133492
3.5491081701929672
1.3823332014269820
2.8243421235978130
2.4869393678709915
0.2801167226551206
5.5212103705660045
1.2884240200314847
2.6813148305713725
5.6576035669269453
1.7076435967452672
2.1368377186270835
4.3267006918458710
2.9181381984629517
3.7442824668212205
0.3149501828067231
6.1087010247053373
0.6578431805947687
3.1306166265279600
1.0712794244815893
6.0151916634006826
5.5832404160681861
4.5437364367857063
3.1710622141490146
0.1338599868524411
0.9741970740711091
1.1220237641993820
4.9568644457745066
5.5304426270249554
3.1135464041731460
0.4863858301132597
1.1965249235748732
5.0592294994133038
3.5255320427103318
0.8813916853147775
2.0429706704748862
0.0194303644257476
2.8022755560474653
2.5342449978789428
3.3304787486546488
0.1392531277427281
3.6888094907883846
4.3435587890994043
1.6902312284661261
3.6626259065470457
2.6203746943375954
0.0435558905916065
3.2289489254579529
4.8427319486755422
5.9280378414254429
4.8355473912292872
2.1947025250716927
1.9538607878246841
1.7568132658507947
1.7141939852770069
1.6618927397179337
0.2641980392245824
3.2305748704254298
3.6233291603922027
2.6722793622144612
2.0731186536730477
5.4781854357412891
4.0495146638668169
3.9414037844571999
1.3486831731733187
2.2816569165592249
5.0626761384832575
3.8463065288751106
1.1799027246332208
3.1506499922691322
4.7608791641647974
5.4014526545602841
6.1273054559625049
4.7610018158806797
1.1538653195065380
4.3445657825634347
0.8688362063097910
6.2591745494953788
4.1324348934802710
5.5553798955016003
3.9623859900271223
0.9640836239599911
0.8718264842132809
2.2909859948744367
1.8193505319918881
6.2323416520855091
1.3054202778397102
0.1867960936355703
4.7606070207376430
0.8375411366488098
0.5455222507846107
5.4220371645365635
2.7430480013328213
0.3517594285452956
1.0534121013181776
4.7861887193737669
5.3492305410057517
5.2033255334358177
0.8297114070313847
3.7347455256813498
2.4193426062747401
3.1394870620311295
1.1081130886601596
0.0403848549032950
6.1954941686521039
2.9096226691709011
3.8861827716183241
2.1805999259538149
1.0610744893199517
3.3587324854503171
4.4739220341855592
5.3262139047450159
0.9554080484800882
2.5766617052172305
2.3322507743308845
3.8763740011150292
3.4108803335135054
5.9640433802669897
5.4840484861771763
5.4634286712641016
0.4646501668758000
6.0710135702106331
0.5649660097550204
2.1482550949919155
5.7638387615685733
2.1271918123830433
4.0923942218659750
0.7291842429124448
2.1220996727506187
3.9974682455699941
2.7835991010133005
2.4558295031487476
4.4612658632539324
2.5750424734293871
4.4681873580896703
0.4622525092829707
1.3094283056664782
2.5372418171272431
6.0850767960394805
2.0032987400058908
5.8010875897686720
3.6586383467336332
0.8244785096494566
3.9333971736254720
3.8910237449206950
2.4381256500504902
2.0267823770493520
3.5743267644234824
5.9567705934546460
3.2382496062949664
2.1942148564160666
4.7480721238578658
5.3754630432514974
0.5858230800253919
0.3572949613054990
1.5711333423841143
4.8475066966461808
4.5140071647419084
3.1570614815838911
2.6648549386881348
5.7094060212097153
5.2345531599411022
5.1546646550171618
6.0997267549705185
0.2510467300980825
6.1649751753949094
2.9031773199852768
6.0001031036719734
2.2277170618538369
2.1407460881732980
0.4277373064047680
4.6048094556697974
2.3502264081747519
0.8537333867952009
3.9375203795790727
1.1837733141683164
4.2783583923723487
6.0499862383054177
2.8383673780170913
4.2113150663979733
2.2146642939979886
3.0449529952660379
1.7502693378192578
6.2304299597819588
0.6952767568708784
2.5016516695351347
3.3739840143691144
4.1457232200655945
3.6234011989668904
0.6336691181871288
0.4903914539870363
1.1312615705806768
3.3662597028505838
5.7554281033100567
3.2738268512517763
4.5462107588363647
0.0498012321144244
0.5228502626364799
5.2935388707346211
2.9437687404076049
0.9214436677360490
2.4119951550286540
0.2012014028519851
5.9197018942919044
5.6188111175348494
4.8660382004709186
0.0262397703802983
2.5583513056157670
6.0801926295735278
3.3341514106363248
4.7745213126886661
5.2908178254530194
1.1989220755842072
2.5242636597491135
3.9847108257558581
4.6436742474208499
3.8757170857573429
3.5401421062693257
0.1139516523132580
2.4903283341913847
4.8542673774106824
5.1342636681580291
2.2061814176891721
3.3821467291697962
3.7225311920420103
0.2763461752043346
3.1988938768655042
0.4849241976107332
4.1582379285093580
0.7926227630952656
4.3891430895277015
1.9101782094620605
4.4134279976415733
0.0011374548454584
5.2454993854864744
5.2926019696038500
0.8517120770210205
0.1933751823582723
1.8712362783513756
4.5750515313572482
2.7593296273355903
3.3941555332819560
0.2928802300805184
0.5942882965109754
0.9818600756051045
3.4017773576096650
4.7931587812681791
3.6318383907605591
1.9194557757833139
4.7760095234108455
2.8543510088680772
2.8492107328957017
1.9984860296034508
1.7176408888295596
0.5030392322588704
4.4899216965402564
2.2610868612135864
2.2657570021896363
2.6679595800774671
5.8632304427104973
1.4655541521011946
6.1762320289583252
4.1751142666051964
5.2504899785639321
1.8500192330571534
5.0897748055378607
2.2108550563331040
3.5703213002844678
2.1019823645213438
2.7912585616622478
3.7999724852115606
3.4672988755989342
1.8519386237158852
5.0274648772135375
2.0316347721168460
2.8528935584351518
0.8733680762978846
4.8124354163607634
4.5534592636678228
4.1021486782949541
1.6793707638984592
2.4871275912280431
3.6035891164096046
2.9771645290131126
5.1571153881258196
5.8754430861077029
1.8633711388806473
4.1200140373432612
5.9997793535656987
5.3143233850849718
2.0271655406089391
6.0083710234072409
5.3602658649435595
2.1371033417488197
3.7475857532622894
0.6100605871102850
3.5883660882668797
0.9013727590481823
5.7371070288353501
1.7956017334932934
5.9193662627615433
1.0448473037510464
5.8352224776017119
3.7132826382780828
4.0024094987100023
4.0602558708709751
1.8225111318279865
6.0082326042135614
4.8752990563169334
4.4589053151553477
5.8840852564975474
1.7940964602890384
6.1162014776830036
0.9187243729657883
2.8386706108186335
6.0733591940421805
4.0575747951369889
4.4859043781812229
5.9277330063631783
3.8554720047920585
6.0034028562638033
0.0355599761126166
5.4193031766364035
0.3964838903725436
3.1194275460305581
5.5883021322035535
1.5132217336285589
1.4856069809020342
4.0955256553128718
4.8167354703877026
4.0481290565237389
5.6306647616260799
4.7776491141349426
2.9221794385237554
3.8591429511403410
0.0561362796792050
1.0981203317025308
1.9765501356859891
4.3421607658234773
4.8525809772211694
4.9950893587270926
1.1915012937723146
1.5128606930018484
0.8096862025542251
5.8770658731766208
5.6625965268913339
6.0857177181908391
0.4599597311623185
2.2398533773322371
1.6099828023399814
3.1950715509159293
1.3608015616432738
3.4770429257237789
0.1144648592390451
5.8119749783449333
3.1079746281253486
1.2098801200044527
3.7576517943232886
3.7797258403681462
5.1104286872842817
1.2074202975907067
0.8835467397755483
2.9629021573629069
2.6682575464612435
2.9757321625176121
4.6264363892977007
2.9785525724284887
6.0029886087575672
4.8934893748125079
5.7431460726439676
2.7619268703730309
5.9250605912313370
1.3165974084196437
4.2125541690536705
4.2564385904681750
1.3564182881051634
3.2484611500289389
2.9950777538245572
5.7735804599293923
1.4509092597564015
5.6369545818037397
1.5363825769506823
0.3816267934566244
5.3104485819968170
2.4917390385347811
1.2009359230528720
5.0114305527674112
0.3965783066720781
0.2276915715044405
2.4867073260088270
2.4295336948272475
5.7615066470514957
5.1282397785394540
5.9488252667776091
4.0689073776746012
5.3925428541463569
3.3403167575415180
0.7031149972007574
3.0305062384443633
1.5744357489828265
0.8427181063994109
2.1266926395008987
0.9560589916472414
1.2619021382932158
3.4752394246134051
6.2183931162479000
3.4475474564460002
5.8336741743854841
1.2409871709127942
5.4250404840319080
1.1837732561336991
3.1003651228589915
3.1378896235449867
3.0750806922171976
2.8306306240352601
5.8890416745065899
1.7666701066745463
1.9441359675866989
5.9890646844279640
5.9211098108433973
3.1650990845479563
1.0963753748613247
5.6667759236233701
1.4408248760531825
5.3663500248963354
2.3712858149213480
5.5186844479237562
5.9321592254883884
2.7739920156385249
3.3558338799182299
5.8213476205811077
4.9789118498462299
3.6227859779849423
5.2488202821871921
0.0292905882848923
1.1475159006890105
4.5274916529151676
6.1729427030923398
2.1611713225657998
5.1138807253489649
5.4344329436470060
5.5686054431525838
0.0861089401283662
3.0468928713886054
0.0586408484651689
4.8615244637432786
6.1088570405192701
1.8015910102434740
5.1677399641044870
5.0180164529910884
2.8863375137048033
1.2137963100401001
1.8382196248826785
4.7634481157162130
4.0516865766773948
4.9785669584419203
4.9328001050695862
4.4769404761107063
5.1210979266810401
5.3654663257085753
1.3031200320064513
1.5076298615664914
1.2958178182169879
2.3120191783691926
1.4215631020065409
1.9411441528417186
4.7646089122146407
1.0313836062391299
0.4368823736838527
3.0039647297256105
3.2933151883528877
4.9499580102496745
1.2967282573046177
4.1766564297317794
3.7815164155462817
5.3399884249184595
3.6180989930794092
3.7634519638858719
0.2955244498781950
3.1361264206518116
2.0194329478109756
2.0438147231502448
5.3163335369093581
4.1149922207578182
5.7153526204045226
1.5405430065953771
4.0078949332662352
3.8469050429073262
2.2378178085668572
4.6821177370691869
4.5042364127658407
3.7231168685939440
2.8782922845035728
2.8049480902081725
4.2837961042871102
1.9753178547693062
2.5712855344093470
3.2913658973605151
5.0226682866257644
6.0580999005506957
3.7435796086625501
3.1064733590224520
5.6819624385835699
2.6779229680445975
3.0324005729249870
4.5453042363671248
5.1181034201601490
5.0752093369870961
4.4622332498302644
5.5170296721143250
3.3221711617699841
3.6286113542436689
4.1766342965079213
3.1513164770266942
3.2078884432869921
0.6021822652386845
2.5727710402542425
3.5693375747925753
2.4233177476749828
3.9462959272962799
3.4358878709936662
5.0347479445427776
3.3274833837478996
1.4137203754206522
0.1446962757121950
3.3643408768175234
3.6322562811480497
4.3992352239841255
1.7019249850885272
1.2652254664171219
0.3991691166313744
2.5177945064859384
2.0137938072800790
1.1402562315933409
4.4613612312929600
3.0624433179923449
3.0213453619555009
5.7892049764737523
3.6364755009665304
5.6133513022702495
2.0371130448163197
0.7978773231349719
2.1770228677466794
5.8745723488957733
0.0500671506948420
5.2268248223935068
3.3011959695667099
2.3024512543022038
5.5973654725396456
5.6284034641264915
4.9533927082250937
3.4728190156887919
3.2686448177775951
0.5524889419078753
1.9304623374224352
4.3760867130881422
2.3926873607299579
3.5888113151985426
0.1984349148241690
3.4024424695834417
6.0420556681140063
5.6763656714117161
4.6092794487008959
1.3042418839599337
3.1255545287216973
4.2967526082060949
3.7412508678861061
6.1450992702278064
5.0267139922640967
2.8748002647982873
3.9483594612553601
2.1538190037399279
2.7148642545694961
1.8139205663351741
3.1477763109276191
3.9264866310288733
0.7363244101156179
0.9821476245964640
2.4783273714907939
0.0700985115916708
2.8474463511884607
3.2847087499874079
5.2574433206338425
0.2004188922075716
4.5366388726786120
0.0672581253731998
0.4346702717776939
1.7842586804185725
2.5486407431129821
2.3198216095560134
2.0146422045752828
2.7345752755776931
0.6909189274171670
0.9011262923434870
0.7679791937154556
1.9814416014886020
3.4212066726932395
5.6441478436563814
3.8546755482274295
0.1205894083021656
0.9116334757447229
3.4036446751666731
0.1097135895249286
1.1686027908530319
5.2890044277976207
2.3661450358071408
4.8804149158904115
5.7692385929975822
2.3732435530809015
3.9431506631816338
5.0409160499018206
1.2599965660364234
2.9315924670756299
2.5130279052288400
4.8750513133867193
0.1038534554106377
0.9782514898056275
5.8025324357399706
5.3964167757262258
3.0303439834179704
5.7713306976451442
1.0016440784280909
3.4821373345120246
4.7041031551939794
3.1807542529927755
5.1491859785927376
1.6079377231273393
4.3584407811477472
2.5961100699814326
0.2896713230524110
2.4261980650934634
2.2652185355891423
1.6411534254467073
2.3095213652819448
0.6084488132900333
1.9850579658489074
2.2588125286182166
0.2737613522628012
5.8260983521319263
4.2540761013650146
0.6825858339287266
0.6332038320687010
0.4223490091683362
5.8652653108259285
1.1753447386005487
0.5957127124919639
0.3939447244970436
3.8362183517114530
1.1129958724236078
6.0097931581656887
5.4269239082060263
6.0962875257910074
3.6360743188603970
6.1415352494976210
4.6199490202179199
2.1944163564550503
5.3491770677001949
0.3722099718969715
5.0295272359281045
5.9839972946983977
1.3423382512240574
0.1537116506217756
4.3620733969102208
3.0940317339953594
3.1004830163711485
3.2906117146377887
5.0025675678917727
4.1794186957440704
3.4752006881371735
2.3335536111565767
3.5086765493876140
3.6603514748571095
3.8285727273382650
6.1110179812245029
3.2986894796258270
5.3362176893991569
0.8035474872260473
2.7139026364913095
1.8894393700063146
3.9023913463298090
0.9139407315664184
0.1725293671697873
2.9588805200093837
2.4628043977037462
1.4648148931947365
2.9214675229841371
1.3204627334342749
4.5213457825056933
1.3986407515464543
4.7391841405486907
1.7110846917356159
3.2297829766720891
3.8931908918586067
0.5779021263378488
0.7154654818271942
3.8001463141935643
2.0089938211465221
5.7591176080823807
2.9723868371883633
1.7156485552224310
0.2711610544635976
1.7519266544701897
1.9003740244505747
1.4740447518324564
1.9327127229924601
0.1067021267394910
4.5533730886281871
0.9299462957611870
4.3408753851580331
3.6558877146129842
3.1746220633741422
2.5889450735758843
0.1134545779039075
5.7666171199830440
0.4407133598013865
3.9850942624928454
6.2443435413346311
3.1253831218635666
4.4083046838253939
1.4063916282567193
1.7749266445088112
3.1200760495568374
1.8462192658419918
0.0309772601916876
3.3219148037532715
0.8954701515742569
3.0325346743119006
3.2889961368774263
5.7499023012221784
1.0929021640646048
4.7678834574740252
5.0170686134174032
4.7762533874860091
3.9879473616851815
5.4539476946834533
3.3647949054808670
0.6595775484833286
5.0292285080512782
5.6894034476125448
1.1734444692780390
5.2058368166243714
2.6063786062651384
2.8744417399655564
4.3830375997535400
4.5798959373468575
4.1413810425785362
2.0088930161059060
2.8705963206423983
5.6770185700083875
1.9607583243738500
0.4566878340157881
1.2874808051820281
2.0440166866166769
2.5053982690508549
0.6232538264304364
0.2496138780737004
0.1068437048629467
4.2600738385267549
3.4550974324119195
4.4513994952590421
3.5424310165642776
4.6992467207655304
0.6164716240508220
4.6689911355445108
3.6775993108439358
2.5333024795886061
1.6466624577989133
4.4071140390716854
2.2304950897184015
3.1771332184798555
5.8130184170883688
2.4305937208950867
0.4484460818770223
2.0296455897435819
4.4937055676368960
5.0518704728674262
4.6395178114599016
2.5589296002798738
2.0766156045167437
1.0948900146066483
0.8509535493362241
3.6184467954471553
0.9611142396023425
2.0917033867187951
4.8262181329091964
2.1751538644813566
0.5864556188199378
4.1520736700541319
1.9729581020406108
0.4068653025629910
2.2268110996416071
4.0310500261352562
6.1341215456890525
0.4024684808809624
2.1554084547843977
5.4626232142518054
5.5537217579060991
2.5860586742505660
2.0598257130328030
5.7883955003569287
4.4833731482840573
2.3657465336855692
4.7240147670826609
4.0329310488486652
5.5557226456520352
2.5510050839661966
2.9037179232399324
2.3436757164092286
0.0720393148510345
5.5892345190039530
2.7274833412177770
1.0790523252501201
1.4816655610586800
3.7602897692218868
5.9916326316544639
0.4063465381195356
2.3957109855324958
0.9356283462372462
3.2444297956103356
3.4831977253472486
4.7424894269279463
5.8826782053986211
0.8691457187291717
6.1529100900203737
5.5924765810598158
3.6161227413547832
3.6571144791437296
2.8388081805896692
5.9577954147400947
0.3890383098429682
4.3651514738433592
4.1567702175036896
3.7228015014516296
4.5454928051231756
2.6575298664132188
5.5884392097248146
2.6821949845965141
0.5877061946882588
4.9724200896333386
1.1616495928076576
4.5037960401001893
3.0166918320202849
1.4113142757827766
4.4175827554896374
5.6971676282402006
1.5236098506674629
5.4867956949962933
6.1380164748879089
0.1097548691749770
0.0678119870214846
5.7887266276694689
3.8187842397116349
2.4647702596354399
0.8636368937913448
5.8207820935842811
0.3363487168992795
0.9211892555936093
2.7321177886688330
1.9052283698865324
3.9692082436864151
4.3600565531681710
1.8820269102196980
4.2069980323226019
4.7956881333753678
2.6689577383622769
3.1296556840583460
2.4443789635433419
3.2918634275911081
5.1240127483809621
4.6488026323067437
5.2216347343533265
6.0034530801056647
5.3259117046390116
5.0815922663654360
4.3205593281195362
4.1371711444857393
5.8322209988210263
4.6173797072581433
2.9098243392585550
1.6649064590863940
6.0790028901824327
2.4990363911454487
2.4103385492722271
1.5315795307387814
5.0361615683140508
2.4441592728409787
1.6980281449756411
3.6868327228926989
5.0450035175104446
2.8943771896691550
1.6082323627782795
5.6357719596320539
3.1330901981182913
6.0395624809492521
3.1656313044230973
1.7452635121741711
4.2056389353522343
3.3950346414353332
2.7616595617354003
6.1535448948663571
2.5765367103232859
1.7930918411547172
1.0141162920328393
6.2216896615208110
1.0726434827247806
4.6673993857070579
6.0865572408455719
4.6501936661917007
0.1921489549912951
4.6188556640271425
3.2396643139014123
2.2896455373050260
3.0918217298465569
1.6723511231216148
5.4877240880086866
4.4587373523952909
1.6095589839265207
0.4207214265710622
1.9678467957011847
3.3488839443871314
4.2797669904814883
4.4486379501975062
1.8597037234251712
5.5235195881823413
3.4344787637311045
2.8686718362171164
0.3914337867510583
5.0496529598898832
2.0588082619523580
4.2901469695154235
1.9002082420390554
4.7816640498972776
2.1704006517746652
1.0095276335073331
2.4152207395353398
4.5037362177760416
6.2811419830733355
0.2783106062664772
4.0914989798176844
3.0187477298042009
2.0879391505292078
0.9379836145315472
1.6306302926618410
2.8384748884511799
5.5071117852846703
0.1613189404729180
3.9283704327163655
3.2101504231456275
1.1842859185711907
4.9738335943555718
6.1119864508015107
2.3403105294121218
2.7627563742490713
2.9375438789519643
0.4046078084110867
1.5573185300046144
1.6532184179938882
2.0774055394011310
1.2653956737330385
4.9614354334085524
1.2868346250738585
1.9058577001882562
1.8548545704489259
3.3254100602821421
1.8362180945157107
4.8712946847149983
5.9189336215932533
2.4593038154733460
2.9215352641894192
3.4619325142770183
2.3754867090291816
4.2217844868656327
4.6416068667793304
6.1446601821018696
5.2076911011343414
1.2012232646429180
3.9629618670727220
3.0398021647108542
4.4580471959789634
3.3071446336321890
3.0387914421853952
2.3460630549500663
4.4623012375676812
0.7741707122946955
6.2205368447103888
4.5806871240173104
3.0582591013479536
4.2222128519810926
1.5425871336825370
3.0634706411628594
2.8996939032232811
2.3572617555277349
2.0686703426383155
2.6643030833748305
2.6441910134889830
3.4572385208733882
0.7244133103779348
4.1341497090664499
2.3710970470908048
1.7360262326788725
0.9215847966110178
2.1347034975875365
0.7998157873066940
5.9061076524608742
3.5088641280906221
4.6863082689551137
5.2705178877080954
1.7070020028717774
5.7200261225786342
0.9186026974718334
1.0385766937620138
0.9046954904354901
5.7343238283188462
0.2746020363622811
4.9328125204352489
5.5156191050524876
1.9071676106410500
2.2710524679462800
1.3762246435991745
3.0717546938237752
4.5844480211923440
5.2072733452109485
3.1835335868072083
1.1228125872148755
0.7642318402104948
2.4384297184858590
5.0052887539099373
4.7311604677989090
3.1653801831251251
4.1377044763820283
3.0641714515902505
4.9932848398461420
0.7748531128981732
2.5291386776874405
0.5805626830382069
0.3924231593969769
4.4025520380868830
5.8741568578174759
2.0071335209549575
4.0705328082901406
2.7501948588044045
1.1264461234529912
0.2451152014417729
3.4237859709623812
6.2313312604014186
3.9223745615247965
0.5967708475024284
4.9345731644556681
2.1560542477731439
4.3793582323689710
4.0318440517247627
3.3857162395228886
3.4122677445867629
1.2630710820314179
3.9917672283320154
2.1892585433803062
3.7400148999780503
6.1216758703847152
1.0347977047372852
4.5482109602817467
0.5176446735640692
1.6857110736078778
1.6264782671081337
1.5577698435068699
1.5262133369638546
4.6565955276459166
1.8380483841077990
5.1503001678891964
5.4260157374089024
5.2588316766362171
2.3897087631582594
5.9055102461391931
0.9350048988312717
3.8265063665528536
2.5406382953749387
0.3705666225893953
4.9370438106555055
1.2897498078822471
0.8974317010350383
3.5555517186089851
5.6157863783451658
5.3875709235286529
1.3583894053749552
0.2584084261611733
3.3364331656344208
3.3817133371082795
1.7541809270265643
2.5382197300636449
3.0076854452920534
5.7890812577345967
5.0378878268482037
5.7592547712559909
5.3768911937867214
5.4028052740178376
0.1274255075066937
2.8320601568726107
5.6009445408995449
1.9992880581733099
5.9072672077606425
0.1666646246444625
5.8223634400065682
0.9915625148729298
3.1849982043191081
6.0483389560383376
3.6737428459803212
4.2693595596038030
4.3692791076288833
5.5411861816731669
1.8603972122947245
5.1414576049941969
5.3410380308587877
5.6471089742990426
5.0843573415800929
3.5341774074987864
1.3974354300743548
3.7775292155984723
3.8788135551027150
2.4767188927225767
0.9613560410627618
3.4158115481431048
3.1638850911989009
5.7999313131020269
2.6202952072274432
1.9761460447347916
0.6440352451494321
1.4472007838283394
1.1744273296083190
1.6847634980371864
5.4488224887831853
2.8159410365676751
2.7879945586366954
4.0305349643148505
5.4417275997954722
4.3660691806901237
3.1024018209198383
2.6163779580456872
1.6081445928463540
0.8366556297707934
4.3997375184147911
4.5361537924909401
2.3305292751996385
3.3712755665799001
3.9464299710026745
0.2090875427655694
2.6253434980707646
0.4387678203826083
1.8119796391225675
4.2831054977632972
5.0891021317083149
4.9655611168579030
2.3001100581049618
5.6623779922960686
2.5395523742793764
2.1618562204889882
2.1054942236449610
2.6653335765579405
1.2397484126511393
3.3700883736181582
1.2134344296890764
5.9966933917278471
5.0401093970451338
2.0935274867507978
4.5731521146990008
0.0004799208928218
4.1271113661226062
2.5494857462477380
0.6421858792385373
3.6914418282152215
2.0303001546381654
3.0009589700058421
1.4627067953050825
0.7656169893144945
3.5795305062854252
4.2319569092331877
1.5334982563511201
1.9759360711349490
0.4390671356349223
4.6974785049047956
3.1216772558025037
3.7617989998724286
5.0395680729544834
1.5453028176715500
1.1688977394154132
3.9036296402687678
1.4395217260917643
0.6374813327405097
3.9172247586607880
3.6171008673283982
5.6501016073057304
6.2081055980186699
1.4462011760093996
2.3177120837061223
2.4875875321262102
5.7111553786139551
0.3528633147843486
0.2130966911555612
4.3852109913544259
4.6855628114936172
4.7390272066431853
1.7938570230373014
2.9144323400307339
2.8224642929304511
2.6696067140905675
0.3124859630369390
1.3533555632210927
1.2768130507652380
4.3065141326078198
0.2572115787158659
2.9643824025374927
5.7277353765978143
4.7005405200505654
3.4609932250668165
1.3601900941479024
3.4403477313948514
5.8946421374176934
2.7489249081077891
4.1152406249738256
2.2640636923250965
1.4942506569958254
4.5416263665414016
4.6732946689850330
3.4442331177073715
0.3743881772885684
5.0668296425688766
4.9711330203440465
5.1358045888067334
1.2940168472483262
2.1063114715743714
2.5571777701761871
4.6951021940374229
0.9204704296719627
1.1315211922789337
2.1309587003845807
0.6977037428067028
3.2675705020121937
1.3112098386799338
1.8138289178034093
2.0329151050403875
0.0675134345867282
4.3804427185061332
0.1827694666520952
6.2015212421567014
3.8375962880133070
1.9806018915125108
3.0522923110118634
4.4906646944742734
2.5495175099657623
3.9268020633781209
3.8297920876276526
0.6747907025912568
4.1974924534374702
0.7676857699741612
5.1618122981904184
1.9963530089276569
0.1128313606691096
6.0383296455557760
0.5712154909531065
1.4008332369882772
0.9280478012535521
4.7750940182461585
5.2460929949287740
5.3011565579141058
1.1368277283855603
5.0755574075711793
5.4352806415438915
4.7077528468493153
5.8045083418476437
4.8338439617400200
2.7346547088093880
0.4532833777285338
0.3275683434938036
3.6558899838812797
4.7065932410132651
6.1995894210703053
5.0126287731632324
0.4817184173418474
0.4707280868723017
2.1374395110035724
3.2171343903029914
5.4629609584007293
5.4032470488602629
0.1613260427351746
0.6921473734933488
5.1284898263693526
2.2971759998954941
2.7335642019180257
4.3644202302582285
4.1483259166638415
2.9058467886575281
1.1250758145707973
5.5639786964546580
4.0444817532772328
0.2016033474530056
0.1067418206542118
4.4381053276158724
1.4148491308930380
2.0166942539987787
3.1416053106645165
0.1733291050190787
3.4798713023836445
5.2317168848483275
1.7397342179183863
5.5722904354581955
4.8900217161276665
6.0402680079834008
5.6591428541410034
5.7607312803663984
4.2510978502740180
3.7094452190831229
4.5620117497410524
0.2926848997069650
2.0092535116386925
6.0319619174244901
2.7332544605936238
5.0464609793178727
5.1262697677350832
5.5300078359995695
0.9834199719621205
6.2080043502120192
3.3015487798660050
1.3397332137063531
5.2788068374081680
4.4766404501165988
3.8669834457341765
0.5552524182945839
3.3689695040621941
4.7836201362748865
6.0092093539975391
3.5909124285602938
3.2528930979796282
0.6967737068381359
0.7723196927351322
2.8085988254870813
2.6082494562634566
3.9438677798380062
4.2538562579713242
4.8625216456240619
5.3501612334643793
4.3548980337178804
1.1295963813180780
3.3078400739033182
2.7611389227656526
6.1235224343398649
1.5690285133369863
5.7317355853621814
0.6271597294118911
2.4138267797495874
4.3172475811354944
0.8954411643429308
2.0941258619659617
1.0711023663083079
5.3472516219510808
2.7481963495154549
2.9033627874484584
2.7276587446300034
5.2618918016969465
3.5782259236191325
4.1316923027005164
2.0055429141297441
0.3510043244474615
1.7466444318539298
4.7812410597966100
5.4240372850731502
1.4131689736055151
3.8989139934288728
2.1601536155663075
3.1088688714456683
3.1515468756623739
2.8104269495321810
5.3804414742085447
0.6808424237246878
3.2717247422638254
5.4214243712467374
4.0356964348277842
4.2933994592324334
4.8664285656599491
3.7857621700556789
2.6409340332339797
5.6746889234967162
2.7460103002419300
3.6577996304902713
0.8524392254699616
0.3183131846905729
1.2015666358816730
3.9383802466408491
1.5356862590664433
3.6075409087861479
3.1621810519232434
5.6888522851058170
4.6349989319525395
4.2284174542910016
0.8725378619025763
5.3038880934207278
2.8761802082342682
3.6738085157782461
6.2740834422930432
3.2203335975432910
5.9922918980478821
2.6176755980159174
3.7225991224337638
6.1333161702587509
4.3942010051480782
0.0750186564159484
2.7492978367819769
4.3104803981800330
3.7857422803276983
5.4402315052438555
1.3041399027636766
