4.4586357480388106
5.3551081251361827
3.7533582818579578
3.0323422659067876
4.6657442949662817
5.5655202749195247
5.6196747987262201
2.3996201279629927
5.8277958134074277
5.9126644494572762
0.3188094391351025
4.1346357067199389
3.5698841973908544
2.0937169712669519
4.8108970586336230
2.9337640873903128
1.3608596375555313
4.3737557544828842
3.3170957857429229
6.1898846841555208
5.8871636577618469
1.4936983746884451
2.6228104331340338
0.6484028278307432
6.1996552343993176
1.9022992483772110
0.3621431551686482
5.6971694894355300
3.6291053476020565
1.0129216980500115
2.9081226010432233
5.0772286037562218
4.5766633914955657
5.3680224109999886
2.9505641164078242
3.8279242150306860
0.6607219646518678
4.5294861427537034
5.1719090491225677
2.7233464257998352
4.6762120295934748
4.8658893013552706
0.5994369388969587
1.9458349343073833
3.6976710438134313
0.2908730301327611
3.2741113911990798
4.4554899303413658
3.6537305115710219
4.8105268403731500
3.6730843012915098
3.8424155034204253
2.4128742938427807
5.2696289605699329
1.2178285518038079
1.8048990797478535
0.4206222521332539
5.3222356863388409
1.0981039578286056
5.9332888995571533
4.7556162951564973
3.1760297446116463
1.8930706075287165
1.0077852691229274
4.0546462096121187
4.7224421129961769
0.1255548329173405
4.1716332869631474
5.3602329053673454
2.1594988430129396
5.1992478233017403
4.9169198844099506
3.9014454185811815
3.8255216085379025
3.3557493528857032
4.7556106861987519
4.2763746398241791
4.4739858916759712
5.7214368982617900
3.0230170332079465
0.4761770033933124
4.8492565573928044
4.6588517312920672
1.5853567445009875
2.2899772812173329
1.4290595844503531
3.0892389949469115
1.8924167040422706
3.2561626435413480
1.1369397917243829
1.9372151498391181
3.6574034968995317
6.0132843674670262
1.2739329529500709
3.4386893160636061
4.2181338540398592
3.4018595830653195
4.5137798488469905
4.2263989968890812
3.3104841920012724
1.2250506164086170
5.1520432053808340
4.6508308484941701
0.3358709963451935
5.0410253948788277
3.3492211389786202
2.8537940263915296
6.2051338017822690
5.9313656131586123
3.8265848891982301
0.2693217323456011
1.6263906437251396
0.8820739481414888
2.9224954972417438
1.8313998828243698
2.8310635149356034
4.0231734647316175
5.5267879829647377
2.5272940271708912
3.7638192304613822
1.7541988954219536
5.2293421234053294
0.0392822578662084
0.8655921285832028
4.5806128639101251
3.7814624268448154
1.2044257346733953
3.2211994425419999
5.8269181929136273
1.8451192762129420
5.0284317526825841
5.1840755425566867
5.8186379976882288
5.4736824993141271
1.5926518377474759
4.0852075143389666
6.2638506183462166
1.0094681433427624
1.4227817932840678
3.7947123506233469
0.9487856596040624
6.0449318244421741
4.5524257578920144
2.8999431854375102
3.1373662504485194
2.8334235609010863
1.7643011933452593
5.2020242350995769
4.7511672893384089
5.9138728079504110
1.1770671615315746
4.1200649321375300
4.5726389461696506
0.7197094447794559
1.0063669424807973
2.4195913633347836
5.8883456992849421
4.8472513908733541
0.5360668004942838
1.7471631065679494
4.5479664768445849
4.4886743349865137
5.9421868928403390
5.7729558398380680
3.8314106755576933
1.3340247218312682
0.8179700893286124
4.4406913157668768
3.1765765127374652
4.7697305815328122
3.5304562605275702
0.6230985821700190
6.1992868265521519
4.1208206585473670
1.3024061668808620
1.9225144564806496
4.4841112943164720
1.1065758172420930
0.1571512581375026
1.8899256420773325
4.0006928079961837
5.9584662446873526
1.6660263608898920
4.9356988772430253
0.4117624451412693
5.9011507565835588
5.2843405681346658
6.1880172154822537
4.1720785254098258
5.7743693815135142
3.0995302870025387
5.7347949872239141
4.7289178794819051
2.8248212480503061
3.7449053278162339
2.6507287772758699
5.8420844565833132
4.9977291541571658
0.7953769436189956
4.4533202061509067
0.3005573937902296
5.4907176344188322
0.9158150789068241
5.5558160476269922
1.5701991215936029
5.6555731463065220
2.4573713590711730
6.2491021981662014
5.5922965140455050
5.3381988993918874
2.9766837252086860
2.7305130250530296
6.1367999721023008
4.4554161090570092
2.3995960532290477
0.5001634715056231
3.7650307859008794
4.6521893875544880
2.7198583333975694
2.6450166974878657
3.1036632273807165
2.2129038996900454
3.0058340932270387
2.8668952681777542
5.9894531686519183
1.0854675735292452
2.5820737664786129
5.9619324432568579
5.0640939531619376
5.5054703411430754
0.5363777964815263
2.2088953291659483
4.9781688927719987
6.1584969298129755
4.3417452807359176
0.0843078346489621
0.0816525313505410
2.6432080026015026
3.0545446211112246
1.8919344726631786
4.5722020319513152
1.6378029683024073
4.3021496634378336
3.0754558540372092
0.8297314868918582
2.5833170781015071
2.0020770962062646
6.0625721299006816
5.5166805861786541
6.1817499443228225
4.8825542379308553
5.4883144906190466
3.2765310426858187
0.6318880874524703
4.0328959627189267
5.8844656040098187
4.2672000191490786
0.5254376488150426
5.1927193576087260
0.7030354387069210
5.2295644811190298
6.1102100476981551
0.2420746862726677
2.6400842948878074
4.7280257040402942
3.3551112002171752
1.8633374596917054
2.5535208919242263
4.9867545459394389
3.0783143036216281
2.6938232610037995
0.6148786094636298
2.8751189759256297
5.7124947982090521
2.8890580317471044
4.0295176995658171
5.8593643650461749
4.5244482000103732
0.1952635109492591
4.9549664886000997
0.2598185619591883
2.0759699440133810
6.2012584502684751
4.8048504980846571
4.3842420329767826
5.2065103537309501
2.5413066227036074
4.4604551205704066
1.6036349103931284
1.3424547636085005
1.2902190462177336
3.5389479365259628
0.9082148282195183
5.8374706590166658
1.1729065665597016
5.2830390526971618
0.4837508927075850
1.5464964999138338
4.0339716645805108
1.9891590736838147
4.0774820006534069
5.1921789622270413
1.2203352572416668
3.6380604459666563
4.1703980044928501
1.6889093261420636
5.1231544311252391
0.0407631639553469
2.6841643708884537
0.1342835803375529
3.1145356576861496
5.0648282422804964
4.1141953276344472
1.0171766012087922
0.6786337688677954
4.8645171157787797
1.0459453958319331
3.5460539267225477
0.9476792698147380
2.9322934359084698
2.3336592043322466
5.2206524387194042
0.3891017689996666
2.0058751604356324
3.8721397397003141
0.9290056436645040
0.3399222808805850
1.4616534065380797
3.3086677021640121
2.9275719491041734
4.7036299622975424
5.2489314080524654
0.2848617799466184
1.8252265145406052
3.7804739137684518
1.0376722849596509
1.4480290261566713
2.7545256911939719
2.4507937333001273
1.4268324088935491
0.7440451367018752
5.4206390770655313
2.4314921400422769
6.0514951368108765
4.7281700114053402
5.6403841704154427
1.0155525186460914
5.1131173311500024
2.2931342520196543
1.0785450765829740
2.0605841845219266
2.2182933342431892
4.8280346804259198
0.4017819912061114
4.1549529271633006
2.4970473751488815
2.4216319556067156
0.2228318004009654
1.2934185103713021
1.3374744255607589
2.2487798602638791
5.8927062370069594
5.7136414160155500
6.0503607140638218
4.5926953870141398
3.2520858032427613
0.6667047413811431
2.5124669098317813
0.6420684352813382
6.0027224138925313
2.8524073325381547
4.1415061811535621
0.4182765700610289
0.6081366566011791
0.3553035610462918
3.9257534410949759
4.3598909751506110
2.3986443652509593
5.4193932073415585
1.7906212976243350
0.9703535511406266
2.9122924637184551
4.4729609289518102
1.9105699137182490
2.3746637080284749
1.5241447441306835
1.5159782891412570
0.0078841244341628
2.5900476760187048
0.0238533452586814
2.8029495538099329
2.8194692261211474
5.7082572112702392
1.0962077716239818
2.5596227199047896
0.5042272719946417
4.5168877510141598
3.5436784376998980
4.5276304627007304
4.2808053527443839
5.8864540167770398
2.8989191364631663
2.9203311315988851
3.1998569011378799
0.4713158139781473
6.1865267182300157
3.8526504793017140
0.6558952374613662
2.8885342816821651
2.8755654762891925
3.1771487134059848
1.8607183036082744
1.7676081770976675
1.2849946206338301
2.1198441619006405
1.4458949151079499
0.3622770496451519
3.7628721492270891
5.3174162827873710
4.6372583262434723
3.6188596732495815
4.8628001339519455
1.9254162627289286
2.4682154345755980
4.3325817743000261
0.8930174375618030
0.9064708394756603
5.3817040771295197
2.7634868139610469
5.5554464473737912
4.6187164514675407
1.0319165834837147
4.4346277268623471
5.4669947780157635
1.9403992592005157
5.9600052039100353
5.8599985036548548
0.8925321928900404
0.4465138234686913
5.0115210520100817
1.6767701209821735
4.1021850536165756
4.6029438204440085
4.1140760575817614
5.1739701194554657
3.2388360907426450
1.4789124980936339
3.6886210081412050
1.1951534633558412
0.0109454425821644
2.8596236510713231
4.6492400452222631
1.6208880479018388
5.2159467165444591
6.0361867917627858
0.1191980273005710
2.9135005174774902
5.5961732187747133
4.5520852222721828
3.1453804572724189
3.4731072007102455
1.7065152260632119
4.1544018633512723
5.5211330164831853
3.7422829281678616
2.6552889499305952
4.0123081125147513
2.2190573814964805
3.5210366233013017
6.1986270259944725
4.3835720057076140
4.0150535794043201
4.7808050639644870
1.6186906392623250
2.7515085982973093
3.6967238113778014
3.6503362966282991
5.0169429104482983
5.8542376535750886
4.7536813212644953
3.0023631231742143
4.2111827400529798
4.8563413517684060
0.9209151057340299
2.8162369211325973
0.5475429017624160
4.9601500093414659
2.5578025384938572
5.0261156218614458
3.2926951423140491
2.8851362140031913
0.7160325277419416
5.3964375513202993
3.8659272818796651
2.4844960151555915
2.8542782710950410
0.4649050493692582
4.7751383744599991
1.8220109783679606
1.9286618622752816
2.1496139344113550
0.0945971260177042
4.9188014948589078
0.8384495230844777
5.2639425465694618
4.4028247731552739
5.1374246975189868
1.7620808939397392
0.3588842714067954
2.4715202886064875
0.0857268769144313
1.9616732347396901
4.3761100540963964
1.9863267100661641
0.6034151033073053
3.7436555218740843
2.3336962737888829
2.5351303742412603
1.7052144095319284
1.7405221201140328
0.9042741694038563
0.5431176835227096
2.8472600940241302
0.1284545112228829
5.8558795264903223
0.8236037095119000
0.2527155124962976
2.2635023718690936
2.9438541080172329
0.2441003792539582
5.4340618464966211
1.3225259369597950
2.0154181803712010
3.9613127621117914
0.8323431487692867
0.2928411439638373
2.3511183840719156
1.0884968130784411
2.0371948215258504
5.9437760455513100
0.5135694015912958
2.5924004952502644
4.9346032349626165
0.3223074800361140
1.3680698137174445
4.1205910657523717
6.2624378320949869
4.2072104800553403
1.4036096470671375
2.3214155818650406
2.2017363846895708
1.3417081460221421
5.5571084328144114
5.5436838264341048
5.1976211230271208
1.0125612031238935
3.8489271980923170
3.6879968858318439
3.3990493037047180
2.6132280556574803
5.7739656726260247
3.0342768990550879
5.4680465599812553
1.7850943881747814
3.9274343087174692
0.7527627293744629
5.6124488779206141
0.4987398255403682
2.8325544254472130
6.1540074424923707
1.8226840943455738
2.1291754583072682
3.0801010490119203
4.4731311971798720
4.8615173427509317
3.2821320176495234
3.8141674346655066
3.1514655920879266
4.4521931945537689
4.5830735196768151
0.3165265802105919
5.8584281641984823
3.4121481632892459
0.0139356334132976
4.7721153907198204
1.5153304600529360
4.3037876011564755
3.8516454236969597
5.9065815237117194
3.4518493485266997
4.9615829138987992
5.2238971069473923
4.1888583404111230
3.5151998495084995
5.6984758941803966
6.1558528092473281
2.2909600425292513
5.3543170468050354
4.1804744722477523
5.4357540391632790
5.0146984854837120
2.5421341259851280
5.1488664651593155
2.0365785809650512
1.2855354013829516
1.3145508018849059
4.3682544828885463
4.3854598766318817
4.5477592628916010
2.5282006886912693
0.4012642927837531
4.3512220352673197
2.6570052046737889
2.5525919623809266
2.5476307266331433
2.9672579829809402
0.7022847904971249
4.7472311385448798
3.7782803792430899
4.7505422350520110
3.3121822378239791
5.8008117667357055
0.5049888885176284
0.5414220220443037
3.2151523828871382
0.7962565841382760
0.8809601425095812
0.2355382961725588
2.9020536030972499
1.3993010296916752
1.1998850887815977
5.7699673890435532
2.4712860859710357
3.1179144123641653
3.1121903672934139
5.5532017938221196
3.0069152107093822
6.2682109329688327
3.0110997092310390
5.4019248600971634
3.3712884046883107
5.0690270082649054
0.4186369289621142
4.3927172392655507
5.2875581632745963
0.6167736668966229
0.6892284815845969
2.6043897220234324
1.3672060594410163
6.0345013082745362
5.2906579497705604
4.7432354636601444
3.6276770979089017
2.8103969681997483
2.0575617792134602
2.4929723346328978
0.0100979274098575
4.7650832608252376
3.2340366699988787
6.0462317401765739
4.3391360314477003
2.1508968724172948
1.6002295036670289
5.7100922126286884
4.3349627742456605
3.2557338243117653
4.8826690785168232
4.8680623831255110
0.6564199583685146
6.2710070218596270
4.9313100846983016
4.5655135310673236
1.4422587850605955
3.0671547607612046
4.1235407989241937
0.0154600954985666
5.7339672365126013
3.2439509999099023
2.0964283209634162
4.5622399145589672
4.9863477308125344
3.1280712409661486
4.8809509066018215
5.1720871677233502
5.5161899950600226
6.1403187857021955
1.4230566636087258
0.0110287674413937
2.6675084621283394
4.6394535409307371
2.7481563608816315
0.1872299411831090
1.5047665263930370
5.7801772935726223
3.5454167096813207
0.1839017205915470
0.9372721205602422
4.2185831614090121
2.0216799785449600
0.4802130169361724
2.8170776663039203
2.1066669796403872
4.0478545319820514
4.0341852031104972
5.5081047558807086
3.6901789060197956
2.8832184267910601
4.3746526742468230
5.2315098288758657
5.5362853811881170
4.7763428216579280
4.3906021896597665
3.5733652774732607
3.7439804255255620
0.4628246608553294
2.8625292912770801
0.5826863215277661
5.0468152536624826
0.9231907131030270
6.1194822840428875
5.3071412347907430
3.9388959785099074
2.8981154435343628
2.4821064517861609
1.9087453195962145
5.2711317996348264
3.6621701342132158
3.2405696228202481
1.2283803124375836
4.5811093524777267
6.1978017591236325
4.0716060015433584
4.7678005145071030
5.8156871508369514
3.7751500757204517
0.5474231023301815
6.1793659280188926
0.0628220565994325
2.3812414160570730
1.1856182318438413
2.1211763695066255
5.3920769400399342
2.8561415251837721
1.6709631210878118
2.9454928103588385
0.9886863046096334
0.7287103007575522
3.6225130876365417
1.9231189375228810
5.5086552976809751
4.0907082224609326
5.6307030626411541
5.0235247251554460
5.4707489093464723
4.2874586937925789
2.5897949162082772
5.6696657083035094
3.6681163536912624
3.3168712412170498
0.6277222605921086
3.8429156404061358
4.2621754254615913
0.4247967548981883
3.4601107204994626
4.1359406263952403
4.7184704648436924
5.9959554328038678
1.6938568992500795
2.8400419757491298
3.8118659111553508
2.1196659199515429
1.8847670012691200
0.5002910306965027
1.3543475746781672
4.7634269910600846
4.2471471827778924
0.6536445584149155
3.3500711575377822
2.8690990201929965
3.0080279499862113
4.0974947675741511
4.2987709939159844
5.1459162637006486
4.9524530469263368
2.9790958374161520
1.3831744799362584
0.3775192987955377
5.9229856768457170
2.9347298468163818
1.8480697124729384
5.2145770227183919
4.8962691240360456
0.1003374423351305
4.4867255568249114
0.8303400880557865
4.5137200395088364
1.3816329708006942
5.8390701800591609
3.1281525692589445
3.7062033035200055
3.1913984710803813
3.1206650918409999
3.9806734211085999
1.2960891372891057
1.6231641341643148
3.6803552911531336
4.1485875146433022
4.6940251496399172
0.7879014318365878
3.6518912060981275
5.1738173886547072
5.1489298853007295
5.9021611940149725
5.7115870960858350
0.3821844143094709
4.4299637485803185
5.3525601819000928
1.6395016419584874
5.7621428240833863
6.2791393371247581
6.1523680348666341
5.6332661997346785
1.2745448149307683
1.1476370292464340
3.2891546330472017
4.9887654591901089
0.7251958801230383
2.7615125672677672
1.6801237244935996
2.3312846877362952
1.9085696871399491
1.5384422295648033
0.3991412183899158
2.7149095106641177
4.4348523558035629
5.9387843021384130
1.0725444008621385
1.0956823089276879
2.6523595622170646
3.8847457413237168
0.9931787760093360
0.9290120643802192
0.6109092394466132
1.8940867387895868
3.3835495417104551
5.2705066540111325
1.4334504412470006
4.6178337887928791
5.2310094369862483
3.2860233177348275
3.9588781709750598
2.8184176946686077
1.3018847602308437
1.2632759278821977
1.6269354224643349
5.2309102716666738
1.5228228889917637
2.2259048878096235
1.6261165920607490
4.5592011826315719
0.8149191030380820
4.9124641401270681
4.2387130671972368
1.5695273138188102
1.8248598973284178
6.1711357483697222
6.1645307036721402
4.7854363808712099
3.2684419865768692
0.2787805179553785
3.2232883067629046
1.0399848594092505
6.2142900723232133
4.9517290438434562
6.0474664923635491
5.8155484408894118
3.3457224835130761
4.7374854509804099
2.8773976620496988
2.9167435847331671
4.6169547504354069
0.8674572645197861
3.5424786938907844
5.4123437166261583
3.9156110104887176
0.5536431938720413
5.0348091581186205
0.8000772219987304
4.0078550214168951
5.6440617387803895
3.9565652245294052
0.0943026622280499
4.0476892806835600
0.8989227840798749
4.9257692241256770
4.5793541911174831
6.2673860005634490
2.9133015558270259
4.9623048608325382
4.0528377120372205
6.0988588496032623
0.8398099088920098
1.7676468767352869
3.2152863940343339
4.7995932660224021
5.3123982359382449
2.3104358980209287
1.2294696842298403
3.2484777919589214
3.1120819054145552
1.1252228723123199
3.1182615384483823
5.1884167073761942
5.2247474981209336
4.4124202215892350
2.0825063778869000
2.1122695179989055
5.3334032024402553
2.0559119426962424
5.2468222450052471
3.1217198714235264
2.4197400129421140
5.4347437918565404
2.3062385485403309
2.5254631829893426
0.2550747829422094
1.0278082370971453
5.3731919491232780
1.2180830215684371
4.4151906641368344
4.8200115082651935
1.4529162433298795
1.7862918885005541
4.3577352526383075
3.3594802110356059
1.7247004998573230
4.3775261938461885
1.2602627901871342
6.1082564275592928
3.5062516323256157
1.1777341550743174
5.1932265219052569
4.0978476658843590
1.2406734210288808
3.5860685228048772
5.9680803473305559
0.5415710114427041
5.8819504730400549
5.8562777353054818
6.2492589180361788
1.1465232332000923
3.2729388482164485
1.6813742477010469
5.9698224906763429
4.5864028634973453
1.7997851897619010
2.8904787285770062
0.9918154175658438
6.0800468801301291
2.4267039643292385
1.0866279789154478
5.5013137773329879
6.2338534273333819
4.8722232640086354
6.0136293728432726
1.9511693815668865
3.4474800947597739
4.5900550778244336
1.6588873975110678
4.8454707162607553
4.6032750541826619
1.5193582170410496
4.5902911545347154
3.4929621358567164
3.2294299875344246
0.1696081838581710
3.2371669487840853
0.0082717976741236
5.9644318063456092
5.1958541202292761
2.1642479852429251
3.1830940299402739
0.6722950997578911
5.3013425733067798
4.8744544773574221
0.5129640187664312
0.3114208074907215
0.0179925047282760
0.4036635484283834
2.5601698268544020
2.0184071914216464
5.1693496381032951
3.9133131316212189
0.4293958883466409
5.5520676943641725
4.4512337364545296
1.3979425845167892
3.2891797697853224
2.0784484121062539
5.4468378470100269
2.1256090994152443
3.5351047107401956
1.0311550841250532
4.4305307267402876
0.1942018473379444
1.4967107039756784
5.9469950278915480
4.0735480057698057
4.6388887869964810
4.5093415622998858
3.6629669487997147
0.6220244303610828
1.9819583965164993
3.7977321044651888
2.7262712432535516
2.0791097798568421
6.1330521180793527
4.0662239547479029
3.1211328718240305
3.7325812627874795
1.2563773064121826
0.0005229020033118
3.9334017409320072
2.2386275805077589
1.4645404468180758
0.3035029496622875
0.3169215000485550
1.7290512593051131
4.0040824040580860
1.3630665047662096
2.2770114276307982
3.2383924546182223
2.3598700529986325
3.1967449671307149
0.1809408547138835
3.3913919830933268
2.1855891826361686
3.7185111137372115
4.3346446896435866
1.4280317208014164
4.6987899382944160
2.9371074617583153
1.3747939979265857
1.5729453397710256
4.0570093321288727
2.0985145913145931
5.6370854286300647
5.0655625675286746
2.2639827602161247
3.9379725205458080
1.2511800830848290
5.1569751429630788
2.4123392057370014
1.0312335132987511
2.4271956424939427
3.3962335217558599
4.5549862128914382
2.5350613390362238
1.4954469826190662
2.0733444290364829
3.7652208896877708
3.5248904630164200
3.2961779857970028
1.0040283763769535
3.9002397624258940
0.0536343097268418
2.3339374232030239
2.8363511591828354
5.5902786434213283
2.9678725742331742
3.6913642341424180
3.6957259320894593
2.9332609375970162
4.9203032946739720
5.0334127806221005
0.0709415666537934
1.3518110070737264
0.8376243494769050
5.8885690596857518
4.3639319605286797
3.3314658242230637
5.2598857073353571
2.9712788963190215
5.2120881357191440
4.8824815345981323
3.1041667520461376
0.9954473369521412
0.4062297212292299
3.7376191539534198
3.4996335120764726
1.2119272684716218
4.6147663922335598
2.9481461043807005
0.7888117258353482
0.5689045685268184
3.0011653597092440
6.2703988583366064
2.0733413448712725
0.3973999641380638
6.0102180038557744
1.1104907987852979
6.1559482174986364
2.7188560758000473
1.2292684566978411
1.7240294763795136
4.6522904137546979
0.7050554499204291
3.1421346299766841
3.9899576532267513
1.1915246809705500
0.4217575554452112
4.3641747873699828
0.7599895565231819
4.3883760609941938
2.9588861330762604
6.0032893183961287
5.5210729990476439
1.6217488196686465
0.7291148642429214
3.3302220692946323
1.0287903326650030
1.1942369918321141
0.5040597807277112
1.6923251485989041
1.2210085077849737
3.7505178561178507
3.1408918025992629
2.6519911379534253
0.7390738855737515
2.4781748874717082
0.2479505695379412
2.7901146171668860
5.7409987561411899
4.7241794846477259
3.8362633922313285
0.2198659880739869
4.5977388463733515
4.9594812747269339
4.5075052174621240
1.3033950322547654
1.7559369899789021
2.6441914624602028
5.0472286486417701
2.1280861023493158
1.6792856508993701
2.4896032014796061
3.6469334138953804
5.4560906081572078
1.1243933408312081
0.5708661417382606
2.4389180906913830
2.4679507882900302
2.8265988496667624
3.3435487713048828
4.2061318551925213
4.9767264750205067
0.0448624449678143
5.4289308474662672
2.3887717897899119
2.3499795084616655
4.7144692339361125
0.0200827078692356
2.1031714229864971
0.5016886866514141
0.7422683129747149
1.1109653195096416
5.0241544620258294
2.1992203803072168
2.3153649529847411
2.4279941526251938
0.2949826233639974
3.8738172960202855
0.2169647560511569
2.2392857481227222
2.0025241040794910
5.4903022422957255
4.9834490674985021
3.3592745276093328
1.3046973595024731
2.5049190645773609
2.7631465094483310
4.3003267272842622
0.1467492466276436
2.0001450618142265
0.2682413552295336
1.2810141777775246
2.8982610285035957
1.7615633878139754
2.5733907582786335
1.4514278552740405
1.7134411288647748
1.9896918018891721
0.6838945901943124
2.2717789311172312
3.8868118682630461
3.2544622163887147
5.6531955452222125
4.0685151631162979
4.3078499405247079
2.5140415350986647
0.9870008435892027
1.3810628745432392
0.2245961394780014
3.8845601052696193
3.2831206526704095
0.0674400685766692
2.2507404475827411
5.7524221919355938
3.1468794772993700
2.9650963208829446
4.7828591365374002
0.3162930938497755
3.5131579560523538
1.6864682454697422
4.3190133114288987
4.5667266285382055
1.4242711743705676
0.3364877644933491
4.2909715606507808
4.4968707734422422
2.5622944024492393
0.5679568801208394
1.1733142693132774
1.0493813036009483
3.0368157639446500
5.2464217031518254
3.5658297687129634
1.6468976818424432
0.0560206111773062
2.2109793486793823
1.8920411824517784
4.3139388942221437
0.6843889326432957
1.4017153121463202
2.1743248105728670
4.3497701964549877
5.5477385718939818
4.3586870569070344
1.7791423277084648
3.0905006603835932
5.1343945295939726
2.4007978932370970
3.8754334178703416
2.7044563481231854
1.2745443577889588
5.3871489577693952
2.9297557004976391
2.7874435255895977
4.3752935833229962
3.5111687632283295
0.9138689996311725
0.7229607345505821
6.1121264297227018
0.9351778941557802
4.1563785522718808
1.4761997388017281
0.0676863883881790
5.7744639726740896
0.5536839490844671
3.8465484391671541
1.7581383890262332
5.4399733754366748
3.2297667938315682
4.6090952263926548
4.6150698337540259
3.9008906280718612
4.8055993602010316
3.8652057065163166
4.2114197025026137
2.5943527681764333
3.6945745987524470
0.2288552915785772
4.6491721227297713
3.4651393663502756
1.6973664426325530
4.4090012501563747
1.7836427716422198
5.4153871141672356
5.9958339691703673
4.1269488497234752
1.4399829666973107
3.3131043406654399
2.3449530771810339
0.8687506708717808
6.0894724683987542
1.5031366204615348
0.2061543004093820
2.4560239215673167
4.1573143218611595
4.2634595552980317
1.7495090158741575
4.0211201181845775
3.4150037305582108
0.6288867367067434
0.3281367659691827
1.7493774382570260
3.3334143890164474
4.8586037559611288
5.8351329371797034
0.7331182765819746
1.7181067850083549
4.2844069616219453
2.0954800174678101
0.1759144634313101
0.6989907843056490
0.5811374473599585
2.2412003610149704
0.4041208953493162
2.1518788107830007
2.7350167562561731
0.9109438531134013
4.3551354176115078
2.2969946939939678
4.9537767887409316
4.7939192583138466
1.5153528402923002
4.5729128436277557
5.9479393004970413
1.4952864841167062
1.1543621163754860
0.4385278040847282
5.2293658498051210
5.7494935833380527
2.4944547675230275
3.2824879541644489
1.1355407862458136
1.6423922673208418
5.1346577473355177
2.2065146650439540
5.2267769523938066
6.0231373823046797
2.0708054694694118
5.5086046889989877
5.2215121944877199
3.0383945827105441
5.8755224366110665
3.0293348997861052
0.5998561470280008
3.2185542902614701
1.8979257046210751
4.9754128020728547
3.1634661294067303
0.6548126602616969
2.2990768673044166
0.9264314029236760
4.9651754658164187
3.1282200428154865
4.8998185561398024
2.2604839302864361
6.1727469747036263
0.7259137141209203
1.1511934618549569
3.2226928334255027
3.4663838743610067
3.6302419028805799
1.8821705476317647
3.0864621978760431
4.1594579154747651
3.9667082040331390
2.4926930472008455
2.2244728615532989
0.2299834919776028
4.2246645469459283
4.6539242250550794
3.4040162542385195
3.6698426463828144
1.8879942813990329
2.2363806985383556
1.8078995506740911
4.3750192950325557
5.5152243194854194
4.4861039104079694
5.8570228071986845
3.7363058609279269
1.7046888748968532
4.8442533960831806
1.9354509236421078
5.3305058139365569
4.0838565759659380
0.0578567484451856
3.1560647554533570
4.1999816039253330
4.6347719211507394
1.7963958938598639
2.3278577727954244
5.3755961391946911
3.5541848596169920
5.6773456758863530
3.8236549845402279
5.7360481217680936
2.3808228026819092
6.2331122499054983
2.7753260398636659
6.0336777975209133
2.0294367883945816
5.4743540672959927
2.8383034373625184
5.3682224297559840
4.6068198885723355
0.5614875843007432
0.7323960754164487
3.4458563481684008
3.3137268904502832
4.1698610050498344
6.1728279972583993
3.6227772901556947
2.2552251267027152
2.7548524494597735
4.5043087484387714
3.3939871897944713
0.3813945067587768
5.0612114906744239
5.5809492249687729
4.0327863327109332
4.8658694012688954
2.6428918500461167
3.5801153347425529
4.5760729277489185
1.9009041480574436
0.2722706277248182
5.8499943121211793
5.7357274307514405
5.6843516613853051
3.7721030666647479
4.2004735623225002
2.6075847160210301
5.0508227372331849
3.8601886657013957
4.6042088247929920
3.8159436904917623
3.1889746988852798
3.3953247430689157
5.9451178733041035
1.5786360942173123
1.4673437670335052
3.9227663741952252
4.9267061886597929
4.8962514161500428
3.7204080566656641
2.3173291325854031
2.7600831796653309
2.9883814777136379
0.8614353079091581
2.1884887012108436
5.6787104636417265
1.9341728265185858
1.8192120886423635
0.9068694501824409
1.5411402550416857
3.7137136185626800
4.5129689432551299
4.2281199810810852
0.5613251757198531
2.8891787245489091
5.7717004023861955
0.4171094244282051
3.7288587860283533
4.5183373241457652
2.4312567891331409
1.9102137313473462
5.2538490786926477
3.0937490837610619
1.6715602946414492
2.8069269315840075
2.4693815451930701
4.7925235961531447
4.0843146561804380
2.8177379613608173
4.9411293800895724
5.3396759512667265
5.2033709794749941
0.1654928870606263
3.2479495208151761
4.8624608512618233
0.4220093733996916
0.7319488760152049
2.9129947593344849
4.8510478560881571
5.5027995753227605
4.2734327107521706
0.9749095167140973
2.0369089385672927
3.0474468162122466
4.7881448306472674
3.1241100357611611
2.8483455014907961
3.4420438296306166
0.5702007845426891
3.7013035294001004
2.0860023947073052
0.1954883528843623
1.9950730779278680
4.9795321526885443
0.1730087526457519
5.6079453674123938
2.5856568536807560
1.7478863581382367
0.2140507418081701
2.6851601182478908
2.9595152495886694
5.5534082380533514
4.1461409633939681
3.2320807059088090
0.7745814414106559
3.8302444124224659
3.1459697698122091
4.1789972216791949
2.4288386388411149
4.3801870459175332
1.1017627909801930
0.5298675884586731
0.7172845913367762
6.1334717377121697
1.7907777244008920
4.8595741338807512
3.7243736068366795
3.4158771508636594
3.0767520671298438
5.4133702379628161
2.8066365189086051
2.8463862324375073
2.5650687222848449
5.3341176199298843
2.5795098658421907
2.9309024793113139
2.2440700400376423
4.7403744933998784
2.8126938373073491
3.7588559075826855
0.9538922531897197
3.4351539795647890
2.6541854879606817
3.7276579501333624
2.3780673387630320
0.8617955839393675
2.7558513462995551
0.2419642464582641
1.5671819285344268
4.7389417247950441
2.1172979078372087
5.6796110936379032
5.4021171299445570
2.8237563976885536
5.1487773840053972
2.7552614775265702
3.5445491220615724
2.4775930857408919
2.3228984440268468
5.5074436725122515
5.0326054266267262
0.7267632517084769
5.3611371434927255
1.1372561304526834
2.3647019659509843
0.2699219101345550
3.8818089186192446
0.6089404380911413
2.0173008141993636
2.7020400983414432
4.8288602910907414
2.4250035775875158
1.6290994950152946
1.1927557704715599
1.3125539326860114
2.5948451831104768
0.4577778461928179
2.2035300921348218
6.2826102331416047
0.2591450857182950
5.5518219289674446
1.6209627075178485
0.7055694956813530
0.8057059484275840
0.1058942204142725
1.0579357564522314
1.7698813053372633
4.8277324710450111
6.1378194745000574
0.4608257280533889
3.6387131868111653
3.2651714153285631
3.0489982069737138
1.9040732230295638
0.2203840959338198
3.7687961946062924
0.6040782802382709
3.9338052003018080
3.0326229667139284
2.1365339381664215
5.2786444420792291
1.9195882686741355
4.8542342435165340
3.4916026821395936
1.9496812908935908
4.8202267155111462
1.8054172136323203
2.6351815340645817
3.9175687727194664
0.9163271261546394
4.9464941347833333
1.0275541523792351
1.8523865745067332
4.9815505455999016
3.0861549343805996
1.5549071847073026
4.1577426006590583
1.3762219698823221
5.0786052043929839
3.9399867824167454
4.2436624530382234
6.0010550672091467
5.6532737370126478
1.6319195029579545
0.7486431963377944
0.7568845510727188
0.1915630727836996
2.9797787127594844
2.1540152343970314
6.1648923747640199
4.0273384374240733
0.7839715546953913
2.9610443339640589
1.9811415401552546
2.1179408956195003
4.4496542378705763
0.3174864896928926
5.0337991895109893
4.6845696223337097
5.5849296140460218
5.8053426469876133
0.5134470090696027
3.3524294215799761
4.3152293551029945
0.8753021456357810
4.7807191459973142
0.6907838644706115
5.6881893482120605
5.9909155960615692
0.6005120044218825
3.1519697427124456
5.5306101256504983
5.3825458776783730
3.9193917090024080
4.2003665361332834
6.1566478835831351
4.3774904379960624
3.9564773131893478
1.8238261611799433
5.2614353827770284
2.4207415663316345
4.7307733000973720
3.4307033731837020
5.6677005227415460
3.8675348127799976
3.7845033050160537
5.1687835510293683
2.4386009699216440
4.3392946854089294
1.1268644446057394
5.2049770015156218
3.7837281374575782
2.6214301151360693
5.3588700643089604
3.1913909397878100
3.5194237702176827
4.4316910514424936
5.6457966856159096
0.6757335127740228
0.9976695277396745
5.5976723835532312
4.7709546670446228
0.9600905574897607
3.0204406154185119
3.2982565030949909
5.5104821170413487
1.6876689780983607
4.3906722228102639
4.2574521379087891
1.3915570123209189
0.5348371768550486
0.5279853121229796
4.5611065500801127
3.1270504207639376
1.8386174688361774
5.0884897871187524
2.2178379735159379
2.1512257831390507
3.7283446358771961
4.8720896767679420
3.8939850235451958
4.8862988811252261
2.0807807001087522
5.6152853413465911
5.9403008475741759
1.3328093242359325
6.2061935266850012
5.2320098034338614
0.6826693830913407
2.8658738104568044
3.3246122325425360
6.0475738849685836
4.2546373435269560
1.2594851232513311
5.5175512681540297
4.6764544273641233
3.8445420160499375
6.2241904870156599
3.0069054621194073
3.0831383383891984
3.1003747757180133
2.4690057910563268
4.7674218976946188
2.2829088940117011
3.6510021209133741
3.3421436185136000
3.7107000334816713
4.8480825531320244
1.0092874045742937
1.3530491792455852
5.9661083372974000
2.4846888670821516
4.4864948217448051
2.5060515503269962
3.7959887506819108
6.0386125290932346
5.4003630926191430
4.4395461847005544
0.0804154533727788
1.7617405904845955
2.8516481626806049
4.8857714460192554
1.7747664525041065
3.9421505173682170
3.3115664470927624
3.4530768569051897
1.1071767283792995
3.5119715689862026
3.6557053398829771
3.3007059736408899
3.7535019447686415
4.2007076412570754
1.4439015025063207
5.8988685671364589
0.1349332282482444
1.4349317818571579
0.5830157372705975
5.7799182889469511
4.3837649543875434
3.4464073556686792
0.9279455789172821
4.4840617580635742
3.4454911107483572
2.0535418337058400
0.8569159086350615
3.1033556978197794
0.3175970932649049
0.8231780527611776
4.6788027297988037
0.4336197156474753
0.7658673087535556
4.8777506965841253
0.8446673063421386
2.8266707779386047
3.0728141934082713
0.5675747209402384
6.0169724952465495
6.2749992807535397
3.4811385586058323
0.9563131249220006
4.1092737916980262
2.1587315451327758
5.8308047386944502
5.1269938101315935
2.3767228583676880
4.0781700349278038
5.3806902390826021
0.1752435148629011
1.8850246599101634
2.2907943558739015
0.4852451617038061
3.6082807277568891
1.6873183621003873
5.8324792167792285
1.2370449090107694
4.3033011957537735
6.1266858854691613
2.9742878037914533
1.6187330308252488
3.7230011340695888
5.8015858015610959
1.3688422999780465
2.3573178452551620
3.2327373989238124
0.1770192807441453
5.5760639290717320
2.5502176516355988
5.5799792031328064
4.2643173333485898
1.0089790373924310
5.7741271982412670
3.8280783565616976
2.6726807421126293
2.3044705389650781
3.4696216644690323
5.0682571528425457
5.7072131523270482
0.1127509932915715
2.3757400695159432
4.7448075755462931
4.1858924443128149
6.2030089971944458
2.4444175949884790
2.4324145010136462
0.8086652421427301
4.4657096135911249
3.7264425904346581
0.4720629667527533
1.6187534637458032
5.5276151754746046
6.0787801215946988
4.3342374447263250
2.2089757776161973
0.7942158635830832
1.0943592078223463
1.0501255032978913
2.4104672469690001
1.8086976616670480
1.2395338822718569
1.0509092709598933
3.6240890503343333
0.3794054325233049
3.2700870505837289
4.7982775170937844
3.6837480403800060
4.6110020413530695
4.7878611856679605
5.7662209622142226
1.7212579690742680
5.4491020741837968
0.2502814911550083
0.1181549941348999
4.4404000931363727
1.8480133641510028
2.9114145713744790
3.5298452051608131
0.0719767899094057
1.0211777144910001
5.3574519738294510
1.4914513382437129
3.9520155752839350
3.2358346530783999
4.8215919906994191
6.1100234325694123
5.0001221398402089
0.5024772730555884
1.2761605875798328
2.8288618125527729
1.6864916902609324
2.9590200138861404
4.6193367298460428
2.4755243150579411
1.5552934630812334
3.8142486808128604
2.7254550150681780
3.9786321999604231
5.9444919624405506
4.9180300227230616
1.0199267408780548
1.6953742184641794
5.8863282964202295
0.8049554787489556
1.4717542027444879
2.5217926574463281
4.0404141759399277
2.7782670866379493
3.0554694098763351
0.1192414442229050
5.9585491424280006
2.5164989087254361
4.7939685956892264
2.9084497804953808
4.3649878354441531
4.8197200437497951
4.8532928493093115
6.2225941417655859
3.4671810202095372
1.0742759054551247
2.9211299411013298
4.4068493444021799
4.8519470662997364
0.7395137956862451
6.0826693033707153
3.3633588823111236
1.0249153278167025
1.6705371860991260
1.8741481474287813
1.2694177553777135
3.1632968350929818
2.3218577957414142
1.9412577184188282
2.0068676500679592
3.5087167682045193
1.9022087763664592
1.9710953201053198
1.4571587788527487
3.6278982618943649
2.9492163282194710
4.0288805297097365
2.3334481726094900
1.5604856242846878
3.7373385712906693
1.7364024524481565
3.9023786399235791
1.9966578339871683
1.5972975823571163
4.9713853577242268
4.5027377783656863
1.2646178872875316
2.1957168097483408
1.8989459910384270
1.5128627095299101
3.7853011519911219
0.1912714283662247
2.6618326895218805
1.3047010168235917
5.2743319644529452
3.6716257179677934
3.8125602565846712
0.2941695128630756
2.3944783098880080
4.8412206273994585
5.8607853786470718
4.4163219805022482
4.5471227600113791
2.1301013354139453
3.1694582806782687
1.0266441071116521
1.3535037121480047
5.5136155718037854
0.2384382307586891
6.1880450958706348
0.5191622584144181
2.5894011536994985
2.8143192016749752
4.7516661736257326
4.6016646655181317
5.9749627189811907
3.8914030798162131
3.3285255295481977
4.0568147717771748
4.8111376145326989
2.9921853078313996
4.2419357624865164
0.4172660487300114
3.4802930790650826
0.5437770027095011
4.4556594668437821
0.5954862027666484
5.6059327956526008
2.7038214080928236
5.7689310835663061
0.9113038994920555
0.4916239866364613
0.5447605875027217
3.5940274731065465
3.3338800226218632
5.3685649149505377
4.3624007699187572
0.8858591169733969
2.1158237906762518
3.0347704649373424
5.8205372955273571
5.2484864677968117
0.7205372465372075
2.2664100687799977
5.1322972067326678
2.6470420172089337
0.2405773048655948
6.2388082022812084
0.2737725998988628
0.5486579349232530
3.5087244532233988
0.4071555425281360
4.7182437352469293
2.2794569198910568
5.5878556749200703
5.9869740006692043
0.7457441802365508
0.0246459034337166
2.5603563313791735
1.8621318730187941
2.5290400738300400
2.8162850145686584
5.6918119883262426
0.0407131800709277
1.7087409661034121
5.2882544487989724
0.6488708325899488
2.0459033732077283
1.7466587445864985
1.3834131819164390
5.9521830916745282
3.9489275133462383
4.3872345562301716
4.9427345744481066
1.3568330133929285
2.3434303018768992
4.3458409560061320
4.8214645211517899
4.3077845071313581
6.0554622772573632
1.4802339703821192
2.0012023549579951
4.0314275831565780
0.0340614112883220
2.1063074328923332
3.6543145635332266
1.3692372092043079
3.0378455736246504
5.6635936176997257
4.1044338370385907
4.1184174350071165
2.3100659055192470
3.4473099000003256
2.0322166386744867
5.5195817902404869
3.5681320855241418
6.1469789686316734
4.6655387947744345
3.4039572495021604
5.5926876665159382
4.0889765545283430
1.2502047086663790
6.1413355777326322
5.3023075477460990
2.6290174996846210
2.5237242898830798
2.2106369359501694
0.1024632651684115
4.8651532785362264
5.5081738338480548
5.1588547901554156
6.2436559032952701
0.9506257884995510
3.2128387445865072
6.0658446082808126
3.2964691917204716
3.7307039592431832
6.1858666030306022
0.8150257157096413
6.1816170148876965
1.2345216295600971
1.8749053613417173
3.0841234365024941
4.7269852134969739
1.4287586294859074
3.8195675066180583
2.3183666470545239
0.0659666075380084
2.1574578735644216
5.7708514597271243
1.7064741291673524
1.6064572439376583
4.9698964115673565
1.7591242579016590
4.2127305907344592
0.7277881843062464
5.8098257021295900
1.7806851044740364
5.2289791980973650
5.8409736218565644
3.0556506479747911
0.4561956193306008
6.0683582525324313
4.2677549563494370
2.7516912896053811
0.9408909218293808
5.0841890775593201
2.1991025907605164
1.6286685841801471
2.4181743043582307
0.1984866027920561
1.5426016905018578
3.0655311293188672
3.3108643729532523
5.7265290596534326
4.0358570962499698
4.8910095946750873
2.5262940877819906
3.6458518125084107
4.9638085165811825
1.7003049762060090
3.8242945123845038
2.8836729352550496
1.9736101235010952
1.7803853359911310
5.3891907022800636
5.1597498514929763
2.1893807262113474
4.7863097799193675
5.0712452117704778
3.4909935585554690
2.8915073627922845
4.9247880020228036
3.9722927819540708
6.0858436378530252
2.8455814997230795
0.2716230719371405
0.4622391839301079
4.6400942963883258
1.9716116364410852
5.5092747223525427
2.4939717749738306
5.8875222737734543
0.0761119124855513
2.2140353591788502
4.8833235790796037
2.2760821418552259
0.9561063460292818
5.8300314725433706
0.8426774489180072
3.9184590385292211
1.4392766366901564
2.2379498336216108
0.9501009192115861
2.8014382879333444
4.3728632541384655
4.6040594932831356
2.4565459752699335
4.1464337766584682
1.5670902998204930
5.9334597654583723
1.9957964832417923
3.3123350834541503
6.1737896950960103
4.4075786211757437
5.7469031244794309
5.7708380623182061
2.6877253772893903
5.8990947222194601
2.1626894651656579
1.6013518021050919
3.1047347948884720
1.7371088228288734
0.4771701231156668
5.4256616531588193
5.3186215719684817
2.3253788423932860
0.6540326490809525
0.5318532938025700
4.6053532431277295
2.6534825171610494
3.5159244121620334
4.9142484043996983
4.0343780037691515
0.7838336778117844
1.8493329051218730
3.0703646574960186
0.7077535047938576
2.3174393191637961
1.3065545969318446
2.1330977107346518
2.8295553856540274
4.2290844250039354
3.7122442978948311
4.8756647878795762
3.2179503165989165
2.0598302306931915
0.9310957335396423
5.6936953494276441
3.6382482118860016
1.2489368721914045
4.3622800764232137
5.7699071605872589
2.5689982205238433
4.9445901124094647
2.8685699301296617
2.2208197490173998
4.9001401645044727
1.7152423175154035
4.1486091032640982
1.7834627522612772
0.1988212106610112
4.8342039742683882
0.0529779806899508
0.9393556531027393
0.6306113399386164
5.0039568462716142
3.2167001061722500
1.5971989322757638
3.0596589989338430
5.8549544502392639
3.9479387552824807
5.4614045031122336
5.5015747869107958
3.3756347757411924
3.0268807629975205
1.9829613001952591
5.7228495075441206
2.9792207506066255
6.0900446955526668
0.1859426975063454
0.5889955717721302
2.5185867678528751
1.7258936421973352
4.9812443100194264
0.1728306328159136
2.5209717704143721
3.2218789821618734
5.5430061333851040
2.5897949986352935
2.2710121834277999
1.3580759585682944
5.1044558882348596
0.0809267213927155
3.1635939865141620
2.7110117929124860
0.4889339726615797
3.0430718730703199
1.7854025808217380
5.8373847441027822
4.3837324821235875
0.1179444080379351
0.7197497426545224
4.2503850731116479
1.3705301374351042
0.8238326088883821
4.3836150415907067
0.9278077369969367
4.2635732255270460
1.1434631865531009
2.3735397803865355
0.5477092421463902
1.2235428685971699
0.2931188144559944
5.1841407396249393
1.6701111831230837
6.0127546543839312
3.1237295973383832
0.5828684909091564
3.0014193369650815
0.2685093274688551
5.4000062297842444
0.6049586053782743
2.3682763209473876
1.7406712115792748
3.6737806237302717
5.3415825057668131
5.7761899045824645
2.9272757199178119
2.2750876406030311
0.0823512826859656
3.0393489358619918
1.8939411274174904
1.6984285500485474
3.7978837594518606
0.0126498537040034
3.3327115981829616
4.0552542208401361
3.6372001928801989
5.0158606208817478
4.0303062154051581
0.2958602990914511
5.7130259152039544
2.7624030150076706
4.5603175507993372
0.6924629245407184
0.4092960019580082
5.1704688446528566
5.6128906324659438
5.3171368846961000
5.6520614865160637
3.6864405963547942
4.2248273128528693
5.5769693649251817
5.0709180268532537
1.7542560125594564
3.4610210057102360
4.1550509942801623
2.0493475225549265
2.2768249554327489
0.9899328889877349
3.1426924569035930
5.9516539000473188
4.1018099635604042
0.0786251250624747
2.7550882583272056
0.4498602514988435
6.0307793482866732
2.3964203868809957
0.6931708940254369
3.8943677924939273
4.4963586019216226
2.5619731134029888
2.5218930508905029
2.2216090002249911
1.7049582317025187
2.5500711033404060
5.7431067860935965
5.5037054640819276
0.5097215549827440
2.5895955649481759
4.3783865082691493
2.3650245455261780
2.4213413860450244
0.8461739399502690
5.9644111195332705
3.0091702965001188
0.2726065697604564
0.6604408442996285
5.3590552783528933
3.5437872681532574
6.1985545559723620
1.5363211874070852
0.0222780688460251
1.7857360000729769
5.7331058137771072
6.0598863820565256
2.7327439591620033
5.6546615130985298
4.2021406308115665
4.8670900415827072
3.8531714872016627
4.3785290533245735
0.5772347665792741
0.8360875663428616
3.8335358450617711
4.3205018817361882
3.3878643442028911
4.3638039172328726
5.6220674536242470
3.9313367244905923
5.3966914078821340
1.8320784384501518
0.6695923893780972
5.0817001614030310
5.4201827056971581
5.2087157064452114
2.6637319141834324
3.9399991230557534
0.5624940107164714
5.1834837187278984
5.6421688230377329
3.8120294647226971
2.5140930669777606
1.2059935530635590
0.3438497126259358
2.1889528250743870
6.1492395220690144
3.0618487246009658
0.2448637898968787
2.3850808359892093
1.7920467411147185
0.9157334784837186
6.1279159342536982
5.0674898897788916
3.5131543524889506
2.4400124308335607
1.3060850709567855
6.0562307233999286
0.6207871449821801
5.8428316120702046
4.9507720947589169
0.8552469494768824
1.7107713949486094
2.4418963336291264
3.0136497664091180
2.2944250388359917
5.2933566743826921
3.1145334338379085
4.7420653482093540
3.9536562259205543
2.1531221300220711
1.7069443930159525
0.0856698574784075
4.9354279724542227
4.8263350152444051
3.2906255091174565
5.1520071870405744
4.0055566234331312
2.4151141778754224
4.9095373499282866
3.6204877288817534
1.5766026148041012
5.8418133240137218
5.6902887222096101
2.6110908508544468
2.1944101421160371
4.0617539297500116
4.8373932151561885
5.9190368727589844
5.2766915037253534
3.2292051044509811
4.5013541218501336
1.9880439353450294
2.2495286591498198
5.2895844842418738
3.3782695876090822
2.0213230204528116
4.9268726010129660
0.6478171187206956
2.6561698210998239
5.9631283806993194
2.4725897213501100
1.7977229713559917
3.2582180446399582
2.0575177159613198
3.2966206928241015
2.2959953560523148
1.0222088022793598
4.2650190147835119
0.4911697930169766
4.0978318374497782
2.9171625787277735
0.0994634149298178
5.2396480674349384
5.2719946344417732
3.3362028806851178
1.9415845109468399
0.0624891048467876
1.3780549855406747
1.0095189885538034
5.4493981650945154
5.3169291827272005
3.1987186625296764
2.0987700918522627
3.8934935076304549
0.7616656383353758
2.7303632948156360
5.9594978552860027
1.6685050693751089
2.5053719607733229
5.9235046750566438
4.1637381554570583
3.1401861528987132
3.7279132264985124
2.7475412710769924
4.8007186540791569
3.6253840909665849
2.7709407396006220
1.4344154649217344
3.4665944829440600
4.3517132404733356
5.8885338124389275
2.3488469442597930
5.5415928194190158
2.1741158686889226
5.8009816802411835
2.5200730025081111
2.6774971052590169
5.5027294478088598
2.9332142857142904
0.9000674646307794
4.6960976922085287
1.0357436914487999
4.0686573006732347
4.7120262865198779
1.3837118613249233
0.3060230331658772
3.1409713890109434
4.8259615431637570
3.7989645881004597
5.9807723321374429
3.2830861131591829
3.8075714931309164
3.1930512790901791
0.6302999949584288
0.7662030864830348
4.0658791950215862
3.1356578935719854
4.8273081276893288
2.6819136458652206
2.3153634209039078
1.5684042069706037
1.2391839760277419
1.7213972923321581
3.0772632125440276
5.9354966760332086
4.8426503890013990
1.5931776569410789
6.1101677545679971
3.3685940818761719
0.2407778546623380
0.8414261723508438
2.0373340913413847
3.4080391883677863
2.4330725135598472
1.8565680357205034
6.0772829378705220
2.6712794196929281
2.2379474454780008
1.5086454504907889
1.4932318764938368
3.3869453515104069
0.0925059648890133
3.3766636026700021
5.6345316688408875
6.1463764231704845
2.3253900891228265
1.1512778415366247
2.3100810563082845
3.2803858170925255
4.2405553911651896
1.6812439037815243
4.7408271459317222
2.3876690151788225
2.9853566207017663
2.6300369074072627
0.1072575087870348
5.9786803883698409
1.3664330502739370
6.1161112204789294
3.0865718153336750
5.3035976605388004
0.1783700120241606
1.5835701673372482
4.9039441408577282
0.9638093168603533
1.1880161359151407
1.6510025181881114
5.1045625555304355
3.0980325681793017
1.4186118317481495
5.3193493684195801
1.4449832649573870
2.3298597935081973
2.1823014985869120
0.5031126285374538
0.4628934647451645
1.1806209315600931
3.2387211374592773
4.5038451925700347
3.5672295958787781
1.1146188755786599
3.0526132146710649
0.8622837058024115
0.4289004392849996
1.2061418004790461
0.4120407200355825
6.0862197511596339
5.2385725553759270
1.3970214670540833
3.8788066280934848
2.5468206183593214
0.2355911792720898
3.0494480213953286
0.5777619587149164
3.5880147909150959
0.0676662544017010
5.1625788002530033
2.8216900857777563
0.7811344226001998
4.2236114187489813
5.1038212581306981
0.1563442066832577
5.5950983963742926
1.7114278471140487
5.9056048086453208
1.6342167852592848
5.4762245528713134
1.6957787783333538
5.3196217826063465
5.0686319164255780
3.3857015933485206
4.5079906931528591
3.0962646606528406
1.7011700908347445
5.4004116589178599
0.7228784506434131
3.0888290356793680
2.2032631735091490
0.6565261437313268
0.9075712760059751
2.1361751377125011
5.9610270644763670
1.7060909507803568
2.5919447419427684
5.5619220662807169
5.1734611324208579
1.5464205792935550
3.6676154795980156
4.6546217490785491
3.8955822223818530
0.8967415887600400
0.2918066282878889
4.5895829923982312
0.2870292134467961
4.0672042041765906
0.5524939171968649
3.3423846017773733
2.8441467666478517
2.2426523920004930
5.9825098955461256
1.2959755627976306
0.2737919096522526
2.4780150828723273
1.9110971678957440
3.1638502465598970
3.8516241938926310
2.0816939014870277
1.1083682355575366
1.8499578400621968
0.2946250628134172
0.8841700674541737
0.7861836880135903
4.3792920118423924
4.5778550042631574
3.8604241186158417
1.8801297222763493
3.0626646569406772
2.5174475959872673
2.0706076459766249
5.2292953223618337
3.5199901528593038
0.5791830333049083
2.3704717199950927
0.3229139958324573
5.2027989998876727
0.8872563102419282
1.5514309447959271
4.9342785715848096
2.9132558037442933
6.2710553047214317
3.5690921138969141
5.3005689026795180
4.1082038343915661
0.6283740911394194
1.8870111885413461
1.4296400926865502
3.4844813850788618
4.9640267579202222
0.0722848078709497
5.0116560764989249
4.3442963190154531
4.1713811698827232
3.9360132301198738
2.9360942541234651
1.4394264864497535
4.2783058492271540
0.1740492314693611
1.4986128253657003
1.3498486576861746
3.1595857704691968
5.0105094291520960
3.6599828268959311
0.3165213226481823
4.0880066530934416
3.2558546996132600
3.7951725828225595
1.7869586445348768
2.3603864573375666
3.5627601964058595
2.3275334170480941
1.3080779649305794
0.2675737965933954
3.2603024847900937
4.5281307088015961
4.8355084571789551
4.4888606390871422
2.1308481509701660
3.7542141246193714
4.5460931172415693
4.5473601972028943
0.1521714486965989
4.1226424703795672
1.8583285898557604
2.4203563088810500
4.9567084711232967
4.5871526226591328
0.4551224018292631
0.1389146268574622
5.1698892246916603
2.1001077270566633
0.2253019657985224
1.1920636781751230
5.9814600869607126
3.9912732701064484
4.7789036416333248
1.9244138482636646
1.9167225826041587
4.1477201328802078
2.1519826171374530
2.7734567638921055
0.8134179087925860
2.1860314789341029
4.7656124890547806
4.5573940428862718
0.9987451476047758
3.6457685134265430
5.5335207690254711
0.0587806798963799
0.6798493304334211
3.8250112126967681
3.1908235251230992
3.1085668112447808
2.7530363869239980
4.3570499724681362
5.9472921895269932
5.2421783414515204
1.9369389927031164
4.8641491107080022
5.8826814075398381
5.6233458420935838
3.0956497422306390
5.3832386587723429
5.9938635108148253
3.5707832518654894
3.7349985278409799
4.1099112576969512
5.1806211171846952
0.2684432774361329
5.6311090730537678
5.6452752478449035
4.0677132453242573
6.2134829926750967
4.1313047019297615
4.9653436036779386
2.4267972136612284
3.8204944017645412
2.0246842817944013
5.8869067805654787
4.5472165282509440
2.6286401639624835
2.7728383598092163
2.9268742169698410
2.2359732346832182
1.8600506819756890
0.3884140124445303
1.7862697151420786
5.5217558549514552
2.4172997273336345
2.4166596050954419
2.7042500948754400
4.9305907215237905
3.3025961911833019
2.1909816237797526
0.4075781851025127
5.0678598073606347
4.6787271712922678
5.3987177471663053
5.6329104967952217
2.9409294681289766
5.3309576785913322
3.2126837430287605
4.4070741285952044
2.1213334265379564
2.7762974832208887
5.2094956825146932
3.0085858457746872
3.9307189789088195
0.8540782598072754
1.1707128301616532
0.3031161917893693
4.4620533672589326
4.4580453595737373
4.2810538621046419
4.2627690077539420
1.7144717006229409
2.7153364231745387
1.8743826780561774
0.5001920867585120
5.1910022788993517
3.8925824627375443
0.3227619541587965
2.7729834061442031
0.2616592022777885
0.7398603673442926
0.1641362194276629
5.7346943674916693
4.5905312135688927
4.4395822909203364
1.7008738295000672
2.3999400025366544
0.4606082350883564
4.4003973923752238
0.0722806448836021
5.8953820803646151
5.1584332789749512
4.8902727974105238
4.8338638470946798
1.0821915142879943
3.6052776793246410
1.8621123261082986
0.4558879551219798
3.8002207277758133
4.4649549258167500
1.2972442816392351
0.9199522982438217
6.1366211757237323
4.4370813765166544
0.1094777146570369
5.0741195559981653
5.0612906591900790
1.0803506345312146
0.9956715680413210
3.3369630669747607
5.4598546450143077
4.6904964251672085
5.7266071097670554
1.0633054477517405
4.9109468929224969
3.0246620394859076
1.6203674683634750
4.3500687002988689
0.9139587269743811
6.1042176574282339
5.6493298015643143
0.0410067579416110
3.5811629895456081
1.2270081884073478
3.5228738135873634
4.8114847497447704
2.3358816226765460
1.8330738959054282
3.3511027509876277
3.1482512790055908
1.3734784744232287
3.6478778860707268
4.5733791102544057
2.6712647441385911
1.4583243580608025
3.3022327923298698
6.2421625725824708
1.4975110160760192
2.8160760878590372
1.5019673167533629
0.1696458262893764
4.5995033171366630
3.5805779220234557
2.0717709677522200
0.7764662429866418
1.0913527106913827
5.7225150114662080
4.7965954537808866
2.5089145977970118
1.3407228787918901
5.7203546016848463
6.0225034546430987
2.3163554964912398
2.9760216763090179
5.4628037765079887
3.5876877918853247
1.4231367849911241
3.9634134385275823
0.9493312765228803
3.0573003784911279
5.6776921823538462
0.9176837339199703
2.8341419245389194
5.4374201314390813
4.7264953747539273
4.1713120400759207
3.3461489431948701
1.1487023740823590
2.9893365522167379
6.1346905824432518
1.7115087920301302
3.8969581071082180
1.5847335566767367
1.2339554434377051
6.1255876507003775
3.6801783356937139
0.0055091703039720
1.0026299435548269
1.9337655234366162
0.9754777373206883
5.7386769083034954
1.9087939141005612
3.6181138729688431
4.0861200715430304
5.4079684713185481
5.7119837293736726
0.7187317638972496
5.2369359441129921
6.0350129692089336
0.5342018662871307
1.3138585329592882
5.5400869851260515
5.9143156763306912
5.8352762358909018
5.5681679259672618
1.4532130220027724
6.2087406714464750
4.2875079548151893
4.0650113118622855
4.6197601597149136
0.7218665925977631
3.6665108318979271
3.8244360715411623
0.7997751504428329
1.9597521895354653
5.8724917834376580
5.3025629871529940
2.3351875437182947
3.4643401660893920
4.5783992139790959
1.0843162127266803
4.7907657218296746
2.8154507399836688
4.7237055553820264
2.6155325266078324
2.8350895606123800
3.9813410439732615
1.7747460753757860
1.4645466086863050
5.5086388141563569
1.8389519724385006
3.7265167386314495
3.3192319200097038
4.8619650442878433
3.3235329926709571
6.0644288227777770
1.6456745712606511
4.9363459779412873
0.8811044994667071
0.6298548701197720
0.0440890165256556
2.1708535170977719
3.7115586037851842
4.8542558981024966
0.5111135968179934
6.0648917623272416
2.2463942078150967
5.6329038749203466
3.6175678644537710
5.1524329513835614
1.2481499832209213
3.2882411649778298
3.5471812962799052
4.0820136882714975
5.2282195084661813
1.6720205797918442
4.7980998575270011
4.5683271936517791
2.1824205610253196
1.1032162758538668
5.1109758394608056
1.0766787546600567
1.6881793842993529
5.3577669259799041
0.5402509674786815
3.3139048573367904
1.4019140342924143
1.3987353049134512
3.8968797644336699
2.7589957309414932
2.3068511771551337
1.0648736838922128
5.2582599810426291
1.3820547040318689
2.6066196427521842
5.6238004561640453
0.7043106745801500
0.2814838929574157
1.8294837754826034
5.3926613168012700
0.4601979722496244
0.7241807870628671
5.0189171479411776
1.0020184042805889
3.7894563941652293
1.7647051398409634
6.0374398641176805
2.6762807083040236
6.0869643030985463
4.9194575056026455
1.0886409512464146
5.5867449360604624
4.5501267914539456
5.3723795383533490
0.5062988222641129
3.6898396681895056
0.1650531557386325
2.8911571704095498
0.4569433013881875
1.9474654488420708
4.5254316887600234
3.9717082333806113
5.8128205485618221
3.4930134069247503
5.3401963507490988
1.0698651826152257
5.4735833258004725
5.0913461169748615
2.9151295131195099
4.0333856022979315
2.1143151115740286
6.1099443303080454
5.4541584723299810
5.0556030953622777
5.7707676114081359
0.7935286886368357
5.5235537379982347
4.1332376806370856
4.0510834340779356
5.2870140495994766
2.3111532642384507
5.3417121396691920
4.9557439545411013
5.3506652035176057
5.5912317699801370
5.6426383968980147
0.1527322592911808
3.8137216620054493
2.6245528313354418
1.5662706839244658
4.3390668968291308
0.9067201593101548
3.9564649023148348
4.9663583267201892
1.5772975846019106
0.9929159999271130
5.3815203114541230
5.0969666035895438
4.5925933215587174
1.0722569100760990
0.2709617067711072
1.7899842385414226
0.0120155679377905
0.9654663502665299
2.4807944325972855
3.5172759175172317
3.0087234826021585
1.6177874805410748
3.6223001415183940
3.4057581008272662
2.9335951099973636
2.9744863942619575
0.9738834330736857
3.5230617314644723
4.2421032052057601
0.4195353911973018
5.0873843602640170
2.2046876571131189
5.5924361929888668
2.0034320315187824
0.8178293464891829
6.2737955697873913
5.6242361230580666
0.6521341451345957
1.8132540645988384
5.6842760240537977
3.1343361640400409
4.7980033112848099
2.4239110378942188
1.9941825526489296
1.7955496208199908
5.5304120619179313
2.6531428325528550
5.8662011186855301
5.4614315149149215
5.1479486160118642
0.1516563050538626
2.5639026053686762
3.4722418508556396
4.0932334537493409
5.0642520024612070
2.2750265108812369
4.2669944205218453
4.6610395536217162
2.2798002855263264
3.3647116170944398
3.5370217979901812
2.0704576922672544
0.4472471308273202
1.5732498157007808
2.5133295092870953
3.4993833383766271
4.1677819629969823
2.7920988814679411
4.5589164498422585
2.7389403036251450
2.4902583037894921
5.8848118018908684
0.9149418014881768
6.1704545219929701
4.2655193753092160
5.7268396470383625
5.6523369578712384
2.8797444492879283
2.5934043361525925
0.0011626031345739
0.1016759056270987
3.0114145442255227
3.7934844199368452
5.4364900630074624
0.9799725874077611
5.1545810329915502
1.3183413727966760
1.9706713319297113
3.4969001460663520
0.7450055849532027
2.6024522253897540
3.3720868649113021
5.6036293106600423
4.6367475468528880
0.6091611042108283
3.3870416767833786
2.2307262228037232
2.3302810066075037
4.4846242770667786
5.2256412002827393
5.6857417444066467
2.9944950794460192
5.2465097920422785
4.6002377361321152
6.2569766006688887
5.5541685564198549
0.1159076903969489
0.9760612804619858
4.6396895478628490
2.3080871218627292
0.1762278133286016
1.3266369371264752
0.5653819512240855
2.5037905835989549
1.2349461174948422
4.3976072114592029
3.9311550173541514
1.6921931419716285
4.4445903470631913
0.7504170346083009
1.8353416840085681
1.8198200780248930
2.3686211315472163
3.7997912133937954
4.4824857314965296
4.4376445374670892
3.1453148912793396
2.7229309333936942
0.6857183499253920
5.8782632725686579
5.5334197891818881
0.5661840158202589
3.2771268162610907
0.5889577440976702
0.4433742861900280
1.0739342703517392
4.8465131889968243
0.8001712038157892
3.5517556335083005
3.8281290444541987
5.2741627613706283
3.1199805469488675
3.8794260409245256
3.0741452670644080
4.0095189013862411
0.9843594985381305
5.8777267582913639
0.7327807409540361
3.6571220171367846
6.1924575630218328
2.4002711598663908
5.3760947524252769
2.1731134426486003
2.4822735376987453
3.9461363812138970
3.9261905786680722
5.6477159430467934
3.0265089495958639
1.6420031641932025
6.1510284633008352
4.7307166089624406
0.7768096602660632
5.6575025391290596
4.2395358735978217
4.6732140457980984
0.2642051245302920
2.0172365588762902
0.5671125432373496
4.4699042199071171
2.3628194945684307
2.7508189560539691
0.4124393296659288
1.5312064271438417
3.9596527951102507
1.6362365323311778
1.7087948781859208
4.0112115149387737
1.6827023110157051
3.2587395892301458
0.8193205348235950
3.8423182645340295
1.6978496692086216
0.3757243091893330
4.8129990404742111
1.6071283344123133
0.4663857417692641
1.7107903983326245
2.6464866447193058
5.2373638213776097
3.9516491107585670
4.1138016297229703
3.6105718353420069
5.6975067152437262
2.5393346934086924
6.0306035833983787
3.3362963125380967
3.3731806722092781
5.5784695183866049
2.4315567990122799
3.3494749760230076
1.1953047052744596
4.5876303473488438
2.9537658951066472
5.8353557081905629
5.1245714560757465
0.5282676238004620
1.3041562012855945
6.1579204065923054
1.6176625368637512
3.7479458909695289
5.2285516512453842
6.2417529510531073
5.1421584635875037
3.3825229538194028
1.1744701488613765
2.6733239493995402
5.5202945135152541
4.1577617051540532
1.6790778263897663
1.0240471925020116
5.9508224685331186
5.6922436792516935
1.8861137030989543
3.5662012357965489
1.0418036157006367
1.7267109703247669
5.0838608815191018
0.8412445270473159
3.8322167435942709
4.5539638006932703
4.7481555589446867
1.3178074582611652
2.1450082309336991
1.4583171743774153
0.0708209286854091
1.7884651360350763
1.0157073173738544
3.5353540990949663
4.4060204720877580
6.2480433607378423
3.3128629669567555
5.3056856510229613
3.9566962897982583
0.3705644216672940
4.7906408365033952
1.6314699001498847
3.8753499605651092
0.3165557983514213
4.3828300502250812
6.2195816641242025
4.8774097581720230
3.6741345286627847
1.1462236131495724
1.0257095331724155
0.4523472814637832
4.1398177825339753
4.5478655086468995
5.8736224057787254
5.0008835282053736
2.9697423171329151
4.3690326221455065
3.3716342165930953
4.5129352936383444
0.3998609672054009
0.0579521650964452
2.6651026010217511
0.2174220003324586
5.7966116806531041
3.1201238188109586
0.8397599797140587
5.7717650312619506
3.9342433786685111
5.0953508561864238
0.6779190471330310
1.2470368866448411
4.9763222343219624
4.2598706746212551
1.7856361877742857
4.0269024682668375
2.3029309403012332
5.9400615616143240
3.1617159571200513
4.7019980839490261
2.8550993573614964
2.6845884103147406
5.0776767110452701
3.2345692203636509
5.1914558286680199
0.3080782818405257
1.3006139449559062
3.4032242326933364
3.6908316898096087
2.0674555333601012
3.0243178675277944
4.8503646144877273
5.8591386820338043
0.5729314200297683
5.1805309508653261
2.2371270229074294
0.0602022843419768
6.0923018066710659
4.7778191098066287
0.3414094064074013
5.7510271465738141
1.2794705948648351
2.2350054644856545
2.6680103009767433
1.7182307873585994
4.3466469506560115
4.1127752668346096
3.2537021785406486
5.3682087699337524
4.4383019318413393
4.9304722489133423
4.8778242317261302
2.4956611198577097
1.3262796580653120
2.6546002150512495
4.7048300197374564
0.7052556983690083
2.5133548955571512
0.7988580982735852
1.1028637994042019
4.5149115529929551
2.5228337896756901
0.2897694803815914
3.8785463213634066
2.9177017631521891
0.8440462080776523
3.2652149492655349
0.8772399121138857
0.0533653680751126
3.6983701547540848
2.1399416902387673
2.0710654601001672
5.1940256663707327
3.8788077744669773
5.8236923413222437
4.3287390015790823
1.9217083993273134
4.0242257759416997
4.5660238483215156
4.4981068950043168
3.2023638211374412
1.5905327081815435
5.4758450608872344
4.5578885681975656
0.5496417836221699
2.3098096115427844
5.2155918331645337
5.9379707141069300
0.4692244696604678
0.5580767458461581
4.6623263150454575
0.2482429779797408
6.1118544189672903
3.7632540038511313
5.6523030633895521
0.9740372996570151
2.0475971046238768
1.0231879784095601
2.5479500759127438
2.8584715418630933
5.5072681484107306
2.0262372187686029
2.1382918456077991
2.8345225657472848
0.6560044375418769
4.9522854956851683
0.3246528717355791
1.1497037152051455
0.1822165043095403
5.5578761000309855
0.0060357978719014
3.8891822963181433
4.0575854254253549
6.1622434741054199
1.0666699793741936
3.8864886771077543
2.5294771465753136
0.3594909513741260
0.6543084711737851
4.7179002437831219
0.9230626888825699
2.6339319211427776
1.8394409171614632
3.9054227012188232
2.4941952483431828
0.2908212327515490
1.1300964520671637
0.1104018800795647
0.8467690029301326
1.6241547157977227
5.9314405781368933
2.3174150561208746
4.0435818398745278
4.1248438369198874
1.0835448483417758
4.1371802819769874
2.8280525544861255
3.6195532085501134
2.1331334772327897
5.4946108682087633
0.1067678994263777
4.1373116350333703
0.0540178000743150
4.2895356271580800
3.3150034424200316
5.6877761749639184
3.9593798017632609
3.6725600267363676
2.3424027079809400
4.1769121790976618
2.3063568762266011
6.2746059668401726
3.7867377109036409
3.1925066102422108
6.2578150091506037
0.1940280250697618
0.1470194543852872
3.9800991786032660
1.0514881252766797
0.4795159833460207
1.0240460787682979
5.9262596225059134
1.0445764947334837
0.2584126337671869
2.7040987504079901
3.6795288420162655
3.4659873000013128
5.2731574669928154
2.8140642871877550
4.0811179994255484
4.3975084547943100
0.1906657658822145
2.9798426061742114
6.2376008559637928
0.4341173705528138
1.1069038433450167
4.6010098724521455
4.1373484335035480
1.7712811912055262
2.5164549972676298
4.6731077578366049
0.7504813684062663
1.4512857274336055
5.8423378154951306
5.9767082975481465
5.2890742489559059
5.5159606005275306
3.1381760308361035
2.4598943048640973
4.7784601976835814
0.5442026985330229
4.4909650714828286
4.6181309032325899
2.5398135638154749
5.1204916953621122
2.9834175485195824
3.9953397951198353
5.9764566492629818
6.2627104793510098
2.6988066419839596
4.8950523399026187
2.7430380408887793
2.5524294681196888
0.9125279935855255
1.8592746428635940
3.1003459624763665
0.1252027219654851
1.8474441771297063
2.5334340097555681
3.4144725701406853
2.6953773574800413
3.9501349424240821
4.1643280403923777
2.3498095473617093
0.6268777786553424
5.6066149859821444
1.3546293333452770
4.7928471713170113
3.5084656180075027
4.3917318905213012
3.3177229440066798
4.6308299295709086
2.5382196747094627
3.1711831611237704
5.7848883548814873
1.7044656992152891
0.7258856120726640
2.6827181916766518
2.3606635126111621
3.7123369480776929
2.4243012088968285
0.3948177395078416
3.1068673204428348
5.3711731689858411
1.2492113680329624
6.2366792379574232
5.6403956541738429
3.7780477912483312
0.0143419042474381
1.1853366738548290
5.6449828852987922
4.6610736852399244
5.3212741673812847
0.5572752158755178
1.3228110878128179
4.5854816318333809
2.8467959106340182
2.3649795392979187
4.2295291640882962
4.2516328420294736
1.7909538916047341
2.3461671898868031
2.8778977362546092
2.5600042911928087
1.2788083907841130
2.2365119399135680
1.3616928097161958
1.7411866617143983
2.2729184326215570
4.5980085287820991
5.7491559917873190
5.8039527120540475
3.2547361605934451
1.0745593086300282
1.5309479684311551
2.2333282567490835
1.4649281434296897
0.0468220063853435
3.3192651548387735
3.9219809764825975
1.7420223826695149
5.4509525511868819
5.9733492833777406
1.8264373870972899
1.4582827388844171
4.0730805858851129
2.2565985575116283
2.9963734615255477
3.5189577778417420
5.0308497827179020
2.3409151240594932
4.1519282936894779
2.9079912028644883
1.0070965285505160
0.3822792615664821
4.2717372210791238
3.6241878303991037
3.0574297730456452
4.8428500715123581
1.5340875965199732
5.8193985911943278
5.7027530773862720
1.0231488967289510
1.3153323522594249
1.5337839144584153
3.3675858153837477
5.5306475694006068
4.7233306135786481
2.1990098578765780
5.4454596828028272
1.6115862737997009
1.2617210598593780
2.2281125247365181
4.3076341838650603
0.8472174482678275
0.4091136983453738
2.4272486248974108
5.4172509149392685
1.8004938769236287
1.1260111933677921
4.1644114089025299
4.6850164800036893
5.2586235502735192
0.1212609608565031
1.0995901955436642
2.5860121443979285
5.7203853225253312
0.7225134814716517
5.3484080694643366
2.9982879330493137
6.1027034796062329
3.3223868755929855
3.7973541460274607
0.7214368155979800
5.8854170255169267
4.4084673875823723
1.9697228393225683
1.5286240014425074
3.1317013982927735
1.2916558527966233
2.3218055501667370
5.7879379805173574
2.9277609617101010
4.3212425147605984
1.1637421048251855
4.9255542313410743
2.4014211113419215
5.8882854805082392
5.3880828921108810
4.6728321762617293
1.4246666606258700
5.2115386087980040
0.0648024000440346
1.7191440616296487
2.7737731216476731
2.9925164521814143
4.9528558549240360
4.9940425689240646
1.5830945389934299
4.6559975694394051
4.2872406543702990
0.9018203047322423
5.8133871206279322
5.4243444668802159
5.7929106949842373
4.9653512651532772
0.5945823119634809
3.7577293862337173
0.1010661581072936
5.7597421328064629
0.8642273483072489
3.7367127245481204
6.2481616406301779
1.1924502567620596
3.1944072554675618
0.5983150403993430
3.1348369370769267
5.2263625379256755
4.5528568558249845
5.4261998997317518
4.5118875138488601
5.2855581666911737
5.4852252010048028
5.6856284256101270
0.3974909990474970
5.8338672328775649
3.5839380240395280
6.1946135120694921
1.8483779580337780
0.7472358015146922
3.5520534505373695
5.6857029406180004
5.7897405288490971
2.1853338444500130
2.8723623706105355
0.6078715745796602
5.1980671673772401
4.8353684772250611
3.5913573967335561
2.3692224992179649
4.2923682951082185
4.4028731947138278
0.3070358563060298
1.4500788513505476
2.6029232877906421
2.3411353239130110
2.7319103817344739
3.4991207296410116
1.7629312165578965
3.4156399096363623
1.9038978155168018
4.8545456164683829
0.5258773650687484
1.6453539181069161
4.0036417570010405
4.2772293476443455
1.9487552492750992
0.5334131140727099
5.6489384915170904
6.0896613526614578
0.2548213711870544
5.6151138964605458
6.0107836991556605
4.7213767700045963
4.6774719677797769
3.6269908091491918
0.5942590585083519
1.8266149053095573
3.3842312322410337
0.6335307621470082
1.5151354314773291
2.5245972619284607
3.8005344117010766
3.5659194708103268
2.4220391290363343
4.1000328539690214
3.3353914197308208
4.8359582758686299
4.6694501415706853
5.5841541923419973
2.9053372001735949
4.1700380137795063
6.2696150510359123
6.1355367175157918
4.7889949950453969
5.5370598900575878
0.5722528153857155
5.0673144943675572
1.1265294799026819
5.8030241533144551
3.1175889609965313
3.0822753625287409
1.9795849153560321
3.5363585880799073
1.1202353257265305
4.3225837051656368
2.0259151073437032
4.3915519237712157
6.0710321502693558
4.1973325748732426
2.5884602377894050
1.5569660208488765
6.0039181076094223
0.3131942739985251
1.7049136635824942
2.8786477644768951
1.6133727717307960
3.7991813487171426
4.4358184526837601
2.6371677883855384
2.7514656560814941
1.6242488755685200
2.5970598461946377
5.2120655733585100
6.1956046182434106
1.9712089107191937
2.8327434183268814
0.7614283488880882
3.2760804428433645
5.8431296754563844
4.5453613619667435
5.0740584592843891
5.6547117598029892
1.0927338934730173
2.0117790783986615
4.3241013728703077
0.7572919930841543
4.0221055109681672
6.2209550867674430
5.1377943191427651
2.7487206069299717
3.5414431507720456
5.0678025526577377
1.3092546520264288
2.0008274602504108
2.1472807608779627
4.1423260031427063
5.1824487516790461
6.1121972384658880
0.8949289167805544
0.0682267016167354
4.2512608199846902
3.7864913547912669
0.2573955967194295
5.9617368206862231
5.2099601304008187
3.9752103203680260
5.2189623660300812
6.2513977787932653
3.9409863088680814
4.2210826631288221
2.3786947562094918
3.9812085588052932
0.7231302499002954
3.9006978174382496
4.2598859026377340
1.6664371812416312
5.7725062844912527
3.7461122538628508
3.4525852569363451
5.7279995882759280
0.6525404093888876
3.0103665739321288
6.1032626011973097
0.5993215886182963
3.9495224306133143
1.7308735263717321
3.9291268118394922
0.3975004500805259
2.1084198896140478
2.5180764773875413
1.3892409689361784
5.5304541594377481
5.4717512829342052
5.8796253766430020
1.9942506243731610
1.9502224167203799
2.8308014048038834
4.5514567553844785
4.9935976830847624
6.0728457007609373
3.4941511841536159
3.1030980877244581
2.3380768845525961
5.5255519382792624
1.1254318841038571
3.5125379062261559
2.5249279158739864
2.7464182841520439
1.6890281541790035
5.3604003178748050
1.7314449065214264
1.4358806792803902
5.0888457768016933
4.7697066067125702
5.1919132086897148
2.6035949940890228
2.2553799279626849
5.8035678040543521
3.4287765067372078
0.5599875289671098
4.0622303478338972
4.9224077990127171
0.3275559904286350
3.5744241999132620
1.0354410703577379
0.7175692988276420
1.9172866407946119
2.4040678371091113
3.2042189105330290
0.8105239777311800
0.4076129988640965
0.3063065868073049
5.6211435219202208
6.0406638540090976
1.9691767247146650
0.2850237353307216
3.6886903094764647
2.5574834695385635
4.6443815109908915
5.2983689640914156
0.8735544754786877
1.8634903801339946
4.1558011051021166
3.5866015026949070
6.2790557038476633
4.5086871438626774
1.8377272050496922
4.6997527535351198
4.4699752682252978
3.8221980593962845
2.3416084199827276
5.1731274458056005
2.2136955434582077
2.4893645155042776
0.4432715783863335
6.0742628976204411
6.0594921094502423
4.7034450668235985
2.2727862186751944
0.3737155703430735
1.3787070674127455
3.0638324420945544
1.2344889558450447
2.6843697909332160
5.5838807878631291
1.3051600771176275
2.4092948572142387
4.4828165568708789
4.5745150071911587
5.6247817770046984
1.7286878543167910
0.2202512703806657
4.2919168755999975
1.7523225761984924
3.4788152087330872
1.1429255050784615
4.0431932693059398
3.4599101632843361
2.3945754881604415
5.2618938225277647
3.2955155152309237
0.7759171252275217
5.6749866101058908
2.3362933809950350
2.0659526734725655
2.1007778992422592
3.7430166602929003
2.4292547540725384
6.1141960902792984
3.7465191498465522
5.9251138508067571
1.6754889444748311
3.1603780815579237
0.7193484164826883
0.2190028692216019
2.4846676846054869
2.2302399283859673
4.0121399472892136
3.8234580891465231
2.2441837719347482
3.1861499593907334
4.7788779611833672
5.9297557453503194
4.4806390634795852
3.8150580790712509
1.0394433981448024
3.4365135415711077
5.3852683242799264
3.1602746688891123
4.1005553791856126
4.3076295366588226
2.4070654839678962
2.2429204655914852
5.0727196528504255
4.4647875116005578
1.3027328676764049
0.8291946067198557
2.9079041616934815
2.9700120879437986
0.3605198370775892
2.9268622363006327
0.5346813229901651
2.4151842938319565
0.2165439142033501
2.5257852283210478
0.4978602060194826
0.8188331453720634
0.9637089736465820
1.8671871078743409
5.0911945416975168
4.6632057883143663
5.2769545543883414
5.0722333371724586
5.0527610653318655
0.5877101400391603
0.2450649679834123
5.6867691361462427
3.7094130309070357
5.7209321858820541
2.2721469531206258
0.3254921993682819
3.5914120144807380
5.6027819271952088
5.3722858479179285
5.9464825768610918
3.4804571839249183
3.4678622864898814
0.3656017161838827
4.4997430174686777
3.4178121018675429
0.8515829874636670
2.5248130426695399
3.6759798445012408
4.4331940039927415
1.6560519374053806
0.8785835790832093
4.8343829398331799
4.4725958109615709
0.6628604003691575
2.1292008075407485
5.2833635715331386
5.2737926225668579
2.9343248219580071
5.7906213314964097
1.9932727458720640
6.0068624073424255
0.9537469702475349
0.7088245784892070
2.7442298022708309
4.3390883558743107
4.8946225391980294
4.7014964547293543
5.3910455625003584
4.3573679240654570
1.8622306837044884
2.2783423381370662
3.7610768516663340
0.5486583151953421
3.8635185496067570
2.5569360032438460
0.5011725777178794
0.8329629347698667
3.1487104453449835
3.5727959683597201
6.0804960171101765
3.6616975494369299
0.7254996220064622
5.4762951350359774
3.3198097391516681
1.2986506281383865
1.2525029008740278
4.0277540874958007
6.1839773201481751
4.1595925515499852
3.8097033652042689
3.6546367469711196
2.4647808500092969
4.8956506552809298
2.8425748314783754
3.3532435570922994
5.9451973155567721
4.9848802893357211
2.6083236655055551
5.0383502838067882
5.9189519222451343
4.0113864385462801
0.2673222561435392
1.6838749322745725
0.4490763648597391
1.9867771238718945
0.7625145005409879
6.0841680318181126
2.9056552518937822
4.7677178147537900
1.9078005426529643
4.2727998113404926
2.9928821278505109
3.6011770578751889
5.3423816298089193
4.5057067638675816
4.5772734386855154
0.6136138735015806
0.4233805896469444
0.7515363241113465
5.2982851392650394
1.9524285748117394
6.0222765132817573
0.0811027332085733
3.2184401836577829
5.4369865073039749
0.0597520548951918
3.0733881254817326
0.3552882811095532
1.9302587865428480
4.0797859612189002
4.4352165040897455
5.0778509866741697
4.7648067421025209
0.4842431829721168
3.2840554960820740
2.2452268914597444
1.4176116032668289
3.3063803596797969
2.2399810901662827
3.3869111953667037
3.5299609484573082
4.6098604871526829
4.8632701586490930
1.7994836208914806
0.4926503543709316
6.0936433188103241
0.1279851263679458
0.7676499021521864
3.9492846735834428
3.6259040375752978
5.2017532682363443
0.4248092680060584
0.3839544769783291
2.2765453592341029
2.5586882809982074
2.9786445552633691
0.0420315896952629
4.0343253800695651
4.0577703501037421
1.3481248586026142
0.9943787732319297
3.6565469456225208
4.1114598975636856
4.1229191693181262
5.4198800050027645
6.0545226044419032
3.3516893351360246
2.6191564100473359
1.0583015157078508
3.6764621909284356
2.0397615789390673
0.4258036280016363
2.5510834750197535
0.6519073178453116
3.6400340863015592
3.9414912326367499
4.1429646684053418
1.3706364004027065
0.4215016578418148
3.3839889954132567
5.0757006232955684
1.1111148455230631
5.2800272981331027
5.7083599339443509
5.1281677547304749
5.0074445809860819
2.6316175739996837
5.7912257082211527
4.8431426319705544
3.6877004225683194
3.4418352260076737
6.2365591976174990
5.7691482930766753
0.6657007307723684
2.0897765618775677
2.2160791814333236
3.8198797596215597
5.8949073865114805
4.5549496735158899
4.1919041199148088
4.6302220035789388
0.2065364496279031
2.8956352934066425
5.6377461529225421
1.3819273161436458
2.9415131386556053
1.4190025388618110
1.1808293262601286
3.4998591894543933
1.6105415084512682
5.7313155409842302
1.2260165647639851
2.0004632990491498
2.1478561648981906
4.2756842850634289
3.2675943484604137
6.1211459362729865
1.9195165276667134
3.2534005303985278
6.0239562876043689
2.3135000721342585
2.5252972766463047
4.7285324545358982
2.6131139396200758
5.6088965287755439
0.0187324011497440
0.4671561544689412
1.4198619412346318
5.9750298766795824
4.6846697353984483
5.2897559448769567
5.3796525195083573
5.4147040200066572
1.7221274498549841
2.6652638527419534
1.3739417433316061
3.3004930773739187
5.8012805408963803
1.3582908410351773
4.3014343105008814
0.6007657943403892
3.1680448123441387
3.2063994274298002
2.6685550575528096
0.4072456762228459
2.0406437407982407
6.1852609444530984
0.4001278043306191
3.5538477488145523
2.3921516085038834
5.7943526254490099
3.2322478084674278
2.6024883916271606
2.4954197852582509
4.0454887790830663
4.7875652529050354
0.7990280001898707
6.1852476544893733
3.3027179390669104
5.0687497861457631
5.4260768362571108
2.5106355974355985
2.1821662282877821
4.8046887723195084
1.6280492117187724
0.7001613616524729
6.0032966234287981
2.0426894712752377
4.1322460193111219
2.8393573457359320
2.6983504164755368
3.5172477997211056
2.6875220655634964
3.1644182798030736
2.5814436953163202
2.1758612465570297
1.0223172317026272
3.0982500883059196
4.4238191548149759
3.4130939336839359
4.3417875517152202
5.3990559151622826
1.7196663776049808
3.3807836195438887
1.4867603039186805
2.2599403805759821
4.6352451149392673
0.2701981840257590
1.5122320142134862
6.2590498786304902
3.5138509368473363
0.2139757664272951
4.0391401905559121
4.0192396155397843
4.5090580162728902
6.0163207579192823
5.5588313334268893
5.3714713418704862
2.5124464790143528
1.0229700831545492
1.7854229701791726
5.1116539461109509
0.8131765180636384
3.9183482670567797
1.7342241507972536
3.7445970053095441
0.5514502998359263
4.8413935206882250
3.8249540595053904
3.3578598391977144
0.9870075529011306
5.6998994906361373
4.6729095780193024
2.8826406361074168
2.3791424010450335
0.0089088559808839
4.9161492040568433
2.1467164591878372
1.1079502625917867
3.2800234862096822
1.6444847693233835
2.5094240909494521
0.0088171866983742
1.7704357387407841
2.7986829411965690
4.4117264762017010
0.0617832952416406
5.7399693466102253
1.5438922414032583
3.5031202656483167
3.6615374127060476
2.9695439717836107
0.4844292209693421
4.0105215808582919
3.3878029358544155
0.8890389801875038
5.3613294365352342
1.7784848230922972
2.7905941020463354
0.6085258234711792
3.1190278788831409
4.4122155114656847
4.5565537940928200
4.7168713207891688
5.2821005877154734
2.5385710052690000
3.8187617876825062
1.5689984456701325
2.6214103701203268
3.9431469447873768
0.7992535837193541
2.1688522919142050
1.2982017406008708
1.2716318323061651
5.8048225859106886
0.4054874497417305
3.4101550791096034
3.1100988962998617
5.9918675838929216
2.3318191842335181
5.5907522284259992
4.8922603419796014
1.6936608829304745
4.0135248479763117
0.7075901434041567
0.4484888850389302
4.4709815218560607
1.7768249779662206
2.2976337806974532
4.1739289692953827
3.3779507966136912
2.4177320888285756
4.6118104552164070
4.4084824855725113
2.4765908094320399
0.4569498858186803
1.0323812063572906
0.3000392692245626
5.8516253997978556
1.9905478320100007
0.1831066575365701
3.0025217515082439
4.8762183532771424
0.1291080761912472
0.6941372130032581
4.1754355108772518
3.1749356752697988
1.6440830301650353
3.2686111416282935
2.5283439274056421
2.0672387950728113
5.1363263362661078
3.4182497906044249
4.6749474798496902
4.6404802162191059
0.4145149737487125
0.4322705980133523
4.8751718826965220
0.1962644237768275
5.4507256255660996
2.2879037065979744
4.5745434179995677
5.4163370191384042
3.5980510507952981
1.2919558768011619
4.6364405253942316
3.5232174959158957
4.6874474856847606
4.1642023026947541
5.8599398272802166
3.4392293232505438
0.6380864595394700
4.8850342144125136
4.2641385187473011
0.0286074794360623
3.7505257751331449
4.2214704348926197
1.8937418977291105
5.2819897485570424
5.4218671420499778
3.2656538735770275
5.7373647225054940
3.8420087720823242
5.0900261373039708
5.9448389162695872
5.1631033652752913
2.3847591076550128
2.7306150900116153
0.4886127377460632
1.6283463634746667
1.9381711521778873
3.3024687008509770
5.3964747903447803
1.5799408111836553
3.4193312904385529
0.5608050501723627
6.0365766272606267
0.2181166690911060
0.3486054858843931
3.3376114690161023
5.9112817023470026
5.4964683970319577
3.1833546599210760
5.3719176391134091
5.0961534343795503
2.0617066295879223
0.3014551658801290
4.3230982150590851
1.5550934158330691
5.4887520812433452
5.4472941453419779
2.0913210134990812
5.2857229024375467
1.6617151798499348
0.5625615252122995
4.3204388192731038
2.3421084621271278
0.5282261899159060
2.2629428365843935
5.6004634366872006
2.0012884759265095
1.0367440976931193
4.6056279845942649
3.0470921607401946
1.5877897594965038
2.9978777478748562
4.1252786891921742
0.6472865574820149
3.8571152850660653
5.8361833175926456
4.1888071097877289
1.5134626481129090
3.4868416187280329
2.3744550769913610
0.1799633777492791
3.1353701638623090
0.7762658551580396
4.8462238846166139
5.0220740572672256
2.9359730879756953
1.7462125513839910
3.7913128767280835
2.5561318427094233
4.6212140600103639
5.5824575769076521
2.6834429792739125
4.7492981098673628
5.7521610481923489
0.9776322444122311
0.5234324545097457
2.3968595050218595
1.2568308771580043
0.5794049638138553
2.7278860801948777
3.6232263766686752
5.6771887682331155
2.8380682150094887
3.4629049139450494
4.3783607293590441
6.2411997157653554
2.6536783259566517
4.8307287872891056
2.4659033945987336
5.9955166749443594
3.1333086213958246
5.1788296912339167
4.5364118953440533
4.4517810103469513
2.8440826608976306
2.7816338111744501
3.9575310411499101
2.2806018910504160
2.9502713122274473
3.4025124642852660
0.4326459564784476
2.3587036597911495
4.3875628408290197
0.7311346046946733
0.0851569402594201
3.7086815309610102
0.2274876004154908
2.0302471383480722
3.4694597181403553
0.1892800676842394
3.6325016958311838
3.5960493003538678
1.1209350061623014
5.5441670870180877
2.1298036268909444
0.8283228641756847
1.2696592322412958
4.1394559586979192
5.4456406655919416
2.7412057568277519
0.0057623536289347
1.7501973608085677
3.5335167097829063
2.4227676971597902
2.4884906564730733
0.6907812669993589
3.2520648863018593
1.0533517035069311
5.7933442520147818
2.2907596354122153
3.1549311634872685
4.1361766484136222
1.4710341050040006
2.1753585011862926
1.2909283782030017
3.3046886889407769
2.0751738576068663
2.0028158565398932
6.1481335288515782
4.4296441160694471
5.4924908649918152
0.8736417706147668
3.9646575352283238
2.0146909408264531
6.2262877365561389
0.6071564826540587
5.7834327142668860
5.4774303234666366
0.1355047043486813
0.8979825828995101
3.0176913376554912
6.2357304631924411
1.2469260752624380
5.3990166063673568
4.9502541463516696
3.3935262731593010
1.4822476715042536
0.9236595130974186
1.3191394945686394
5.1766400540959294
5.4834956516229374
1.3728609393294444
1.8649299539098314
4.1487393047319561
1.9206057605636917
3.9839900557193095
4.4557337692018235
4.6815285787740253
6.1550843895355127
1.3800931430573238
6.1146729164101057
1.3271982647322125
4.7394400517660067
4.8688673317588123
4.3714742287269912
2.1468097568578681
5.9641584333585351
0.0873502124889893
5.0589850764906803
5.6505642911802108
4.9779706454421824
3.7284096054632854
1.7642522751100960
5.4995835447233246
3.8687746606394486
3.4985317806878089
3.0006450679629455
4.6587437279071366
3.7945328710745443
3.7407835768202911
2.7261609519584007
1.6497924420706271
5.5470009735295136
0.6869703838988721
2.4651328164486190
2.5701730477842131
0.8477991125275599
4.3725404672245265
2.3302411264466643
2.9619337663469429
5.4955127322821706
3.5859488866475875
5.0433750352709943
5.4762499984992035
0.0138987239685525
3.4961534301387016
1.8405788629205808
3.5683792716518421
1.9336135599421487
2.9046964666259254
0.5435722562549180
3.8836697503105446
1.9466480851348935
4.8196363828075448
5.5431398755529209
5.5610971443734805
5.2667819688777966
0.1579089286552469
4.2076018514424840
3.1881910087656635
2.2732006877487332
3.5485722279922531
3.5489202078149931
0.5448909191453937
2.0550596151173655
0.9861623450488209
3.6430396229703081
0.7040286354068108
3.0408528012762925
3.6122914925500869
3.9195224185884330
0.5507158312659923
4.0329152780956106
4.6102990387077298
4.2525201653905667
3.4397455452481567
5.9624760372198589
5.8642816154792241
2.8324360274445071
0.3556124254952340
0.6995565675062815
4.6011991212625407
5.9689407247330335
1.2868421751186385
0.2405037937569884
1.2962217025152087
4.2560557797658873
1.2307287281680759
6.1210320316162239
3.7137050828886666
0.6052689352151845
1.7279976971836650
2.2904082758697046
1.8687167739112778
5.3285235272385210
4.4878021111270181
2.7944553554998603
0.4825319666384039
5.8259593240307455
0.2535962502373295
1.3228004738265873
5.6205839433168947
1.9256048643564780
0.9945938083909512
3.8360038461134289
1.9437644686123041
4.4662974805335045
5.1571483211487372
2.9942717656618143
0.1420156446914986
0.8717003995061612
1.5585446924694741
1.6586903073634076
3.9450904198393344
2.3822695612965386
1.3383117837318204
5.4512077512731567
1.3013203237806410
3.0997763512891088
5.2382750883308313
3.8258827852501813
2.3444395229768080
4.6642412808809066
5.0207990888583414
5.0422140154598338
2.0793725695102321
4.6257705324578877
4.8300719727236698
3.8339358983266592
3.1569447433521316
5.2302153689162862
3.2354908982990009
2.6682894333133693
2.7844860354656529
5.2326538211016684
2.2184780033280744
5.7392596651249672
1.9764431590072704
2.8453268322183032
3.2043812206338660
6.0484590709052641
2.0000057123948083
2.3071117866809487
3.5780468112315358
2.2624521190318752
0.2602586557176979
1.0617476311549103
4.6595280806171147
1.0869308926938714
3.1950247885627387
0.0899045579948181
0.0156748156388923
4.3941718811160735
3.8043728272689119
1.8254012299580824
3.6563239651842925
2.4802908806893047
2.0806484700382728
4.8405991020580554
1.2733365132861760
4.1694704054755984
5.2483220858844799
3.2987761030972105
4.6135898376195312
2.0748272460155532
3.8475732047095805
0.4223233134235654
6.1168267070383191
2.0731072679949980
3.6479071298159123
6.2510411344842440
5.1019252108445565
5.9131749265244968
5.4930205118442830
0.1973746836771907
2.1331530686121916
0.7515031084519760
5.2622885736294549
0.9808722927842527
0.8437314745146962
2.3029381167137051
2.5177628763941367
0.2381335030060022
4.1126801431706390
3.3640145216627335
5.9232323420469593
1.2228574875207314
4.1166957103678463
0.8777833469374181
2.7734517570627224
2.4190259298504597
3.2988882918079137
1.4898269593871023
1.0314135648852778
2.5516131123893344
2.6764582892316859
1.0606095129105289
0.3507478283042835
3.5519501293358591
4.1724808599779717
3.4837132753599347
5.3014147833216194
4.4200027320727866
2.2823103833995133
5.0869607440095432
1.9234121369260362
1.1826958247742669
2.7159289747964710
6.0239746892775505
0.2926840739803115
1.8363772922479105
0.8686713942155833
4.3249057041781684
2.8508678869880089
0.9276245453666306
4.2818195205071072
2.0419582462561263
5.6714621395110845
4.5812792949656931
4.2741663994590029
4.4214171883837041
0.1493864656264146
3.9081069465873464
0.5617962089265625
6.0928504578889084
1.5272227214073333
5.4033491354506769
0.6011440673199787
5.9263386626849863
1.8694970703483547
6.2482081206609790
1.6965921255956435
5.4135908643272952
4.1504227921812333
2.4742400749646571
4.5193691315578715
5.6207245598061126
4.0622663658966545
4.6461650274371378
4.8519316657695573
4.8125980960360160
4.1797940828191376
2.7673041721855145
0.8731066740470244
1.8288472650329317
3.3062658974680095
1.7622451248874722
3.6078201938533718
0.4925511793135427
1.5738908845497848
1.4473978934682707
0.0443615601814643
3.7527343181994230
0.3718667986018864
2.9873633458865876
1.8406869136975488
3.5442259854420590
0.6665024577371608
5.4012448110728162
5.3317777657870753
4.1057812161681833
4.3717817487079875
1.2152939426596439
4.8466759890744040
0.1771418651783301
1.0058473667538255
2.8186720218932022
4.2811692113859277
1.7534864009206161
5.2937779139926322
3.9936630613858681
0.5480400344075070
2.8764790367716344
4.6284288998464378
1.6422693680188449
0.9778772184035561
2.5932118564522080
2.6821061665352897
2.8829356428886914
5.7845322793392855
3.1774876491944180
2.8084327685987511
4.4653856956925564
3.9374272245139599
5.6053826466713890
0.8381108037543860
0.5194571853094919
1.6478619971467861
1.1417718551195948
2.8647418131671341
1.6313911495055040
0.2203719475887823
2.2086037938744005
4.0827147267184243
5.6551354959287670
1.6808948316182515
5.5880953217350564
3.4296708564774385
3.6578849066113439
4.4997663887677897
0.9582635465404632
2.4803113049407113
1.6498928116910683
3.6401802303539679
2.0008517885903334
3.4604978362772023
4.8489360239040424
0.8305300730304146
0.3965092051941566
4.7127481222386267
3.7823756210656772
2.3844010101309459
0.7535852795885525
1.8677295317303482
0.3787853268325929
0.3517735883243763
2.1352874198824887
2.1373688996461135
2.3284195692334331
4.2091379891593892
3.9798575098420805
3.8814313973244037
3.1222026304149564
4.7516001930878575
0.5867417502540995
3.2946151599867353
1.1333741697294657
1.7207912606783997
5.4651419305825177
2.1363545692805075
2.1575597830075504
3.0983977402520075
2.6832963529105038
2.7504673103851052
1.5291801525145425
0.1841090092671193
5.3571032244353427
2.7797737648953991
0.9780743566517800
2.4320537423930362
5.5295376624276535
4.4197286950857597
0.6881386996744968
0.2862084938421709
3.9642236793286827
2.6011303582759751
0.7255095803747560
3.5637001860970345
5.3376970496510090
5.0780204521800139
1.2940269681515104
1.3049164668446380
3.9763917766777217
3.1976080564922693
0.5011771017503114
5.8838475017468408
2.7189597702280519
3.9241108463194063
3.0766971712694149
3.0948678390109956
3.0273282810477564
1.3493623132262633
4.9896005433883079
4.4458053287892731
6.2432900210256159
4.2143365652456088
3.3804562762181356
1.5096071253206902
3.5291286254590637
4.5175833034044421
0.8625120643631040
0.8039977207046282
1.7768404765644132
1.5035257179414230
0.7863915715826560
1.7142000250792691
4.0010610459472886
5.2902571578424187
3.3501984039427692
0.6921695927598651
4.2079404734829984
3.5449716562157945
4.3540038807565402
3.6524287631846146
1.4626515058320373
1.0356942809136982
2.5724118883647042
4.1727585304188199
5.8607178518984311
2.5890550470773124
0.1906685384188709
2.5628561464514013
5.4652395630608570
5.3778929081894109
4.7939400839681925
4.2135601207399231
0.1052902477163135
2.6588192623860540
0.6778829994609977
1.5455335827388030
0.2990771036901863
0.4247187023483688
1.8115021976061132
3.4943596082593769
2.5523723151721049
2.7376574966389788
2.2345077268838911
0.8846021415947752
4.5816891123460355
5.8323982090187352
1.8218299793395614
4.6570606512650041
3.9181822303757903
0.1750452945721916
3.0357324183353689
0.4093139606713844
0.0985561024301517
0.8671980896222621
0.3763927974967096
5.0699079200250710
6.0626927401013146
3.9279106469269793
2.5828709205550320
4.4289746959462004
1.5920569977994352
1.1825457766336391
2.3777414613766492
5.8358287906348814
5.5477936789229565
1.3063267641194516
5.3724805224516912
2.3213278958920314
0.5038555101910379
3.8384090311555625
3.1889106225819961
6.2377192969981783
5.5777831937881652
5.3669222129418817
5.3835920483372606
2.8738009671231808
0.7142342764641587
3.0680398165733642
1.5348664024062810
1.2351626242472102
0.8082231735681863
0.3660630879392447
3.9063629933972166
2.9176114799322703
3.2753985391003648
3.7053060342799293
5.0944702710520522
5.2056590181879905
5.7113572273618622
5.2044950962354566
4.8849790974259388
3.0374400331202018
1.2402437232476247
4.6612620164810741
4.1651056836130529
1.7150731451084023
5.1675840635298318
1.4978803907197118
4.5499588333010532
4.4590345379025127
5.7925775710706748
0.2636713715015526
1.5719557460141307
1.1326329917014502
5.1542455254651802
1.6677457196603427
5.1739647259197943
3.5720123996373636
2.6937638015311856
6.2483304987232069
4.3931430799812192
2.1092117583223637
2.0115676402589995
2.3472836759343347
2.5007468000670601
5.2583888599193553
3.0997309699908189
0.3412672988996310
2.8856127285337978
0.1648743411398326
3.3768678027786305
3.3023050898848241
3.3440213857340999
3.2510565752275653
3.9678292349417918
5.1534432058071644
2.2775078596551013
2.0029102523329256
0.3656868909856641
2.9640325039289093
0.6824777958712925
3.6249485226899627
2.2574392031126185
0.4085048499691384
6.2171194238700620
3.1266791523081139
5.3617962404465915
4.4385592890804650
2.6148865594405586
0.7434804081703086
3.5652526584316711
2.2972106544879107
1.3257950152169737
5.5476860289516150
1.7230527516489820
1.3900586799881034
2.6216041850112508
4.9635779246583933
3.4188707854410167
3.8979839439599342
0.5535723306174417
3.0359631057710317
3.6313118918901224
4.9063194225623947
3.1182618961381454
1.4760672085833897
4.4285785232034298
2.4505593115618396
2.5526603970285300
5.1121556532451766
0.0052804743604050
