2.0315048369809610
3.5295618312002408
4.1326432445330328
0.9541602481608272
4.6753998399735650
4.0564129495536374
5.7066785682873142
4.6871399510192928
3.9043769496164784
2.8950295852821601
2.5260066670513903
5.1585396376156964
1.7541741533556623
3.9341411291788697
0.3195806580644128
0.9911830633956735
4.2438916981738490
3.6519155266520955
1.2021545463349990
4.0759877066684718
2.9185129467566786
4.9698244770574638
4.6096696483957791
6.0187664300843702
5.4128885362745649
1.1131510576366324
6.1290979982968476
1.5428116976800765
4.5446884627173940
5.6418862732390380
5.2372722513107473
5.7608240417581129
4.5988402644628215
3.6001417343947413
5.4839869018317184
0.6080236391797099
3.9618068517704419
0.3550639876076217
1.2539600754491624
3.6899624881630189
3.3438418228603588
2.4891530791349203
2.1883992370082681
0.0947111259517271
3.3368477675605859
4.7785232954867007
1.9278620155027124
4.4761134417696704
1.3080101036561540
0.8813440558068588
0.5183681330526509
0.2264799011027486
0.0756339902263628
2.2506837901744459
4.4606333795242623
3.6047568994684838
4.3511766377046222
2.7036348505905843
3.6615630176499656
3.6864710311036362
2.5196423449998280
1.4075955632431085
5.9196257685706826
5.3910240984484350
4.8741204007323402
4.3447036197301685
5.7919244492520354
4.5550220421269243
2.0582906354451533
0.4407957956458134
4.9700806526139738
3.4594359249071980
2.5594778586611682
1.8532720116807775
6.0174350146477371
0.4536165315601038
5.0649457283719119
5.6051644687771809
3.2291904361932393
1.2604438690670872
5.4885909140693521
1.4773262064283772
5.2563024271831669
2.5140452984612707
4.8366324342502525
1.4321873371525702
3.8707085425079577
5.5969704659844588
1.1380270867029021
1.3247168985339475
5.5246867863612543
0.1103651751812526
4.8489543372921622
4.0599253240423572
0.8332666204382119
4.9336654431725808
2.5294147899031985
5.0377865294477528
0.4225521797931872
2.9254651969197427
3.9221262075437138
4.9200854521042539
2.1744597005783657
0.8627280074135862
1.3708758565443402
2.1403979226936567
4.4947058517551328
2.9095177137314741
5.8891077617652794
5.2609649408731558
5.7683598159508849
5.3018867072508975
2.1225466793042589
3.4747828446014846
3.1992987119472351
5.6570518388395978
5.5034501080323270
5.6113606753804062
0.9963815293309829
1.1961626946288884
4.0727484047564566
4.1110867439750782
0.4806313773903129
0.4244797423749835
4.1229154720858885
0.7987450237340135
2.2062171222391052
5.2222837980408485
2.3179178241122327
2.9736959452698666
2.1493390456610908
5.1736610237456864
6.2372623669193672
2.3942867939330323
2.4816912566650271
2.5150184755344478
1.5715682431705678
4.3119163481182508
2.2528160804010531
3.1669772015763091
6.2026742123570591
1.1893223318213511
1.0619165919609115
4.5102174242164628
3.7584614988024776
2.0535420150686772
2.0575732571673324
3.5478511862033439
2.1110587582538702
4.8826156904303710
5.0746597340755892
1.6923198018862473
0.4264961184191355
3.8941559617567676
4.7905910038473634
5.9238432011303521
1.9837457740483908
5.6799761128016018
0.5826708421538928
1.0856415581753946
1.8074432799987983
2.0425187473431565
5.3931351621785000
2.1365391552416462
2.6901009549994943
2.9437115087023362
5.1676835768316201
2.5666144052809186
0.1974621781060194
4.2097426959214319
4.3472512629452069
4.7744835997442152
4.5939948857353841
5.1230652875868783
3.0009147571062287
2.2518066793726090
6.0566925041622621
3.6818906425735154
1.6650164805375611
2.3904316296018835
1.8045236097499078
4.1372392859830702
4.5444755127671241
4.6147115848246782
1.0282747694322243
4.8699621814924265
2.2762803988574514
4.9825664772293372
4.2506655219697889
1.0686347284204347
3.9853791446173834
0.6626019777788853
3.2121480560841196
3.6551754481028662
0.7207950032449935
4.7806043556271334
4.8426171359257468
3.2844119567569741
5.3262552971276031
6.2012994116949445
4.2534818269656522
3.3753477209630054
2.3290181917405510
2.8753423466386892
3.1222459688076283
0.4253196882278789
4.9675587451348235
1.3652740768236868
1.5956844497411677
0.2363269152815058
1.8564598908890479
3.0551069724606323
3.8752705639611724
5.5312935527661660
2.7375855496826631
0.9768704561236480
5.9101345320477208
1.6280920280905129
1.9947535866380275
5.0860772565348862
4.7745966084235603
3.8740103428814621
0.0083726390307755
5.7500425658537582
1.8153684916972175
5.8011258253477722
1.6212836022925785
2.8507868869495065
2.9734089424838288
4.8040658635319291
5.2843556038445882
1.6052087928324335
1.1117411201601974
2.8359020848821941
3.5814329148914519
1.0292397242294615
4.1182391435762327
2.9064703521251345
2.9477664442686256
5.5530578987932477
0.2244247531346499
1.4771508137755107
5.4652738569268369
2.1982782979491189
4.0892547061565940
0.3341911255381212
5.4790405658821015
2.4937170740255787
2.0948057353802034
2.9516886312021402
3.5277074368146555
4.7279029589294677
4.0366138566149417
2.2624420583692331
3.5072223232948336
1.2452675386672245
4.4099868837960639
1.7230671701520308
4.3579903050917705
1.3047858709678632
5.1236297714268506
3.4382713185086442
2.5713999344753353
0.7184191976249570
4.2132905611625304
3.3799244091553606
3.3847196791054892
0.6972362811146913
6.0626716576035804
4.9671579516285966
1.4383703345534757
1.4410039202718505
1.5750376742692205
1.7637898695499279
1.5317311051978022
3.4385432803439260
0.9196914862170291
2.6290095282007337
4.3925845505194614
4.3535037235285516
4.4208300737836321
2.7732065185136885
4.1929147173745527
3.7215026477576933
2.9899945491069504
0.1779680522238051
4.7419373856706848
3.4391872567940611
2.3905071817423709
2.1834527740818110
0.8888419671961771
2.1723221512350501
3.4118294974948311
1.8638209022028607
0.1957021486995120
3.0691144604270764
0.1265234949457538
1.4967178308826676
4.4230420340391303
2.0853275255874415
0.8444653264292502
4.8518001605885317
3.1955875109268148
5.3736212258382050
4.2237939397469368
0.8381737978085937
3.4549711640103107
3.1185698821078072
5.7495342173453095
1.8230881828323131
2.2800167123309349
0.3780852745829151
1.0762788444145976
0.9809541653555240
4.8287405810205737
4.4813605717042586
0.6950963944864157
4.2268495770659014
0.6059566363917389
0.7713443399558760
2.2691838982033530
3.2348295874131927
6.0519379311883990
3.9374801060692644
0.3256665880150243
2.8825188236625396
0.3149101787327380
0.3704156313007575
5.3190287583928475
3.2440536492024470
0.2088309323482480
4.0767334969909914
1.2290461128829575
1.6346774305262468
0.0391398644541484
3.4361948283366415
4.5643986832654750
3.6633160981041621
3.1357841975734071
2.1113003388086775
1.0383873290098187
5.5411240860727569
0.2412744536261464
3.8832281633227770
1.3105205474153880
0.3025987452517113
3.9074639756942187
3.5791422193289271
3.5342652235974343
5.4929642610101359
0.9209509537180445
3.0484986631302804
1.5774938047921658
1.5862644578132168
3.6745600892996850
4.2377702540989990
0.0762832843852250
1.8015890720273677
4.6232672243100028
2.6868879364246951
1.6781338756847914
1.5271724433019895
0.6929911519398443
4.7100031793109816
2.3747073143721744
3.6148378702241057
4.7098257337856655
2.8880425911757057
3.2453192720805863
3.7249205497262432
1.9183867994964288
5.7455318855264226
1.3101164676100747
5.3484751248928504
5.9649658790258746
4.1670913221253816
5.9044626527130806
3.3035778008942662
2.0285563504508155
1.5931203363374651
1.1021969365554780
5.1546777326189055
1.7912445768547105
0.5625051023528939
1.2554305785278106
5.4730884018802124
2.8527828353890747
0.2987745717316534
3.4283532376556898
2.4175761450721458
2.4555523571423956
3.8712960408466466
2.9542838113246379
3.5946606772427754
1.6811991415152594
2.5840426965396315
2.3793122124877506
1.5535499139054418
3.8690993601311754
2.6270703474968982
1.0215015480591720
0.5866870161321780
2.4512803803164243
3.0920245282986563
6.1054781635720623
5.5874760291854333
4.8056884780002589
5.5675283147679826
6.1011156329260192
5.0846897619580407
3.6239657610778488
3.1334539521107954
4.5560628012600777
2.5975959702353628
4.9441984227740035
4.6502535235423466
3.5959290009315188
5.8330922061260804
1.8403445993499861
4.9333149491511303
4.3774846108178762
4.5813765644394033
5.7923907713539027
3.9404794537436163
3.2133481682655671
0.5158571400386640
4.4513120324080884
5.2792500502933093
2.5923238215482112
2.9772834309734018
5.5682318246660492
3.1847868612892909
1.8313659465997658
2.4876030988473623
2.6830587995165613
5.4914581798579238
0.1176798088802132
3.2520822310845059
0.7223758644319438
4.3666063247651747
1.9630942300096459
0.7939584221360484
4.6563339977521636
0.1675841289169600
4.0322027025314826
5.3469230791857409
5.1659920829998267
1.2447552048762549
3.5193010331040773
0.1571569432972015
5.7488390963905767
2.9681066361064374
3.8663035939736901
5.8179484600057094
5.1758820303339359
4.5899229032497706
3.5533494735884426
3.5681829146650141
4.3242409837683642
0.3236471829354193
2.4467761441180769
4.2743495202222190
3.2385765992972111
4.5693280010570190
3.8400645564660172
2.1971978061956592
3.3135419063376061
4.8984221351935044
0.4843982360417312
2.7005177585730573
1.5052449247698247
4.4920236721564812
2.8783141476743088
1.5073919395354372
2.2186763010417780
2.7826999123344174
5.5178752999605827
5.9854733468899051
4.7195273162724156
3.4415726616530500
0.1504799174115205
0.5915170315491376
1.8027129012246055
4.0327146747106282
2.0871836432120290
1.4365759089135917
3.4583276665814999
3.4787835155324536
1.0024232417400569
2.3397749586525625
5.9020440696614394
4.6155334741190108
5.2645386053305199
4.6023293110091688
0.7255897403407980
0.4971947649633770
1.7243474056202701
5.8861368926401676
6.2722840350022278
4.5834533937514710
0.8484024879735560
1.1967346192609591
4.2536828139570764
1.3505165654975473
5.5412169992544120
0.6211721971084361
2.5945419649867341
5.0525870388038836
4.0545325603661970
6.1541739382811329
0.7311998987039956
6.0814306146389887
3.7449577187821133
6.0688616036378304
4.4966329528697528
5.5964812592622106
5.7927157743882756
0.4646451755731852
0.6331513873277622
6.2619678377256882
4.2811509158199801
3.6016203670575213
4.8758922645650076
5.9890167749221161
4.0456633576493912
2.2524907618559715
4.2044153855869979
5.5200029960009260
4.5736893372926497
0.1614607482424699
4.3983477068827952
1.2370751842474315
5.3887009894212561
1.4341175965753692
1.7834922800527628
6.2695956494371918
2.7147963088871943
4.2917551635824998
2.2581368939241386
1.7004571992462179
2.1630929478133307
2.0109059019363742
1.7417850747715466
5.5446992659076368
2.4611419950213809
4.6076130618864548
5.9755391383961820
0.3333881056358762
4.8229496224566848
2.6749630701068310
2.5318700599379804
2.5143163910191650
1.9476927550095451
0.6248492689460571
0.8220254332024722
2.0035207290569792
3.4184394830285081
2.6055374337819646
1.1611386911576700
5.0061348727034209
5.9250069986154079
0.0147285106797939
3.8935777266304341
0.9589723711317294
2.1409815062522379
5.9983200351764259
4.6931734774435974
4.2820679002511799
0.7740470898248665
0.5330507144670263
2.3160733755818934
1.0148845313173993
0.5179805253918287
2.9048731949703273
3.5828463028325315
1.1347640643972086
4.7455031184229073
0.0977401601934984
2.1850129839010846
3.5368432155296601
2.5038696595342436
5.7733836942330994
5.2809448541110537
1.7825688056864730
3.2796756156935811
5.2051933704270761
3.0098718215128928
0.5204287323578212
2.3884418901285613
2.8769170813584344
0.4291487923663322
4.6412365123487405
2.3523117918000569
0.6364390820998390
3.2972693077675683
3.9395265285252679
0.5553357378763557
4.2880547266148170
1.2492922705528604
5.9170648650927440
2.7586754831987368
2.0962234505144517
0.3433080345370237
5.6220877832069061
3.9171080650297827
4.3512033782027615
2.8320413181726667
4.8673519122873561
5.9788527472752051
3.0897806105543100
5.4647401805664373
4.1407554457674829
1.4666637419835966
5.3645667640354091
2.4144805652144394
2.5028788628952996
6.0213063216253104
1.9645021806136471
6.0315499374361714
5.7128215230107271
6.0728800825411282
2.5916374716774579
4.1598523458488037
1.4217842146694084
5.7187777789966532
1.7403624084286302
1.0322673401264373
1.7049336404282847
1.5527349400331643
2.2991487450413617
0.3526211043041471
3.8475931530791598
6.2807381767546415
5.4305426946387687
5.2530970388860272
3.5285164735548231
2.5525938450482122
2.2129128482032741
4.6319948799864523
1.5789087399649795
6.0955383348474435
5.1573372665186641
2.7552393395758323
4.2383133810841942
0.1861703005666495
5.9426681659588576
2.5052587890666107
3.3508478287199597
1.1355682794591231
3.5056652650727393
1.5012973182738776
0.1861844451000170
3.5927976029760127
2.4858726088836525
2.8588965000385738
4.1918623919012763
0.7982674223243099
2.8184204500949259
1.5604900926576775
2.1090947492831047
6.1353543827240156
0.0479250252964489
1.5818340412628893
0.8610082932641571
4.9643563247216287
4.1855328359875772
4.2585893825563783
5.0718398786256662
4.4294793790549569
0.6666749604442622
2.7511055152835158
1.7046486879285274
0.9184508419747258
3.6979048570437616
2.3134044124029303
4.5427490800540538
1.5924410976103156
5.0709764926343741
1.4701750233983435
2.3611321855327452
5.6092543193147080
1.2513140648654499
5.4212514877458133
6.1319437523072731
1.3056939172249675
3.6597017979710498
5.5866343763682069
2.8503461663200382
2.1182500004806673
1.2211689491211475
2.1943826192596130
1.5201365456999643
2.7711892176866764
3.5787650044738522
4.1004769564933241
1.7982605815235047
0.3893494637572367
2.6969426697063161
5.7344654035925355
5.1872327106556417
1.5042695043378684
1.7414513525766906
3.1696396198601549
3.3241345014097852
2.0649552143108378
5.0177498401521659
5.0899527439735017
5.3688316772716043
4.2441210011820072
4.8489759027788226
4.1865697652274010
0.2910282732905836
4.6701937557917352
3.4631114873931335
0.5948681384577497
5.4226299993489544
3.8008394212261236
1.2993296572687718
4.4302032990662914
1.2071614062296310
1.6001721891812897
0.8418549920088378
2.0257998490174796
0.5701416543365460
5.7560606743391336
3.2829604566097568
3.0455181334731050
3.2025091587972456
2.7878065277153521
4.2130206206566143
0.9676142566092474
0.0574043924233791
5.1580964937105653
4.1373543653549891
3.9692884311975760
3.4837133519529000
0.2111042390064908
2.2878933910648058
4.9841775960153907
3.0432667007440428
6.1640699712630100
0.4186427864285056
3.3002054023837402
0.2488063954610748
2.1995498616836047
5.8569612741871664
3.7254198201693081
0.1765333352898553
6.0278729987082658
0.0280093005523198
0.0501464829198317
4.2363768014678786
5.7077003003195763
5.0993555533220709
0.1406125972307649
1.3089022293829691
2.5491554964623138
2.9072694733508149
2.0043905742275472
4.5323734317393365
4.6672853081357841
0.8455630375796337
5.3192387019299385
1.7578275438857498
3.9133652148897680
3.9676739305912605
4.2140351492456141
3.7206003513837249
3.4559559171498120
1.9675902882641079
3.2313367121101071
2.4482324098998185
4.8447234021611596
1.9166858170277550
0.5770545934283905
5.5574724322099538
1.6526021658915069
5.4578109334751881
3.6931557162536848
1.0651341327656727
6.0753620977752290
1.1354927228494227
0.1359513340605047
0.8227585796156206
0.6787748000936352
0.1879868919090108
0.6611110500567700
5.8502922231561945
3.7774174729728984
1.2636821431645684
4.2600400547618156
6.2451516589586413
3.0946633954849783
0.6249496279006647
3.7469041345953560
0.8366397019484106
1.7021364122019496
3.1312609746665965
1.0323059493113098
4.8103734358884189
3.7103534489458108
3.4683644058760557
2.0744716202018494
4.3399462799746837
4.5784922885317734
4.3190271863162577
2.1686262549492614
4.8702928094224482
2.1013511749556919
4.2279772616126676
0.1177043565213349
6.0103307948973104
5.0723940823568006
0.7593789457646731
4.4601937061250965
5.8426099528464670
2.7887544173887786
1.0118243696372224
2.5764596054137598
1.9530514606072356
5.6033605133701103
6.0713099660976066
1.6562169348747109
2.9369474579623058
2.6838543214461299
1.5514247787403201
3.8254216195128525
1.5225657628211204
4.5937947484804953
5.4271932016228543
0.0095119289598649
0.7177365210506983
2.3032638665780270
4.7463723779091511
1.4557974194024479
4.5476610045952857
1.5490943819069967
2.3442926134445994
6.0593254338498523
2.6290260197807349
3.2952095824921868
0.5811413137653493
0.9291953782780554
1.3544541535957451
4.0101804969672168
4.1968991435686460
4.1929585130969498
0.8178828529248799
4.4116660459007528
1.4739289271258069
1.0864178489659211
4.9717892429709867
3.4040432671350764
4.6641926088691639
1.6860397224847441
3.3822419614180803
1.1057062304128187
6.1226373598144761
1.4976707478410154
4.0492086609445890
0.9151057710532511
6.0090551209395819
5.1578776265247228
4.7106377355690325
1.7990501329635775
4.3996917488289711
1.4668012636625256
4.9972241382472591
5.6196585725395982
0.4878215262424969
1.6150833878528943
5.2945304564919127
5.9808798749740868
1.6617850670778076
0.3683618170808445
1.5492939551439759
0.8659075168673327
5.6596947679685945
4.4883789649395300
1.9385456389279210
3.3802402593645842
5.3264062755170727
5.0910078315064249
1.5522572086744904
3.6718934324386274
6.0020959685048041
0.6807213907432014
3.8400343604362046
2.4036757274381326
6.1241118813590347
4.6173169455811136
5.6578194275582971
0.1137509594404142
3.1721310003304670
3.7119798804427249
1.9767394506683085
1.5867270522010701
2.3134692617724619
5.3127460328421332
0.2197634688603033
6.1051633823445703
6.2775516805625742
4.3492277852707275
5.8168866439279645
0.1543363114976040
4.5741112141899691
5.4355260235509260
5.2594923938545435
4.9081823905600688
2.8560862760240604
4.0753755977920312
4.9378449996096663
2.5983175029117858
3.5478575808211059
4.5427341471779847
2.6374991877045848
0.2233364129785764
1.4022466855358635
0.4401187439383209
5.8254958846945568
4.1054115192941945
3.8792763064855085
3.2514540054883470
0.7103859429090973
5.4760672485147515
5.1811671543670643
0.0274524274471366
3.9194556298259511
0.8235491876281242
1.1191982740045689
1.5792883699769891
5.2615721365858388
2.2215523429077035
5.0788228030272347
3.8304298078600900
2.4573293413743720
3.0521599058959494
6.2563416810220573
1.7666661875487395
1.5306424627752027
5.8739035612555792
1.6602020172657721
2.1633639738586918
0.1359062715880645
4.4292231738306933
2.4640001009191668
1.0987409517459044
0.9996253953734795
3.5282208502480814
6.2707402318009118
2.4571867973491215
0.9409607726240912
5.9370956845610010
0.2448731821518643
4.2578319929131041
5.6260906546332663
3.2239720795777620
5.2182095519725475
4.4711129335767321
3.5532671263416775
5.3492599303437611
1.7880480223340574
0.7844587186644532
2.3523530649323265
1.2069835738362431
1.8986844829537926
0.3333583365118674
0.2294542558879760
2.9315101853703407
1.2365036571095527
0.6485517419298709
4.8499262085507926
3.5787551916293920
4.1453278130510611
5.1794741063540695
4.9400831577137172
3.6082487169657864
1.3117748348679152
3.2137898924538137
3.4118876420255413
5.2521827419649103
2.0552133452532000
2.9499589762616112
4.4599745456987092
1.2888114133121669
1.6096670432887954
2.5425326803541708
0.2853516223410589
2.1097424700582730
1.5171222791442358
1.5369551548209122
4.1073041749284078
4.6462254481718350
2.4854776585029899
5.5702404371308205
6.0155452572892658
1.6023968044454895
5.1927755794443344
1.0769705661454636
1.3763479754048140
2.7162834996635277
5.6092750251652408
0.1754077915012112
1.9672086567966194
3.7837460930821663
4.8551474801268917
0.3527529086187483
4.3833599513832295
1.7815369849520661
0.4204093252416303
5.8883355065345295
1.8451084341030588
3.4201521006523157
2.5786294243172647
3.2879594744246230
4.1775745501201937
4.4324785383601260
1.5940057511265200
3.6930878765126347
0.1321035681515189
5.8503539204827861
3.9706196560809244
2.4450202239754710
2.6681173545215686
0.4369493927313586
0.6568232365991710
6.0247875019491897
2.6675670765140675
5.1855821175594201
5.8136821489259596
2.8811691881092076
4.1868196785732170
1.3885341092121490
5.0298461063572493
3.1717445577439713
3.5569439968089394
3.3953280139871937
3.1376764170467801
1.1034224216206550
2.0011932015698459
2.4092637496411298
4.3617904174094626
1.8447243355891627
1.0121153962001623
1.4129540749679370
0.9416779144720849
1.0975575918770228
2.1409962996273331
2.8673741430434641
1.2431765909108297
3.4024132826766613
2.5786074687025469
1.8469892517149096
5.0890418682244158
0.2004756590126042
5.8927573912151701
1.0165125683418483
0.0843728802549191
2.8909057194888330
5.3678516984901483
3.7029938715338520
0.5636254759829044
2.7923741633794927
1.8355607131338092
1.4165343726834727
1.2540241386412676
2.9495517685316859
3.9531143942627289
1.8512138358829024
1.1227155150929242
2.2577584991452495
5.2150736503442383
4.6893560473122600
3.5329722261187650
5.9023938887688798
0.2955339683065326
4.7970714617540899
2.6597801567262485
3.4971401620466946
6.2181080732077252
1.7999584812127791
1.4210197164883491
3.5874549202571591
4.2648039174449970
2.6180717411302483
2.7023851238901462
2.1857930596630251
4.7650484313286698
5.1353932922658760
2.7869059840373311
4.9774737203977226
2.7676229720917140
0.9665562126569907
2.5555712373234503
5.8410932751012412
1.5148769410445624
1.0258561009070652
6.0412333799917812
6.2511216574764870
0.1471912989548120
1.8551927781684199
6.0991510805369549
3.0634943718904553
4.3702925643973929
3.0207076976637430
0.4757180132545126
5.0795728240212616
3.8822880361625653
4.5872367220670487
2.9366851609055069
3.0474569043996462
2.0066009504553537
6.0591402011365947
0.8977497542880962
3.0491355877735300
4.4743872727727014
5.2979271698129891
5.3839650555977752
2.6445455761951289
3.3802265271701124
5.1807489515470220
5.0461659149183378
0.4238622404451985
0.0114813886841814
0.6128989259410152
0.0585514016250960
2.9758152966758811
2.4817708012199922
0.7447339106391399
5.5553768291569918
3.8287491973920003
4.1137426916746103
1.0349905279612426
5.6568979370316175
6.2484998549219153
5.2937089800616794
1.6875644022898968
5.4182968589555225
2.7216472154537801
0.3021483425578536
1.0999365046609579
4.2374812832118387
2.8547897060998566
5.2407739227522097
5.4871785629285821
2.6538546043031723
4.3570080093715751
4.1900765467896397
0.0694660948211265
5.1041392243201500
2.5688040274209611
4.8942478041877502
0.9039584651248744
4.1835848520219638
5.7786828059951523
3.7160809212668946
3.4633441819801658
5.4372061413393782
5.8918350783765794
0.5939119529532392
3.1389023384695887
6.1742164873250278
4.3445729407983853
3.0028878408574582
5.8320803348773698
3.5020634220725233
2.1726227518589720
0.3918192421581855
4.5788989619275133
1.5814958602691946
2.5104324264165778
3.8888212130609334
1.0270629202784969
5.6524075357969670
5.7520333071349388
5.3102414189272817
2.9556198299425649
5.0960626834070206
3.0919502259924072
3.5760939663676199
4.0132052574162875
2.7690851089991120
2.1618787122384036
5.9621987974314576
4.0786760552700017
0.9229169484119104
0.9680732880065528
0.4037689156893045
4.0390950552794500
0.7141675438991113
3.3388948383153467
6.0746894473454871
5.6914736372610903
1.6649519133954112
0.5277256420381278
3.7271619396215065
3.3258165528646777
4.4220777465247822
5.2759776667342502
6.1976568645594057
5.3083620134152252
0.8899195277289642
5.7652966638693810
6.2539285249432055
1.0457594858471215
0.4575028283943252
4.7031178268011864
5.0707714487406657
3.5839063366556618
0.1584060716022737
4.0258429320909910
2.4677649622717097
5.7923510024312730
1.7942848917424032
0.6476968133314847
2.8215859568095247
4.6879878830997619
3.7369938534181109
1.3587916248646987
3.1725409997086449
5.6780347273877867
0.1123028860899444
5.3796928931827228
5.9152828284668075
2.0468098219374373
0.5566340023319558
1.4725173382372698
1.7577038307226642
0.7802804702469864
5.4252619688370594
2.8661233775474009
1.8621900265448119
5.6630646016709187
5.0262855119980854
0.0429451655239586
5.2172844500817011
2.7200704207250692
0.3564166131721658
3.5045121121141030
0.8604829334423310
6.1417877618002850
6.0156486889907033
1.5886164600886470
3.2364140533451060
5.1917524076273631
3.1792831066261309
3.5615695533030416
0.3375063464952144
4.0603881281282179
5.4162459987402212
5.4720574782994333
5.2399141159369105
2.0919706203827140
4.2957454802508437
4.6032521035122622
3.6712606526611191
0.7709520432453952
1.2545157142305803
5.9589310453371809
2.6767274548050684
3.5103180114816870
3.7505424576473732
2.1180604088333124
5.5377728327031139
1.1659833845646401
4.3659081586839035
3.5985804462811668
1.6704638241600702
4.5563037286349228
4.6875196186965447
2.1330660065851110
3.0702286802219660
0.9930348932639069
0.6867191092958471
5.4629003366961761
5.7262481779690333
0.5913960560763335
4.6411382232092757
3.6827535372949320
5.5050623898046815
3.8289596525915286
0.1539417124777343
3.6976713436880346
0.7022254722274597
4.4797051379797592
2.7230811409547124
5.9101444587082206
6.1910911826705668
1.6755248188606173
3.3737294410974048
6.0068123907190305
1.8234362465881424
2.0716086910649154
2.1291952170543529
4.4231839870893062
0.7686441268473594
3.9131142032562711
0.5173874208815845
1.9756140721455586
5.9782201740842593
3.9727181228552109
1.5684383572725051
4.2912990259385762
2.9758163041771950
0.9088335960671279
2.8247298205980726
2.1358770646888456
1.6984873061036196
0.0275299593213650
6.0922161486604258
6.0421884458141148
5.9572434253749718
0.1510539662052686
4.3774713249619452
5.3764180794272987
0.5171205131270885
1.6228709570819093
2.0476144001908372
6.1608586995762948
4.2672136996825740
2.0996372949481499
2.0357065216042183
4.1365991384321417
4.6443147170095136
2.9704394237826794
4.7314406595558065
6.1398605064281764
5.5054949474991330
2.2652393514740394
0.6767940049961497
5.4500539684941343
0.8603752050793698
3.8142373849609847
4.9551989892060684
5.3917874110241497
5.5021232673694840
6.2476922877690031
0.7419922335038456
1.3593127516245282
4.4467165691085517
4.9117776567037872
2.2186237818462207
3.9473355191211397
4.2373219939718583
3.9186096042630911
2.5217371043998273
0.2795364364550298
4.2869296707972619
2.0641237286410736
5.2866992621626281
5.8481099005209298
6.0899052109882543
1.8423446611145249
3.2306682961545938
1.9993826093464633
5.0853188720887239
3.1954237377017045
0.1531704920265414
5.6243336936445587
4.4234258374325792
1.4137937378085541
1.3905194844495103
2.0886634344596358
4.6355327585884964
4.5924014721371513
4.6724530808152496
2.9523712745856976
2.5714054465068910
0.2104492076425224
1.7661683926880212
0.9116646258036840
3.5880906046019367
2.3643663984983552
1.6692914711905158
2.7151416951100544
4.1248498620338045
0.9788093126863855
3.5813217173556584
0.3292729826194911
3.2742621186294842
3.9380118365266683
5.6076385951129009
5.0650368322756831
3.9240517854231607
1.0161317158990564
5.0039285668259499
2.3825681483351162
2.7161057689949244
3.5337737863685490
1.8144962003445062
4.9280679899655704
2.4433507437399671
1.7092921262285745
0.8710537317575212
0.7235657148896694
4.9600442722650859
2.8307898926871213
0.6619201297828037
5.3013247389592859
5.1928095158772765
3.5263546474464071
6.1684560952116314
3.9412220459478857
4.9527192485294353
0.6367150218972780
1.7275515435360014
1.7103164773600916
0.0625299583290356
1.3274975316578568
1.7231805282534463
0.9935088128373307
3.2584034150904246
0.1686031201993563
5.8032999841216597
0.1110039123176326
5.1368900497242072
2.9145575884053767
5.3406519777876200
1.4977142930952239
4.3966176692312295
0.7544655319470072
2.7096991826078960
1.2940078964407229
3.6673324932405644
2.2495390055471107
5.5232579174246403
5.4471306397947536
3.6296563069469250
1.0158625628825819
0.8347222120434118
6.1446743112026541
4.6557276798106892
6.1544388096035494
6.0052282335842113
2.6798181884514793
2.7491445291020744
4.2013407627576971
0.9209958326592427
1.7836416735696943
3.9697956513266703
5.6031587933556573
2.5930739243620287
3.3675793261843636
0.3650064644250717
5.8743999552305759
4.3399120858734248
5.2867107934216087
2.2397342203906696
0.7573105822581674
4.3524196438459946
0.8335456073114104
5.3268511035568133
3.1960471825237180
0.7539627512206171
4.6058769341421941
4.4920236655114065
2.2486049157676433
2.5981475673781316
3.2397376141665362
1.4291181959753869
1.9841844197546985
4.7478068714122159
4.3679673033813149
0.0825086603049522
3.8607806051842575
4.6324870373390175
3.0310184501246256
4.4712698323663149
3.2553344813219445
3.8952807483407574
3.4921635047915105
2.3312516597971555
3.3709425971062856
0.0889965317505787
5.3640980439159929
0.4801009277100298
6.2666245037022685
1.2770700873447249
5.5486919236646193
0.1100427536321515
1.8947402664556663
1.6941353391369265
5.5141805096829541
4.7684859372531889
0.4604772535526611
3.2301359325582673
3.6683673170361906
1.8895212926764438
3.8197339581927920
3.0650873859161902
1.9445770919046848
5.4220718343065277
5.8489574747966557
0.2716319439085674
5.2755179884017114
3.3333129427690911
0.4819872836336833
3.8220209055634977
1.2439066867056958
0.3782172272340626
2.2356842759938487
2.9775047088733269
2.1213286758965935
6.0295435809600679
5.3342751543942217
4.9016845643822604
3.3688358279870911
1.8117028141372948
2.7736810359992763
6.0605174896281877
6.1725193572877455
5.3060146348350425
4.2247194606302445
4.3562347791614746
1.9558833471931540
1.7181529602682841
2.9740432930832741
2.4045242991753768
0.1103407571072055
6.0567210542637833
1.4751714796506894
3.2003487520735105
5.9222467990680085
6.1146781107051034
4.4024500165742833
2.2374215404896596
4.1957920845101651
0.4016272781302908
0.9821053411441791
0.9146116322029502
5.6271601781896772
0.9315880798662267
0.7580283540059348
3.2756844580352249
0.1880276899394902
4.7236206428185801
1.2664571546539625
0.5543526644498192
1.7271998042914105
3.5602612483266931
3.3032934058667278
3.7209780791376676
6.0405158061408546
4.9824773596126866
5.5071155807030809
2.4275127805234651
1.4570873238781876
5.6900912498161933
1.6336564816957218
5.7313864155601486
0.4494239265991209
1.6646797773556814
2.9069334691379307
2.3803740943695479
1.1330783383875975
0.3664424295658525
1.4716735309435605
0.5803197674571438
4.4504502941230193
1.0681191408598589
3.9154285268834288
4.4630325520114980
3.8148990274895000
5.6998800362660180
3.4737330048709967
3.7819747251650493
1.7490701488429039
1.3880928469211142
1.7473744845299519
1.3159419703291253
5.5557441356319996
3.5455495456312733
4.5885942676293023
1.4446278418671075
5.0196616725702539
0.2598374000346301
3.9865941655597283
1.7764486022385737
3.3021213771952338
1.7813288415049098
5.2165647898632743
1.3612832397469286
2.1024493990954864
3.8948637347070072
3.5165507023485501
5.2313834228206471
6.0534816320435070
4.4654081221943098
3.0479466959063068
2.5268966908996990
5.2215280653514222
1.7192388314571501
3.2299077497670861
0.9754242664505660
0.7127814819481021
1.2620536600889445
1.1678429707171167
3.4416284623245046
3.5404344727878736
3.0986437955145445
0.9603276695007086
5.5413501462808883
0.8679729489044166
3.8099360607171739
0.2866037153422921
4.7884182787536504
4.3159863810351178
3.7508954097163816
5.7579883361252371
1.2609149416939318
4.9746236350558073
4.6503676052118399
1.4782693649085870
3.6699203176128434
1.3068254064009510
5.2387422656813332
4.0738841534544790
5.8977320564417886
3.7226049377038963
0.7728169650230294
6.1623012139910189
3.5749294476626603
2.9959212154910890
0.7334885460306592
2.3222957616247575
3.8922745917655863
4.5498234033214544
0.7205759241819084
2.5086728196159269
6.1568126610482805
6.1956874416928907
3.8223063287295740
3.9843492907039879
1.6342414857188856
4.8883952072216319
5.9749843972377796
6.1692208342181862
4.1170770380041724
3.7000998781798722
0.5538416603423845
2.0305683379683983
2.9557727045980182
1.5646147832410053
2.0308094377031356
0.5586371301321769
1.9893730676800285
1.5778842326559734
3.6625771164524590
1.7386290227666445
0.5023819168685458
3.2055995288021433
2.4468981551452518
0.1076473128988807
4.2279837576439556
5.0628154866256452
2.5397201153429494
2.0970299277196425
5.2816759807883846
0.0557698891676784
3.1115120617095204
2.8218806103854335
2.6112515354321713
4.4802389748506197
3.8612568282435524
5.0204530412630382
1.8929754805382597
0.3059538742892584
2.8926846100935952
5.3330466599774544
3.7653560259142203
2.7228931811779313
5.9589057892720385
2.5801102555215820
1.8182201742099096
2.3510699877877195
1.0851382542048671
2.8001818587262934
5.9148759130067745
3.3895175887472635
1.6969959875392697
1.0622020327269828
1.6206726407677974
0.8048070156980118
5.1196414678455593
3.0580788645487367
4.6413571392205091
4.5969673509090860
0.6506690497222887
2.3127368259915824
3.1992168779690093
2.1382743664375434
3.9305576449722186
5.2325063166824917
1.2999155882741100
0.0544002512673133
6.0478811598204185
5.4681025311408451
4.1309702897237903
0.7241536091599432
1.4367462164671727
2.5774963693451785
5.8549832099434376
2.0959896531124094
1.8772150385345474
3.8720419321067929
2.8308030179321615
0.8461724636547951
1.0309728405917928
1.8618906010476191
3.7731110345272127
6.0247099968773199
5.7925207936948961
5.5265062732758414
2.6643507354523672
4.4946224996784530
2.2296059260247905
0.2396755192145552
0.1745294230828618
4.2543321302847517
0.7518722463103716
4.4403660300987600
4.0415162265857569
2.2257388520934089
2.3960067000126521
2.0689900501246687
2.9663778357633248
5.4647559501872065
2.3489402751396882
5.5106725216645520
2.1414655994654495
1.2205849449975330
0.2353192731383205
2.0010998073736408
2.0260729886320101
2.7737657233062518
0.4550972494951152
5.6094044952263520
6.2087588415314885
4.8020255439013981
4.3082201212230151
5.9503930574462149
4.9312580690729169
4.4641300929850791
5.3953183259221440
0.1311546754296256
5.4561603327274559
4.4480856211040010
0.1155263570683093
2.3697566915525847
1.7064537705420619
6.0576629085503866
0.6728530086461945
4.2215258591321367
2.8875893025663846
0.8817068671041211
3.3948048104857294
3.2311385338424774
0.2453709241944270
3.8169967504557811
4.5677190754276715
2.9858194863433449
1.4521347493286274
0.9800086620028089
0.5193955942271430
5.3669600278847680
2.6700813448803671
0.6793479477199954
2.2375907408319291
5.4188935132248428
4.8848868255344895
3.7080303051181565
2.7681684132359208
2.8161784272389294
0.0430826536608286
5.7721497683903173
3.2668336757842260
1.3312634052257273
5.9900893899771308
6.2761593268374360
5.2204138929883293
1.8526675452543049
0.9026720039478967
3.5933607936192926
2.3669894957771667
1.4791948939081636
0.0592867220526590
3.2963168406357384
4.5733159955417202
6.2380310966676538
5.1039552872931866
6.1212012849513444
2.2699110817895534
3.4627264234091593
5.3712816657089570
1.6115059686566349
0.9427346264740915
2.4886897217642874
5.3277270335593796
0.7548800569735798
3.8096884614403206
2.6006036299431008
5.6988155381208312
6.1811725250040688
3.7998033233488626
1.0897807530473125
1.4786031180030170
1.3295000555024052
5.6230062151424338
2.3533698969717269
0.1315292040925455
1.8752027594347040
1.3207916594032509
4.9208121823778681
0.1614171348707972
4.0053815505822046
2.1085405511151030
2.9135581376841420
6.0631701529658724
4.0552094356570780
3.9961898167033474
0.6676335478412305
3.6800456440809586
3.7880131235931764
6.1727832877339415
3.1525018580895914
5.9309094313073967
3.3104161439769442
2.1694356926738205
5.0192704482757149
6.0088728394719153
0.6981939106221272
1.0910213674115277
5.4432200411930500
3.7852162909873153
0.6008214524380149
1.1568134131904131
0.8304636303941367
1.1906863560468197
2.2301284812320041
2.7667884653221537
5.2751483630646216
1.9466686853341930
4.9306436899241213
0.8024067887276366
4.5319569623490876
1.3168589091067266
1.9021620007921187
6.1973121273979377
3.5756740743799087
0.7626283612740667
2.6638155827309635
2.9040808308597450
1.2691685189647568
3.3586677062364054
1.7987505272909052
4.4211561647256472
4.1400668631106656
3.5252000718062804
2.8774522263615436
4.5028373210136188
4.7694495691230534
5.2267041063316446
0.7397555859274053
4.6250864219052588
1.4530394843869259
2.3785929502287257
3.1364486796863442
0.3877930491651477
1.9891723623186672
3.6534618248850368
0.3703059644680209
0.5344977237121730
0.7945382692863269
2.0519382235974581
3.9430896084598897
0.2222797319845816
6.1125456624212440
5.2910751243406651
6.0101788132777099
1.9193155286980992
1.5465954332919671
4.1842531029602332
2.4591862867484298
0.5089214527136336
1.3538256650610117
0.4940364358372327
3.2687285573359719
5.6890034564363345
0.6200331412259240
1.0922456577730830
4.9106403311791640
4.0634022280502524
0.2126055218310581
0.2876059669081431
0.9494693131939402
1.1143802444290816
4.7436272763793870
2.7824553967963386
2.0914535470357678
1.0147033529047087
3.4743626783180908
2.6372632384533730
5.7940635890393812
2.0965639564158991
2.0332042739133631
0.8435744396310714
5.1946728595975564
2.5537316692531289
5.0780828975959169
6.0369414090252089
2.2741775926559971
2.5421348553733036
3.9923094959168486
4.3910244376295209
0.5153680091827390
6.1340399733636204
3.0457310729771718
1.9734177670242359
5.3956311422553851
5.4562088363641248
5.7627315516118429
2.0167333779500081
4.6354448676075055
3.5992208974999169
6.0503965356083080
3.0484476116245558
6.1541265843050388
5.2094867130287410
1.0836350211219055
4.0276233260500351
1.5887847539489250
3.0927798777113251
2.4902364356251119
3.1818545208557900
0.9504903696046413
2.0774561267053753
4.3270442485355636
3.2160228201818959
6.0619542001415923
0.7475967042264372
4.5986416100311489
2.7347171147094245
2.9763814079361639
0.4748893219141098
4.7223541346934201
1.7671205604948932
5.0145468947237637
0.8059890867899014
4.8845072726767542
0.1998828860831199
6.1815023942139113
1.5902832827613103
4.2707645295618830
1.2030690953592056
0.5410539110465995
2.0399123380405038
0.4907421040573300
1.1187625262414527
0.2173496930239688
6.1029710559591024
0.2219663360527262
5.0319024074831296
2.3522873616867015
2.3075499417470389
0.9320346307449813
0.9587563082788289
3.3274467373199332
2.8312091882871786
4.4526081467644625
0.1815441710916352
2.4894338538712022
4.6503369731099413
5.9780621290530309
4.0837586879595609
4.3650113537460618
5.2184845061025316
2.9541557429988914
3.4161128835603898
2.1157124959748357
4.6121899193848828
3.8945165853972274
2.0932715440304004
2.1439086437855552
5.8671461876095021
2.0362126259672473
1.9670029322663682
0.9234039531336965
4.8601886918016639
1.4573140801000004
4.3339489926486179
5.7656915400634245
2.8329018878709382
2.1486222102214172
5.1714420695775107
0.4506421178949845
1.9385745277391011
4.2584476055566789
1.1480396965432713
1.3910306603982932
4.3669430240904186
0.5777847197959826
1.7104884368049136
5.1291743883669421
5.3895189646782429
5.9380621072360382
3.7368915485297394
3.2617606412234785
0.6703762871109791
0.4921852884660992
4.5688447234601330
5.3695924923670928
2.2519211241426236
4.6305619485019891
1.4708640880848944
1.4557226307506874
2.7858448274886696
4.3941176230952195
4.3854325832953114
3.5978225815146052
3.2081189760705104
1.0325087189248099
2.3566871637959199
1.4368232831868457
5.2651364265356584
0.6370396807607819
0.0279852818652735
0.7673705727133299
5.3943672865121508
3.0279495362134106
5.4956258093624557
0.5026753321268566
0.5636376455558915
3.4074165032443009
4.8712265287019427
3.8267823228958582
4.6695690401005221
3.3502089903266832
4.5887587968450383
2.2699359289765386
0.3482914230322486
3.6124530219043058
2.4951766995727156
0.5665101044304478
4.7480612147882333
1.4367901239251537
6.1056770432818199
4.4312577688029373
4.8887626696782718
3.6737581797295902
0.3903889188217165
5.1219323086816164
0.0779243216634665
1.2284938746924652
1.7014821981410044
1.6775637032220185
4.6484100271927096
2.1781435458169249
1.9546078536141398
6.1273054261167701
1.4419937933021927
3.2344489696173495
2.6855867669414586
5.2892889139134560
5.3590559220631429
0.2714469624810333
1.2887477031578078
0.7742121339958965
4.8068744270814161
1.0379883128557903
1.4470867769975826
6.0348389720662947
1.5740970067192737
5.1746054150175906
0.9715634839073826
4.5234965942135128
2.8641411639622341
2.7280393923776747
1.4799257242946959
0.1837316713545916
3.9481728062365260
4.8462307956417154
3.5002722131069097
1.0781754511831585
4.5441233243040484
2.3829736432351964
2.7933825386903637
0.1189050278490140
1.4884312924568643
2.4933633021775865
0.3958073604355111
0.7828770746258482
4.9101745793105609
2.1249904541780431
3.3473678564571450
1.0015965973843941
1.7496853446500713
1.7672634256734694
2.1819194161798507
0.4873228507976963
2.6534495499419668
6.2023551174628802
6.1321386944274856
4.4963755581782650
4.5721390012272733
0.7768430465687903
4.2919434039440114
5.7417863513388490
2.6614464219793472
3.1640477590017486
4.7570374064551073
3.7287818396581418
1.0887560999441295
1.6779432446966425
2.9572062194149469
3.7912440224616515
0.2825771474878613
2.8018872402507613
1.5181363191061761
3.0496294864455558
1.6406067020188957
2.2178322441709186
0.0378121096882382
6.1947830756465878
0.8526740768676345
4.0982675795495638
1.6787183987947463
3.9920880559198930
4.5123713898837279
5.0191692382760991
4.2000871099627730
3.4511797856721005
0.9058981725574122
5.3045140615112381
2.0016398585778683
4.7250009904064161
3.4728503354515960
3.7858811362434039
5.4904124401477645
1.0413840972364148
3.5942094357570911
6.1559561710223125
5.5208749063563864
4.2042957602978657
0.2764544572834441
3.4849455984020645
4.4699970885258740
4.4426536644924965
2.1293977070257069
2.5057672012604688
6.2782736354098807
4.1565699055160010
0.9655582052045304
2.6714492340637861
4.0817373050515471
0.5829002497814633
1.9880260439941704
3.9559708800114457
4.9923631071302372
3.4340766134066536
5.1640375889635681
1.7890590800886850
2.4164704655245788
1.7848866577525182
5.0707474590426660
3.3167920898817060
5.6240416815537664
3.1443116414106984
2.2499428470600087
5.4664362496518075
0.7925390995503536
1.4018969886995460
3.4618862920706701
0.0687227980083226
5.6527351459198032
4.0151891816609862
5.1609918055507906
1.9605630544819301
3.1082327590663841
3.5301048830536010
1.6214130060360674
2.7463959355691978
5.1557745932015795
1.8944800862593438
4.0500138216368287
5.5571307542193287
2.3866527252334957
3.1573917033826633
3.8464941040615153
3.4567703095829136
0.8371564303318968
3.1332202863696490
3.5871776643844719
0.3057305194505624
1.2031775609848856
6.1603435570401128
1.4441663306632624
0.5392392010770442
5.1520533021256547
1.8287849115410408
1.1409676692130666
4.8269485956617091
5.6889022271185130
6.2050863575633173
1.0073228260254461
5.5967349140010203
3.8603319432022634
0.1477395068899288
1.1709702926260086
0.2649068905436144
0.0431569778581297
1.2201212421864953
1.5366627930332839
3.2861199778493284
6.0943457072518399
5.3846437513476237
0.1436461076081852
5.5433680876386315
3.1181953684948822
1.4642734883715194
2.0009304030890234
4.0093789320756859
0.6604612313975564
1.9381002075730507
0.2722334234468294
4.1369729652563247
4.8546359309503933
4.8438876453785884
0.8759243664819235
0.5442264136496404
4.2009749266630365
2.5196505257224473
6.0302967650842341
3.2779472506703664
2.8755161811358083
0.6155829856267029
0.5641439301793720
5.8860582446903313
5.2405785723067844
3.8532405302750452
1.1830914683877813
0.3064648749243744
5.9209465648148019
2.7973136599665858
3.5379109253597565
1.9572788058316026
0.6926231882537923
5.7179641518275641
6.2227786548813722
5.4826166992506442
3.2313857494461451
4.6666154112914233
3.1982212072210943
0.0494646644343669
5.6715505922450626
2.2254456477859419
4.7911541556317578
2.7952255816010689
1.6189571797568727
0.3472470021673575
3.7618111008104824
5.6451899624558983
5.3539274654455165
3.7163597179964829
1.3121245461805897
3.8513246550191549
2.8677442246440630
0.6900960675892592
1.1205501452867175
1.2376901636201001
2.9550962328076915
1.7388048242857188
4.7299622929188168
4.8304832585297133
1.8830698095693781
1.6606056430396521
0.5840372910931394
5.7758209419726985
3.4430819201328249
5.5959188155977078
2.4802993026178797
5.9194038674822362
0.0471327786567292
4.0451934471698774
1.6667866651248098
1.1645121723652201
4.8111975355353369
1.6767212440876373
1.9903524301196514
1.8418905554882976
0.7223389241755769
3.6175097472380471
6.1044636741623979
5.2813336363528540
2.2315256703897717
5.3321133742272764
1.7469172362304752
6.0322813295548352
3.3547917878684479
3.8221523814264677
0.5681981991472155
1.0298472182327472
2.1229442934046427
2.8595026410354198
0.9424712341521413
1.2074346433003542
3.8841216092112423
3.8652140847957588
4.9701718486103967
5.1973447485440705
3.1740311261606418
0.6352568938328872
5.4889606683526040
0.4290325440686902
1.3926622883610436
4.2176500218807051
0.9288936222344025
3.0112400438318510
0.3696740694137728
1.6277744900265576
0.2109748680116191
0.6206033911360853
2.0461832669527427
5.9393670586458667
0.5029847959048055
0.9697763004892540
4.5607586614329767
4.4370291790427263
1.1643995860874115
1.1594601297679052
3.2579081915351988
3.4644135226172375
5.4621851011960940
2.2912515416244874
2.5067365337355647
2.7662035928694562
1.2434342378214025
4.1396163492521545
2.9729801767615522
6.0499961179302701
3.6843891992492241
1.5995280382603330
6.0979316871289351
1.0188837313051178
1.1981133091708975
5.7413403676027492
0.6268997554439663
5.1168265279108693
5.1020730387165880
3.5958759819228598
0.5361317001502663
3.3668164067847672
1.2940662639928182
5.5637439703241158
6.2417444763687016
0.3177799495561284
3.2743385712711133
5.2775789083684099
0.0293708357625170
4.4469332972352111
5.6607199186919148
5.1519128295755685
5.8388954562604392
0.4792019507004073
2.0284880226236419
5.2605490377810993
1.6580618590933458
6.2420491293020186
2.0216439164674922
2.7889507132386178
2.2174974833458196
3.4708864117052767
4.3373677823788492
2.7269413024821643
4.0251051601846699
3.4066165941730042
4.6763747535716362
3.2397538691037981
0.3330908131983722
2.3299472822196816
0.6571520604669193
6.2469369780073443
1.8684660302125440
5.2419841125686562
5.6299845117603464
3.3135515859507239
0.8155558629912562
5.0208481630680399
4.7153469130205545
4.7850106706042048
4.4453627769490014
2.6905970410021576
1.8106492738232467
0.5573365012147469
4.3041161345290302
4.5428633520109232
5.9886218068431125
4.7726242449603085
2.4289419132139423
2.1753198744833546
1.4371180500831087
0.2619520356119371
0.9650239948915083
1.5952270469194361
3.3353766437475718
4.0727238884871628
5.7123275192987384
0.9662734828620251
5.7809327412718936
3.3178621500672425
4.7739513124742663
4.6018782481455229
2.8638869589844140
6.1746117032780568
2.2648862101331533
2.4147704622029069
4.6886676059059331
1.5327705912868765
3.5132761221174627
2.7243867292387467
0.5808537077031269
2.2134739168638040
0.4092442028124139
1.7035346565421277
1.6051101095426903
3.4242048261255538
0.9814206936742664
3.6301254080242207
2.5151927343414968
0.2967723940722966
6.1743111004188806
0.9980819889642016
0.7496276193475435
0.9589701901502752
3.2293566621510443
3.8180236881761211
1.4227971330550280
0.5243156861236495
2.4541888489289359
1.9904389359399262
1.4411101909980191
3.9183910448285983
5.7470821260106373
1.7262722100472201
6.1798435687101874
4.4300747348995886
3.8960722577184592
2.7603011586592427
5.2428548026657831
1.6453728553720324
2.8645423252032418
4.3140708409463171
1.9929029925448298
5.0187079672060149
4.2195130706911392
0.7581108116578200
2.9448629535822426
2.4771237553856582
5.5019638984109793
3.5233847598929406
1.7243392727169422
4.1192007273818794
3.1979187887758709
5.2677943459957470
3.9799918781209116
3.8134361319815935
4.8151008857238864
4.5438457537762122
4.5186586062921998
5.3421145288631378
1.8694341981197118
3.4924887819649446
1.4493018896936452
4.7925138457865382
5.5252294327183149
2.3010364794321720
4.9227908062121886
0.6789026822056394
5.6617591961916043
4.8419269375261322
2.5069727708670295
4.3908106031455478
1.9284185433067287
3.2435194980196642
5.4527117930696853
0.1959269529823946
1.8268032240673580
5.4229538102072592
4.4391652464389129
4.0024454723006606
6.0038429327321898
1.8491494638359800
2.8692372346629260
2.2622663617878280
1.4881836107008994
4.3893190706150831
2.1494102169567788
5.1341148804917340
4.4343007481360379
0.3693454323883063
0.7844986307358554
5.3778419438707719
5.2500451126539609
2.6623397763574963
5.7774455580423982
3.7003503216122486
4.1165894074727944
2.0860277358994490
1.9922905400999313
1.2205460232034548
3.4926083580197398
4.3166445553617407
4.6815389927880275
5.9964962570252354
4.3522044480862716
1.5015026394109852
4.7444393827890607
3.5235237568916209
5.3571286866639021
1.0453856778137904
3.3365549247365793
2.0533513678086908
4.5972754191554692
3.9016107516529344
5.3407324593729069
4.4746982656278407
0.6474213587606928
1.9307379450479338
5.3791971867555484
4.7415743687209062
1.7562144498331949
5.5501791175181960
2.4623803600374554
3.2709660364762190
3.4494274177277866
2.0475897086305821
3.8154182233282747
6.2748688419518732
2.3227629657741162
6.1136164614205200
4.5947195966463337
5.4792020012617257
2.7398512818024217
1.1555332351485816
3.1279322876855544
4.9267658190625205
1.9805180318911348
4.9739334084909217
2.6998787942649569
5.2654702026118354
6.1797325292031520
2.9556739444587321
6.1103493310947297
2.1508969254345058
4.7025588597006207
4.7579195272242973
5.8553969458009529
0.5413607739030428
3.8593431457741807
0.4951690760118631
0.4970473963934016
3.7708099772045922
0.8124873545736149
0.3036699178317028
5.6608485950647172
5.3852438756742771
5.3580207024557716
0.4055542133278072
0.1611879921002600
2.7285357296975010
4.5374630248456587
5.8841342693942362
2.6656107975217020
3.3864355504007646
3.7736252460820321
1.8720787018309730
5.5152082314351949
0.5362216781218204
3.2647160387063741
3.7661822887782543
6.0143618535013603
3.7969181610821261
4.8555376797784984
4.4259895156440683
4.8145964452181147
1.9466499795200249
2.6238720114161018
1.4307074511044033
2.9259798192138340
3.8044889470361620
3.0947622443813789
0.6194322702280464
6.2244211694183056
2.0362923894467322
2.6694798443167831
5.4268410077750380
0.5512032737966741
3.7397898344737217
5.5876806181085881
3.6138506407723310
0.7109739659103645
2.2609794917478565
4.3029727358810925
4.4444840248570125
3.9305819643935433
1.2779585055332034
2.7685217048141966
2.8920345865373469
5.7237682182726841
1.6325629675429034
4.3113846813717123
4.7632443116046419
5.0019417191635611
0.7770205194075537
4.5769105199970275
4.2785555725385986
2.9227255429900554
3.4649326879753817
1.8057812485251581
3.0964613749584462
1.5376228663005389
4.9115775995439943
5.2933601546383873
3.5949748318382015
5.8023409737980876
2.4132900313445873
1.8855322245083692
5.0257948268428363
0.7529820533944583
5.6122453167227020
5.0086192486050871
2.4567503445737078
5.8427461469489259
5.0013298095583378
4.5438467012311579
5.6207685936120457
5.0186042806703588
3.2710822921264424
5.8509907358327320
4.5100248452296503
2.9840684766267604
2.3411890022097941
0.6246792408625679
1.6671352335652800
3.4535653781719087
4.6147186316302928
2.0631898434149556
1.1209812387641775
4.0073592042135733
0.0493750953967201
1.2377169795626950
1.7522594346128382
1.4524696522431968
2.3173942802350327
4.5406856537156495
1.6137489493214809
6.0340190766857509
5.4425432671200014
5.0992081786076540
3.2589571991912640
5.6351311003729174
1.5095236762463078
3.8499512190985108
5.9915438653915993
3.3979515210207887
3.7437541394528773
2.7326709212363749
3.8818185224602058
1.8875092441420283
6.1247659081493859
4.6802336152212556
1.1846714215391021
1.3771030420099919
5.7919642045999966
5.9698261527271361
5.1655659083302794
2.2465299999108677
4.9753038177859130
1.2422153509438258
3.2605654455745992
4.0989638990648203
0.5153157420739460
2.2357283738002871
5.0379450889755422
3.7111215816707848
6.0730857080164533
1.5269341757496206
3.5005936131617847
4.4492796029514938
1.0146872794640889
5.2254810216656624
6.0074099797724472
2.6495685768799615
3.4569264523799474
2.4957423075078058
0.7996217649098963
4.5140946079409501
0.2377657715571225
0.9780402669357421
2.7551392408639654
1.2238759377411925
4.0348720278594525
2.4381579677853420
3.9904966145645990
5.8299366755453468
1.7002290312216009
0.0384651987805366
0.9803310152934662
4.9832156290679661
0.3320244038803542
3.4596621799990834
2.2486757471136340
1.3245260297745216
0.2911342945298085
5.4765577347041221
1.1936490914258082
4.2274568947479754
6.1833269684917331
0.2184249717882980
2.5913639830814064
2.0533517819335372
3.3428797550817162
2.7606389414973886
2.7510096165808724
3.8264066694745478
3.0762845555070988
2.4032321623180137
3.4322505781777704
5.3262666348385608
0.9023203941173747
5.7949280791018358
3.1666747717504400
0.8920658176974021
5.4878279885505314
0.3533659935925641
6.1814749663042878
0.2352726810404946
3.5277646002369596
4.4190652141314457
2.5741502686139430
3.3407641722066308
1.6022233437252540
2.0261162332699483
3.1372507977424071
2.3940085915462999
1.8537726901253064
4.2539058546223547
2.1595695298437803
3.4341453880996671
1.4653499193815771
5.4668154896188694
4.7489368091666035
4.4539862367145480
3.5419679455186546
0.8917662884262291
1.5072962386995032
1.6149098634538555
5.6834416718026093
2.3128483417651302
2.2576634085902434
2.5277840912592766
0.4770220222182638
5.2211065698235117
5.7786434801012598
2.7703457609088997
4.3868321691628385
4.1564761768270868
0.5738500750608514
2.0972005416523256
2.8965510056060824
4.2578595458501205
3.5084292337673486
2.4069459813606051
4.2603908603376830
3.5215348773687150
2.7947474697332129
4.2735688902790523
3.4171670623419654
2.2223533567565048
5.1594491284363402
4.5796466560773199
4.7978727958676624
5.7292113275244860
2.1170403194360610
2.6994247373274645
3.1270990512279777
1.9400629189806009
4.4682395831809156
1.1601639525668781
3.8510927462731486
5.2555731640858916
1.9394693724994407
6.1818072800058834
1.7815531706679213
4.0075763790764105
1.9410226554888363
1.9038289567888544
5.9695928514497867
4.6503763867822494
6.2073478682138727
3.0565502048521989
1.3001323357670054
1.1504213049050780
2.7413760913914973
0.6538992326787877
3.2911798724493977
5.9036911857742460
6.2713055830023210
2.8208307922343869
0.4799740647956370
0.6401808150927490
0.4586225856790425
4.9494553701926378
5.7083853442395416
0.8666605301702049
4.2749565796884088
5.2458748844676188
5.5024693723875018
0.4163005036100502
2.7038373040913752
1.6510363508021002
3.1143649029108462
4.9961221847152251
0.2883830075407214
3.8742498763629056
2.4095305114762211
5.0116569379055367
4.5599763725164975
1.3858014361887983
3.2991233905759461
1.1423499844812404
2.7798666445346250
4.9043389644207007
5.8710782666911214
5.5998294575147964
0.7630075227958755
1.3648562500423096
0.3709839773244881
6.1970167258989797
2.0229205245259450
0.4372741502659472
6.0432182061481559
1.9460245059294028
3.1063880040860217
2.8601190770338052
4.1180601608176479
5.5509267116965102
1.1210606396226428
5.0755117071632219
1.7421737217204933
4.7067610006956109
1.9169224373924223
4.8828316565457932
3.0156975052709276
2.3658836727221710
5.5409529221090255
3.5247858566502566
3.5981969254653370
6.2652822859573920
1.2270214802855377
4.0128895359104595
1.0721297777398113
3.5185238745367720
2.9307921004085418
0.3558299974316629
0.6772272682786820
0.9420612025809242
1.9049606201647371
2.7479970810617771
5.8517676948774664
0.1501087267966128
6.2784880548335034
5.0669687594699635
6.1174657804871941
3.9658159172663696
0.1413840309651890
3.6142325274661338
0.1636596805887383
4.6132837350708211
1.0164436548754929
0.2682929408433986
3.3170717597127881
2.8313128889016963
0.1517996093471695
5.4115897876344254
4.9604949896099217
1.9313138892555108
1.0925331385488897
3.3823825124493547
2.2002197087844584
5.1580504894568175
0.7729613305878555
2.9033304874295838
0.2316722570245371
1.9145946267459155
4.7950317532717968
2.5924146728127102
1.7712133268659647
6.1517653195456115
3.6271828043928083
5.5364581201714165
4.7738890540961645
5.6828891510246375
5.3316162698711818
5.0742799479507186
4.9609635048013043
5.9069225876159619
1.5841304601161337
0.9661009454558408
3.1511721123413570
6.1865937924238592
2.7549040383378456
1.4499215025913526
4.3582939878065332
6.1346493544985456
2.6180142573872689
3.9698116643317083
0.2550051421664264
3.8735112253341319
5.7852605536854522
3.1072658046186525
5.2408652046413629
3.4357895986080331
1.9931542091915353
5.4117578683652257
2.0717621653103939
5.2056262307212178
5.8309333774506813
4.3511988564240012
0.8491321269297328
2.9074625048498981
3.0589946169548834
0.9319615279818342
0.5297927858755433
5.9312121133608828
4.7281607717428908
4.3643105522627161
4.0912455678750295
1.2004937797541995
5.4294454302530903
3.7323848201319820
0.6941535703183922
3.7605009749821727
1.4500848957493313
2.9638533592951966
4.2806195876193067
1.1778872580772553
3.7829192539426444
5.9797113139500473
0.9130996243974996
5.5118381201662245
5.3135462360510370
2.8220944396655545
1.4694730731074532
5.8681551094206288
3.5291958122352822
4.2690959076669071
1.1948477885585553
6.2536710808484068
5.3573633216688830
2.6711452115517402
1.6129088172979038
5.2032203810139990
5.4647430656581157
3.6065316101784144
0.0437263159308966
4.8277118957472682
5.6963139984994688
3.7377995174886043
1.8801382575908085
3.5932317110740901
0.3977214931498848
3.1269166580125347
0.2723743659714739
3.5343639364083241
4.9371719606792404
4.2720318737521490
2.0852677152380248
5.4933888008045137
1.4631574944349834
5.7408822579283649
4.9107732727766296
3.9667819881669164
6.0294849428184421
2.9078743185317570
1.8024780871506552
0.6540153481009341
5.9216372964938166
3.6127157298831922
3.8006005693272273
1.4236212602017988
0.8832316233025178
1.0624823295118755
1.0718678749127708
0.8359978167047568
2.8903687702236840
4.2146883858284498
5.4288262278760637
4.6157071830300334
3.4855138742032055
5.0770576471609203
1.6555992158873822
0.2004542018661654
4.7672213098574145
0.7691582027893668
2.7248298773552553
2.2671937864305094
1.2942984276623652
2.6015179759187825
5.7210596651846402
5.0121250113864324
5.5963048376488880
0.4829101488974079
0.7205662231835253
1.9177623086068494
1.2453422731550923
0.3582819871200856
3.4606717917363854
4.1758801227229121
2.5895853488414806
5.3187817573382485
0.1126093197927144
0.7455671888568621
1.6587036353483617
4.4892460021312894
2.4707664641645430
4.3501654210943626
2.6893625453609329
2.0951167548073051
5.3917242598264874
5.7143734401181367
0.2297327006127932
5.0637319979682198
2.0368954886853281
6.2122641131572118
3.4106402638960938
4.4172972942197815
4.2536033339161570
4.4384907962042410
3.5682399848861479
0.8950387975667133
1.2818315480239868
1.3470795450603832
6.0764245292927903
1.8049261145000735
3.5946096309652904
4.9113235101215986
3.8224596315209718
0.8452988983559352
0.1901042857307083
1.8652351393989441
0.8061025988647527
3.2612398291628364
3.3609443103960097
0.6398255007325194
2.1164929327303357
4.9013503286703441
1.6485932873365974
3.0441909719259055
6.0633909824570384
5.2272698709767864
2.4737670641700271
2.1922307350329904
0.2205203666947852
0.6023566448804417
1.0071836435843031
0.6339714780479204
3.9523883940900606
4.3925555772060108
1.3678688927211977
1.7325361631168810
4.0881083409618970
3.9212727607689892
1.7742013950359581
1.4428678016390206
3.5541673082136258
4.9410379932086457
3.0972375676039761
6.1085158684349832
0.8962148655798969
0.8256445376335600
0.4491434369244248
1.7415796023324697
2.4055795604983072
2.7895414532877374
5.7750313160601570
3.5896684899010300
4.9564556112683116
2.2649762923566907
3.4805992718016565
3.1228999449215413
5.4992183115468194
1.4007875261176272
2.7837370588211572
4.8525812496851612
1.5580768755136696
4.6329743654804201
5.0437097598902838
2.4632013643976762
5.1139514486285975
2.4072914619114547
2.9677805782914843
0.0929273432205633
2.3192616360577158
0.3413513231529246
1.4579991464453457
1.0984345185341176
4.3863679823985757
1.8974238809760162
2.9736835028797266
1.6689895281115059
0.3480555661316400
2.2601254654154403
4.7914399199362352
3.1173105174547908
3.9068361451316629
3.9080013737061092
5.0759041968165652
6.0171174179261424
4.1326841452581347
2.5181585729994396
5.7096243068338079
2.2357948525560474
0.2684655748588519
5.4904224851300567
6.2292936326808350
2.0151248601310781
4.6770132761988314
4.1601944320313704
6.1436582436105809
3.4750667790232455
1.6306590494208111
3.2967484793437127
3.5118732446168481
1.4000438096458441
2.3107029443549347
6.2244870834898194
4.4285596064412420
3.5919186450957796
1.3268387611241275
5.8391214642223623
5.0869827752949375
5.2145476435185509
5.7019905763214807
1.7914480546152447
1.6680570456285184
3.6537848092058094
2.9090111340086717
3.9136266223797684
5.6616917375442624
1.1779896657318214
2.5116682415208729
4.7659510204665301
5.8411370441371933
4.4814697970197477
5.5635886157564070
0.1487792251117624
3.4617859598937297
2.1368420881165608
2.3630720622982548
1.6531243635940320
0.9780051247356497
4.2807521367079548
1.3243838807031074
2.5923109801721069
4.0563563475673652
3.2147354978959477
2.4049191346987158
1.8067495836746843
5.2776792350502664
0.2305391779801597
1.2970529165631128
6.2149419538535930
0.6811223451773231
5.0164310420429477
1.1771536543086234
4.0559531216737854
3.9109109765961736
5.3351996927833740
5.3717954478187977
5.1281901417659519
3.6818191120176937
3.7272949110831446
3.5310602500230570
0.0485082559760285
3.6278571428055288
1.5710560055803353
4.8623876337118759
5.8676130765859380
0.0168407921394764
5.4423190263155758
2.8463115699310619
0.0868062942584544
0.6511701164755278
5.3734914742630551
0.2110276114744129
3.8897705509950420
4.0911734766852241
3.6896999634485375
4.8242877683190271
4.2121917535027187
5.6440116222605594
2.3439370810947935
1.7046919823341824
3.6474236186340740
5.1767770901805257
1.5759547126880056
5.4375767793336349
0.9056785086747851
0.1557022574585391
4.1808618193079914
4.5637307149228663
1.9377840198632359
6.1653963490425694
5.2530174151703628
2.5811191891575724
5.2884776723022595
2.6175967718191506
0.0635137728928385
0.5969363840913908
3.2540303319540063
4.9832639478764040
3.8695663170852552
0.1985255405403075
3.0712344529275830
4.4259797747527339
2.1152485017102531
2.8545005920792845
2.9149037752828986
4.6749746071311753
0.3767256098901965
2.8277035766922669
0.8569460651953201
5.2892964837434810
3.8416555145887372
5.1968790607733828
3.0925666510791707
3.5595524018337241
6.0288036504405502
2.3279711501253870
0.7958497899056759
0.3037374193898066
3.8745657134834848
1.7865861520068602
0.6638981899873548
6.2280588100095065
5.8957856180165775
5.1897794852106545
1.1566620000349548
1.4012582392159365
1.3836940672571107
4.9897113991534789
1.1614211678958761
0.9661928195003326
4.6950544129686351
3.9769270768149689
1.5535885138788215
1.9874018428415106
1.5563884778394876
3.2389625537458535
1.1712635831777938
6.1213801909883259
5.6004869475532555
4.8655417428375936
1.3527101146113716
3.6640511805305511
2.5397478018114592
3.0587479512085003
5.0559337684489059
0.8585088028521588
2.2740937730003132
3.7899833551800581
2.1432524699289748
6.1328401342721337
3.6460655903318897
2.6927977879731992
0.5408076887292833
5.6229425218170759
4.1667314490596317
0.2979248712749020
2.3070858746728002
4.7539565424439605
4.8099969649096765
3.0447506557616486
4.7732931686711115
2.6698620179994861
0.8718664627920355
2.4269905342133402
4.7422483665474795
5.9967931669099412
1.8743684875941480
3.2830190759054765
4.9229937167475342
1.0314776570478901
1.7528439473922077
3.4548672559839626
3.3248494904715997
3.1526356204350989
2.1790723289488740
1.3433599737005866
6.0953674359220091
0.0873241797730890
3.4414193486607383
5.1943840666828738
6.1712950898463372
1.2663755584759591
4.5404377671899736
5.2951818167630220
4.9188663535363712
4.9870546758639174
0.7243225660483078
5.9946919156713747
2.1673456791815311
1.1101594720458192
0.7058327332034190
2.3999079728665795
0.7978763324516538
4.6250430584013875
1.9705158487321266
4.4982114684292327
5.7061460568394065
1.6271360898603739
5.2708325534612817
2.4348616367989049
3.4265672040000354
1.4171635308227817
3.3680611111391476
4.0411808251902386
2.5993156063440854
3.4576271362469142
1.8816214874322597
5.1057633326788752
5.9147017297111297
5.8757681221466127
2.6705270911756016
5.6964226728887963
0.9201914401853699
3.3381641660093599
3.5478369759723649
0.5416193250104818
0.1097419334966863
5.0794073480347963
0.9125099246000665
0.2489468170960066
2.5171813697177781
5.1081433809217192
4.7865972556371510
1.7844660323717598
1.1734353201877963
0.6838319211455823
0.8071554443335331
1.0961856211567089
5.8054994026881612
6.0330283542482546
2.8284895438659028
0.7370441978340690
2.7933874411115771
1.9973291283627188
5.0577651027998698
4.8802018182414351
4.7819855424524871
5.5755300673003951
1.9794595699624500
0.6059266701614402
5.0736879643814730
0.3804850963686798
0.0884380732137776
0.0530483651170160
2.8011330597656761
0.5216708530834068
5.6715883215935277
4.9150258241401632
4.3087039685290147
5.6633580407672381
0.2108245507900872
0.6358296317780160
1.2977702027474620
0.3793713070193484
4.6249887666145346
1.0356274322105856
0.3360199752741693
4.1254716739134603
2.1972797181562931
1.8481290701292017
6.2604066243963201
3.7033323803709091
2.5298257515824250
1.3631449659728754
3.3277768699186634
4.2787586557482529
2.1612935096518062
1.2971954316159910
4.7853050614058956
2.3573982172202657
0.1189868158990840
0.8051980852783446
1.6461809373117549
3.8595661771075203
2.3113792872682852
4.7086190655284428
1.8820354388681815
0.2105146788485804
3.8606013097840246
2.0665331607187527
0.8113965998208582
2.1201864180400825
4.0634678690769350
3.8846092463203590
6.0577394446886368
1.6218321691988296
0.8235335109866471
3.7192963644988328
6.2484121909595594
0.3204642495684469
1.3753322300475976
2.9894477029398412
0.9902179253846237
4.5966009691681142
0.6966239410790430
3.9853618909367947
5.2560113781732296
1.6805006487765313
5.0177448186810683
0.2048352776920467
4.6038467059271637
0.0199727770779287
4.1701504055578056
5.0833800912707909
0.6701333216750965
0.8402439253781180
3.5242622319270249
3.3858297385005014
2.7868216747201506
2.1634039873187163
6.0836733071592439
1.2580388560614648
3.2557333714581267
1.0851110550846936
3.9963617844886277
0.4135534714400726
2.3701840898475206
5.4213093615475554
4.4112259835390759
5.5679131189267181
1.1541087116843409
1.1419578059046822
2.5524799606758339
5.3247551496254761
1.9611328304452487
2.8840336532293973
6.1443217580824330
6.0096492274124840
3.8966020542154336
4.5389321328093981
5.6636815488246839
0.7326203522273069
0.6383750027204829
5.0960032224774992
2.4482545956475246
5.7062542728176009
4.7445487836608979
5.6576808321895244
5.1027289239716795
0.6910026103834963
6.1209128477385351
2.2153225605678473
5.0289811895130834
4.2282258037296803
0.8732455739565312
5.7912253416015398
3.5853554934110017
1.2849655218055565
4.0098463218113993
2.7737370492431128
0.1172857393901510
3.5176243371776690
2.4194252773725058
1.8198450014157119
5.9280659904680073
1.6863159365164369
2.1608088894448874
1.1213371240550303
0.9959857258942989
2.4081948415619205
5.3788133051257692
0.2529140582406822
1.3907892892368550
2.0306800065363477
5.8910375963333310
0.0165423464782441
1.8363139097976298
6.0457175440416204
4.7391643311355036
1.4999574356859093
2.1004825234234459
2.7939587328129121
3.2726987218104511
1.4481852723248887
6.1094698796592510
4.2973462131789351
3.8363648254756657
1.0548842638321785
2.0267615518081965
4.8054818425987209
4.9444968200244368
1.7771609944495170
1.1676587189560790
6.1031484829430891
6.0446001360953474
4.1885221601600247
1.4539474888513275
4.6762971010439855
0.6145806395374419
3.9911090921152539
3.7899760263322877
2.4060825548317468
3.1204784973638247
1.4795459846541983
0.5836803466577193
5.4904208540290655
0.1421648155204314
1.1103714163221212
2.9848798785803270
3.0863457323296393
5.4242379550414048
4.2093936739317313
4.0687721281706901
2.2042723701527911
2.4269027449977836
0.5804384242895438
3.5364999168158651
1.2593080774648959
4.0542730665981379
2.2201333009354083
1.6691775898891352
6.0549705694062990
0.9967698685614423
1.0351031603027123
0.5085805798648003
5.1295967817571606
1.6443257734395016
4.0126224612340211
5.0555583584077555
3.0874286762903780
2.7081207051394354
5.9165197015360400
4.6387875950329631
0.2639082450286457
0.1415690129276408
4.6680890249978226
0.5168418597711355
0.3299862513886709
5.2698460580885840
0.0732058661729234
2.2524411317244244
5.9060112820675013
5.4884098980218674
5.8493834381409648
3.7952918157191449
2.1187850881414412
3.8169838980259145
2.2041274854912061
0.6742997591865012
5.7238760859923943
3.4472788630335875
5.0694429059690789
4.7811770462721208
5.3700222813687049
0.9074668279813893
3.6140251895515108
0.7096603744633470
5.1438734224166547
3.9102386314822590
6.2067620323481245
3.4144119385591898
0.5930314092819589
1.9994891521334912
1.5760642123464301
3.5195950371527651
3.3999461715485260
3.3172745907241517
1.5767739910494645
4.2366889005307993
6.2594485230246075
5.2539279413842763
1.6924704967054998
4.0171746054553532
2.0097285968298380
4.7609137178641161
0.3578585204012307
4.8340030707346582
2.2072113258323083
2.9918327885426308
2.5940797784461749
0.7637987237793336
4.2704750522827739
1.2548776050246973
1.2258643350470027
2.3150320409518526
3.6191136889441649
1.7485625272031928
3.6627155575590735
2.8864664657410493
2.1465303503845710
5.0242834534749248
0.7599345458491263
1.0115924357347845
2.7182789298720436
2.7734376560720779
0.0242505099709379
3.7256006220642819
3.9461361474744958
3.0596199976472236
4.1294784164263092
3.2044122880587897
0.9764048182949172
1.5617488780813773
3.0610208369119314
0.2876780744881062
4.2109777971553513
2.1696677055774796
4.3336988333354656
5.0724134784029182
4.9228555305155020
1.8680245998414842
2.6060317298101903
4.3064350232966770
5.8927403973220907
2.8209718496441836
4.1015571356757974
1.6483912440404929
3.3840444082955901
1.1046260978403344
4.2881490153921797
5.9887414912620880
4.1780263618727203
5.0373589804837504
2.5270251347925767
1.4213810717735014
4.7471020554263230
2.2772706898902007
6.0319664567133131
6.0988206952838286
4.7679147793893302
2.8174397889598741
2.4638035821507884
3.1625153155442236
5.9493940349407648
4.1585035386223383
3.3460981110775849
3.9473019509619172
2.4748838227767460
5.1309863718037612
2.0353215038715740
0.5763447609110058
5.6627580733205516
4.5031200822901507
4.8640890395405032
2.3220057445218583
2.1650611436432396
1.7912763939728937
1.3831355045231519
3.7145975959118558
3.5858783857646808
2.4305130133913115
3.8005327639465518
0.1468115979756667
4.4397453952808386
1.3150470423292415
4.9699110179065018
5.3717726834302884
2.7177784217631502
2.0167527261503184
2.6931477216744093
3.5106237753271197
5.5071403710750886
4.9568311573846744
3.7211011955519862
3.8919843652032022
4.6428686656686358
2.9685547236158976
0.0587855646503001
0.5196520085989469
5.1676874629947340
1.6764029067124124
2.9509359739127490
0.6108088788412874
3.3275077885630178
3.8957515897827055
2.4809216713909219
1.6294764199073022
5.4748134934202479
0.5181038560706202
2.7665106517171667
1.3196247736988462
6.1882111851572725
3.7861802384774284
5.2398361282044510
1.1763016378973932
4.1448867084002599
5.1867955992691055
4.8514412049895714
3.9519600204213341
6.0444623457673208
5.7072881506106645
3.7812524288977674
4.0084038194411926
6.1007506689591091
5.9972879906916150
3.0176414309364539
4.9582324957778283
3.9805694036060117
3.6597470898273814
3.8789179765616359
5.1370445094344319
3.9172509939342883
5.7443601662122079
0.5044595779338494
5.6615076361174816
5.6138407873423075
0.2445856780619378
5.0150294631807322
0.8399675091343668
2.0422336132736931
3.6477133991358048
3.3669596822187917
0.2689124393170271
0.6841603453990883
4.8755631193637958
2.9160967121281316
2.2781678519799158
0.3663619985488137
0.0421560235292156
4.6120778502071573
5.0986332019027216
2.0249124339596754
1.2521850871688944
3.0382723749835630
1.7439801118105718
5.2650939478071432
5.6807015316863287
5.1763903453911766
0.0979440822519020
5.8542433541412660
1.5612825777418724
5.1735897699110058
4.2234424558990540
3.8977250887846746
0.4682449659941796
3.1138018096159730
2.9961775273664086
4.4842245790124267
5.8283490591233784
1.7766122772029755
0.4830102366992016
5.4266470158102784
1.8491987221234871
0.5455226347113387
0.2548629238469485
3.6014329895080066
1.0560875373787852
4.8182008918361250
3.0210811538493059
4.7113912610541266
3.3531114591504103
0.2591113884787790
2.6082933857323303
5.0047550758412722
1.4207589451600493
5.4056485275388049
0.4226701048001938
6.1134740308418580
0.7869575845654910
3.3835945988348173
3.0353223254328388
2.9055981264749962
5.9483805803550016
2.8381098353928813
0.8704142411703729
5.9797958462920615
3.1913973636070083
3.7593281063454720
1.7800188547428464
3.0026851176708123
5.3432474493099997
0.7667624832726309
4.3083339192066701
3.9383628248043192
5.1804818920186557
4.5947029597305447
3.1782435237597579
2.4653445550636977
0.4293227556327631
2.2112983411393592
0.3834690370727144
2.0465174713062799
5.5642857968655743
1.0385946080581221
5.6646695346584162
4.6280031681998919
5.0427070558803271
5.2960848628491579
6.0814174046919103
3.9096617444816832
5.6203380062445323
2.0090343754937527
6.1613153004648318
3.9553140149271488
4.5627822950862509
0.4144945559246603
2.3161544715915658
4.1391226780044601
3.5975022754614820
1.1838740236506138
2.3365793835762947
5.3747632131080536
0.6823776192552287
3.3116847677521601
5.7791537597595495
5.8011991300706764
3.4821640297809311
6.1279470215792058
2.6427715294132796
2.3623539357370600
3.0910632626574759
0.6559050580808076
2.9976051699212714
3.5601009603806575
3.3140316427491219
2.5065685200432766
4.1885696909618053
4.5563981730888488
4.0325297064698411
3.8084391558494843
5.1146368116093166
6.0097491011610185
1.2873325980839312
0.4467053381458294
0.4831217719840762
0.7542670750846613
5.8728479986500544
2.2550522980015160
5.3897843431068573
1.0184447901788869
4.4254036292077288
0.7616142402421531
1.0846093159303716
0.8021214128763277
1.0584148510032876
4.5311051779106242
5.5866392855000528
3.0800341618354730
4.5123832354101339
4.7873343313288048
2.9962740267503629
1.1483883025185431
6.1621689068752863
6.1073333616800518
6.0096977361763635
3.9953262914905228
4.7607720917801775
4.1013574879819368
3.5525250100152945
2.2434433354525640
2.7597156689250530
2.4397396960419782
1.5856036458451488
4.9393205900049004
1.3690264332736328
3.7141453020138924
2.9709148180023499
5.4579952864707417
4.1440104474136232
6.1472376521976484
2.3862867260589722
1.6007682278395816
5.6810243309963466
3.7308497018500990
0.2477263278640565
2.6479127467456864
5.5222069209103992
3.0013467387472015
4.7809836000525072
0.6538482299906897
0.6285706890055967
5.7888738245081877
4.0298184578001157
3.9352692006619301
3.7132757572908122
5.1309276491530591
0.5762689865202807
5.8728539371631951
0.6789979222354970
1.2414453890487713
4.7234344135735862
3.3133846705626890
1.9521459200493747
5.2317731546790993
1.9254913096133666
1.6154264517918193
4.5778575539246651
5.5199172046431242
0.5037124484912038
0.5349200164046941
5.7477186438389145
0.2433964156091766
1.3626263534046128
5.1295626427990992
2.9747051223952448
5.8783393906491757
0.5018927193841026
0.6385414680872489
5.7222037012265119
6.1030548020330473
0.4988560530831565
0.2287543363978962
5.6796896617423736
4.5406275884710592
2.8658948479334807
3.5360817406277580
3.6080027121448421
2.5140747119799856
4.5861802479963423
5.2294753378445398
2.5997879677846503
3.8837985458885331
6.0782307226278736
5.4384961908264993
5.9864223044163891
3.3283165124141938
0.5058751265120299
6.1191564855518417
5.6238325660163815
2.8649907092845659
4.3946139272996119
6.0101132510154534
3.7839723334234256
3.2853495681888041
1.8144731802194085
0.6517453361062575
2.7186385400959878
1.6235378497992881
1.4262226487347807
1.4992954808958012
5.3553782477457235
5.7031204205499124
5.0449590667591746
1.1436312109093298
5.8722625928746295
6.0422851790030245
4.9005625492216724
4.4601680403723245
3.6641104059081813
4.5177945172624803
6.2328747533028457
0.7071178680932437
1.6766966484412897
5.0960500877481429
5.0962433675638463
2.9613420666116057
0.3518190902924516
1.9959863477129982
2.3209539414439089
4.0466995445357732
0.3278094042318022
1.2228055453310880
3.6175751734348975
2.1940422498569760
5.8630473753283878
2.1954454222194588
4.8221071352268625
5.9510617988855667
5.2985974134009926
2.8938471002336574
0.3933109197443664
4.8466527566031097
3.8669041802864812
5.6422171872357074
3.1550575847334219
0.5132415245393267
2.8823069486672130
2.2676423874426437
1.7629490253561093
3.6047609118013346
4.6557552381522846
0.9467369965808330
1.8914013250954116
1.9947070391760897
2.5427504881801584
3.1354128959691709
2.7517346474346609
0.8031312221025555
4.5460992243283371
3.5171833675272004
5.9599816862965067
2.3023261678088756
1.0109394498709845
3.2923283783747692
2.8173457764631689
2.9511398495683618
1.2956642679642980
2.3535379626225779
3.5457856146195099
1.0297031681868736
4.6632472003183691
3.8074220192181416
5.3042135770319323
5.1449468484981891
5.3659640786481617
2.6348263356148443
4.8952404086779344
0.5989865243353578
5.7187050373532067
0.4846080387444392
4.2354884203902685
2.6924940818642997
2.6795298850856293
5.7578958852959259
5.6655103269876461
4.3910620681184307
1.6544940983703236
5.4621286836079959
5.6511960534407910
1.6839879976533756
0.8617186336267867
1.3425923818253109
1.9407438436231788
6.2286851223474224
1.5010430689144441
5.8776212250899418
0.9646082690555532
2.6658252731668459
1.0741087038945949
1.5544469308409035
3.3596388356600362
1.9337287328644921
6.1269007767382062
4.1379805906677110
2.3753567755042613
3.3297113117673081
0.7700406493363450
1.3109325542766881
1.2034499137218175
3.7152122331484438
3.8756627936755152
4.0250791477523489
0.1294157871680377
1.9117494895008671
1.1089064059650040
0.5143173983827543
5.2767938418641487
4.6892400116407753
5.1148925738239486
3.6110688763271583
1.3146906630025237
1.5227475890008013
2.4633224362785220
2.1285281878775519
1.2325272769437621
0.9427104871932406
0.0609272688469040
6.0476983057845271
3.0287377148460775
2.4614775229118022
4.7096782575208493
3.7337547157685180
0.7233109035805798
0.1328966933970813
5.8350636135351968
3.0584313400091214
2.1210639764375876
2.6881203123835635
2.8318552844376286
5.3488968670172587
2.2887541138001510
1.0178580241362625
5.2988124779010919
2.3994632543081851
2.4354504592936186
1.1341323157949090
4.4860796425099760
0.5591897405515599
5.9693622551849348
1.4799263124522328
1.3194079680438597
2.3054613429524697
2.0405587919835813
4.9833735635287422
3.0502974721821414
1.9788579826388519
1.6012416572700849
3.6789033357529548
3.7081237656666546
3.6213657261076042
0.1182774621002524
3.6611252623348172
2.8664225530065819
2.4370542169108087
0.5307314944156479
5.0086805420381459
0.2140881845623445
5.9572992813596635
1.4535281302851575
0.3554790649167338
5.6732986046886076
2.7807050991101341
0.1662470252849899
4.6043214056714081
6.0664655371051319
5.1141081068967260
6.1838888382575261
4.7863363318551242
1.9711691940984699
3.8280702130450983
4.0930459242858772
0.7614213506749997
1.0847626827779882
1.5545972651958435
4.8616892591357850
0.8070864702734408
4.0703523889135154
0.0139514903736188
3.9142211252235639
1.1815739818785871
5.4677332078104088
0.8108564467421165
3.7358963998604353
5.1606701368933834
2.8922691621140491
1.9624841441713003
1.9058796902407460
4.4540500144641291
5.5900704063304909
5.3796077799845365
4.7541430300124636
0.2250102873533139
5.9555607075178001
6.2582447044191190
4.3257554004780614
5.3417028698304474
3.3717637491164503
3.7934347488438926
1.4731151449823583
3.8400970208326557
5.6692670200206603
0.3589454171091570
4.3878472312882213
2.1796355272132777
3.2097414874683401
0.1451744711704098
6.1726064514512800
6.0647188606934712
5.3382816200839747
4.5509347093584580
4.8322611176265760
4.7106797396997830
3.8795358862334322
0.6583307643723468
0.0951892637175283
0.0920555796148196
3.0512698456570981
5.5004398000597954
0.7631702377010074
5.1879688677471005
3.4067995717711499
4.5287952233997224
1.8360389779828246
0.5089735857448739
0.7330647157686653
4.9856406228970354
5.1126102310785431
5.3025524436263662
4.5318868671128394
2.7936888885012592
5.7837771974095125
0.3714432786015864
1.0893969726864923
5.9990976584571767
2.4843983089623003
6.1571069931489415
3.3650029196242008
5.7251984957811013
3.9523093103637419
5.5819266393304643
1.7714295654257002
1.8639602756547244
3.6539016800259945
3.7075576441852278
5.6283395421055458
0.9341514345386991
1.5371133356180935
2.3149952857350451
1.1717462720470619
3.5535150861882716
3.0123753583075699
5.3801315793236233
1.4250199563248052
1.9384776391775167
2.4336191450261579
4.5135166113483054
0.3012331723071712
3.0806418315340518
4.5078006335808567
5.3912132597503319
3.5392867421513636
6.0638174483448264
1.7897201927112740
2.1072959491422782
3.2473972859879652
5.9011337491737317
5.9995302250283098
0.9187372556621679
4.2438720800079892
2.2875467809773165
2.2734860150682081
3.4882404139860537
6.0113389962826114
6.1007972216928090
4.9069291323529898
2.1830455261939714
4.7900027000113221
3.6291371005100932
1.5939633583241977
1.1256359532607385
2.7037780065481671
3.2357496668647650
2.1800216158973433
4.3999937397459226
2.9264442189982942
2.2916741107713134
3.6096916188837458
0.5081432661613302
5.2053844351193286
5.3409360592418516
6.1744064090392099
1.1751108248564355
4.3055952108661453
5.2464311595549704
4.7443179078502364
3.5255617959321834
4.8110200754295311
4.8724931681748203
1.9707799099170542
6.1734995882974344
2.6709034718284501
4.8103851087731933
4.4465301230342265
2.5874584781122278
5.0908015484557936
5.7445404186142097
2.2593091230480402
4.5760081005562849
4.5789723867315013
5.5756523082730043
4.3967443807126481
5.7625325759824015
0.8686910129750134
1.7848253040141759
0.9675327457967411
6.0331015246046880
1.5867362616580738
0.8525927683286472
2.2404833236997757
0.8742949426543206
5.7762394311952709
5.7915908465535129
2.2747513813151463
1.8872893876758063
5.5584548125623474
1.5484189084928055
2.2966079172469303
3.8334866477797886
2.6824704710312113
3.1367756846247219
3.1993482267094402
1.1674015063600380
3.8395281635811447
6.0260291526454131
1.8325744115762690
4.3004204368645995
5.8083590609134719
1.6666926520244523
1.9450851392286068
5.7138448407179441
5.8550664414569393
4.5958273469377948
1.1124491329030766
0.9531443655458008
4.4934913172806086
4.0459963432828046
5.7756425364448543
4.1285470526456436
3.8585625451276990
4.7263658622069018
1.8782543031899395
3.3530103301482659
5.6233932841475482
2.5338086247143186
1.3617108479573354
5.8008025011034761
4.3668443395115846
1.5186607706514990
2.1735126486085328
5.9386962381561759
5.8054981426778491
3.4314556319848477
1.9513695553827139
4.5470003883564116
4.5861625807632533
5.4353257127822996
2.3654186344513657
0.8708175920905261
6.1505490577407276
3.0458792144961953
4.2551304261074012
3.8034918144574643
2.0959117092931270
1.4257059910116534
3.4283326480535816
3.1823731572921519
2.8947401524942062
5.8846085873493674
0.2743937907465784
3.7690369159204149
2.6999406306813958
4.5565623072699948
5.9266426922524875
3.3041811373529808
4.0375695206615854
5.9072219518205129
2.4342173890228569
4.5833888451631237
0.2289785722808513
3.1858959920037377
4.2820341658082421
3.3277600351962051
1.3375671058000247
1.1202767111015177
0.6216842447865238
3.5827401550505171
2.2546218674650489
0.2491521373340967
5.2448695570544679
2.9608640452103536
0.3946639823516171
0.1086818693879884
5.7846755782987103
3.4721615787022140
4.5673847365457796
4.6717235313507537
5.3133239980082712
3.4489420516835931
4.2101039360449466
4.3065646125635526
4.8642859900143582
2.1772368498020533
4.0484168998339456
5.8817650808992870
2.3139051211085659
5.3778221374250847
0.9364038910105231
2.8852699551849068
4.5648418491165739
0.4529802700028587
1.3529859707242673
2.3224343410020052
3.5542348427055863
3.6379989407463738
4.2379215463634683
2.6351156828141193
4.7276470401427115
0.5203235220797588
2.2305536538814850
5.7344519166824091
3.7949781630096147
2.1046557018660526
3.2801994379762500
5.5182865916844213
2.2074514536914904
1.5089099086110422
1.6195202407829139
5.4326071068645980
3.3374497553293385
3.4762847187253625
3.0142452749166999
3.9596975046690632
4.1035437180486678
3.1136031398074997
6.0123900720103709
4.9234683769842214
5.7491474917184515
3.5168023166122078
0.0009065791078597
0.2114522444911987
0.9161611310981578
4.4802872536673055
2.8022064500042707
2.9823615764888793
2.8929699428804785
5.6170368598292324
6.0344967566989904
0.4677426587582594
4.2367196852366815
6.0878268724829354
0.6669166557906738
2.9016647659267942
2.9845726897851410
4.5958737659585296
5.6751721987850239
5.8686591259569045
2.7149562408734282
4.4468281164710071
1.3579971483196844
5.3919331159148625
2.2014977238466384
0.5023776025467318
3.3345829783495473
5.3117838053725874
0.2786293447098018
5.5001647540587904
4.7337596066571290
3.3318123214746902
1.5731062897610053
4.1245870329310828
2.9945485965913718
5.1132473854883447
1.8274289375780333
0.8785743118991894
4.0640428335822634
4.8055520661471398
4.8113085187156761
1.3460146729699292
4.0486525307423200
0.5408052535342567
4.2857612824161011
0.3833820398401609
0.7345189281948662
6.1439928029308719
2.2613983102010797
1.3949689959839138
3.8150474543313950
2.5607467050903590
2.4765305788560190
0.9432535926025110
0.6736494352681068
3.1830937001941813
0.6073891008783141
1.8267913889087226
0.8720507769668121
0.8152344818207860
2.6345702622842735
1.1080953203057728
6.1980125057242894
6.1837596775597961
0.0444541223092004
5.1236107406238691
4.6585761228808167
3.6753954546500611
0.0463994767807394
2.1293962883231377
2.7372094185697784
2.0650966304980116
0.0743023699228889
2.1014453453429969
5.2006738744745711
4.3430204222452691
4.2193327058439012
3.3688846480846730
2.3641093279394174
3.5728371245835420
5.8429733701768507
2.0310133267679968
5.2329002655067614
4.7944744867250968
5.9135057985662787
6.1496324041958434
5.6606761733677624
3.9274944581518034
1.1988302971751450
1.6588599528508710
1.0499522998583857
0.7220672326644306
5.6373720884622633
1.8306223199844784
1.8136127800425184
2.8779761106776456
4.5789248751328957
2.0623062692137424
3.8366810297097409
0.6351724298124307
2.8873362457254412
1.1754116402985242
1.3327806996654799
0.6705905437313939
0.1552738192578126
0.1644246585559878
4.0620391418698416
5.6937538957588405
2.3673913075947821
5.3011468911373889
2.0397876463636671
4.2762459403375574
0.9929188138078451
2.3306041824506862
4.0291676781990597
2.6708423909205905
6.1826851946309125
0.6115039375083385
3.7011889320729146
4.1641670187282251
2.2542758367469715
0.6965448550449632
1.8932204875687435
4.2052675889673230
0.5179951922067287
2.5051862175893147
3.8941188951844774
4.1600980423880936
0.4239782903509363
2.2410063334476895
0.6499239955333554
6.2285981074448795
0.0390711118696053
2.0212446017003898
1.3946068389845057
4.5740584562238453
6.1572841733396739
5.9656579364885420
0.4363422745877893
2.8328260109959897
5.6254142447018598
6.0759696415848099
6.0055894761957882
0.6717296358223911
0.0695578528416678
4.0627274298038527
5.6773822265020684
4.2414934459205744
5.8836126738406751
0.8210733673672900
2.9163086818678008
4.5366543611774723
5.6715951664439208
2.5500606524041007
0.9861798425883215
1.9309086656142709
6.0927892597688418
2.8379866750353386
3.7967104933539386
2.5995857293890245
5.1463543495209603
1.8028434291248634
5.0146216940396888
4.6806231230669040
0.0888236681237957
0.6845077256618443
6.1814387673511897
1.6421976538574463
0.4406159555030630
0.3079212113989764
5.6401211939035267
6.1036240881637633
2.4751880080727688
2.8289608918595635
4.2628974642742223
4.2244188709816344
1.1140221278756675
1.2093679876164485
6.0506272255532485
2.0812482725288630
2.9153298980906355
3.5975651306255827
4.2461939395165738
5.2355850547088707
3.6991520305019789
0.6668808453795413
3.6854306146154792
4.6685702738538168
0.3798375326737413
4.2811843527185856
2.2934576109773999
0.0381097844982341
5.5648347432672889
2.1326880255870377
3.9901688834262257
1.9071814088809653
3.6114620381565459
5.2409101284648036
2.5733985576692349
3.9422437772238963
3.0898486618576615
4.5416735894656632
4.6552375408904911
3.1818189884488310
3.4205422538642134
5.8953822621087362
2.5082565824670771
5.0680022757000298
6.0710631461148532
0.2625929607096462
3.1791985503618907
2.4428939517833443
1.2079464281057282
1.5044953340147322
1.0760171042567834
1.8568651964524223
4.2313865748915180
4.1726938671559468
1.4573955486089416
3.6241928666828831
5.4892770462654186
5.2257195133605956
4.0714519146723038
1.2830665930876322
1.1180063721076063
3.2245190817205955
0.1720859210683517
4.8039149139641468
1.3977945631280149
6.0816699233059701
5.7555955501638740
5.3238810337361668
5.9186951767393792
5.5000544299720717
5.5864778927115726
6.0767533387545143
5.0903415634235003
4.5801387736414974
3.6453887252076411
3.8453041193177695
5.3553054648690068
0.2212176709597543
3.8485496521758682
5.2589179722016315
3.2674265579334536
3.5075212730793499
0.1230404394456512
3.8166925071172080
0.9666314005461567
0.7998818276142768
1.8136870532266203
0.0846310466321941
3.7973224161718013
4.4470368009376005
5.8284704615546126
0.0599357560213480
1.4869587840286362
1.8313515349801224
1.3083173096358225
5.9002932487538695
2.6578547500830840
3.1177697652527008
0.9522281033436507
2.3742461549219351
0.3102575391049809
0.3930261179893872
1.1632858045787429
0.7514825634730464
5.6608468559856160
3.2544737509489781
1.4464170186298788
0.0720152867894739
4.6651106192729968
3.4731097899366623
2.7990648297023206
0.2658025209652625
4.7243987520810506
3.1001960894516993
2.2993906137952611
1.0777367249451697
1.1614277614531994
1.7447290827036399
3.6896176145397162
5.1235157147151309
1.5606048850596428
3.5962933753624977
2.1335869574785860
3.2777490091128594
2.4211288594776641
0.6424089360841043
3.0660667908343435
3.8361872234388903
5.4915205322712906
0.2633593513885353
2.5515246614107956
1.3718361029303932
1.3495319231486709
5.4669835949617722
0.9838312264001867
1.5666816664450003
1.7594747658022432
2.5976664664103244
1.1627620286609432
5.4221558538385608
5.6292411084474656
2.4420911826323777
0.8465354203588242
2.6735364665164778
2.7234127273123931
3.4663613328666223
3.1377366189410880
4.0857478630959516
4.4104645759776053
1.4759152303084322
5.5527246657108495
2.1800965812936410
3.2117523767685370
2.4707272360186994
4.2925265349527484
3.6690642823038275
2.5110979908078996
5.5568343855602915
5.7934990261394139
5.1150140730295899
2.0788316810819087
5.6607277476096938
4.4121836490062245
3.3645171914287006
5.7785840333072187
0.7476844239101320
0.4106974919583080
3.9797060353159726
5.8994513758518821
2.0750565742140039
4.6804689144565224
5.7672564695277337
2.2971446755004408
4.6472251349497098
4.9634698972975482
2.2401097662992844
4.5678456910276850
5.8823872836133644
0.2494185229933429
3.4259725113484558
4.4268214187217048
4.8999046738033183
4.6901301166622682
4.0134010628186516
5.2574103501596570
3.0440753185935026
0.3373011392781010
6.1256181128790868
1.8743505098609359
1.0787365027061919
3.7094558695030946
0.8685853320694478
2.8790652078597456
3.3451631107501192
1.9809095513044188
3.7893783704590560
2.7062415941422771
1.7243365444965730
4.2707543473021827
4.9494431054794257
4.0092805427149854
1.4908777825241772
0.0483012298404057
1.7480263626981589
0.2482699274771993
0.1286439099193889
6.1293500674793515
4.9366622667984874
3.8080756485063967
6.2222195239666362
0.9198946120829419
0.5930346659155571
3.5207552993026714
5.1129268800743191
2.2034445821509800
1.1893755596163709
4.3091502031126723
3.3280393227690439
4.7238618179355667
0.4166986444365100
2.2858385938705768
3.3479004369082763
1.6435013440587520
1.5242602799047615
2.9853927177996438
5.8124162381499520
1.6021299986087516
0.5331863502102335
5.3348824434850979
2.2853129322361463
4.4469620897524242
3.1196101987436764
2.3298398329716443
5.1390643045646840
4.5506373576801407
1.7826058180873252
2.3722522214846875
0.0638151582735078
5.5324805517386819
4.9419844099007211
2.8002424964288064
2.6667504282460071
3.7833304961634675
0.8584023855731859
4.6654345079522228
1.5612241164417699
4.3572087969301032
4.1083784144190671
5.0943977755346488
2.9404283908626092
2.9088504714988135
2.5719865619374853
4.4722333827641272
4.6522229579426204
4.7409310727143765
3.6665433404495191
0.2513142133350799
4.3924913007828250
3.4895492729369106
6.1325408911309243
4.1152799222718102
5.6845797197587258
3.9526616308403293
2.4748886246901565
0.4051883307177966
4.7666212047641894
4.2691046836263187
1.0652945347858782
5.1171606441939712
1.4273879433364720
2.3266489999722357
4.5184854239483228
3.6402653037472206
3.9137525358567067
2.9695164700073362
5.0523821841235712
1.6753667296068731
5.0498685689575424
0.8466986889208219
2.9234306781909898
6.1802227943902572
1.1571720073548581
0.9157608038044809
2.5613594930447752
1.5627913914289464
5.4302319396764585
6.1935444770762773
0.6881570666892624
5.4661935541863809
1.1904460204497591
0.3578479257863503
4.5898537183594232
2.9575123226257989
3.2014605556320657
4.7282407087426197
5.8692766156231357
3.7377481650238860
2.3810947261681137
0.8745822667488359
1.5595585663722986
3.0516994881507684
0.0414719534902254
4.6299140836082477
0.8885918723827295
4.7018147861324104
3.0566377705056929
4.5059056178592902
2.0061906741839666
4.7176751986365062
2.5721745379923098
5.4293542708542422
0.3010430169523818
4.1654304818497234
1.7036140830905497
3.3106731210912415
1.3422914461833653
2.0620365091077582
3.7347099824421019
2.6231957889023674
2.4079753443284053
4.6646425592412832
0.3151408691484083
5.2600276421260421
3.0766892155231984
2.7123080341068384
4.4175485986307557
2.6379511021768169
2.4196002951222528
1.0328396102912247
5.3803966479587544
2.1280962748885051
0.6127238611058781
4.1821008462949427
0.6782299012088077
0.2044629135620862
2.8422222885387147
1.4685706725182517
2.8076944913170601
0.9827146317925967
5.6389855559030364
5.3947256212425838
2.1879199858071727
4.7783691072762267
0.5666633494316127
4.0113286375458861
4.3590687347805748
0.4279836169990188
2.2587211832506733
1.0662520433862439
6.1404234040285317
5.6076874291630165
2.1055891792687365
3.3874760057336877
3.5817192379387541
4.5295966611620582
1.7031674705505360
0.9715375931464807
3.5379181794849828
3.2665261710883486
2.5285256809591163
6.0979852416219398
0.6420213697398908
3.7012078262589503
0.6353702909009480
4.9611393946315205
3.3737128595289034
0.1131441643490081
5.4421003360971154
4.6063949389494816
1.3964661280272530
2.5983209033996246
4.9189573241815401
0.0216349719065066
1.1132655525800503
6.2156204035031886
4.1937135182047882
0.3012674504265068
6.2068933169004064
5.1180171897183504
3.2475067391307118
4.3705364894411369
2.1381538965586215
1.0482303957569119
5.0593156357925180
6.2382456685954981
5.5935090379337948
4.9349950834309482
1.6862411914748270
1.5695646060702890
6.0376586416839801
2.2793833830405292
0.2352206293691570
4.7678011545719325
2.0625438883313314
6.2825665692862467
5.4910624055155735
4.2064237827585629
4.9617998502448337
5.2915408849474463
3.7319173302882751
4.8249668975622928
3.1864969802215422
5.2717935870885189
3.8263834217499255
3.0550147229514373
1.5617588136803913
1.4712476969862220
2.7019820763208502
1.2486103840787250
4.3532269148587170
4.7703374216427772
4.0434433265357974
5.1312383647948323
5.5330443980727253
2.7898287512505155
1.4561705309861419
4.2503336617138743
1.9606198625964679
1.7678891082931445
0.4243634260997750
5.4221797602090920
4.9591769194398791
4.9076266513447138
4.6864499402130413
5.8085346928097072
0.4345416226154208
0.3167084019456005
3.7670343125766736
4.0255150354951974
3.6882588513356307
0.2387617781584323
1.3792561976641000
5.0866854576866487
3.6048024540022419
5.8582485131777569
3.2350474144362438
2.6102650453381209
3.0732563475610846
3.3851524677508560
5.4824602239398406
3.1938099332962611
2.6670644665930978
2.4106851302031775
6.0076459056868634
4.3383012057968591
0.5808854362891404
4.9345983514726761
