1.7833889071163622
5.5002520890939017
1.6298218494359780
5.7371426332478705
3.3130962545127769
0.7781081880195623
5.6501062016186578
0.1747270210948167
4.6558985943519700
3.4233871032660876
0.2853017517351500
5.3954906229516428
5.5046189450499980
6.2115695886386666
1.0153919282484374
2.8518454001612539
2.7342984446826533
2.9079623406052582
2.5606661147570859
1.6068154643041888
4.0696383029379541
6.2301067233115530
3.9977543758948055
6.1231111899246606
1.7132338922406027
2.8751498126762360
1.0896514603806364
5.5305466079075503
5.3815976307728262
4.8898656435605963
4.9338291290663010
1.6132753628994985
0.7798137426449794
4.3148826664151114
4.5845267934280534
2.3529383602127609
0.7500666932517117
1.6593754292201208
3.6448010786924794
0.4020298817775509
1.4577183500297273
1.9919179426359490
4.6554265624954452
5.9200411452415578
1.4311108445124563
1.5185582502414108
5.6501515177674220
5.7209595495365662
6.2047600226943276
5.1988313834012763
5.9572156256789697
0.7077690842838675
5.3482714276221826
0.6587545117258963
1.8693446586650082
4.2812670457047375
2.7215771477906006
2.2190024481408579
0.9989234273263511
6.2391126245347657
1.4818337233052761
5.1792896896903837
1.7885945269783061
0.1986971278021942
1.1352236677734431
1.9887058597384306
4.5403819821783635
0.1463090024989476
6.2271698281212462
4.2377307308433281
1.1117562931774412
5.6398141407336748
0.0949889298808591
4.9068935614395546
0.4587472953543882
4.2427163095355427
0.3674944610044106
2.5193704495824591
3.3709289822078370
1.2786085485502146
0.9697497238064402
0.1474944902214446
0.5274385771728396
4.3804705556302155
4.4307845331607041
3.2357469745034537
5.4333190675628380
2.0427516282998908
3.2975345889650232
2.4650595580499859
0.7257000170375164
2.8971540180246538
1.6646136717489828
5.7760415843420381
5.6175639706948992
0.9936014273679081
6.0001628145123531
4.2742014353827704
1.9941021629603763
6.0922188014440017
6.1427478294397106
0.0753715790985388
4.4706142521870147
4.1060191003379165
0.9738679308469401
1.9275203520283946
0.6224692232423708
1.0685851816736416
0.1680260065632403
0.9833285354497487
0.8350602320696350
1.9938713524409979
0.1722141566238582
3.6911995610329811
1.5427772711520229
2.7100534306628159
0.8288195928072798
3.3036448479512157
2.6278488325114058
2.1323096568619584
5.4403549819345498
1.1291956034268353
2.2330995429120453
3.9743049749850110
1.4038340611401050
4.8778399083148569
0.7875559816388047
1.4652636086634234
2.5339249531738686
0.2145061471134982
2.9315104216174084
0.2687269898771377
2.3793479523399004
3.3473109920481172
5.9414381863370753
4.8198145975961522
3.6704263472315821
0.1837839722002802
2.0165271422449669
4.0893449463339975
2.6216921608164343
1.4712381056568840
4.8523251805132794
1.4473940627564099
2.2957770222175693
2.3752861684646294
2.0428875138220257
6.0118003998524223
6.1081265677079530
5.3982574134787740
2.3086451566709720
4.3749707947136374
6.0911387715801792
4.1598064052316390
3.9220113215584917
1.1130491063092864
3.4268959177874252
5.9126353080155338
5.9008100299556991
1.6529591207070511
4.4826315909398620
3.0186826785888488
2.2973018756544654
3.9893145436874677
4.3379292338412778
4.6029679694799039
4.7615846153158454
0.7251574649481614
1.8104501773933102
1.2847418294578947
4.5357904978447108
3.2679661124171004
3.3885931856443547
3.0214166370839282
3.5977533017036256
0.4208434015849835
5.5950060293453623
0.6403786993037536
5.2255645739269996
0.4822796311649888
6.0897577347066765
1.1253102905855614
5.4586137493493485
2.3389293371775581
2.3850195701383381
0.6853501398373145
3.0741869669724680
3.3152864161983353
4.6880620196024720
6.1261229532015680
5.2834104770569805
2.9625398084054764
6.1892300350057958
0.4613238819451094
3.9517964596223005
4.8365125419381583
2.9316446445148210
6.1153153287837814
2.4029788567300239
4.6836287747055847
1.3442563869894493
5.8237710197600858
4.8506137370766904
1.5044985022689286
1.2937005990201522
5.1925348614867843
3.2762854091268561
0.4294114709273125
5.5607844486777189
0.1305147891767776
1.6139708309084648
0.0627498514626155
1.1454842210292422
5.5345198655496386
3.9777385849048512
4.9789391712507802
1.9805069300293416
0.9368263271486384
1.0457453939381887
0.5798976140487392
1.5103921139489389
5.3583483755936951
6.0393365877287897
1.3978247012032121
1.7420041397298207
0.9170136436114504
3.5629131888550418
3.0090379109277596
0.7141632806304904
4.3636823818494745
0.5843559055302125
1.7544463621823720
3.7159675224015030
5.8168428345163443
4.5866631909018523
3.5404868893466546
4.0985903234114085
5.2059821617814714
3.2322587894769375
5.0681893140061991
2.1452605674605265
6.0733279201608346
0.4714115574776219
4.5524447139722044
2.3618017581912247
1.0877374865344225
0.6279458913412448
2.0180163069224899
5.4171048936676831
1.5685694461084130
2.8781056345024245
1.5204785193505368
5.3933530896381514
5.9409573842280414
5.3667382663359753
2.9675472191083818
4.6952342542107202
2.1533551303208371
2.9008433708403190
1.3340636764210805
3.1894484330476915
0.7413078325056071
5.6634941993729138
0.6841686953501541
3.5403473406245696
4.1350902624104569
1.2240578516971419
0.9886340776636413
3.5785433907387527
5.6518885106939640
0.9941228375375821
4.8080094940942164
3.4311569536395776
2.8676076390997740
4.8949538994893675
4.8315528066905973
0.1677379261601075
1.5972808792213209
1.1723658572987141
5.2472185235691686
4.8020508273210858
6.0441268736166558
0.6752545031302478
3.3595052783969996
4.7944422163955043
4.5320448565815097
4.2663866062491032
2.4426278180363483
2.0377480564801331
0.5411453967409828
5.2481497154861776
1.9780094238562511
6.2499595344993049
3.3009552847429107
3.6851701530897052
2.5405869160960655
2.6455682951343618
0.2833622347301110
0.0736077784017214
2.1566033970451102
5.2787061947583815
2.8719934491484267
0.1745064822541585
3.5915711992453119
3.7741386604186804
4.7445798066898037
3.3215313384454532
1.0128074076169977
2.8477070959812329
0.0621305091483070
4.6954238640927883
1.1439608462989779
2.1126841383934223
1.9241027509724304
3.7845540955794155
0.8208723227374141
1.9730047375470312
2.4725804712139063
5.6244558941428195
2.7441088505074003
5.6618468558185304
5.2227964629923287
4.0150338188144827
3.0314127415904712
3.2184277513332686
2.2376481777262005
0.5498055625900528
0.5707811933512820
4.5070174567836050
5.6106338544148890
4.8113355949811645
4.9701605249894909
4.2069093226654326
2.1002370371915409
5.5858759912925544
0.4915125112770544
2.8157269700719776
2.2249207239914472
4.4429310388774130
3.0205716488207193
1.7676815568323976
4.3186228591275269
5.6155162488350356
3.3061934608045411
1.7629453153931913
5.4974527114164529
1.4801384842860033
3.6197431423751225
3.5922418856540750
1.4238230573320994
4.0795710060836621
5.2620333722631836
5.5236384978749165
3.5414367016428221
0.3759759353564559
0.1940437727561040
3.7314352857865627
4.7908159275099118
4.6201678868082121
1.4270687277083189
1.0548833372474775
6.0827029035366680
1.7367953178539546
3.1458148003004847
3.3591899524359525
4.3766863159947578
5.9533695732887582
4.1106971136232566
1.7119385677645154
1.4167163839622743
1.3608784583287528
0.4199069483728947
1.3364815062707480
4.8668894442802957
5.8579408749561726
1.7293789323785855
1.1309227691386288
4.1013990321618587
5.1139685031944300
4.7495788922652604
0.4205448082089292
1.2258466979866480
4.7206702434490975
3.4698003856535586
0.5597773107879647
4.3987168639127221
2.8525516251561376
2.2859243178299211
2.9708044862076193
4.6865651622902007
3.7679705083060888
4.1472480572890262
5.8333633622390568
5.1315451846105642
5.3696235424249021
2.4221246785621573
2.4078182993008594
3.3175844624616397
1.2352922183265285
3.3356369083665993
3.9435082591504158
2.9123844497596054
4.6251555045105661
2.7190576981308814
2.5892300647454651
1.5402213228180799
4.9220488931396291
1.4835727945488211
2.1430587846327578
4.8101887340464495
6.0074801160451106
5.9545308557037346
5.8631821925525260
2.6390093813128535
2.7785232783600549
5.4456283360691682
2.0471180528229573
5.4226350985140481
5.5046711900902068
2.4774154368799670
5.0268676703170687
5.3168040233829510
5.6125740834519302
1.8000186923522057
3.0649884885414647
3.3634204266702930
5.6673442727211389
5.7525662078906734
5.5937428232059654
0.2764815293759353
2.3142987441672314
4.4522694376021956
4.2728672996427948
0.9112533913030171
3.5399423223462589
2.0822095689317859
4.2854183304071247
2.5995223546035016
6.1765980862067122
0.4906856692395474
2.0560298498774565
1.9455918876936646
5.7223281193036097
0.1037884245992255
5.7121900546862259
4.7214409521544605
4.1821301254822032
0.6027596289154263
2.5147360226477158
4.9719157236647851
3.7446858681991344
3.0343543958545869
3.4282022877153695
3.9182969110010544
2.8192818342470578
1.4591119287586556
2.7565805087755564
0.0414025021107767
6.0414545565197892
4.6735430248622141
0.0379139117951366
2.3744835521787602
5.1768744825686577
0.8074249155561360
2.5292189648394898
5.9065952758932303
4.6137316211337014
1.8378482745438387
6.1310777162417383
0.2822515854747210
5.5010657736033561
5.6126693934860521
2.1672630595490991
1.2112781279407521
2.5561817538385441
2.3213696923658271
2.9445079680246349
5.0868215588337069
5.6401299786652972
2.3312726077943235
1.6536942102905425
6.1786165188099824
2.9604619792466424
4.4673076913911638
4.2546753393464520
3.8993870518252911
0.6552762987294838
3.5066849174556141
4.9842451487812198
5.2506640816947661
2.5145453968278280
0.4583023481206748
0.9782690179399920
5.8652841181044906
4.8413440931619336
3.8991112942041610
4.3322847159456348
4.1672664651347295
4.5483242030610134
2.3130216545406164
3.1355343830141678
4.3775035646312315
1.4992803715394982
2.0390592229585325
4.3838173230449504
5.7775868659798260
2.0512651702073339
3.8927030789894737
4.7139654716090202
4.5372791274993300
5.5540869367109957
3.1789870301441367
3.6779278734792493
4.2621443507011332
3.1012300613982497
0.1215190263539098
2.4665899105823068
1.6071681000007667
2.9973106970511068
3.2022762562216478
3.2810484628271079
5.3695224354748730
5.0361330843979459
3.3632256871581823
5.0909645693714314
5.7917166844818748
5.5248183452427648
0.7690161496908348
2.3833081121930850
3.4224719401070147
4.2728384020460517
2.4863499085583936
0.9486862194171914
2.0015486435662160
5.2016712142867068
4.4880268783308503
4.0981470346735547
6.0937136136382524
3.3783515743366590
5.5438885992879019
5.4822734654111169
2.5397877013543892
2.2340887881223681
5.4616780291383717
0.4786853792167350
1.0021586258907720
4.9567626070522035
0.9893032344759998
3.1676544824493544
2.2071901968145089
5.5710976766513394
1.0486620412579373
6.0239374610799947
2.5974114500881567
3.0355367264854065
3.6529924078684859
3.6866683228085564
5.5307018066793994
5.1469580223422966
3.1801627037157347
3.0452734878405048
2.9528262016709319
3.8486908828755926
0.2880612774502835
1.3115087723727397
0.4362243802558648
2.1609321616757087
1.7283313573586694
5.0191989592718054
3.0335830709219818
4.8131865490622259
3.4477450528058404
5.2264517058267055
2.7561505664708079
0.4807513863941570
5.8998163259205167
4.5621856034077855
5.5306572287765032
1.6927010284875932
4.0922528209892857
4.9488137840139039
4.1185829648431032
5.1397358396398003
0.9926673282427806
2.9014000884865543
1.0128718708502444
5.3362647009776909
5.7671827101369821
4.3136488855193367
0.7964803783012309
5.2754730018397362
2.4951645017613031
0.3401284536990190
5.0554623238406160
2.0906945595181656
1.0742075895004120
5.2804038283272314
5.3172897129823404
5.0258094794188404
6.2736184062754816
0.3683192590795978
2.4408564638128425
2.9456650437518559
5.5338364131655888
3.0488584224366075
6.2585225813966767
1.0927152479902309
3.0094093858734596
4.2773834354991846
4.9132834635545306
0.1784467422133606
1.4143246950784205
3.3258488083161755
1.0195004778863321
0.3388838053643000
1.9227655574048392
3.6567112601683349
4.1419633531192801
3.6274905469046734
0.4230918736968705
0.3200887889690784
0.2332331837982861
5.8428321054216790
4.2567348859459280
5.2841468364715647
3.1308378482645134
4.0655030647464212
1.2651806797803260
2.6867335478982799
1.5023332785052750
6.2698197678638357
4.6573543049548123
5.7309339765005856
4.2730445683394329
0.5229833026297130
2.7639964899890477
4.4106985969628267
4.3826558652511203
0.0519232512214322
4.4524730372197299
2.1768711510990579
2.0603588617308319
2.3606033074213570
5.4623902456798179
5.9492441623456820
2.4624302008103349
4.1572061771181925
3.0665757199885024
3.3351013040875590
2.9284413480694735
4.9346743229961003
6.1598871002951237
2.5522175918362007
4.8830866699195283
0.0077860357847803
0.4431157169567000
2.3123420485868755
5.3984597921052844
0.8452927494428029
5.9457962373950997
2.7873147821582793
3.7872461251300393
2.0714592368244995
4.6801501462552233
5.1257347844038863
4.4579447839919899
3.2765988754371440
1.4052539709220104
3.4744159931489205
5.5194030401399310
2.0129480752864937
6.2721614775006556
0.0786110580028812
6.2806722114244877
4.2523336391662330
0.3765403637179782
5.4373702934721262
2.0644256501794618
2.8423111927256723
5.8412848834905846
3.6346427897395923
3.5536271156225978
2.0255052966187179
4.9767822257728085
3.0857073217928401
0.1068843222969297
4.7785250741091447
4.2512288289090208
0.0224621728852274
6.2420489693567829
4.4206072803899223
1.6679965207067471
6.0687622642301928
4.7781061156289626
1.2142721586633891
0.8957252482107756
2.3990012582037270
0.8269514876421906
0.3302752328017759
2.8377763933104370
1.3365063743466932
4.1467010850443566
3.1600737933219016
1.3687231051278019
4.9436270912961362
1.9300350516703197
2.3528626534821155
5.6351170692531403
1.1309932333173978
2.6727476757775164
0.7238207072616162
6.1656076922801448
3.0727954053042783
0.2897080693954174
4.3765288979063426
1.8300525534094543
3.3091909817602758
6.1979487510848523
6.1998994375637366
3.9492496906947507
2.7013168892098727
4.4623541196827752
4.0338521947119057
4.0609675217435388
0.2266969746021502
6.1269355805654131
2.7511141854267094
1.2060067903644136
1.5790837833847855
1.2096625494685935
2.8305251626966696
4.4101366251827629
2.2552857609101173
6.1125274553185234
1.5534236437865190
0.8738833722264913
3.9181684439914579
2.6965947078973302
6.0862471394261002
0.0617082708796322
0.1070065142382323
4.5085462069605668
4.2841433788518870
2.3207824639927588
6.0993180781886069
1.5325241962353493
2.3003526928543758
3.2954085571448744
3.2253159502202928
5.7019360132773720
3.1892426471283590
1.0337236748059662
5.3766879422732829
0.7909271609442159
6.2123206455245237
1.0755887384463345
3.5899370820087664
3.4151923851752302
4.0458104740145835
4.9540445224264147
5.9554117069720620
4.7987859151861469
3.1299667091553034
0.3048533585155703
6.0939388461479762
5.6814691923530454
1.4837652695834809
0.9643179876940773
2.1994630183410635
2.1115222471178452
2.0021547233024375
0.2627188049643799
3.5098199712948435
3.0563041466062901
2.8940473168573573
1.9693608664841828
1.7773686938089581
2.3054134570407872
1.5615164832959492
4.3479945093562620
0.1731533596084562
0.9789409399038024
1.3982340604001646
4.0958955700533464
3.7877663734224201
1.8167053316186381
2.1389818469331328
0.8849210088241799
3.1803834525601591
3.2647723553074273
4.8951480417053519
1.0992854361225097
0.7998036600266166
3.8144356725346058
3.8886577885441951
6.1570070778901105
5.6867555392093507
0.1425337856343279
5.3427505266540987
1.1694989441144690
3.1617654219347577
6.0581564735941971
4.1233675576694662
1.7100446809299588
1.8161761855584539
0.1396745456641574
1.4696283739021179
4.9063933377754925
6.2089718397449118
2.7258600304360341
1.9784841922990384
1.2816531411942409
1.3361295187548177
5.5271361369035299
5.2126177693745372
0.1732296383000124
0.6294555796912115
2.2618849918227713
0.6018468921299683
0.9349554406268435
1.3641231186230809
5.0858466800314233
5.9313886344097737
0.5704132072623878
5.3775354456243232
3.2589075581741778
1.3703077766986327
4.6629966193581938
3.2067260428394881
4.4426690877618773
2.2323357261173400
5.4571748962611935
0.6635619351448059
4.4314989924489332
5.2492608315654916
1.9328626204976447
5.9106106002061551
1.6022046356837225
0.7084685308296477
4.0568300061699283
5.6494797676087414
3.4936623755126788
1.8023018282145777
4.2819013643384602
4.7584477481540581
6.2029265990263900
1.7566694548547854
1.1464826689135716
2.8573805265742798
5.2308174127327227
1.4040544028306357
0.6281317601358236
1.9121818828640322
5.7433342592021681
4.7124933387436538
2.2884498461199634
2.0252603014399218
4.7788845641280826
1.8309521755085387
2.2475627791598769
4.1067045172658627
0.9987013222633481
5.8661914072934787
2.7059022459590385
3.9722588438596680
5.7437199948257494
1.6070839728326993
1.1810552498659392
1.2590730351754449
3.0348532464929256
4.3739593794097260
3.2524480108968841
0.9675469170065126
6.1840759775968523
1.4817240116697314
2.3996977955530374
5.6266865133727562
1.4561684085321536
6.2267513663817837
0.6373426721080742
0.1837803125773797
1.0259930692576558
5.0930612957894290
1.1316233611387938
0.1916389389588310
0.2902891647861221
5.5416380523193585
3.4862251956267833
0.8126819881018327
5.2007400134941202
4.2443529269959308
5.6966543181368037
1.6289728515184216
6.1966011974284880
3.5014099774391347
5.1220469529156851
4.0888639514189391
0.9844000104856884
0.3425818635107640
2.1365485770125776
3.4049597056516867
2.7428691515341392
4.1815051967248591
2.2370822477592607
6.1831714568094389
1.9988348638662612
3.0010289099997771
3.4861794894913825
4.8991387017047394
4.8162522800255401
2.4279866847195608
5.9356759561809351
5.3790403985028714
3.2824775895574874
5.3156701119082488
0.0158527754654364
6.2013758208030794
4.1064042190839558
4.6678484090537919
0.3593357838068748
2.0675631833257349
5.2627170501367120
3.2196537526138487
5.8209049613638495
1.6603213213321117
4.8712099194212728
5.3983669898370090
5.3863227143434305
5.7960290568026478
5.8307996799474093
1.0433216440515785
1.3607813563548665
3.8976657213641959
2.0042586056700826
6.2187971627216019
0.4445599574175125
5.5633600362137452
3.1166793854829797
1.3792109845741374
1.0008971573033225
3.3338841191397544
5.6783600449374552
1.6195167149757121
3.8991259393701050
4.7321731619103167
6.0525015035210519
0.4083625071819815
0.2993476690748518
0.3049853123354956
5.7997833985348031
4.6696473013841420
4.6601841465786231
5.4218773487234628
4.3226029468775540
4.1754167496438397
1.9781685586308089
4.5182522509575218
1.5700111806953563
2.4167036765485643
2.8028455899575984
3.8044803137284089
2.7558259712843278
2.9977355624180886
1.8591995333641043
2.7782169859706443
0.1467405154604259
0.4888007997963149
1.8944306495301970
1.2180778416026792
4.8183875139350087
3.4573339977526758
1.5390135989114695
4.7129486039311779
4.6751577944802776
0.1026797819426018
1.7413587040016265
0.5725217495184366
2.7306732518687293
4.9777309823730533
2.9907458672195224
1.1226865979725129
3.4931988590257670
2.5401535630510668
1.9928476383809461
2.2128186900868836
6.0699379947605925
3.6983053934100125
3.4394904560528459
0.1698998426769741
6.2204836522827467
5.4591185524184533
0.3338170099545549
2.1929925507221939
4.1772596087323128
5.5151435905730590
0.0740854385093297
4.9449300048422096
4.3528664458826771
3.7080542810402974
1.7681001386045214
1.3857568570163659
0.7492108965655779
1.4908582051181718
2.3053379943367176
4.6151685131218381
0.6489126144027076
2.7715535810529222
0.2721292189957280
1.3931247191393741
0.1738018128502596
5.6508709051567765
5.1326999534067337
3.3079893815282895
0.0286646094151666
5.4753963086087332
0.9959251070344810
1.5562048518618432
1.5041174417260099
0.4333437944465335
0.3572830342003516
0.1543793408133754
4.3893136771235701
5.8366196454884340
1.4385688886672199
5.6856090475450838
3.4939198742107167
2.2182703517191853
3.1256872812204137
0.8193291548082505
6.2570417750485481
0.7473775389347519
4.4039274246476348
0.4123875654791016
0.4395797259380205
3.9391702269018878
5.8730818004426295
2.4497722926007950
4.0772811876177588
2.1112962911576636
1.3669557774401615
4.6751344842859535
1.2744571458524607
0.8712889131193200
0.4429374701664204
5.7505784137985767
4.4534904850286043
5.4803358301900174
4.8602225274091877
5.7821405626995350
2.5975755351894159
1.5809283746210057
2.0971936254490648
1.7036542680734432
2.2475526242364614
5.9121823213058367
1.8555466820373123
5.0437317511274928
0.4436486307376765
2.9533667380143309
1.0716073439095255
6.1303599395699226
5.7636215221774911
6.1874975309883959
6.1352048361577678
4.2359901341037540
2.2564629260463227
0.1556542444159580
5.3798760454398051
3.7286207719174391
0.8169460446006751
5.7742643982399837
3.6126038709691408
3.4822534965457357
5.4231169565285828
4.5674461004125995
3.8275680394892966
2.5241129050412798
4.7556149935088614
0.9912331385924942
1.6450617205022122
0.5938662270397320
2.8749779167745082
3.1627157992911159
1.7445194108297288
3.2543386598048976
5.0257734933986091
6.1218379962056648
6.2137296439031466
1.2317360657906273
1.1203478473977375
1.5636966775019856
1.2604419061462477
3.2889185524313076
0.9760878262703077
1.7797085162187745
4.9282977012971232
5.5636882644764372
1.0339026516144532
5.2345628511542062
1.1409496035464819
5.5257340416422718
1.5241531276658338
3.8889788766977516
5.0567567416803776
1.7505578247739897
3.7516133449313185
0.4281247950513562
1.5891788036745444
1.3569160772908400
0.1575605283616041
3.6336332775527693
1.0667209507274220
4.6112592794677321
3.0886319584221766
2.5884282551926967
3.5827887080657486
2.1038579059271165
1.7475078520317910
4.9884270344740704
6.0927460022381217
0.1224782027966008
6.2390829719251668
5.1303913231086158
6.0054510865191810
1.2481463264521477
4.0278131759855231
2.8273240332956315
4.4330457622836850
1.9196648625890242
3.7305376019743623
3.4850899779539959
1.5436231382726984
2.9146873762609506
0.7486612160255498
2.6571853482818999
3.7373596298761420
6.0004302136010041
4.8859928828037589
2.6226892988734249
1.8570495986622344
1.1763118130692642
3.6104465358702336
3.2899313996030881
2.8535410726891568
4.9526455202023962
3.9256494638422583
1.6513421617065984
2.0058882900324737
0.5698214541726669
3.6497749193822644
5.7253800318880135
5.9724726860822699
2.5448258073839205
5.3363776810691252
3.0378019484414853
0.7701132647668831
6.1209196428391728
4.0457844983606499
5.8943940386028144
0.4170071407149853
4.5046046652956617
3.6480011763919529
0.3361130535249392
1.2925635861448377
3.5664918288970631
1.7205763005052088
5.1357463817569782
5.8154245150643860
3.2732933088987983
6.2671378055879936
4.7006445637708651
0.6379687942267320
2.0899090920444912
2.0057129252908088
3.6193587544058095
3.1914859934868112
3.2090908397729572
0.0006582409766412
3.3358006306521331
3.9450270682945843
4.5271000947108977
5.8146265479510433
0.8718607377689671
5.9193480788661352
0.0230430030506175
2.0548629127184928
3.7224786986382905
1.6503599511710494
5.4287090755886949
2.4070455815990144
0.9152157072150691
3.2154301329598702
2.5504088573881867
2.3680049745761709
0.9559887834815708
2.3020869492393592
5.0853943894642626
2.6205072265770322
5.7326761132781012
5.3533584919987858
4.6976342151933848
1.6753825541425826
4.2636163316363733
0.3910158016592691
5.4434825489833543
6.2307501942773458
1.3896000743597319
5.4383760426728252
4.3041746974739992
0.4153053717008054
3.3285231751143565
0.9315204343701651
0.8126863150595482
5.2315806318305729
4.1604587668606499
1.2183905744988515
0.3852096208849644
4.9154890232754296
5.6678758525919442
2.1281050298603859
1.6796180940081764
4.8084076902711210
3.1154831311531761
5.5226548354601208
2.0729608742622796
0.0823171746302212
1.9513244334717801
5.7555702115181679
5.5178647462753849
4.1716461071303126
4.9912796001205013
3.9536288789442549
2.3785226072069281
6.0210128055344629
5.0450081071267121
5.4787699584949054
1.3385158762437428
0.8729088696189441
3.8363541684442142
3.5927573320859816
1.4647704521298741
4.7749351155012665
1.4375328917081898
4.4849784484477491
4.2029536096636786
3.3715927661346492
2.4003367273358260
1.6970833194459745
0.8605810122644354
0.2908832713044028
4.6979513194668039
3.2726149278111816
1.0578060137393452
4.6403747628308611
2.8844692073285731
6.2365770990297342
2.5403919630721843
5.0292724740073584
1.9979832897028615
4.8231462117474493
2.0723389883898822
4.5527275413395216
4.7874948268130506
1.8287716634668763
0.0968315168910644
1.3337433769521805
3.6010930730546122
3.1709855684933852
4.7191222629999308
1.7280568175495050
2.0037066922771327
5.4520029071866150
3.1533947077927365
5.3097144468140289
3.1699242893656456
4.3960180341165014
6.0762006056641811
3.7285842006848475
3.1091130871046295
5.1026548956542976
2.9586431315234476
0.4365242967403473
2.5954849180382915
1.5481036454305044
4.8478263315677514
3.8668010760914506
3.1832909038436612
0.8032256259092294
0.9369288168167701
4.6538458768195872
2.8100303395481636
0.2465979283194275
4.1003230110849120
5.3866328866321727
3.7024256652792880
5.5909400397281779
0.4421000413324433
5.4033676481883299
5.3803880555983801
0.2655655025905398
5.7884214005575965
0.4245812159901221
4.1844128023467215
5.4435933688865106
6.0069928595528763
3.7899863228605151
1.8239907519679273
5.4526010617208112
0.2266939516629961
1.0861772464081543
4.9979672462341851
2.6658891983892459
5.7631555437566764
1.8744822674783563
4.3238920039284841
6.0632156920356088
4.7036639600053256
1.5688636493661616
3.2817992612997209
6.0493555245843922
0.2431344408533016
3.3033823731150664
4.5371904064263120
4.2196786509726323
5.4674586490108767
1.9559658353164315
5.9344531426569667
3.9414284836887696
5.3029736978167579
4.1470404823204197
4.2041566278921101
2.2954089319976592
5.1851750033196842
5.1449012889852526
3.8369805324573587
5.0672850510035321
6.0335604550823412
4.4012313844721751
1.1811979846875886
5.2416919813754452
5.2101075445504916
3.9949467261609923
5.0531795108276141
0.2598070222716780
0.6040872490593778
4.0824514434198775
1.7340172513077572
5.4418841130917572
0.4019696359963487
1.8641470477312276
5.7942198940542768
0.5128294535782926
4.8917063852940634
1.4043786518708354
4.1514711844184733
1.8546919117671423
4.2719851799121189
3.8443371117364382
1.3914296295275732
0.1857964377943894
2.6116780968397082
0.5617000933756425
3.3672219769451166
3.5069661516258153
5.1323387150184052
6.2704880547929953
0.6125384147275588
3.6313111215421379
6.1530339883890575
0.6834588009056315
4.7502562649817994
4.4008480463139987
1.2436274603255009
3.0128504432163474
1.1596061648233766
2.2721076152314956
4.3454557094089497
5.1704691892156251
2.0186997475635429
5.5863197279146757
1.9702436820993348
2.6583170134659708
1.9440148508154877
0.4912516311218038
4.3006575912817233
5.5584620816649926
3.0322799577184139
0.6005723265351594
3.8646983299440896
5.9993401372465236
1.9597455693108754
1.5091663512269522
3.3584379901153003
4.3891366209656679
5.5101534555807063
1.1881329544186392
1.6654318484270256
5.4305641293544866
4.4366304632985747
4.9302782434165184
1.0202345804453647
5.4788371286495572
2.0980408092776655
1.2541837125144224
5.6515264385037378
3.9916907451678427
0.8500551212759171
4.8137790388182973
5.2029448372053180
5.9452412856813224
1.9648433243145660
5.5331390162555003
5.7012607165940290
2.3781667551193189
1.6914639339393054
4.8172069733272922
3.1733167731106651
5.2833494944205999
2.5103338123956833
4.0881829897265076
3.6246099137365335
4.8460125653760233
2.2219731114679528
2.8044699434237303
4.9212900110305871
2.1105765362511146
2.4206965483244041
4.5314229704655418
4.7539384689358268
3.0732179787697329
0.6299860716255431
0.2129576817075644
3.4611703212818568
0.2021420083455683
5.3365380043881059
1.6760587589873404
4.1974815948571376
5.7066006866865662
0.9911927269580211
5.8539269685874844
0.7765115585123376
1.4663198515705596
2.2967085995364829
3.8921079643068097
3.9466194100476795
1.2645063064463027
1.1988856441002198
5.4964206788036893
4.5605127906230720
0.6147804553566073
4.2153232734961028
6.1478291095047055
4.9648529748295953
1.5622270189047793
5.5918647014077560
4.7763866781393700
5.6677866061260014
2.0890691473669487
4.3386829260940578
4.7766208563092301
1.4844204332602109
0.8465586249785504
6.0363494611149227
4.1899371442639266
3.4270869865741380
5.6310840697999573
0.6423668983006289
4.5604807424360034
0.7236026047054140
2.8125111919491896
4.5782156353531622
3.9333272319985682
1.4003491458992632
4.2509823471032089
4.5515901620736745
3.5660590350702583
5.4191318084090545
6.2433586358967705
0.8546534842287988
1.0045058447603974
5.1369467097363382
6.0820492725441611
1.4961579352758378
0.6165952035023433
1.6282000954657054
3.0520749766597532
1.3197283401110356
5.8286700142107222
1.9779981419270278
5.4687541399661237
2.6067973127479886
1.6648851246930705
2.0428879129663300
4.2298619164709663
2.5003218907567741
4.1972409875704804
0.7390304403988861
4.3163530321187089
5.6376670791966870
5.6857325764167852
1.3897194911686535
1.7333627334585993
4.6175194452600072
0.3064492095288434
0.7564718518138646
5.5874390819395758
4.7182425067273419
2.0509969356947875
2.2103268376449559
0.2991833137814567
4.4715244228818882
2.2105329574216408
5.2334797268156867
3.4668937089907983
1.9554902451274230
5.2743583737383073
1.2988472806061484
5.5503474514644182
4.1230525648506307
3.8982440455480947
6.2661758102067351
6.1884256962294666
2.0022550335308251
2.3442966158371230
0.6948033305517729
5.6849441146938711
4.1141677228563536
2.5642106787070489
3.4875225501727689
0.7364905256099672
3.9642676773446031
5.4088864002803625
2.2436626392620034
5.5131133674319601
3.1154358498103583
4.1421770552062753
2.6331390314991410
0.8347162819559960
3.4793917385160680
6.0690404914837277
1.1160697652763312
4.6773712170905499
2.3473045293668067
0.9941758226196109
1.6394308976671292
4.7061885334900673
0.8754993261985675
3.8975952229118929
0.3078669904589214
1.1432740601367051
2.5573979880799707
5.7371617627586424
3.2430983627179835
2.5833330474018732
6.0542095744648039
0.8470757342479348
1.2971802485723314
1.7097085097660836
0.2481567305774108
6.0230571113418137
3.6450767610498813
0.8383114344253252
5.2999157360327649
6.0576996402296528
5.1440054268136750
3.8305815899248694
3.0209647874598962
0.6086238462580492
2.2051985256279534
2.1493545703566075
5.5842239747447486
5.3945678151239607
2.6591309411472368
5.0603620946260959
5.2825251367441313
1.0073282920278759
0.2653542591139835
4.5431910962598971
4.0166691957739706
1.8923759933860307
5.7976851946665482
1.6737539816660705
2.7603238979705691
0.2614199826679047
1.4379773561109450
2.2758821541045458
5.3800711251083042
1.2427956454935245
4.8825615607190471
1.8884597358739537
0.4752034144870633
5.1945853306908782
1.5670279620167793
0.5937666100244611
5.0876265489907206
0.8044254209473948
3.7299853846077919
4.7863712421535336
0.3335291531974747
1.1527145737811715
5.5610349292744425
5.4598061405434111
2.4635783482327693
4.4292256013431759
3.8475361734100066
4.4262288870132034
4.5659732182080424
2.3328307448077412
2.9853553906576620
0.6766107006955715
4.6818859077262021
1.1760951591139901
5.6999014899483313
4.0699525812207327
3.8340053059130943
1.0437170708877344
1.2285820175832287
3.3350725902387874
2.6301686633609740
5.2787063262762528
0.4878695669090536
2.7400104228322202
3.5169963276676768
1.2204277635973482
2.9132019677458758
5.4305850517845178
1.4256223217273059
5.0024477410873480
1.7696399004639465
2.8291412837972523
5.2891330123844869
3.3507858715664658
5.7334420155141412
2.6874669488875464
3.4394222024872549
2.2844065324036720
1.7049505346834519
2.5056460022331630
4.0485163061384943
1.5782244924512649
5.3772430176009109
1.6032499856283111
0.6570420316131538
2.6389632582585225
3.7043068374779957
5.8431845658283681
5.3325686891697330
4.0791189009217774
0.5756285476576034
4.8569761208973574
2.9119796851106150
3.9620477170078883
3.5825457938725118
4.0135193915537188
0.6534787562325386
1.7220715673895444
4.6165774340668726
5.7393846580949859
2.7927878082676934
0.0888096988145902
3.1712491960946974
4.1666452830691743
5.2598323304535404
2.2426339285684684
0.4284210173266915
4.5569247912267326
0.3501190562537344
0.8197427332849044
0.7175423488190287
2.4365856952800948
4.5271687048880951
2.0313203058534808
1.4108580938841195
1.2554491153848928
4.9058658367501504
4.4842435149345006
5.7358386996949102
3.2661129025641125
0.7081705747175369
4.6634427783066918
3.3465498314663420
5.6934204090784046
5.8552447503951282
6.1622077335709902
0.7338058174955427
0.3803800516874706
4.5544496534367180
4.5120927467844938
4.2106400179981698
1.8921045792348059
2.5599033912501805
2.7199201573336040
5.7230099444230351
5.1360213240834272
1.6950859301595560
2.5952750605766663
3.7667638801814252
1.8181400949783031
2.2644055367587224
1.8495820310116740
2.6256398781062003
2.3802627111488941
1.6142740536990821
5.9322668458585417
2.3269958814578326
3.2519576948690947
1.6945793358444778
3.0748384799010653
2.4879937510601295
5.4234050105360403
0.4844087574301763
0.0587107763815368
2.3119235218038754
1.7154636426329917
2.7089866442561186
4.9763130084872689
5.0911350511112605
0.7560425313374788
5.9470509522946733
3.7736300365511064
2.0804656142851190
0.5732354602125986
5.1139776737076517
3.5120810338481121
0.0508454343825448
2.7961691199939276
6.1916297002235936
5.6315183234879589
2.4508270691661993
3.8970958073566213
0.5633467885457270
5.9375531909837092
3.5729343705025207
4.0606743588722223
6.0348203170327555
1.6509907367780996
1.8036147218674019
5.2474025963937265
3.4815193864915934
3.1743188487969958
2.2441218402385483
2.6651834349804444
3.9412008871723723
5.6335111220300886
5.2284088478280859
1.9041512762313748
0.6679018097559072
0.6724633178663244
1.7932309227050589
6.0978295157223039
0.5037531196602613
4.5357342422519187
0.2497922231427075
6.1733279929570211
6.0697881009326649
1.1685117756283709
0.9978110820823525
3.9803377213576598
2.6517793924279744
4.3255782679208945
2.6229465136615593
2.1307706361520569
5.2226090739262192
5.3091287138176604
2.1372831973300803
5.3665240529981784
2.7608684139775264
2.8485374163383361
0.9167060427456912
4.5704870409629184
3.0768256824775326
4.6301675395848729
4.0014420241392497
4.6030535877544958
4.7068427649213493
3.3785474358681618
3.1365977438528230
3.3638378905274360
4.3872589874406973
4.7980208838713176
0.4189940691270607
5.4270158555894215
3.4861360139583502
3.6441357717814644
3.6821812486867689
1.3472264567859162
0.9134910950984734
0.0672533098410755
6.2087978219586892
6.1397827992202139
5.6411638471941776
4.7221058516642671
0.3316236312079888
4.6459272704085981
1.9914263654387672
0.4489489717186487
3.8508405762383591
2.9994142575571323
0.2681059513143431
4.6271840382563632
1.0519954371971456
3.9393088868698110
1.5955868252969068
0.6580207443338264
6.2055469642512424
0.6444496079052039
0.1246764658528386
4.9879929443390427
2.2466342583600234
2.6489703697303137
3.3937303043433240
0.1534674056471703
6.1048137657185171
6.2331954241454639
0.2252786199494300
5.2553444293091012
4.8452165979211097
0.6583286720018402
3.9586134150241752
5.3285872196121549
0.1686175802771482
2.4396550539589428
4.5359783777113440
0.5462541350460385
4.1374761431105247
6.2471483210141159
4.1862574104718711
0.4368129201304713
4.3474140591512205
2.6812763584774602
5.5108482914878962
0.9526148847718183
4.1698717536377004
3.7509461907370594
1.3418421187868790
1.4134228590037363
3.9712875730776025
4.2038335633659418
3.0326900966861756
1.7707219982787703
6.2169821910088858
3.5008073696311217
3.3611107679927588
0.2254508047287810
3.4286842521149583
5.5285639453132900
5.9910829010081068
4.8470717697436552
3.7741449603835044
2.3979476796589920
5.7222859132292019
2.7508212075351022
0.5170557599159219
2.8348504338255416
4.8926683864037210
0.3509969674787277
1.4771316999197841
1.8794927064973843
5.5417199405491075
1.4950105296772433
5.5172813953708637
1.3535551438658917
3.3506959190343348
4.8009760683812672
6.2605507139670031
3.4236431801814970
2.5938746338261880
5.0339536770580606
2.2795893506214706
2.6358393910159394
4.5723307711719361
4.0450564991013449
0.8626934544904783
2.1515365432636715
1.7733588218819676
4.8818203240957869
3.3886060003948355
4.9815615849516588
3.4584862108571310
6.2576528816757975
5.2697435006523801
0.5219503658253618
4.0303783418523604
5.0684198106957945
2.9779144355985747
3.5788215481278192
5.6389388057253118
0.0915455397324753
3.3800490118930133
4.8521699791653559
1.3448538102887702
1.6031952300073378
5.9238830762409860
0.7583207617527794
3.0586247613763660
0.2313111307262802
4.5759345212447009
0.8144085565498421
2.5770190720816881
2.6531047539547674
1.0407636408007614
3.2252003516448799
5.0826959208552367
4.5723649281468823
0.7463989804157207
0.3502898854202097
5.7177876090198927
0.0731962339603533
6.2397497720913773
4.4976939908666820
4.6191335937183942
0.1367240549871937
1.6380237401925051
5.3055841037270888
5.5415591072584203
4.5307203779200060
4.5734835178987243
4.9907625404160365
6.2409729206128146
0.9625035461262105
3.5007187157581856
1.0338428788835363
5.7499837702003171
2.8060930697485018
3.5540802635635336
4.7255205645042606
1.1186996023627007
5.1706422201692641
3.2512804742866632
1.3122151403295790
5.8775250328125583
3.4875405112621087
2.7280152019975370
3.7507996697765731
4.8917059636081861
3.3222028535460830
4.8739907163484029
1.5552218827626287
1.7616073440270774
2.1987588884575819
1.8154839203817943
5.2159417122623388
5.1830540374669489
4.8705461542903787
3.0016595800365207
5.9429464314533167
5.5571476387662502
2.0620068065255617
5.9511458036053400
5.1583539553382929
3.7798076304740631
0.7872969139936563
5.6661843543101131
3.0333600534442544
5.8934287244124111
6.2498849729978803
5.1959112483699430
4.0973172450721407
1.9298656240220553
4.3903342151183304
2.5464603389485410
2.9403411928875025
3.9682749332683969
6.0176246092536942
5.5439730890412724
6.0458955047397183
3.0606806425511071
1.9205212286516364
1.5616403825047775
0.8346735764288247
3.7284690331407693
0.1443208950637273
3.6199736326522922
4.8754112516771109
3.6973346472528719
6.2097594937171241
1.5272394523977724
3.9248973835489345
1.6831836936994464
1.9985003513252542
4.8323071094740113
2.1938190313006518
3.6374571556755519
4.3674852467679166
2.7915300962879770
5.7611983945829355
2.7039183094498251
4.9001618314025857
4.5599564040891902
3.8846108315987569
3.0820992190990255
1.7762036477231145
2.7539358279123776
2.5874386419043427
1.0992066833108354
4.3928145146926321
1.3099435913801747
1.3082742400019765
4.5963748648293246
4.5194311269194865
2.5368497957991436
3.1378609891542588
6.1967862306519663
2.7128590709385256
3.6062138329124678
0.0820808306691892
3.7284589700613471
3.7201516253792581
0.3094119608362388
5.3324178689598458
3.3652166807165758
2.2780343572315140
5.0844051124216749
0.3864432985404345
3.5709086968059971
2.7158672409031581
0.7605870704538812
0.3283420262591500
1.2503967367520790
3.0470723237495725
0.1632918118409218
0.2921299782047249
6.0173901492796622
4.0071861461685225
2.1998002709562687
0.4064572709926195
1.5275647663626939
4.8140332429388275
6.1708280002732350
3.3037242628051851
6.0444443215331267
4.9037539118950555
1.9792911536124715
0.9702052687832293
4.8279700260223377
2.5167050584879012
0.6985900389428391
2.7793496696656854
1.0607512158996943
4.7067589100046581
4.9307252792083176
2.7758764357230983
2.1491247697763121
0.3260668280394173
4.2981949755387481
3.0179683065087626
2.0281101035624300
5.5958156426091890
6.0333851787816828
1.0066559520489631
4.6590041034332108
0.3069539021968420
4.8087272248747297
0.9533919786275414
2.9318645657526350
5.5879261932679425
4.5177412097138090
6.1066039472560112
0.2783933015194195
2.2318558130597035
5.3710471450658082
0.1083018078255058
0.3874949119879843
5.0254754587496242
5.8083674866216786
4.3684120477845756
5.8508724142834057
0.3677903907213006
5.5411211961028775
3.1195918754704173
4.6781878020002559
4.3360533714735165
0.5196656628600949
1.3161124644043416
1.6297156678323554
2.0862444648445417
0.7726699228324261
4.9739270740955286
5.1412422695771554
1.1708944592282804
6.1201082296345390
1.1852131168570945
1.3069776824296520
4.3171090982601212
3.0876808366044255
5.6752875574690105
1.9924955604501453
0.2711265098987723
4.9701607357761244
2.7715728058442886
3.1842191893986138
3.3379638416623152
3.1191846690303180
2.1332356164385744
4.7648801035662975
2.6464943382952368
2.7065955614586104
3.6905456165460855
4.3210632644551907
5.1319627355819826
3.7829286077852111
5.8076449484018173
2.6867535555792261
6.0141930863060793
1.5840846741594565
3.3486803342447446
4.2455482142074841
0.3311457000027246
2.5373658374123611
5.5056634439556982
2.7596623282488308
2.7580290708324799
3.5926570917196945
1.8099962069359419
4.5965180992062926
4.2821543905733250
4.2379601155379572
3.3026607675189266
0.0982343149556389
5.4594068603707715
5.7477920779802520
4.1443383531088323
3.5447716280913344
5.8579560850990307
4.1924729790179391
3.2004590700766378
3.0856968056207146
5.1214960701126770
2.2744969322307145
2.7252899982244587
4.7956896424744269
0.5963399479862953
5.1825951860833319
4.6005197663415736
5.6821887448994364
4.0227347255534083
1.4615318321637967
5.4518646909061541
3.5928934794734038
2.1848344995654170
4.7606388286165258
5.7144526338014661
3.6463722452441876
0.6811499082376499
3.2754566759635018
4.7269157482073689
3.8170341639371297
2.3820079047629941
4.9165720915693871
3.4961582300516914
2.2549250059477717
3.9033995719692482
1.7642351127210325
1.8092468795393459
4.5928673008531380
1.0389920154352110
3.9417464674912894
0.4904600445140638
0.5331058551484197
5.6529516745978867
1.2304511973918522
5.2009548742524352
0.0437559214978415
3.4081087858624390
3.5434213072686642
0.2370142443274234
1.1663722993369987
2.5613785556918249
4.3171428906518337
3.6853276554566849
3.5832742020436696
5.8893170428316353
3.8652064441440159
0.1107872542573039
5.8894039287102196
0.8642516483093948
4.5397033984090189
4.0005261994270214
3.2749923784340367
1.5254701366779355
1.7009160275061401
0.6946172627884096
6.0648707400722603
3.1411611545058014
2.8341826229563702
1.9502395817791149
2.8666314470488441
0.9040756927439083
3.0540729274190452
3.0431558665548173
4.2234816981534662
2.6650963716391529
5.0719351287955350
3.5845876602456950
1.2949515970489003
0.6941380312708042
4.4977220464322256
0.9083774631870689
5.9653138655605673
1.3041019109302847
1.5776185752649239
1.5790068664179400
4.8360199325572726
4.0502933158927314
3.1214676674878894
0.5389318263217099
3.1460266858737627
3.0505953282702651
0.0325990307612835
1.5320938097563446
3.6321583958275161
3.2982070437950859
1.3761650621346602
1.8986828606355781
5.7296073271810384
4.7156134142039381
4.7258106574087790
0.8474445152241776
0.7059522515586421
2.7024569284189490
3.3715949102375857
5.2218669115916487
5.8896568460280072
6.1262479790241740
0.0431009944531284
2.2187940716947963
4.8997769567037865
3.3801920347090597
1.6898542025247070
4.9495043707313631
2.8724904800261215
1.9493094366192434
3.0937952771625672
1.2188115204964407
1.9012343476444109
1.3648732273671360
6.1412159808611495
3.7641306404044559
4.4108525446307185
4.3416501570646941
5.8675135759242263
4.6533767614029706
1.1432310303392534
1.7269018733499386
4.3424334059307572
5.1334673187792834
3.4432677193955858
1.6443641706888745
5.4498530648362955
5.8663485030236124
2.7742260238843333
1.2435266550331017
4.0732514362016543
1.2494621794330507
0.6269626461260291
4.0403028976480462
2.4209071700287739
2.2824678116670114
3.6751236382153802
2.3733312332606538
0.0605548927804139
1.4453423673426848
0.9826805411164141
5.7599071014922831
2.0080164942526402
6.0329983648399521
4.8374930455501808
3.1389322082946776
2.8790829519362147
3.5083444807007806
3.9892463963700888
5.5859397102227550
2.7395562909391922
4.4839282739539978
3.6712517783478855
5.1991067929040486
4.5430283589606804
2.3683375565534468
3.4338668503678131
5.9457349591717712
4.2990349455929406
4.2698413818054277
5.5685155820919876
1.7447173234731650
1.2664595746698879
0.5858662596976754
6.2788542350302157
0.8875430041701597
6.2143965597217790
2.9804664459489256
2.3944804220836438
5.6303376364985738
2.0935341853833180
2.4196399611515522
2.0731538645214576
3.7041344565234020
2.9098241857762859
1.6041616693833110
0.3163732982816284
2.7594995454254074
4.6320185708497128
4.1112099410363587
2.1301536831747709
5.0200922473983018
3.2883742772829732
0.2061906223277570
6.2471092199632174
4.9296043868393236
2.9208535441363024
0.8303727258395970
4.8804349843386889
3.5467244439723720
1.0222092313363467
3.2820379985079038
1.6262874991317835
3.3054515217096174
2.7686136883197521
1.0142184994425192
1.6222316877160812
0.0827653669945726
0.4413597383551079
4.1052047630404225
1.3460237288488093
3.2422041799953591
2.6877462148998323
2.4800298132139518
3.6116809869758555
5.6346439355976683
4.7224177499494724
5.6130973164851303
1.7662295595840467
5.1374884799501235
1.9201783489236777
3.8849643701305343
2.5344328452149969
4.5754871780867230
0.0580830416785117
3.2504645009550162
4.5654212930412594
1.8210768516940601
2.0010183887929816
6.0394583222604385
1.3444461456726926
2.3029788406340264
2.5831400704712055
3.8025755458313406
3.6995891614010756
2.5124840814314231
0.9360860511392336
1.3662866127927955
0.7283884887128496
0.9198633322331538
4.3768655201425739
5.0258187860554182
2.4413572809304838
3.5837540541323620
6.0234108228808356
3.5492079887829355
3.3868083474939565
3.6645932465338049
0.2206438071856410
3.5793394752444421
5.6373936431600651
4.7942677196899952
4.2767457310304069
1.8782956234288721
0.4169919425483402
4.0384706871561136
1.6918590519111898
4.1253666468818881
2.8663144259410784
2.0177246018267323
0.1365122648920921
2.3390754259095941
5.0983995339444705
4.8049961269602761
5.0203886416556589
1.9744568281701784
3.4606640185087305
1.8378418472493896
3.4163249297762244
2.8296700598091986
4.3428656652840436
1.2320864139885352
5.5192370292966393
2.8482886139114902
6.0367608872168796
0.9523375683475458
4.6728090367618140
5.2137720842780793
1.1322617884122952
2.2668385151375956
5.6589313818206364
1.8476612554455969
3.9109935881806148
3.2331900989774200
5.3439335795122158
5.1816116789993352
3.5067094384924915
1.9243613527137791
3.0006742826721271
2.5041747290217340
4.0741412012939566
0.4031956819941158
5.2742189873259022
3.1309092315812004
0.8132788695653221
0.8003405058327101
4.7879996986883882
3.9883699559081154
2.1956485280832521
1.9329301068428095
6.1009811634329445
1.5623918663607090
0.2323364221525272
2.1923972727005334
2.2266599998770098
0.2403893610424322
1.0396606162208171
2.9677209443702885
2.1361086232689219
0.0475096427944575
4.7054994190342789
2.3432427023203561
2.2594066469283636
5.6679203505781022
6.1265938380335596
2.5616835609816739
2.0669951535176754
0.0677576797365961
1.3991694118432521
0.0001829951636208
6.1932051619768655
1.4283440600651873
3.1135468245069533
0.9342467481050406
0.2279143634885725
1.8544132634370898
1.1096480503093826
0.2484811279379921
3.4475243099750976
5.5273163526243101
2.6634948900452371
0.3338984853275995
1.9820824107217647
0.3133260652516684
2.3617021188940379
3.1571623042792183
4.2025868918940663
0.3834506224096507
1.8466749419992492
5.1402008987274685
1.7436256068504548
5.8612334212144948
1.0062639952442227
4.1068333012467972
4.3479796074070638
0.7513809377806427
1.0641980395048076
6.2151783121277031
3.9266724970342142
1.7073719695114091
5.5629731428315550
0.6019476662032115
2.4642553076439340
4.5547064612189736
5.7346110004912214
4.0235492942491025
6.0670853145129495
3.3111711086003157
5.8167825205672505
5.2068922989029431
4.1127409429352522
2.9662982096821877
5.2021603955299156
0.7622756237661755
0.1871787874459618
1.8925201826799019
5.3350821461979008
1.7362245152231774
2.3341376556026470
4.1500283134114371
3.1118106867879014
5.9514573579651957
4.8609942990325745
1.6605445384108597
2.4530684644995313
0.9807807569175088
5.3062009739194700
5.9955317344178436
3.4002272696856197
4.5747480838809205
4.4621489158211967
4.8082110524297716
1.8557708300143938
1.4062794515672119
5.9039232222664122
5.9253038692116915
2.8049745082421143
5.0891491470429040
2.8096063480108397
0.0360317564932075
5.5303398766805012
0.4795459392834410
5.4901195048428324
0.1505510190963872
4.2134541283407598
4.1818994714718514
0.6394102028292731
2.0720419448980620
4.8564974119873181
3.4598252320732699
3.3047496563054777
1.7551471988230496
0.7749354658277178
5.8639298353305778
4.9541236831335622
2.1050691706043465
3.6807968768879777
0.0986374837770560
5.3046727535390508
2.5183332488626413
5.2964455253578331
2.6527072108627379
2.1905015282385354
0.5833391628950820
4.3531833508267912
3.8596635817604219
2.8378015990258985
5.7605401132817873
1.8312989197013225
4.4082237719337956
2.6722120306758015
2.9559479699158353
2.2023891905451549
4.3244709252630091
6.0158173969963169
5.4720537470313948
3.3799760596163635
0.0134864324085011
3.6099204832319391
4.8832258505153092
2.1178239478156100
4.8566794104045954
1.4548738833467196
3.9769464129165883
5.9562113787666249
1.1332693861127860
0.6771986488207128
0.1309265625436279
5.1264848516721635
3.7662672383887053
2.3296512246639205
3.8214309652436298
0.3833240623427506
4.0488225888538087
1.8489194661655040
5.5632062220332985
3.1241061102398806
1.9153048958345062
5.9324001682101324
3.9339074617275864
0.8765967331611443
5.4479442212438256
0.9930950020565898
2.4570673661388596
2.7637580468231255
4.0150569697764054
4.5811438018347923
0.9432221544117160
6.2114265437357030
1.5697400609308352
5.3742049365024736
4.7900295310949979
4.5385903099629301
1.9080873990921103
3.2142458136054053
1.3584357246536940
3.7340453556071576
5.0941028910632520
4.5579343364503782
3.0351012373121011
5.4856883172207818
1.5872019854138577
5.6896192780657184
5.3888626174988019
4.8546200409971858
4.2181478761744735
3.2488133977945295
5.0984345331093248
4.0314785252686045
0.2014232171982782
2.7750914734399705
4.1467916663311177
1.3601249363791617
0.7933107572862239
5.5425097280818152
5.0529496100217832
1.1103689848305489
3.9092048607522636
1.9122573721326173
5.0275533801393522
4.2899232759721251
5.4893671629708685
1.4859348328744544
2.6031413768032756
0.6781249258966989
2.4781586224501040
0.5252623028073012
4.8803934949920453
6.1740760865846314
3.0833587293682441
5.0446126104089855
5.0868903789545188
4.7997975970444466
5.7786431716367606
2.9399015027487634
6.2486794050954897
2.5254584270631564
2.3843618565926077
0.4498999038020612
4.0304181435662363
5.3682682062637905
5.6725961885109131
4.7394291850704215
2.5668104504596294
1.9265490113465353
5.1214504644313896
3.8990030793986028
4.8596560832567688
4.4923798059253404
2.1869024121016167
3.8028926512420007
0.6955282795434470
3.3676986904895103
5.9983325123659315
1.4176156991824598
1.9742165680293204
0.2887852997560987
4.7444673940296473
2.5879911180105761
1.3980938307577619
5.9124504150785953
5.0589511161501779
1.7103306740974744
0.2467932946764392
3.6950310113302063
3.8674108527486268
2.0058775461380449
4.2840846842632860
4.6790787012268433
5.6468391080163487
2.4821508864180997
1.5113478591937033
6.1820415870659717
4.8613864113214289
1.6418843032896087
1.5746927470079652
1.3040481711377538
6.1573783541406248
1.3224914887924790
1.0325687267304151
1.2243322929166507
4.9483954284643641
4.9168914624581435
4.0908463053625024
2.1161308283063152
6.2515146398432755
0.9512482425881168
1.2938206466900664
5.2484194323243303
3.1837332316741525
0.7891825385833695
1.9128604497066284
5.8387120523402736
0.3956161381029506
0.9051892238806698
2.4396419956188917
1.0397243405766605
2.1020474644080394
3.1545873360203376
1.3617856714639596
5.2880365574802726
4.3168221793068131
6.1652274487623435
3.4575286639476537
3.7517768298113316
2.9216803752136462
3.8108599140375712
2.8885754190334598
2.8479014101323470
0.6917203099377920
1.0997196223143959
5.0467499952522532
2.1855725217118889
5.1875718272830591
5.1809594165336224
4.5540712541465815
1.5342336508974750
3.1627107705321134
1.7327787975463607
3.4583629290794557
2.0298597393257904
2.3211903702927805
1.2194608725157809
5.0153843695368803
2.6894121708678158
5.0404950445109646
0.9924671913896521
6.0990112896875619
6.1501990740310291
5.6044660839195135
4.3762742898526055
2.0762574521014945
4.3003035545884378
0.9358985743526594
0.5309642246386798
4.9309920811227848
2.9190442322655699
3.7329099686311977
3.7030115170097533
1.9816540118199624
1.9463366967138032
1.4143658206025855
5.6339335661936021
4.8020139769028098
5.1652748428847799
0.5326425723586793
3.0798834566847622
3.6288450346411398
0.4309753940138437
1.8153321681298904
2.4960241568313459
2.5924144907274145
0.9643443288850604
2.6374731966625733
3.6276431507802522
4.5636584425510360
4.7795377913728521
5.7466673850092818
6.2256180865292796
3.2541497676424749
2.3986125714344650
0.6944168850257464
5.3803635177346063
5.6812116491722167
2.7706313759322532
0.5858464876270363
0.6673495266737290
2.4615580607306549
4.0878048132698677
2.9514168572108095
5.2806338496368213
0.0043183903297271
5.4890079078820735
0.2570761755200085
1.5507470373132708
2.9609915180352697
3.2727155203117855
5.5004011719240848
0.6215558027410671
6.1756000820309493
3.3675816531966558
6.0741096188979693
3.3166763519292219
5.9817568713897398
2.7488524141966977
4.2118364993053348
2.8630210550431738
4.6787088424134602
3.4643288592776438
4.1862162704756756
5.5143475227139565
4.3045380759991181
2.0891174768327785
5.4031449255981387
4.6377020073423845
3.2498694257137539
3.3370177323302586
4.7303671376378675
4.8277196461601930
3.5081375124279042
3.1108712488676376
3.4687339942012279
4.2904887777468090
4.5374425138452565
2.0318571391384914
0.4738540513940343
5.2464166572859714
2.9213303357321045
2.2400586508548641
1.6387337973558922
3.4646321259228805
2.4865726511516173
4.8337763348157745
3.6773747226832132
3.5356475519085544
5.3575205225711642
2.9619196895567734
4.1219567122863285
4.9597481511387116
1.9527197596575812
0.4483991129804258
5.9734747880882200
5.9626659896340088
5.3686055658800962
4.6151850806024175
5.5277648204680947
0.2684595752116001
4.7746712670489888
0.8047310756170383
1.7912722509951700
1.5852142874886701
1.5577325456614282
4.0879386502071542
3.6569746023295440
4.7118227802582284
3.9559678956080142
4.1643387072030214
0.6191520348067352
2.4138801900084133
6.1652257079736197
5.2514737772324853
6.0796722570036525
1.3178634095723794
4.3771893887355295
5.4332692782386669
0.5592848423988683
3.2153523160244655
2.2105310134279854
1.2716323331851926
6.2718564532167562
4.5148689536668991
0.1718399986074194
3.6067718172878385
6.1171106647899629
4.9129144192955927
1.1139789483390106
4.2407339390679590
3.4550240694625405
5.1532187102233902
5.4411998172591973
0.7637356223592159
2.2503000146657794
0.1422851828245518
2.8960803001702180
1.1494867349614712
2.9257547686568164
2.1393421958302081
4.9336410308642558
3.4704227488843569
2.7440237080860705
3.8132611128211269
5.5297076600074373
4.3497537790333585
2.2440565992639123
5.1564037182968114
6.1575496523173872
6.1169918895321933
0.9069180251782134
6.2579313084073060
3.1071517844844627
3.1163902140252420
0.1654736460484760
4.4857370115357025
0.0244725088101977
0.1277298995202785
2.4335526925010460
0.6145550461110849
4.7100879947505625
2.3464845367995344
0.7320038037877653
5.2350014273082301
4.6982732953653299
0.6836596515746561
3.0338198171629904
2.3144825450449442
2.0600876129343737
3.7542826885920833
5.6693124891848736
5.4471398352231617
2.5278594209664771
5.3281379917385285
4.9472690866631730
0.0807341794186527
2.3681976295053873
3.8122767174792593
4.1274068516386020
5.5065257212073764
0.2920354079324271
6.2793415787007651
1.8347850083350656
2.7458140602736005
3.2913523550133674
3.1398938014279878
2.1462477673544256
1.1360012905375192
5.8613382892953769
3.4115628636211301
5.2480903033384223
5.1142087641430916
2.2765818108448532
3.3563983046499266
3.0617090699353784
2.2426397604074846
4.7087959832999617
3.6409199328227948
4.4682217156457753
5.1947428945735643
4.5606874804261466
0.0134383488316546
1.0925719543497652
2.5973943068013283
2.7615694236638095
3.3406422110363572
2.4101563301682569
1.3429579083284549
4.1593149256816124
1.9356531480160362
2.7369316197227818
0.7587514261083959
1.6454492737277375
0.2866507067071787
2.2549788017641825
1.6819919901080125
0.3352287423320090
0.1323041546932302
3.6496289935816861
5.4426320301264992
1.0863290022452483
5.3170606328806693
5.8165337804997161
3.2333178468787422
5.2927051342501823
2.2100034819250509
0.4334435065179946
5.6382914399128659
0.5207731874383297
1.6925285715281528
1.4253043871380850
5.3864010096209105
4.3934004603685892
4.9980481547796742
4.6246572260672121
5.7797838047928067
5.3676541347750621
0.2938164864083627
2.3116427016661709
0.9038690714632827
5.5004421388658908
5.7747352435796531
5.2773915173998951
3.3542597197496868
1.4566206471450864
0.0220011634572701
5.8812517638844897
6.1956966837907608
4.9506126697448112
3.5526051485845707
5.5514497621954391
4.3959612014244325
3.4544671847101225
4.8136770390691739
5.2768489896872861
3.1186622692715416
1.4143703972374353
3.5528181279026043
1.5489482377827424
4.3058789603662699
3.5445473994327008
5.7359062329264026
5.9728181721897506
4.9374920204064630
0.1609048546574312
2.5078985447879987
0.8499224611017708
2.2665776964312592
1.2720794313298895
5.3033378571558325
0.4712257740028567
0.8085504425562913
5.5442370475270337
5.8770372433039215
0.1972489117618264
4.6702746954532435
3.0942113105726410
4.5366957844140003
4.5693610818607375
1.9957987179329488
5.6007742976888402
5.8030981944632716
5.3475118179538033
1.4301506048640897
4.8798144558423751
5.4450061722003236
6.1633943642882310
4.6002614400126980
6.2050913733368587
1.0156935395154041
3.5435418020618021
4.5154334458285685
2.1772661295561075
5.9271267164495907
1.4408815519362150
2.6779438455954816
5.5060425896716900
4.3538869886025369
3.8279629172949621
3.5695920995906514
1.3729513586036837
1.2671138761428891
4.5895097680861561
3.8729964973529571
2.7925907683577682
4.0630446593761338
1.8700463012863682
1.7484465328556831
4.8748534556152885
1.7407429435840618
4.1361504399287972
3.6544205674745895
2.3283415196091912
2.8676851828766048
5.0536396948023166
5.5007280544494535
4.2809152826805983
1.3360478076935796
3.7361862643735213
2.2282055263290972
5.1498573046576954
5.3868203981428273
3.5932371085367856
2.7902332809733754
6.0527922230518234
5.7578150062428417
2.6956563816796355
4.8880673410031106
5.5103175698784277
0.1287842558136553
5.6988039076456545
3.6738541505190554
4.4576074375147794
0.9462374641142347
4.1241927526537445
2.7075729721110999
1.9198634012406894
3.3517584868063133
0.7288844215879953
3.3592977446445413
0.5160063863607650
0.4643077593526256
4.9213607355658997
4.8708073383166122
4.9384300156982199
1.2186835368067779
3.2036135786794966
3.8846385344709566
0.0724527284277324
3.8461940037168341
4.1928423368795604
3.7565389455070042
4.0375437933007179
4.4929960928557948
1.3483317648656714
4.2276367855317085
0.0603448890899262
3.9721398638413086
4.1318725760212160
5.2137649963512498
2.6965537995753843
1.7260264481579566
4.5386415430758626
2.8351556184843978
2.4548133738065387
0.6421865396114540
4.1476210678918637
5.5714932902957308
6.1102553169976987
5.3932344016340199
2.7917070100131705
3.1357782523874236
5.6465448333027783
0.2061136353712907
2.8163502166103349
0.3712490064556510
2.3632960187235086
5.5792007792199181
3.3905677096464819
3.6101410227328525
5.7774895261431789
3.2500760325852038
3.1303707591418197
1.6364382570916609
0.4511438425550693
2.0621147775878699
3.0032210879751564
2.4372431989900636
2.6018914392848718
4.7774253799644235
1.2007492619754541
5.4269135949337706
3.5189314495993238
0.9058483662563674
1.0222700270992895
3.8665594057541153
3.4191567470415487
2.8412770221014432
4.5422051337098228
3.0113139929475756
5.5587846972817507
2.9710009232804184
5.6903113051926404
2.2788911820226705
2.1231395068467607
5.8471197137791222
1.1875252806640506
4.0614052346573493
3.6525009284727172
5.7893436067390081
5.7208922525053767
5.4260883352919222
1.4508428843550587
3.9957401364486507
1.5974998620535372
5.3625863955261206
0.1854551615249260
4.9410799583599401
1.5320921207006315
4.9967162532483256
1.6715848389822048
0.1204980699592234
1.1889907783531559
2.4767374271042137
3.3685795739129634
2.7397067726402216
4.2211866260398807
4.3431909860469373
1.1895845141949291
0.0910756984955496
2.9925528469189553
0.2931126386512083
0.5994846712935772
2.6663195573663225
5.4232640097074238
4.7903616504332138
2.2767965214190107
0.4574192655552283
1.8904626109936489
5.7875335954502427
0.2244322738452726
3.3479099275615445
4.4205680054991765
3.5368227346407641
5.1659303789568840
3.6841700495145027
0.6686334944288936
4.6006274463440819
5.2933180185235944
5.0457969690595172
2.7135669496246697
4.4640693701411225
5.1106002624621203
0.5790097260929309
2.5080464499255180
5.0277825001029699
0.7578634797696743
0.9103170034335328
2.1223221769483125
5.7343722879993013
4.5791213473217933
5.8904579407116548
0.1913871958723576
4.9106107481115311
4.4245378964048765
4.1947328946435949
4.8834704278344736
1.4774905901503435
6.2136645645639597
0.3923360560206418
4.8385885417831096
6.1496490654503368
3.9186046136457646
0.9197296621176174
0.2946773871411582
2.7779947926672479
3.4027057211913818
3.1533159098305199
5.5391971334696475
4.2106813148266351
4.6327385370935561
3.8730510714954507
5.0588643930872195
1.2442585238808761
5.0338782511392788
3.8358611273720271
2.0779310575730507
0.0501250875141455
0.2691158522275945
2.5243118187377092
1.0172265320023099
3.3777977661908380
1.6544207339671122
0.8524492481610986
2.8563692352191872
0.4372968090158130
2.7693848803505152
0.4630074607326851
4.3500068144961430
3.0186146900884596
2.9546335174708172
4.6754177512900137
0.5850487229479195
6.2523344376766143
4.3839806874782115
0.8432997630856296
3.6037607205418243
1.4969534065936172
3.1414000349438194
3.5183430202971779
0.7827981091403590
1.8983209369410938
3.4576578074917079
1.0556063227211103
4.8228595282016320
1.5222606521369673
1.0701237031642230
1.3238912646529029
5.8909309222868069
1.4665613750916686
0.4213709326675220
6.2673799322819681
3.4099568725809011
5.9635954199242516
2.4879230759606314
6.2170471974880392
2.0985934526192653
5.8658811395257375
2.4791078909166400
1.9417378110497725
6.2425036005975230
4.8640174565465006
5.8997398107326910
1.4681987775152847
0.0239039265466623
0.7395746290401644
4.2845576955531071
5.3138003031392387
4.2391263337849958
5.2307741752133614
5.4427474177846014
1.7068018340689859
4.6742832906652447
3.6388298949589979
4.0511714009786477
4.0673461445196821
4.8691834026588934
0.6136145323672135
3.2943804631332680
5.3193262281981006
5.0505693071573967
3.7204144859453865
2.8991322597551341
3.0877414377397683
5.0519644522331832
0.6001734368502131
5.7441565118297824
5.9557880021340681
2.9271750934534388
5.6197722967769606
6.2265396268806663
5.2548959435805438
2.6774498070376849
0.3087130751812335
0.3717114013080425
0.9533601367069936
4.5132553475347397
4.2515551131279929
1.7431965539785006
1.9825564215473070
5.6359792443307839
6.0384132833705007
5.5996185271296355
5.6260712325010633
5.4006510408432593
2.5305173649398891
5.2981215293757193
3.1399119196755931
4.8203781457983421
4.2199706960219983
0.0409277153766305
2.7398732747183776
0.4533353742684351
1.5072008489041815
4.6990514118719462
3.8307855160424080
3.2675129913583070
1.8020865004735163
2.6422389758521807
4.5862366401841461
0.3194711029548462
1.5290512674734507
4.1384366772215353
5.5781846299145084
3.9787267025968127
2.4360359123172612
2.1738744953471185
5.3172879940565645
4.7893343723519042
5.9954255968079515
5.3529796416498607
2.8287513029151024
5.9707846259672772
6.1714414987659056
3.7217959811572756
1.1932219460636930
1.4945667871344501
4.2730191723054780
5.3206805644109556
1.1238296140019433
5.1229423481243455
5.5387637864129360
3.5947451770078236
0.3217497934309285
3.1105143831294910
3.4228558289454418
1.8331576582798894
4.7256276505217896
2.6663810762720686
1.8471289982192474
3.7694356644020703
4.1952692041820177
2.9187056972176944
2.7758240589851675
6.2642286426542029
3.3033584116169412
4.7296822460832093
3.2180916363669003
4.4817207595461568
4.0746100264995651
3.3579211771226669
3.5363980769090393
0.0975198321347806
2.4887272403524547
2.3969105366545316
2.2477701042615208
0.9468866430190781
2.0432477888084715
6.1897367745047847
2.2266440822209481
2.5048115636902115
4.2190116212332276
0.2915246960465094
2.0036497159653757
5.7121466463510204
5.0278248297971606
5.9891872395304384
2.2507467848607288
1.6986527456200997
2.9651190525762674
1.6023424446217225
0.0304459815283361
1.1038261430648726
2.2871416204259578
4.9797886352876963
0.5129796200460540
6.1002370831185990
0.6912744742140700
5.5121537342890843
5.9490052598253405
0.8730595930587910
2.1696000430006124
3.3332907778466532
4.0817525644068606
1.2425117599612925
0.1004339944576918
4.4502223152058002
3.3205854292409884
4.9533447798670718
5.0553326855298479
2.5202261594526036
1.2018597419681887
6.2784333025913268
3.3265406150298324
5.7719669415164363
4.0728874094677980
4.5624687953703509
5.9679522450431888
1.3714305640239510
1.7890126987435762
5.2656052025680919
3.3917174333274347
4.5017350884778047
6.0611523323676044
1.9259097534757290
2.7557584097004590
0.0332935579093538
0.3275288662182357
0.7579245978626680
4.2238681152000819
4.9128520350798812
0.4625649163512707
1.2231582873490094
0.5551058523434621
5.7231926329786535
3.4893636580380867
2.6082316111606945
0.4363795582990609
5.3518233684261274
5.6053041309817511
5.6873415642450231
4.3247592709621170
3.0388520871469074
4.7112391209603519
3.8721965409411987
3.0368102093690004
5.3075090121754256
1.0705331949043995
5.0872668903513949
2.9157635587415149
5.2794664613330742
1.3662066524477490
5.0085971480188034
1.5648454811708996
5.7587695513392934
0.3343303444767729
0.1452327227280228
5.5548631052519708
1.9242339298862916
1.9257721087781217
1.7355677061478172
2.6670686939413160
3.4926951396970765
4.3318101713275823
3.4571392157864653
5.8732767718971175
4.5918303430872545
3.2143129365063503
5.1472423360026225
0.7123227569222929
0.1577953346583603
0.2319574236489367
3.3044141611542845
4.6446711504863503
2.8533087291754899
2.9488102043133093
6.0638227813090548
2.2512460597070296
2.1250293563677447
2.2215352670600641
2.3955639051569784
4.0483153457194829
1.1855535319606709
0.2839508927270304
3.7744987986526026
4.0334698521908718
5.5186889729172437
4.8420163928168396
5.7396439920244688
6.0043606150266227
3.9769983983138744
1.5060327243296490
5.1326357566873924
5.9915043938778219
4.2964348108476527
5.5672889989397119
5.9340778217288364
0.0637798424776397
4.4436795550082557
2.5931331709052952
5.1757430986948183
0.9310851960842842
1.0201038792135333
2.2711995333195008
2.1506487974873414
5.7517941550964933
3.6555996320459081
1.4629120234192368
0.8151517618182909
3.8294998847033268
3.9570712327459465
0.6557364201975390
0.9786364143802493
2.3596688584041718
1.4208691619897023
0.7985797295025847
3.2870501345930743
3.9979422976477452
2.2952794826174250
5.2396672011519430
2.0391383115359507
3.9471928166277692
5.4912123968061666
0.4403047236173881
0.5827415119710809
3.1089909360706662
5.4407335201470906
1.5307310466078141
1.2019480792663144
1.4221758361328618
1.7728564553215933
3.8602290826760175
5.1532229910465031
3.8608854172989315
4.0975287397651288
1.3356931857516521
1.3906918905789860
3.2317560293981917
5.9416597925244021
6.2488558855950949
2.6170552585897329
5.2965792370018763
2.3008292809920730
5.7725628252426198
5.2498279236880787
5.0242928449652329
1.5567660857555912
3.0614946772273988
6.0789735517610373
5.1833911643277393
4.1906608216791374
5.7433925548069791
3.0273113410603174
5.9976350090899224
3.1628517548180821
2.3506238868843132
4.1313402261264152
5.0081817358030820
5.1745253068606507
0.3286857851437347
4.6690026828669779
4.4480052617777401
2.1911177526208063
1.1749094742775619
3.8140407853135190
0.5966322484250902
0.3983974814567208
5.1350476578886575
5.8506511425172700
5.6731780769585685
4.8789858857764434
4.7563259066382209
2.0699450218190423
0.3334778809192457
1.5073344022354127
2.1771489219287887
3.3885373163368433
3.0237732531637600
2.8351682679202952
5.8191017516398595
4.6282688124967519
5.0963864802093228
5.8060040197450684
1.2377728508661345
3.8099642981435373
3.8319458067939598
1.7063169127070814
0.1517362788609744
5.5909917838423064
1.1148640624058070
4.2971352567500318
1.3990273372930153
4.9304904366531268
2.9068112674051432
2.8192893890939734
5.7700409643140569
2.0418925970624011
4.8284583626994300
3.3792726028249280
3.9738136790208372
4.7346750748525572
5.6102445878903913
4.5220468325220535
1.9647124165898546
1.3330250143924771
3.5073728006928486
5.5178310027244226
5.5411678256791168
5.1263507695075869
1.0707598050670382
5.1860775746583228
2.9619440581040011
6.1160143479283686
0.5623383579928430
1.6067187158846841
4.1051892273245398
0.1416510659684473
5.0833874601996216
2.5013894788926669
0.9596091240512623
3.9779899473626852
2.7426002059764354
3.3597100416973587
1.0082899463506980
3.3340085777808750
2.6558505434911601
3.7488526773610120
5.0768851671638791
0.5062059951400003
5.7381256684808895
4.7902396112815477
3.4242511956463617
3.0175147278739494
2.9170676089057297
1.8395519687519404
4.6507954064989523
3.2309709856564934
6.0532435344418474
4.0784087462439880
2.4647994194264999
5.9323634577631470
0.6138370411191648
4.7937763143038969
3.9807498601312967
2.3844767615696729
3.0755505460645725
2.2246602871490575
1.9798242157708039
6.2401406767692427
1.6749570829026792
6.1799191745923254
5.0799983434283247
5.7302046082405820
6.0233654695187928
1.9880287181805045
4.8135342807647312
1.0304611068331149
0.6127721468130016
2.1895695368017773
3.0664744007082252
3.5644713793222844
5.8723576315706447
1.1996789575638818
5.3044324583378559
0.1663472594609890
3.1314307723415040
5.8499800675393470
2.3949294409467394
4.8022115850397773
3.3848678695442036
1.4092308744922877
0.8640001727004384
3.1994723564764440
1.9828804823095270
4.8462892735999459
1.3983281660967983
4.9873173942975644
2.3724524514580962
4.1263100270731048
3.4804286723764055
4.3086779193788614
5.1073904578672504
4.2273274246865302
2.2564949327518304
0.3435286611537434
3.0205409519129325
4.0166616433501936
2.9351375306512217
5.4485412559281254
5.9159237554760207
1.5321714823984469
3.5861440590317182
4.9409380062143047
0.8512996747949442
0.0871034741143597
5.9654541483606369
2.5128475304968259
1.2614660909856785
2.8176587352732980
3.8937632206284518
1.9587389573488121
4.4892016551815690
1.6387447120257999
5.0426887768266120
4.5098491284657527
4.8297806430163064
4.9753655449463583
1.5685529552416926
4.2758351537680834
0.9639139026566760
0.0984059063325240
1.8912551444480958
0.2287850778634819
1.4656308015747501
3.8348813725184141
4.5520762504541343
0.3108966666046753
1.7867543599580087
6.2269887409072373
5.4676198927430288
4.2819419093359361
1.2885357621902485
6.1111544615320792
4.7591978296315034
3.0887339174323443
4.3358144312497213
0.5831501374211152
2.1120519879488828
3.2919261040710448
3.9727338725552799
0.3811816791166689
0.3506304176768069
4.4207962035748460
3.4114160793295456
5.6550604316406918
0.0820461794967663
1.4230833848976168
2.7201541933907802
1.8027310914472705
0.5240285146472318
0.7352180830483078
5.6368075145087424
6.1365211248350890
0.4430460303970408
4.7021872315612905
2.1989815501874923
6.1520234955219131
0.4441110177578751
4.8472071075530225
4.3279451183517947
1.1731365708586752
2.1438988147724589
5.3065372851504566
3.1316673374206156
0.2139448688392395
1.1433089826971052
2.4965681551471128
5.6962295554357976
6.2642440196679861
3.1128664375038588
0.3396045907652586
2.8155628333254534
1.4953582990651999
6.0113232566032035
2.9107375251271375
6.0983737414716028
5.8012865457136540
2.5289901006027349
3.5656901666955507
5.3882721784638878
4.9848195482025019
3.1652100697743459
6.0535976895413208
2.5357481973850349
5.8165448468478846
5.4891551727011061
4.9441598220644787
1.2130874387974264
3.2427059501159672
0.1358100736650200
0.2911684439905840
4.7488489626580090
4.5204795046843556
0.9000196610843033
2.8116107620515334
2.9430134170940772
2.0320385944266754
4.1851776954244659
3.3820686873534611
2.8635020707379453
2.1088925657931643
5.1510038700222029
3.9636271211115282
4.0152355180890309
1.4922528750912119
5.5429254755664132
1.4277745946405356
4.3346641042815861
6.2648820962448628
5.0918758976460072
1.9053755814588069
3.5683731691279124
3.6335005255332216
1.0648699833001378
2.2901623664293762
1.0834773981104779
3.9129884831125046
5.4053441414728152
3.4382695089690332
2.8347831499230205
0.4725987566054034
0.2362514807432879
2.1534580494778566
4.4454266929236725
1.8432773352350980
3.8857787714791892
0.8140215560130178
6.1237140861190875
2.1344489338997326
0.0969620076630565
5.6866940295043245
5.4276152345660345
3.8519963614951629
6.2005992880655283
4.6614288524589043
3.8466120408583762
0.4319357986169781
5.2132785650552522
5.1275995404432670
4.4489574803199936
1.3991697821732600
4.3352021920012671
4.8189505852230194
1.4026991955762080
1.4028777851833392
5.9239110423216825
3.1166261665356161
0.9965944934220425
4.8959773907092785
1.0406107358518477
1.1922011818274907
1.8728124982974264
4.8554133953059058
0.9065389125965362
2.9562311383139099
6.2229162891028178
4.6138842765141463
0.0503780245254965
5.2855597254276550
3.0213697775238990
1.7567174886262147
6.1438942697359620
5.4253189631572445
0.7006644965965116
3.7148699460102330
0.8201959694278957
2.0239247304713315
1.0829288818263159
1.1228068484885962
4.9585454098004753
1.2649567383008777
2.6100378634117067
2.5454646512150698
2.5888541328367265
3.6972834750956265
1.6687866910880829
4.9753271597604174
4.7587583534075186
3.0175358127885010
2.2185422490940176
1.6978510300023730
2.4951909262286720
0.6278157112778192
4.2303403156825468
3.0816335203957683
4.8168929877385702
1.7601011079203621
4.6243309252300362
6.1895735727267134
0.4544875335973582
3.4136940177813524
5.8761681499763077
2.3938665660199008
2.9199042807092761
5.1629682331296243
2.6563797542626220
1.6652881248414872
0.9981293332279049
2.6758102290817454
1.4113492397526324
3.8018241346459907
1.9504229116071126
0.8091955051622405
2.4240314019935867
2.6982867396466141
5.6561607925086879
1.5145939065407772
2.4826033689726832
0.5039947851163352
1.1549189613199782
6.0862179322057139
1.4973665099907569
4.0593223587905003
4.0696765371082719
4.5912945361387312
5.1016590295617323
2.4757975664369112
1.6381210004941904
5.9497348076193406
3.2344037162061090
6.0972042259217147
2.0015401778449289
4.0187745056481043
3.8238476537900632
2.9525871261103647
3.4933353129337541
1.0016743799473440
0.7784901301402772
0.3881062612467237
3.2741571361229811
2.4618955874433701
0.2927659774738041
1.9993432228901742
6.0016625294753618
1.8144425784173985
4.7127623195916417
2.8346585103027357
0.7957752572717970
3.4259089892061909
4.0397703283848774
2.2334959695080783
2.1863629248171699
1.3848719477197102
5.1741075173930335
3.2388015171818489
2.4889608693768910
3.1644866895546606
4.5274510994733195
4.0746020782491064
5.1071311686562089
4.6399502958470284
2.3480724235310579
3.5187294323060536
5.8081273576415811
1.3957156755249127
0.6126556026723048
6.2138368171866363
3.3400736910647453
4.2216970996449605
5.1737392127123218
3.8754340465820580
1.3608178372176210
4.8387080030290859
4.5520360810829317
0.2463619078123855
2.0791666729878746
4.9556808195237920
5.2741401828835599
5.6204847586568922
3.5736135243093479
0.5460900688406958
4.0615534800884614
5.6315703388190261
4.5490460882132302
3.2826406645379329
3.7577267311926641
3.0921536695598504
5.9882838892082901
5.1413729950695632
5.1835284661171626
2.1484755021034525
3.7161107755067193
2.5808899315331169
0.8534216268451311
1.6893343637715079
5.9248478578216952
0.4542747091654711
6.2521707813873331
0.0365928430916173
3.5502988433832590
1.3587897019449682
1.4935791396688480
3.2523859643532811
1.0667716831745795
2.6585159075468545
3.1165403561440082
0.8049986015074376
3.7127352885000602
2.9202359195685261
1.2545391335265994
2.4644104930936979
2.1111444872933278
3.5984700152129303
0.6845766347029867
3.6710689324079122
2.9274409148505089
5.6140792196391720
4.5566919248936024
0.6492083607087799
4.9020564220722145
1.2085584152512097
5.5342618012254725
4.0140942116901632
0.4458350187061946
0.8838560244123760
0.8002290181705956
5.7713629995634816
2.2978891944963191
2.8290809209430074
3.6384934624187766
0.6022314736372099
4.3240666057403203
5.6308690801945538
0.5967548006029552
2.9663118434500437
1.9970185503501034
2.0468102692261190
4.8496526143676881
2.4534716929948859
5.2851469424046140
0.8343844585668134
2.2356892031033331
3.0963560861020034
4.3179696112637975
4.9902907161768741
1.5859564450840202
4.9685964110397265
0.4403876765543145
5.9398132799371473
0.7669080247815074
5.1040310839244132
4.0976807605116150
4.6850506412465851
0.4975648300657818
0.2357863760575390
3.9538529532275182
1.2728339281144119
5.9781182876402816
3.2358646844331220
0.3903450239600297
2.5760547613885287
0.8580607431274646
2.4668110883190169
4.9220070880966231
1.2168293433115205
4.6166819538546946
3.3803681108776331
5.7414147272534617
0.0109927405199738
4.6574512155926930
0.1700354232592326
3.5724740679232840
5.6662696250870574
0.1131944448622521
5.0609346675917797
1.2504620882627144
1.7824553995429824
2.7453238442253900
1.8523873833228706
2.0922631385753849
3.6088982436820016
3.3395210824265575
1.0439256691331591
3.4221403884118784
0.0257774826738605
0.3465274899929419
1.9672910180773211
4.0730537611125728
5.6979381181477695
5.3224096856192853
5.3789287523688420
4.4001241452999986
4.9948313494538592
4.0657556103184067
3.9841202885617317
2.3188627954407286
3.4401017840661621
2.5139466197177178
4.2717735042798868
3.2861678642357388
1.1155924950619402
4.3689939427876814
0.0390808749814964
3.2580416542186650
2.1744383056510657
6.1382870167749939
1.8246928441991312
3.2978558218840530
5.3058702916797751
3.0268343731629801
2.9024683717643582
6.0826451953053535
5.5683401109926027
4.9554348373057229
4.6795531095714704
1.7635779685102071
5.8661854663677993
5.9488623205547331
0.8210515414282803
3.3684565372812649
2.5511001780843778
0.3071358864016844
5.1854707616542255
3.6167614128591512
5.1265310352890996
3.0804790793771923
3.8843538572116381
2.2697973015386355
3.7048299209081006
3.2166311909872367
1.9128796031323458
1.1441068348829466
0.8542869834014697
1.0320797360509868
0.6469164571575724
2.1777018476114853
3.3874484121524193
3.6949358887830184
3.3663224197699630
4.5188548386668836
4.9291200039613887
4.5966510150466986
4.3024700823950255
0.7065432347913874
1.9848623442951663
3.0869435422328602
0.7127801578913120
4.5735816589141578
4.6651254960497939
2.7913240821799890
1.7298023404682092
0.6083570342529678
6.0965189399780932
5.9915371859921951
0.3788310264208252
3.8026652499609321
0.9791038735885608
5.3543593233338020
0.9294656190281189
2.6848994730009035
0.3206244289388809
6.0626199247577999
5.1120233855894073
4.6161404495127698
0.3386604297104582
2.2975356454149409
3.1860656497415252
2.3687330065513392
2.9818719888725078
4.7680005878046421
5.8107062967582728
1.7752735742839667
0.9717541075490300
5.9215894313983384
5.2970580039873800
4.6374963222829360
1.8105271198221593
2.3829266960945237
3.3237537370543238
4.8088842232262277
3.4539716474786641
3.9354258404241889
4.3101106050787124
1.5589644320986751
4.2336113102927122
4.3509740446215721
6.1469485164923032
1.5115778804995661
4.3656047801767892
5.3552489574532611
4.2006409295630016
5.0089970837765483
0.2064093169482897
5.2769430244918825
3.9964064874978846
4.4487450523324661
6.1174328423343489
5.2528954609613985
1.7364581923508435
5.2862172275633936
5.4922078586228160
1.5968187183479614
5.9813870768152393
3.9650025625310921
1.8317562619008365
5.3263165293921215
4.7543022421006649
3.7211542835033224
5.8045241435672885
1.4782403808355336
3.1926016580923475
2.1656524298836022
2.1087822971871759
5.7471436594080751
2.9097511712437751
0.7178393546798557
4.8776597574466951
2.8577459138400432
3.4830456844069704
2.2882204376371598
5.4972682200820637
2.5396626203179098
1.7639253541190298
5.7198446988743701
4.0220828334099341
5.9810807438490405
0.9639940625478537
6.2053232442445454
1.9033756442197172
5.9101686808541247
5.5308094502682321
2.0524011817396697
5.3496738796716379
3.8549149320030773
5.4335911437512179
2.5284787938041307
1.3293266020500352
0.7557399593542179
4.6137411313687089
0.1448579119575443
3.8329006448365375
4.7843108949800923
1.4994302478141277
4.8410174420911840
4.7504888177194342
3.7835649098597131
3.2728215234413782
1.0423844718297171
0.1905359753983941
1.2931782439929709
1.0127138392504715
3.3106378705077839
5.7932437168045139
3.1725999363494908
3.0361604733347085
2.9869726227771869
4.7216945059076973
3.1951897381726480
0.0531163639986262
4.2636452891870693
3.9804287917419217
1.0861719872420890
2.2874267171940104
0.7692590779089792
1.9562678589622187
4.4360535204175990
2.8006947288208317
6.1833906076704181
1.5172074018518134
3.8189122262681328
2.0427757786771501
3.2759766989373973
0.9123231169825581
1.0345958902906851
1.6887241273720330
0.5914651184131352
2.8080419131693368
0.5485071185212066
0.8462659646531505
1.3228008895213377
2.0483574729285730
5.0406254536340160
0.9855801649876599
6.0632770835476748
2.5901825948318140
2.3414937159645302
4.0124916971495797
3.3614898466017369
5.2321963635458433
0.2675225707851894
5.8337282042283762
6.2426505027525705
2.9990648234465578
5.6236556039962702
5.2843282406224592
2.2885458105309948
2.7944686868061730
3.6526311992378933
4.8248068697716304
0.1652024809729227
4.0185594393556316
5.2607940992159596
6.0064914654226405
4.7016590990210281
0.7654402367176644
2.7655179147235969
3.3320590319530186
6.0657248053397996
6.1723349111245422
5.7403045525747913
5.8963047958236849
5.2744384319497648
4.5587252894514441
2.2173270275428263
2.8744676772047750
5.7774072699145114
4.4322866126666591
0.3159609890268563
1.1061167535956065
3.7896161329249023
3.5132692857430703
3.4398415709988557
3.8338609511957409
1.2559105779944753
5.3939538051399225
1.2508032465426391
0.8501050280857293
3.0685282284252215
2.0887749930916004
3.2780809886685933
3.5315338399154124
1.1502483956037879
1.4622137626617642
3.2426458345957725
4.1698128840625879
0.3698869624589574
0.2051479755708117
1.4010853350110006
5.6398107960401243
1.5544740371179784
3.4616141657839039
3.7878098237106514
6.0299500378818394
0.0553848714513253
2.2634990353143007
5.3943693364980589
2.8647385218792651
4.3771911474520273
4.4388644734603009
3.3981871783697928
0.5486750394106643
3.9759337817704985
1.6103500086832891
2.8384559294945313
4.6769079201038908
2.8586960286289487
0.1581882095489466
2.1001706574600072
0.7641765210612937
1.5973137534839703
2.3310260683160688
3.7275551401872598
1.5904395381209733
4.5939239467468038
1.9708207523913324
3.4034286465564310
1.0237719223453927
3.8377572039798418
2.4837425555078312
5.0790408145510497
3.9065011729151000
4.2733332040703038
2.3786478030435942
0.3290252967516021
5.9507149602228182
3.5908792849439521
5.1559187821328951
4.1687315091208603
4.7318158517041216
5.0083501988112653
1.7447147042264366
3.6089120751982020
3.9243455147001174
3.2454156788736084
3.2827816341239200
5.6708912183877187
1.2648028526135811
4.7548468934946051
1.1464289670578560
2.0952626559487166
2.5715048037123798
5.5969408120165678
4.2634001441712082
4.1288021920574067
5.3414615778690830
3.6353017685103475
2.0788923803430643
5.8294824056478536
0.1544022369172170
2.3609010202331464
5.4925592036145154
1.2701725730451638
5.3725739489642566
5.5486475276631575
3.7644274670431290
3.1016429602831752
5.9882600940217889
0.0768159624820192
4.6164480026643258
0.7746608903009963
5.6685266677919834
0.5570053251196424
1.6891257725463096
3.5600133640021525
3.6209120900098020
2.9414636557240339
4.6138546424844895
3.4967307644435408
2.7313160679616431
1.0588017042791005
1.4303406937576524
4.3114236331187890
1.0460491922690756
4.9535234886500943
1.3832491848386528
3.3465106233957695
2.0901534509633866
2.7854616520856967
2.4324416599432230
5.0909387111392235
5.2446748344657417
0.6889754714474831
4.2726089371925591
0.9094184250042433
5.2099138736871007
1.5096277806002807
2.7872532998655943
2.3860095217022184
4.7303103931632782
4.3233347283742471
5.5848918770102571
4.7717981542802992
3.7653771785183507
3.7398433109117533
0.7115401615171536
5.9483506924005294
4.4711741475361704
6.0152741100460982
3.4092820142417306
2.6439315032837905
1.8652516782496413
2.9386637589002400
6.2430290252929357
2.3643604705445678
4.0895987651230961
2.4765612875536420
4.2504321801031208
4.2442398900481697
5.9911205976816149
2.4281748165745500
3.5326343110282727
5.6304022804153098
1.0023594872166288
4.3927683063208818
4.4467005732792710
4.1079323192009074
1.7170739469120786
3.3684347128928698
3.7596541259293703
6.0407359235458769
1.9391851943997054
2.1387939809756356
6.1764913966978439
5.5340501587336082
4.7858274582134230
3.8402449942419192
5.1063137142784836
3.8593853210170996
1.1206800860548769
3.4996010532702728
5.6638085927435275
6.2576111433495321
4.7747095726486437
0.3716719463983888
5.8720237489593039
4.6431089083555355
1.0151489601127597
1.9549287576737571
4.7041352279433415
1.2159750467886494
0.0966380555342721
1.5726206508920995
0.6848805695167209
2.0620560962481957
3.9825710193598831
5.4118377864636322
2.0492684816593942
3.4219143076203840
0.3555078357869041
2.8319657987821407
4.7398935777190845
2.1286584525064258
4.6838151234513354
2.9864141933291917
5.5377052984588069
1.3064254035121947
4.9102619717153235
1.4276731153961189
3.1958701807342877
4.4674345944265754
3.4587633006692839
2.4644583097664827
5.8659739201623129
0.8934109836821288
2.7021422071213790
2.8508182066740075
1.7071514382278812
4.4200518307368730
3.5590576748379887
2.1467131064768852
3.2440615418151868
0.5081529005622699
5.3351970225702283
4.8561188258837902
1.7897095185451246
4.8287997234449813
6.2311901875592577
6.0312139655401609
6.1496944065706902
2.0501461170423068
1.6482073603275411
1.2007183542898530
3.7691978833692450
5.2175207590454162
3.4084733366019258
0.7599298888893493
5.9195698615796459
0.2054407814867354
1.1468970761437636
4.0435925448098002
4.6841190254485552
3.6223365735272983
0.8103437558930431
1.3146170050908805
0.8590033719619206
1.7361682936424823
1.0791671628447945
4.1601108966282236
3.0591033193283046
2.7084148741980312
4.4098358607298449
0.6572039258946483
3.9682227817117219
3.9087962847215865
1.4980009611393490
3.3771221828187912
3.8394541652916763
1.4862638309962168
1.0760879234538043
4.3831910746333342
4.5700227166431651
3.5460865453802608
5.6532588641932424
0.1988160193289657
2.9218011291199368
4.5120172059836117
5.2874950392320352
4.7906369153782151
3.5508713802897485
1.3382494763611552
1.5580043501779033
2.8494884442296620
5.3184439016500527
3.5911405143791040
4.9977760496587216
0.9770315288950542
1.4007322922228800
0.7150944214548000
0.1185499390196589
2.1824827733142556
5.3839549389034254
2.6403852574688447
1.8171738805198145
2.2527347231932953
1.5339427508391661
2.4235284349080248
1.5367421399668020
0.4384302362453933
3.1237262139599098
0.5324534279912416
4.7476530634532867
4.8900961760781794
0.7909234090454461
0.1425458520843359
2.3044082977349833
2.8601966900025686
1.3680225851581973
5.2344309047947517
3.8441940082096817
0.6874036895292620
4.5746011877113135
4.7793956942577367
2.2651220093799700
3.7072273136984859
3.1972474131299653
2.1172079177898508
2.0250739802309310
1.9857210120108468
3.7273592033145007
0.2462340180576383
4.6236728672171576
1.8988896160590458
5.2268101364784512
5.2968474312436378
0.5112835188763080
5.9825740180047982
6.1417581269727384
4.8912965155870252
2.8297952145344767
2.6594058260776832
4.8236385046981285
0.2406260658611775
1.9363399123051683
5.5989766750341685
1.2842682201103701
4.0658469239413222
6.1883906755290585
3.4449065424336025
2.6117757900104559
0.5328746535297733
3.7975590178636756
0.0616352928673852
5.1471261257440677
4.8760060531763401
3.8598533330741938
2.2421806619151101
5.3872102880427892
5.2523832181067469
5.5384169407330734
3.7662369375872911
5.5344865764793525
0.8830644215894836
1.3808704817943562
3.7174111107585679
4.5874730572368945
2.6959665512707343
1.3534575661364567
2.4460642135038806
0.6720110429228059
1.4743617526945032
3.2605070119366450
5.7791114535307111
0.0512008608907242
1.5295425730479866
5.7009178127884166
4.4010240963856662
2.8274720618904139
5.0511969246619381
0.7123041358893412
4.5663277200729571
1.7277547745400854
2.0266009721849305
0.6293325643444360
3.9719711270583149
0.4796748651536575
0.2245895081344949
2.3825883491443749
2.9781446506551243
2.4601732292038303
1.5311058915396074
2.1588179833916930
1.3262605369009328
0.2719268994601146
4.6923670096362224
2.4251432302057219
2.2073897422894464
5.4153306568676767
4.0361799704646231
2.7351913460612591
6.1961746758569527
4.0535621747737274
0.5521845369237370
2.1942287039854058
4.8142643862622228
6.0016899442235498
2.0323037594286828
1.0068692261371539
1.9959048009229095
4.9115705583955744
1.9782909437668965
3.0528662808578830
0.9523755234469753
0.5140700944921126
0.7960756262726579
4.3979131572737540
2.8285444682473768
3.3453453038960372
5.9166319983401969
2.4438407519771239
4.8008410878274388
1.3684242565614577
4.7456373699342480
0.1064239533738683
3.0474561913694118
5.9921516351753921
0.9138794540008808
4.1705886716993872
0.0077813859471387
1.7369634430306549
2.3985212303059744
0.6540661378630355
0.9423321703595162
5.5269401990384122
4.7716854738501926
2.6651138558385687
0.5464626291232869
1.8456080335059470
2.0497634342229185
5.1787703869932811
5.6104457138443342
5.9220872446399557
4.2763563682773116
3.5687341723979378
6.1273260548358888
3.6185304019096285
4.3453036982546775
3.0458916700709202
2.4407178298022796
0.6039572295726278
3.7409146731950553
0.1298954359629554
3.0320625503152669
1.9846478338900424
4.8202316654640267
2.7564499574603132
4.6901543595112667
1.6715512723524462
2.2606206211549789
1.6758856203983035
5.1397126223270364
2.5534344792311945
4.0164904134724750
5.0335559150243823
2.5559285392108944
1.8742174927536226
5.3274248977806433
2.1792408138442769
3.2878553937415762
5.5252656488798069
0.1558923405216034
2.8659559614720296
0.0244430738261675
2.4224386029215137
4.2978937590518198
2.2328505607256393
4.7047396225935101
3.9138635009906686
5.2204439459598131
1.3521292375027949
4.5952109331940836
1.2710104610589545
2.7452887752490391
4.2809983430313476
2.2694315014215305
2.3539608918692876
6.1839580190260177
2.3470968526157399
3.2740471172488359
5.9708413512826528
3.0991510723782776
4.3367103525857695
5.5223295566742321
0.4129012069910057
2.3617916952444271
1.9178487924954628
2.9315211294678933
1.1938898571152905
0.1680920223147368
0.8683115138492906
3.6955761022551421
0.3422755982884543
4.2987424965268168
4.0878308337638867
1.9672447681818082
1.1751983924160838
3.0733185691960294
0.2810899944189673
0.7854314011864201
4.4251058103689473
3.7539622164850104
2.1221715546374029
5.9248487483901808
3.4470363198093081
3.8281327532044713
4.3273868914625142
0.2103344993339329
4.2003027085187288
5.0669493560738843
1.5707565422933862
3.3562946465901997
2.1898063911327448
5.7472464119123057
1.4233420116183255
0.6828060674429629
4.2139071597691800
3.8379861989056492
6.0468539408488784
0.3214727351485797
5.6236428979890158
5.3402398486868190
5.9553060219259830
4.4257156362143704
0.7715614497620041
5.5304911558596430
0.1444271779436734
3.7268250178883870
4.2279288957878824
0.9908228969308845
2.4466943939601267
0.1679301886984618
0.3344485336308391
5.9748528966403738
0.8597979240702029
1.5797413498377595
0.2804128932884269
3.5285461348119700
0.8019717504403090
0.4438197265612489
3.9661449648144411
4.4020338924527618
4.8723021799387016
4.7029229467553773
5.4107192693830246
4.0337138428793988
5.3887164870667537
2.5675121280557778
0.0971210182198633
3.6778493183362051
3.5980141943244450
4.5599576370268622
6.0708315207989623
4.2483032205209321
5.6309393815988908
0.8488985971566023
1.9216826547737385
3.6369311030033176
2.6448578363441340
5.3643244980235867
0.7715074816706216
5.1256564457818428
3.8171814145557383
3.2278357086039171
5.7173667036173192
1.7099472400589322
4.5712082714912023
2.2557404249003432
3.2441940300716734
5.2020270673194258
1.5419869569474809
5.6552416486601533
2.7972510788331957
2.2682125383613032
5.7809966592528648
1.7581402604778433
3.2535954704486030
0.6466843937011220
5.8517143573178378
2.4033628307678190
2.6104291878214871
4.0371410240529251
0.2286917379601166
1.6210076789466130
3.0032252405697233
5.3172750018338037
1.3375738727738340
0.4103645261677640
3.2128993659534060
5.8415303032361514
4.3415747501567861
4.5767927836161579
4.1150979175552385
3.1485902975049274
3.1052960195630006
4.5278632580133751
0.1749902953460298
3.0543871786807610
3.2333215929069001
2.2156156824526145
3.4057579552810342
3.6096565696715937
1.6800129090069267
5.9335883521815012
5.0545328119798159
1.5484538908195387
0.9738289114093367
0.2627440322920415
0.6690912369102610
3.6531764308906536
3.6336687334731406
5.5898644275258551
0.7726905264267324
1.0149897578503686
2.5987289459469767
6.2430462927412282
5.4295760008478053
2.6898463316062724
3.3261110642841833
3.2519247166738308
2.3241181385224601
6.2781945196087827
2.2559586643780949
2.8294261658242270
2.5968696957509145
6.0616115730525078
3.3170151115659054
2.9085981028558465
2.4151881649279807
4.5371089216889064
2.1879322637035634
0.6640023694038044
4.6473581508092190
1.2512313374505164
4.6346333402876336
0.5935022652373124
2.2011708854045411
0.0453770219406896
4.5696964966168645
5.3789630432160829
0.5313368490391259
5.2049277481784459
2.9697290428450986
1.2866645007765849
2.5701295105578823
2.9094934551804328
3.5288741887814297
0.1366371146137720
5.4171521424871374
5.3800846501966255
2.6883825587594763
5.9382297471165053
2.6258334182081593
4.5007224757595017
4.6173673066467975
1.5609593898825720
5.9270445016768631
5.0287111144731664
5.9291023624680959
5.6835457735100636
5.6362806767468108
1.0577966893667758
0.8034900177370324
4.7269533202369871
2.0724393059420310
3.8878989881665329
5.5758579581125369
6.2735556729521003
5.8261462041594143
5.7170196828114532
1.6824114371644994
1.8104279925561819
5.0545023811535534
2.6809348618277578
5.4471708203875266
3.0589301056731282
3.2708604667693644
5.1163268653364335
0.4777237867289942
0.3093845309946706
0.8055248270569864
0.3087984271264253
0.4076152591192699
3.7227983375952500
1.5907862089493550
5.5968621896668607
0.2221620993754026
1.0892382904121858
5.6390146141219510
3.1399285905584597
4.9553555705784547
4.9061723340897787
2.8344086879906731
0.8873506899943594
5.6379312044519310
5.4150227884287832
3.3162458274123559
5.3322670430947223
5.2529187051685096
1.3819586239344759
2.2675945091582101
5.0931426893411649
1.0485452119693590
6.2421885277477989
0.0695570352543224
1.1206710042047621
5.1927313247003113
2.5736399231512603
3.9681633922093291
6.1663129601584750
5.1696182519020342
0.5837491477421565
0.9276415417548642
4.0660149772613625
1.9799812043779712
1.4829119940857833
3.3845075273933207
4.5823772273947680
2.3520857555982819
1.6840834428616800
0.7222433464856116
0.6297817269974801
4.5513437380653894
5.3965149967732406
1.4715743834298747
6.2030770128232104
0.8041081460874199
3.4676706620511299
2.7874498605432829
2.9647983292686568
4.8774285324859514
3.4998418352992946
4.5983404869528091
1.4171983206480441
5.9753894039311497
5.0013957333567998
2.4943985016899037
0.3601767619369665
0.9861432829466522
2.1486495951604998
4.2913626972349519
1.6453998924844322
5.0812827719574916
0.9899620903159185
1.7895706229092820
6.2254472517012891
2.5478228400292076
0.4166857714037529
5.1440117711390432
1.4882560105617426
3.8765095154581641
1.1716230880502738
0.4209149420708904
5.2223997000123443
4.9567177783405150
4.6797996557130883
3.4567425256113902
2.2556634235597524
0.0050650430574069
5.8322809312920443
3.9953344570007472
4.5327489225991826
4.4584552672393132
