1.3080248723870522
4.9041446973045133
5.0807736292176457
5.4718472074930569
1.6827738732595905
4.5133872336420433
3.2892756997795156
1.2527428887809868
5.6895167239798576
2.2119133489463652
5.9620991986260377
5.9884299624600947
0.9705300341605811
4.4393680365688715
5.5317595438048048
4.9216107517457850
1.3383243930016111
0.3645403302209620
1.0242168530724398
0.4162247172880553
0.4082629274810738
2.2806467389620306
5.4108433078901603
3.8686551884664242
0.9516576884946814
1.4237533923822625
4.1445477416034118
2.7117248606551358
0.5383240759384773
0.1512304765117643
4.9841748036011158
3.6368391233853021
3.1252729547312854
3.9779354346979208
3.9995785755373685
2.6861529128859321
1.7362229831470863
4.4722692676590743
3.7992483241737856
0.7754123860426273
4.9121423136800857
4.5593089419589239
5.4971700849833409
2.2136637358909024
0.1803735598420765
2.0452773065712768
3.4485411618284347
5.0543215587905843
4.9982346716264408
3.2836661787028567
3.4181402990995928
1.5828288130171302
3.1713020756113113
4.4182091076510286
1.6283605512853041
3.3340770469960743
3.3908789654999505
2.3532568233006002
5.2926083346472499
1.5099216185878488
0.4159100405876302
1.0603906314751017
5.6666511017929873
1.0064928008279572
2.8102780015860183
2.3102161105401362
6.2333561851873549
3.8145578166008152
2.4206510612363257
5.4346501335324682
6.2298875196030572
1.1770682401059103
3.6408876257827543
0.5495704153607932
4.0691789571534516
3.8004570535786302
5.3969143563219504
4.2125864260797439
4.6233880995523471
4.5346914920797241
3.7976666228293610
5.8006332161241518
6.0244124362291851
0.5878813007625991
3.1952874979233554
2.7701551360228800
4.6594616744162005
0.7718010214092164
6.1168005291130338
0.3375950045061702
1.3270765644718625
3.1264072480318941
3.9169753693804017
1.9773298910684425
0.6696255155302259
1.4951789381552372
4.3918303575707265
0.2512589906069675
5.6312905663360127
1.8442720342301069
1.5725255849815920
1.6944566354800867
1.0392905023728494
0.1924928211184970
2.0066282424594086
6.2501579300113521
5.6509297353802381
2.4622825976967264
5.7356735469611753
4.3908099586619986
2.6331900348287314
1.4278533986063429
2.7370668084161616
0.1508015832603177
4.3472365282458352
0.7704011072201714
4.6207178731764227
2.3106757660681874
5.6377535674642649
6.2733061430963586
4.9058589677437157
5.5433531214112213
6.1600254432561616
3.3583027790996636
3.0659592874394708
0.0944131168380174
0.1674882504700326
1.7222311326538613
5.3016442114171420
2.9497977374242859
2.4916858442459309
4.3154256774125850
1.9622539170770956
3.1361740322060494
1.9144348403765110
5.2697028557709658
3.1325964746255721
4.5873209366374592
3.9193218369193383
5.7504083220457041
0.6610127075602840
5.8773406730551176
4.3461049805608649
1.3047709522266269
5.3540587007981433
3.2148140096979421
3.8864650681026425
4.5936996206136849
1.6682709137013354
5.1356910544642611
2.9787286258804606
1.1558642011177245
4.9018006757816330
4.9479206062703582
0.9418000739759378
3.7957602860590747
3.1703280548775221
6.2577910199180815
6.1394741082966648
4.9238622165914059
3.2981623065261494
0.0727738392607770
0.1604905451199189
1.6556259361641368
4.7174812386125273
2.9059839276576271
6.0019677034312577
3.7473915007772240
3.8706651773214791
5.4616937592758736
6.0724850958901140
6.1192733509592632
4.4689972936187949
4.9919475291256861
1.6769014222646748
5.2350571834411168
5.5593370782794302
1.8344674826589535
5.1530332497375690
4.5564534731927964
4.0253268169669481
2.7218846159738503
6.0369803418566885
2.6044111434109025
4.8277141424299455
4.2358381573812647
1.6688576798039101
3.6679756406655093
4.1923010954031410
2.8528513442250278
5.7945163268810758
0.1521612361364245
4.7473559505140059
4.2967685979398773
2.8548421517846556
2.1569981091916812
6.2002978492333831
4.0084138012123525
1.2134749624176562
5.1908222099768855
2.7949489610481404
3.8165197097676828
2.0843435202199423
1.2354767724394635
6.0699334230599984
4.5345526118387181
0.5254260915792895
4.8741165843025236
0.3037135548260426
1.0814216859649377
5.4724042560650989
1.1341009809477645
3.4538398757337769
1.3397383263560623
3.8580079727862429
2.7539539915840221
5.6401299996512835
0.5654044179279203
2.4159607488118917
0.7181830161994899
3.2506059555992013
0.5287994640678859
2.3967337983831616
6.2725501461632627
3.3266741362033443
3.4843898413693828
5.3948438395714371
2.1461817910229994
5.3244972317422539
1.8917917442506493
3.0678537558255061
4.4496007472727674
2.9694057990730971
4.3180477238444954
2.1059989473040983
4.0832080617230844
1.6213979550338404
0.2876547306248763
0.5949107780381694
0.2000714372485737
0.5430374114921523
4.0767735024616432
5.1994122179193214
2.7349323791494915
2.6672628736282253
3.7246232029697146
4.5267542806768866
1.1470675189839592
0.8768936059200404
4.2056152341455357
4.0544760376545890
1.8052260053631468
5.7192516376331639
1.6183442274063846
4.5137976980573704
1.0783424306406151
3.3065556194422525
0.2126363746954148
2.8616278257997858
4.6963198481351469
5.1080460776279590
4.0696279068359278
3.3477292181475686
3.4130262198475316
4.4246899813564200
4.5782593361917927
0.8218432174485868
3.8117304356797064
1.6708418451074136
5.7980619206691975
4.2183709908716320
2.3930898432285388
1.1132771979881173
2.8904672398548570
1.5568749542133562
5.8918495980069432
4.1752600420828356
5.7950957054940950
1.2296030943126746
2.2608625181727309
0.0775122740238300
2.6406838743652385
0.7778529850329963
2.8142339498033770
0.7823067562652359
4.1055432096464965
0.8432336875251036
5.7190309996037811
5.7654143124512283
4.9450136914014733
2.9199415707100784
5.5820463741000195
1.2495768978418893
4.1818595752796766
5.9245023343989045
6.0388585751775725
1.1726594363239260
4.8123630965033755
0.5672452379364663
5.0739355169207991
3.9757367309386522
2.5169007467982154
3.4186492334439276
3.5662068078294884
6.2203822113830070
3.3511525243995943
0.5357153968317726
4.6877033664926717
5.8100367034301668
4.0296434784377553
4.1633956371546263
0.6574780985446246
1.0820848586216378
4.4473182744586754
1.2258442571588259
4.3856114701642470
1.1514741782043132
2.0093601525363889
3.1772910625607933
3.6989994121632241
2.3711845011700579
2.1225765866069057
4.0217279680067506
0.9476570460252669
0.9211810780413199
2.5232752369551208
6.1952880508747814
3.2652600455843843
4.3033956545510419
3.1200892967466487
2.3535410079573587
5.2782380414731973
5.2135377253649908
3.1802943042338616
0.2894961151097929
6.2242147140324420
3.0970712439391574
0.5874886819113108
5.7517382203844143
5.2650532761691435
0.7487544351819715
3.6354330606480869
1.4565199531060455
2.4558643921286962
0.8999799786717447
1.6828367732104701
0.6823752982914796
3.7134142575522984
5.7362120760354864
2.1865605751934107
3.4610907000156144
1.9612643469946183
1.8570969926188761
2.8226413847659493
5.8531102491118778
2.2037781032959929
5.3306516487280255
0.4897648077011282
5.8905551373303382
2.5639162470879775
3.1638567088814593
5.8721717550886225
3.1912977613424816
5.8714808211350027
1.9905563536851163
0.4222728660186411
0.7018362416796327
4.5727086637906851
2.1604368896246693
5.1770791059603676
0.4161088206284783
3.6189104567119896
2.8466503231331428
3.2193482322675910
2.6784846287266668
2.3023134898428017
3.9352563645894807
0.1292690887198852
2.2272253270263405
0.4989173159893817
4.6660171194496129
3.9855701636654604
0.8578345830790367
0.7307802754497816
1.3507060075044977
4.1142145484116277
5.9723013417763253
0.4496822602403525
3.1674706140216897
4.6537078401758887
1.8343034591969538
1.9905268270598322
5.5301082011571498
1.4856279585680900
0.6667558926140343
0.2476379073748393
2.1015721206088420
3.4041259170008185
5.0674895060512544
3.6323040734745478
6.2657515182864394
5.7480307431623237
2.7895073014651866
4.3777683569097094
4.6721470665750777
1.7880903318731090
4.3701574419407532
0.7710800380450571
0.5034435028108176
5.0025586842239322
1.0458577813064305
0.3757259315067542
3.9382343792158920
3.0101159830691322
2.0736377054485042
2.8756265028549901
0.5366429986068669
1.5865161959971212
4.7098567457890503
0.6987778188528621
4.7653076558865202
3.4155661221091571
0.6203427914412887
3.5931347330493284
2.8633267326270349
4.2783545933277640
3.7907339029514189
0.8854627256352511
2.8782953344415985
2.2777586680369621
0.7382026451569673
3.0388724637501254
4.1727768898486248
0.1686787201895085
5.5269451823421809
5.5064316583608921
2.2409694719444104
0.1759862676437205
1.7484841816998036
5.9266886861563828
5.4697327967689846
3.3330312689145458
6.1967059713837980
3.0300358361280653
5.7640008178241278
1.4877585633980750
3.8216976110668148
3.2916403467512549
0.9371201856037499
3.2383341043578007
2.8175007609198834
2.4460338523722021
2.7248352630118808
2.0847562274963893
4.7926497376610095
0.2242596383777932
5.6228775310861829
3.7092724980850296
4.9228658923532489
5.9498483726582787
4.8318994949508101
4.7517325593093576
4.7982452396590132
0.3853970655390541
0.1533667391016323
0.2333857626997870
1.8060660302142395
6.1767920218001802
1.5680091979085287
3.0421153504119469
2.1156035246517266
0.9968819301572451
5.1947424254554209
2.6181116250679186
0.0691367474975827
2.2271755987516988
3.1693105409250162
1.3292696474015859
5.0016549774549297
3.3962074672929767
1.4123930140632468
0.0656623010092280
4.5642609254146365
4.1171371888829302
3.0964995361732970
3.3699813586823617
1.8265188830306649
1.0542937130348062
6.1828837995453183
2.7137394077027355
2.4365915135466296
2.0317089285984418
0.4694046374067645
5.6471831121549201
1.0363429348873066
1.2291991488961245
1.0913767396669756
5.1487033765729269
3.4996035285803493
5.8737837870034024
4.5479255514410406
5.7586321626246395
2.9869331116442921
5.3565706260223536
2.5882236099624616
1.7610511861035070
3.0967544212304605
5.2743377532246472
0.2946525123611189
4.8008147372575980
3.3197897398842784
4.4884744533117411
1.7039563335512227
5.8911146004089385
0.1652025823464994
4.2354048608628805
3.1499278815236273
1.8172345231800100
5.5085675212815017
5.0957414008073592
5.8049563818563605
5.7476645137595623
3.2150439125394445
6.0097644308778539
1.0855313333451309
2.5060514150466688
2.7973652008844994
2.3630285364186601
4.6482464505729455
0.5801460749774575
3.6863894152806926
0.4892871728344131
2.5953872914950669
3.5533887684504979
4.9725793274614807
4.2316720418396603
5.4986773784806111
1.6657780531456823
2.2351771967603966
1.6488820278418390
5.7819828450797361
1.6490069723714273
6.1176309250974432
5.5249909082871511
6.2427790561179783
1.8688066881335526
2.2435509359748504
5.5422187985214029
0.3164978512396837
2.9371537261635710
2.0621938240248854
1.4917382123426817
3.8999454827435684
3.2202096658837847
0.9107282292665899
5.0300264237804679
4.6722475897024536
3.9616537738802355
2.8517386662280568
6.2649113710768809
4.9184284465662191
0.6353472258353914
4.4890948720147907
5.2491756449060896
5.3065654051160491
6.2055062892364417
3.9350855499446595
0.1404603523711937
4.5028751552918189
2.1736648014211410
5.5946515402991297
4.5224968048113494
4.6239905095356910
3.7608364274437904
3.7059288162017481
5.1657627869911540
4.1140433486913901
5.1983726638694918
1.9807782509743590
2.4247238586007209
6.1399211981341750
0.2062135376376141
0.2818161113295654
1.3151999837824375
1.9153404203224560
1.3122653962456321
1.8094447024151965
2.4720586373929794
3.4321272750373448
3.9911056944168384
0.6452568058520672
5.2690989842327145
1.9777907994787223
5.0775343102012771
6.2595491901609037
4.0728446524622717
3.2273995462530483
4.8768142065504998
5.5479347420181870
6.2772440753092917
0.5263167193782293
5.6107393310550844
5.6792226769911371
1.7086893800127330
4.9870039359411384
2.1141859013291411
2.3603014568774316
0.1846085438211218
4.3526743706648459
3.9127599527632300
3.3424594057236536
0.1509947694213027
4.0895276333647672
3.6065733700345759
1.2168913351109467
1.3935697390237964
1.9847102583379379
4.6971708871275277
3.8167582954077157
4.7577200115453602
2.2223203792726589
5.1514921455637692
1.6387025530616817
2.1332099716841637
6.2020380162965658
1.2808226131615645
2.5250974913329056
2.3881767283623772
3.6869439317968058
4.3489044929742748
2.7156091369023798
2.3368614265224883
1.7969559334398795
3.1563502749262948
4.7288775875824705
2.7046368240496887
2.7267236312675998
1.3465927775732480
5.4241544725970412
4.7339549912221122
2.2520369587065878
5.4673014759595899
0.5577978936540746
0.2662063535084347
1.6522661236889347
0.7791713096336071
5.5059223842812193
0.3445638651932198
2.8351451522114801
2.4699038333775500
1.6572527809709126
3.2613853101196266
1.5198201204798139
4.8781451787493975
0.8190646510941632
2.5188827434557788
3.8407084015479525
1.3079251952611357
2.1678188501448417
0.9562776770568973
2.4085210374267887
0.2073105786144683
0.1207524312165120
5.1066379586610982
5.6274295465644570
4.3518466061391434
5.9043906111883535
5.5760200271745886
2.5064294533664881
0.2995035373707974
1.1010373395592090
3.5304666733565631
2.0914758228653083
4.2506410682157663
1.4989206151441989
1.8271440842830724
4.1948116082354270
0.2038735728606698
4.2713643945907354
5.0131819439418628
3.1775329481882268
1.2416349544290681
5.5341534939939221
3.6198206055356352
0.6429805910235930
5.0420485585471253
1.8917740310774298
2.0032442664437395
5.8904352089151724
0.4045832232715105
4.9615506580757671
5.8532330355336235
4.5327725855969643
4.0006310784240222
0.8996622934624799
4.1320114790449196
2.5091720373258779
3.0229505530548022
2.6726256444405490
0.6855942789515679
2.9059887265314925
4.5083477387963198
2.5862063761395198
1.8238089908042852
5.3146777978880237
2.0556846433774165
4.2938667455385024
0.8084459262405769
6.1003509743405386
0.9323280117772025
5.0328588806957368
5.8422574709007566
4.1813527651692679
5.9780233751348755
1.7511747049198676
6.2185809894782231
0.4909933042300289
3.6416674285683466
1.0600281958593978
0.1240467470572176
3.8677580486728931
5.3157888755076987
3.9430770835893805
6.0277797052678315
0.8299494788747255
5.9526709587853697
6.1525471159751399
5.4706899469640655
5.3493863022416290
6.2367951502189962
5.5740395656179196
2.8241663360193550
1.6494339242059768
2.5795375145270123
3.9476295911072339
4.0470044250388222
2.4947942491057917
5.5995977743124072
5.3185994675715689
1.4232672927360972
6.0095613863010078
4.5539053377092653
3.2288782283895858
2.9475605372153262
6.2679612494029859
5.7536880269913322
4.5775374319059754
3.2894042715987943
3.2980773347356149
0.2682345604448629
5.5332706258969422
4.0582942798782664
5.3315445649642292
5.6010541966857890
4.2906140186789798
5.4495071397295263
5.0237162539958815
6.1137218588962146
2.5657823172199783
0.3699130205901470
5.1718397924581971
4.3988024842268363
0.5541445221687934
3.1370815100325364
2.8229922305753012
4.5636620170527582
3.1029043696858758
2.6793333683816831
2.3641123353604168
4.5774490811847253
0.3288005335037352
1.0211965082049164
3.9763198302499831
6.0069307846303035
3.6736082557661032
4.1953303623911689
1.6053459031059467
1.4674836787758783
1.3695971347030726
1.1245763951153411
4.7322453161648665
0.5327602278202674
0.9910780528908795
4.1844771444219822
0.4888793330709981
5.5708605166851743
3.4352061326915062
4.2257806357206587
3.2990386873577018
4.1297049408515214
3.2275823804650403
1.2234913484124093
0.6916483596598604
0.6675639363336227
2.9143201625540942
1.9735911616503512
1.9092730591548608
6.1992854143072282
4.3970545220698929
2.0146659475959656
4.6247730247832912
1.0698715192343380
0.5604933345105294
0.3307043096981460
2.5514587723720825
2.0557977046747284
1.9091439521258240
1.3261751321666937
2.9068232487148196
3.3453315511874444
2.7936689124708285
0.8125095779972121
2.1646171579954347
5.6425813366789317
5.3036352585565831
4.4476133996437373
1.2650335632538605
2.9294326727809539
0.9488872965267776
2.2479420672190700
1.5162683885782131
6.1373748639227408
3.0886550323798398
1.0785067058899631
2.7911405973911085
2.6813650908890381
4.4299840595929174
6.0451683947359411
5.3136482324742254
5.4499639763273962
0.1768875003726766
2.9044463438720634
3.2893786792515298
3.6991268533582167
3.6108480486456709
5.3929568512204931
5.4036084177923032
5.9641584383900090
4.4283368828938370
4.2693734174890672
2.3533874214739612
3.9448203874835670
0.5071715408648250
4.1236833081003281
0.6000216495427035
4.2784525348554441
5.5409153698988076
2.9130160498396847
3.9320330285956091
4.1070143353940916
1.5415989714785343
4.8994860932329400
2.2335402837709695
1.6175679058258146
4.8329856955780413
4.0412978275966767
4.5271959608068659
5.3312366398487869
3.9569766795401962
0.9415505779426956
5.4201884673335252
4.6430069439741608
4.2949044080826875
2.8820275300037079
1.4340259495429868
5.7033064098075998
5.6371700076285096
5.5113813064497901
5.6829460888583059
6.0127800058260084
0.2317673325544155
6.0625202510454503
6.1575090699014234
2.3185484777903858
4.6461848094754599
6.1529128917372073
1.0849936354536598
3.7075995705935934
1.9636583333493123
5.5999483425150176
3.3984959568490569
2.1079816261216391
1.9918450837367390
2.0067209631367957
0.1258632615171381
5.0549205123682253
4.1393760544595297
1.4237877093392295
2.1481494840907747
0.9791558796688532
3.3074870713065985
3.1716239387124685
6.2579904739701702
0.2431742724181109
0.9300647955890298
2.6621635121442258
1.4322355596200025
0.8952836896845757
4.3365003954420782
5.8505087421054087
0.4658121519839686
5.5722182779982834
3.4763991992006336
3.1608274308761279
2.3658187781894195
5.4694495078345824
5.0229987590937819
0.7414250250465191
3.3188176871177704
0.2683759633389834
5.8818099191842146
5.5013095422951084
0.4449678796124756
0.8371522267029045
0.1594356369812558
2.6110445993435363
0.8316007119665858
4.9165881842184156
2.7502141476973470
5.2592123946662337
3.2519941871206921
5.3959549412551313
0.7355927690859546
2.8336783843723770
3.8852634345152435
1.0002058293692098
4.6268605228904844
0.9513343462691248
3.9062306787119438
4.3111775124899072
4.7487803234660158
0.7523213740713856
5.7236538855242296
0.9240674718876867
2.0619314814156331
2.0727905264252411
5.4956284498525765
5.4064070734864549
2.6051408643944045
3.1939925603421004
0.2108225481374172
3.0788419074445246
3.5257228230947799
4.9709757513527286
4.8797828336203786
3.0007197840162392
5.6048603858730850
2.4869372674997368
2.0555494639297800
1.7304993248823524
1.8026209049019670
1.7810840349577721
4.0282971581150093
6.0083051646505519
1.5101390246820063
3.3188494996613329
5.8978095489912468
1.0414814189068280
1.5642197266746900
0.5511583576619833
5.4810925094432816
4.1105864463541160
0.3518314568062740
5.9450436873296990
0.7975425090186501
1.0862149006684314
1.0471201556661001
2.8707253274816469
5.7836606011744829
4.5847235927224110
6.1185103384540573
3.6935830538221537
1.8620946774016467
5.2883705422003819
0.1314486167324981
4.5131704970412541
3.2034976203209147
3.2440000250391763
5.6839203774628118
3.5137525999524994
2.1934359648896202
3.4127381731272401
4.0160699953127201
2.6167138995027410
4.0953048411726405
5.5176608437713686
1.2811023726662341
2.2591873518706973
1.8322879064033539
2.9806648209851927
0.7660624935014219
1.8410465592334773
3.3253431573339536
1.2707600176038529
0.5684872348942995
4.1733957190168400
0.9360889297326277
1.5617600909848677
0.1404792273774176
3.3402095021855760
1.3956785579226743
2.6940432635911682
0.9372471862143924
4.5314810954953710
3.0919004364384008
3.1386626342528334
3.6712014350216702
0.8326324140899730
1.5220610874743894
4.7206641547459647
2.1753989200051769
3.6074066273240639
1.9004406461433649
2.5239983679008393
6.0652833698826836
6.2308964859701312
3.8766862113999832
4.7124437951201923
2.4089343167651029
4.3181037306872918
5.7062452957862222
5.2749729728996879
1.3357315956132225
1.5170598156634951
5.4297198176573946
2.7734290341686361
4.6719447971778374
2.0724600951288776
3.8906534584288428
4.8336532438221207
6.0436837593424437
4.2417171881068469
2.8310147662218306
3.7207056369714921
5.8532060280795974
0.3210999629441617
1.7235127887221227
1.6622478104627192
5.7519885630375276
3.5034607484889078
5.6504525527478924
4.0463231572716394
5.8296451515463206
3.9698810951980503
5.5760167786896373
4.3240329423889010
4.9179213074424313
3.3570346589635394
1.4833799664718854
0.8584642164915469
4.4269643921804303
3.1599034443559888
3.9275129517193816
4.6774151425928432
5.4084636981893066
1.2490486253778863
4.2577308848505133
2.5412071871192530
5.8956740558422212
3.0060781987594267
1.6852598196864348
5.0553671017702984
5.6572203380532411
2.8214554251153556
0.5128699452978901
0.8573271053134366
2.9682844048974384
1.3788235359910719
6.2006110299508981
2.3048008612953921
5.9770631229873050
1.9644743639766786
5.5714672432187138
1.1208262966485278
3.5280831303727940
3.9282791152260197
0.5083229081941957
0.5994013751933137
4.1946127073934392
0.2805702012121031
1.9229925142658688
0.4388495753727074
2.6885245989240993
1.8194229868232110
4.3422435430140212
2.5356342287133531
1.2428988071225953
5.8876676170072564
1.7911242572216368
0.8504802791908477
2.8959995536038541
2.5389608250783295
5.1845279233983410
4.0495613929796761
1.7696371575762713
4.6754244837625061
1.3832052611280712
1.1903464859710129
1.2388750775619899
2.7906516698565951
4.1435125735973841
3.5509855613924515
2.4366964417916619
0.0482052423474629
3.1338908588980314
3.1189175358385763
5.1374221643472611
1.0376782644356253
5.1958679505344874
4.7635654021910367
3.9895900700350122
5.6678932059057532
0.6644803181654145
5.8731935420560353
4.1440602600562704
3.7662053447413237
4.6649229018530161
3.7552552156601671
4.5655388884703081
1.9942572142329320
5.7531277872646118
5.4078045337311931
0.5222698680017978
5.8856683484234278
6.1816651307455333
4.4502517409519848
4.1082429381076278
0.5477178985805599
1.1578127661675603
5.6056358256877061
2.4110536520711845
3.2863790335387590
4.0780267515110991
5.1341505891536352
0.6420134909494607
1.5998595500060830
4.5998559407867710
2.5878588714751602
3.6796850400812549
5.6118472967627389
2.5068892887109020
4.6287489224290308
4.8878073970576050
2.3068524015650684
4.3271818611212796
1.1686689500349994
1.2496330903916411
5.2459903740729708
5.2001006471419426
1.8301526518527962
0.2164607491339547
5.4829459431272927
5.5467403516712972
2.9490358128593930
4.8304770407213375
2.7129115860974653
4.0623107064308703
0.9971785386835355
4.1515710069583358
6.1598374112634673
2.8077333216316913
2.0568953462482593
1.4985087799320647
4.9685803724773479
2.7197470661625633
3.7769461083906002
0.0468461009255313
5.7425142275095844
3.9604971261893915
3.3543259757524457
1.5500357421255326
5.7403528858500588
0.3534162453995893
1.5471500401388376
2.8375119958351260
4.4871246519161829
1.8759969293626642
4.6588969543762566
0.2827386198205006
1.2182358227279642
1.6535872167426675
3.8324407804654679
4.2652957535941782
5.9530475009477666
4.2947243774134760
2.5178596410310554
3.4728422226666766
2.9658340727184198
3.5910923241390322
0.5034398690668530
3.1846436405585075
0.4196577407360745
0.0837495428855991
3.2373971847391068
4.6233952574953028
2.5712738344338848
1.6078124702759418
2.2984660466141746
1.2827040956946814
1.3657477375930178
0.2088761527369690
5.7164185966013976
4.5510076688176033
1.3642241364831535
0.7651422210973011
1.0679185207267483
2.8350551673333060
4.6877298932442626
1.9723717841083834
3.1925421432012913
3.2266132731455746
1.2836309498875638
2.9942916561328601
5.5645658317002775
2.8604971983184222
0.0417679433196619
5.5898998612111237
4.4252969219822553
6.0349666803771900
4.5099200779516018
0.4550739211491890
1.6477642478687495
1.9240703013393201
4.0043201160688540
3.5728331550479928
0.1790923246999689
0.4432481582271312
1.3905353636870776
3.2373615227102541
2.9067061070469684
0.6696599423444668
4.1983857071678337
3.9537666300561045
1.4606010065122852
3.9545140980122944
1.7970211556982387
2.8264574793971322
5.2487965979534721
0.6872555430106103
1.9847049916050397
4.9714627323580372
2.6427971843824443
2.6428278925676740
5.9787189451174738
4.1305251432395771
0.4816982476740833
2.3119872469182936
1.3616750945482676
1.7468122996424376
3.4868541635915524
1.0739271118927933
4.4982327198517940
2.7729079140706232
5.5612677481414661
5.6948104263226922
0.8510980461941516
1.1145103443357036
1.0745755125734711
2.9516550689658496
3.3659809440096953
3.9439327385711107
4.3173117689514742
2.4867046069956182
1.6556595141434041
5.6737607794175169
0.6653821363227496
4.1238639202519831
2.8629369493584762
3.6480554879896072
4.7098598305129649
0.4652588375368644
5.3216499790513767
3.2380114928561006
5.4305709613165334
2.4568595574993983
0.2910782603369572
2.8269507478279476
2.6282543555380808
5.3459343366340955
3.8952607652140503
2.1074209304569025
1.5281462155892540
4.6776005244593133
2.6961615576962719
4.8631979267131520
3.3668083698397711
4.7364099448624879
3.0897542196649663
3.6785318798659521
3.2331587211588300
5.9817091568953673
4.0228215829076630
3.8613682130602736
3.7006972812928756
5.7133697499944933
1.2688373497667949
1.1786621415650886
2.1503679819383765
4.3030015514817901
3.7586088862774809
3.8698452275248667
2.6170173293672607
3.3002776093509163
4.1450208939474242
5.2122749003740569
1.9783495752427300
1.4922500517593957
3.3630495255769119
5.7955344852280000
1.9681075616464778
4.3984508303368468
4.7812178866441943
1.7648710662168408
2.2260560867746388
1.8459910647240312
2.2741178874500227
0.1844140787554311
6.2025537354685447
2.9014590447310016
6.0300957731154856
0.4521047026112460
5.3988511424158707
3.6782433148655564
1.6428430555518281
4.8533200239585357
1.6346832165183440
6.1057326382721442
1.0442337619030828
2.4050572167017403
2.1099018535915022
2.4315962411017971
2.9725723743877652
3.4059720366095005
2.1480936076682977
2.8632517272045521
3.4996142143926390
4.0374521572177633
0.2468635054800823
5.5146834602086665
1.1484950241397416
0.2477410501755051
2.4416622579288925
1.8585773339100728
1.7234561458509117
1.1581975439044370
4.1043120809163023
3.0019010483891000
5.5916801027325231
0.6270678111327170
4.2046382064155434
1.2485584179585905
3.3075039171423382
1.8321371267570175
1.6333145152166684
2.4205891824942629
2.9128438305709459
5.3786810636306717
6.2015391708150842
2.3378234095998764
2.2062239343376984
5.3930364052255584
1.9957997218323442
2.7742525019604192
2.5148287941194138
6.1529775802208269
2.7406843330043382
5.3362154810318909
2.2547393174692880
6.0019466702669151
6.1196485299120882
3.1317713806615406
0.3672183921701193
5.5916195264911623
4.1061171654970110
1.2843886144568668
5.7497410284522203
5.6403804878457304
0.5803360106351477
4.0567389928718649
2.0189161966965132
4.3019890822076903
1.4411755503523043
0.9104097076833664
3.0024048154044798
1.6745197691529536
2.1517119571971559
0.3440416148253772
5.3863666755719581
2.8455238341948763
3.8533720134477085
2.0258178515397081
1.3011581569243609
2.1452510091586592
1.3300668624692615
3.6989073941675983
5.3195150729819014
0.1005491715081451
5.9754676380457266
3.5272159954432691
2.2689121170425732
3.9792505918204166
1.8186733115550808
0.9250984267214187
0.3490771896052220
5.3085938843554121
2.5228053641562052
0.7737308557108622
1.4359734389537433
4.3768249525129903
3.0464137333088828
6.0396292120322999
2.9811735479130217
4.4995816646476001
4.1888021471229848
4.0059791208294842
0.2744664617137094
4.5446742777870544
5.5223507370004521
0.5724820877514394
5.5162486292564337
2.4960560279105137
4.1577118805771667
2.3189563019314416
4.2574785361672580
5.4792727785239581
4.4684110893629754
0.7136977585098864
5.8714978723296030
4.5667953907107792
1.7579049781301228
2.8722442125690142
6.1156207162484550
1.4564350432564668
4.7906137691275346
4.7162013048835334
4.0971913554666726
3.9154121012491552
2.5000918369619312
2.5912934042447637
0.5371655225779939
3.3292743064834696
4.3868857986038972
2.5809361453999249
4.4634753311826447
4.9283287024427134
1.6996899388334390
4.7883857225749251
4.7320102164946096
3.4340005964799745
0.5434776095825399
0.8333910860152843
5.1878446087813206
6.0201745686835881
5.8518666808739859
3.9520994813690353
2.5652660697109262
5.6874857137865433
5.1148760892124816
6.0947984861654660
0.9997828263632516
0.7670217138461675
1.7181820061781281
4.9678287190256558
1.1065402625336769
5.1991181640393025
0.7083174827690580
1.6026039957780931
0.7819294742338032
5.2911433987210490
5.8181899801366086
2.8637965980277782
3.8760407442586389
0.3566469220395457
2.6182351132639998
5.4058261796114291
3.1148843942885867
1.8645077638432390
5.3030193608238489
5.8192598878365036
0.1136961444348543
0.2118683088703590
0.4131535219007064
0.2732431509159534
3.3791304536238953
6.0155061922132260
0.1160764489554779
0.3741544456180591
3.1701425874363571
6.0851914087916699
2.1247836674543028
6.1291471253114915
5.7102220377020636
5.8033035617471125
5.7527698753508236
2.3861375545983687
4.1661669207221381
0.8551167590870021
5.0550608826867629
0.1992038162438437
0.4170058666765364
0.6801399394691159
5.9246141225548046
4.7954206799083030
4.1177618672588236
5.5340840681914880
5.4817782995201965
3.7146710605090898
0.6299251444865197
3.6491865985981584
4.2404964882712335
6.0528558933818282
3.9925742264538449
4.7889575500955806
1.1425298437173239
4.6159131350928044
4.1193115525474786
0.2412209987244821
1.3655084216946309
4.7667076892033542
5.3432778083918464
5.2864732973288602
1.6392314514122033
0.3468430125292383
2.5506851665024679
1.5922935634381847
2.8807357520643855
5.7716155490898364
4.5310110974358002
0.4965122865509837
0.5964334375684232
6.0886296818332895
0.0546070318848075
6.1465626658504044
5.5704060771002650
4.0309831869172026
5.2865116166356207
1.6847943419937201
2.8215619287436837
5.7579286273925776
2.6957586788514423
2.3209734658528465
2.9781938655616318
2.9069802263938698
2.8208095276937528
1.8035933569931060
3.9646178969552452
5.8158460184076457
2.5984484080189816
4.8915336600169841
3.5841129241064400
3.8242105274689955
1.3322996753894061
5.1778058834466689
4.2279426746102668
1.9223738394185561
2.5816390753817382
1.4785685237445512
5.4858818942747751
2.6628351685123230
4.7761163678687542
2.1973476273374852
5.7015696440929808
3.0559007977150543
2.8190242210173939
4.7620331704184409
5.6303625476193790
4.8222553472056227
1.2794195624951248
4.1631673653904882
5.2604092679853176
3.8706252947894040
0.0374271869406735
3.3710369023378157
0.4683317618965270
6.1812864568458208
1.7323311745250201
5.5010909778330186
0.6219997225856827
0.1588400960158314
0.1650522237350975
1.1201593532653262
0.5806613519786435
0.8504617699250439
0.4928122256407170
0.7360744168797274
4.2228852085096049
0.2828933718703888
2.8305445189897456
1.8634649907900955
1.7146132528405107
6.1135792844518351
5.9541552767791899
2.7712314416744328
1.5031701267434274
0.2985994063755776
2.4076290153197175
5.4485360029958283
2.2824784270927645
4.9021497637270617
4.8125103250494901
4.1015565187140979
1.6693347688226492
5.2605403349121467
4.7126585784068551
6.0028822425734640
3.9289351384337396
3.1313932562903424
4.6076056428361962
3.4578015589000479
4.2044330537459507
4.7771537607104797
3.2753662363238170
1.5598370661358367
5.9211822250217345
3.6640877023805469
0.1921509570449300
2.4331806275453687
4.4550738973021682
3.5181396886381018
1.9929827021278965
0.2642344954163971
1.6425991873043484
3.9126538211627997
0.0119219480967372
6.0509571796487025
3.8344905285590429
2.8084489313002856
1.4306172576205205
0.5989425358519699
2.6607075757954903
1.7816263245329522
0.1703227162467930
2.7759972658798984
6.0612867106503110
5.7505961274757551
0.4151236448960855
2.5948151523416270
5.7268947794038354
5.1434237130633660
1.7512665970705978
0.7565416106771898
1.6804754243777660
2.4714812331247225
2.3638384896022053
2.7711768647168800
4.0481615492295075
0.6720418275260129
6.0949907274309743
3.2424086987497094
3.2182015517985265
2.8275376142663395
3.3669475667391771
5.9516086542221540
0.1283413787708249
4.9871209387012616
1.6125194937034215
4.8902478119822206
0.2503212665765017
2.8727262309387966
4.2613925701941602
5.2116040953388811
3.2824862042108101
5.5578618606025918
4.0175257016270400
2.5413010349074177
4.5050940103096426
0.0267656063818838
3.1989381209478096
0.5083025228023991
2.3609544798080235
4.5603039759151285
5.4044484829516914
5.5343327466853989
0.2903402072776869
5.9374701130310408
5.2471850489298184
0.5707717073756577
2.6892000499824951
0.9299915341767393
2.1328158998754523
3.7966382820993569
4.8885790723400744
5.7844392042554222
4.2345711366123835
6.0906229104266014
6.2370251943818111
5.2849945180248019
4.0378658578122737
3.0035822969003374
4.1621451567817394
4.4256119858644549
5.4619029520084785
0.9964351743757222
5.9354117368378159
1.8374415487783384
5.8356618721320714
5.7909802331282698
0.7078884450252765
5.6223404130482946
1.8496414695637622
1.4877675215321213
6.2714720168395077
3.3094649251798192
0.8871628900677319
2.8895548191877163
4.1817540383759804
5.7570821192075821
3.3100463161986760
6.0905073172156969
4.8520838301163938
5.7926978413558343
5.1229052813447051
0.5987436752684220
1.2329475620808334
0.9847143291858615
5.4870298547518397
5.5462845238058289
5.4264961030065528
3.3970085009913018
2.4796572452388235
0.3812433743006483
2.2372693957135401
4.7525174726869555
5.7038613343437117
6.2192424377582745
0.3063932384841260
1.4390874259153215
3.4279057290602992
0.7458605195745678
2.5738107382901054
0.0836678168830572
4.7541995122646670
4.2977534600305329
0.5269312019943257
4.1300307389595385
3.1526752127669870
1.2614238344565150
6.0839765734632785
3.2718036910780772
1.2740754448780405
2.1377498979311182
0.4121649666774961
6.0130780713734788
3.8862166892181227
3.0444903381135613
2.6308351482494592
6.0578534552167378
5.2691571319553345
4.7468937200524515
1.4998720941135142
1.3833901703753380
2.6102479246642152
1.6531718805383746
4.7024568217616656
4.8581380112304888
1.8100484061126920
0.1814380622823277
4.3153556216758755
2.2487664801171730
0.8051572720285231
4.3789595285981022
5.7348330923557524
2.1230749500456763
6.1952098551199208
5.0892611735276843
5.9903759866470168
5.9842368580515135
1.6683314246565968
1.1773458388824760
1.4833553506530102
3.3885812060754650
3.5573883548801031
3.6316966906033246
0.4937909629234891
5.6863695937224810
5.0757550967988809
4.3555546027652925
5.9487958366065943
5.7991718805745087
2.1130477845017976
1.4012717964178394
2.1602756898378366
5.8527483326644649
4.5845466702435234
0.4403196366750654
3.6664800770515567
5.5757872376156286
2.8156043266204294
2.3902069254354945
5.0977051132027169
4.9239367526106950
6.1792330834801845
1.9003566385262256
4.9017229983046402
2.2890566735453879
1.9035603414541489
5.1502770454238220
6.0938975004938678
2.1416439152391682
3.4480206225123613
4.5590252456118039
5.5779654937563796
0.0926122989862038
1.5843733195688536
5.7132875129023564
0.8633814976484833
1.8844610678398370
4.3121858907567594
1.1373848263279425
4.7937276977479408
4.9316275999795476
2.3307251335415051
5.6231114561335200
3.2600361735690888
2.3497685963442319
5.6921097290408973
0.0929280638162688
0.0166755593684712
1.9527217627829208
6.1610886401440057
4.5777594121797387
5.0028523931149422
5.3762006752183247
0.5996361716942440
1.2723010099341499
3.0415777788266558
1.3083307224745175
1.7433792396255896
2.1271260744544618
1.1804270135036510
1.2369460575421305
0.4859503967113615
5.7398453055831276
1.0995270916086708
2.9384356017494757
6.0316274050558372
3.5678718808048777
3.4601820745361374
3.8876537880909949
4.1888829377697796
5.4919052024811821
2.3546229155588714
5.5716891690409316
5.1849138360716180
2.6821957994952226
0.3039292723728278
5.7081131086418795
2.3661620528712910
2.8476781651034520
2.8785366718609526
0.2920029770787010
5.6419055700961636
1.1528610893788023
3.2093750212092331
4.3883590810748077
0.8761260671301750
1.4654357968978191
0.9277912774444462
6.0246435469600641
3.6566711511763539
5.3502605225665834
1.0519331832825554
6.2129271850535064
4.6184897638947628
1.3813116020026961
5.2255814964830138
3.4258210277726571
3.6302804330942648
2.0513614472406556
1.7671579779993711
5.3958677196149880
4.0177261688329073
0.4167113254833621
5.4669665917660906
5.9448227018930249
0.5414749784195173
0.7286916942235373
0.8899105449725014
6.1884965652822261
0.2984094072197682
1.3780093467304904
1.8199152328205941
4.8483427114813020
5.0584531382360876
4.7963006316701069
0.7604365184658070
4.4815304895126387
3.4264983702264673
0.3355105199076617
2.3728446277643891
4.0060704183060878
3.7966307259256031
0.0509837887668619
1.1862552787823353
6.0798956981424856
2.1008360626309028
4.1204737148716291
5.7125379198254826
2.3141555575171906
3.4062734656990807
4.4650224080225369
5.5204037237987462
2.1647360953522261
1.8251373428075393
0.0029314435881065
4.5110239916370718
0.1500824007088565
0.5807103847523947
5.2404452185407813
4.2609528552789593
0.0674357810103342
4.0500178635791153
3.5778061180437697
0.0722672492970018
3.3325873652778242
5.7696729833296994
4.2363156167856211
4.4847297705034013
5.8773884990595446
1.5145689294074607
2.8249007671890398
5.5621168740621876
2.2947279280889323
0.4458421657304781
6.0680223146124153
4.8770470924189331
5.6178606025024216
4.8442785654370528
4.2338264136067796
0.6244374203233083
3.9469532801425378
4.2814201423275762
4.1796360813166196
6.1367384358139097
2.1929804564087068
3.6019209943911177
0.2100038652298782
4.4291498663363331
4.8550898542782930
6.2802074841509112
0.8239853880040535
1.5720104644976838
4.5153166479408542
0.4200488318968039
6.0390829302973916
0.2634180623853542
2.1304700216786432
2.9054790203116965
4.6283537873102034
2.8758005372543356
5.1852547904306769
6.2718139553878141
1.1759715422973953
3.9788895090333303
4.7498145952215873
2.5281463416360093
5.3539894417939342
3.0212033929064619
3.7439950322839999
5.9328513261044442
5.1587488146871712
4.8769463672406106
4.0728671690750238
0.4349165077418802
3.5894576132687335
1.3675845046684041
1.6016143527920543
2.2593384295102701
0.0661675526691757
1.2671185784284917
2.4907506828635895
6.1443069011097391
4.4351144406669185
2.3222688536951885
5.4542054515803358
2.3789646403761733
5.9908291863139116
1.4360084689990678
3.6204796751245842
0.0771249315487015
3.1026169031586117
5.9558744153275605
4.1858083959676478
6.2208568514619804
4.5068361820351406
3.5949486098977017
4.3450176486311758
2.6408649558654318
0.1319612968303850
1.4944892863554085
2.4337211311908922
3.7046991251761403
0.9464660456072700
3.7016942837625688
3.8425060548388590
6.1295668965256249
0.9378988305436187
5.2440842424806995
0.2252057239219981
3.6666242142562462
3.2349552348203030
2.9463656468392458
0.5747040207855214
3.4524871463476852
6.0796832200515603
0.2118268830745412
2.1360637015113442
0.1170106648639402
4.5714722789248405
1.1752985076560984
0.0265631529535636
4.1589026455624420
2.3792565605886349
3.7119043296604928
1.6997336777765601
2.9166839159414160
2.9293745318733886
3.3692851959581378
1.2562726645501860
4.1849525532647220
4.4596054414469561
3.1946189081393261
4.6237389944697949
3.3733316049410766
4.0452198946815656
4.5506927974225047
3.8711493157854679
5.6034415720942565
2.2706265329678699
5.9446696688664753
1.7669194283449061
3.9286579434054625
5.9856456294062621
2.8713575734760255
4.2549242806830820
2.6385256140593412
2.4032342574085730
1.8942432933467881
2.7576617980592788
4.5494104603534984
0.7884481414225254
4.8013990956195771
5.3243153490356532
1.7302510330369885
1.0119812053156592
3.9803628699415063
5.2985521356241190
2.0646371285319698
1.7008550126204665
0.8619035288792992
0.3411158715893721
1.3664160357820456
5.4281440872121340
3.0917057178874798
5.0096890836620078
5.7936528785238615
5.2780471025905893
3.6794484963008709
4.0329430085838895
0.2927522030016443
4.1970008483295596
4.8273224139256783
3.0833497374280951
1.5511806071847951
0.9546954312947327
1.8108271429251657
1.0827641581472525
1.8716132215352095
6.2324370754082503
6.1822013313214788
1.6489392468717361
1.9703021905091738
0.5793813910924375
3.4466457492607709
5.8410452204431715
1.8601120907297735
0.2967280792333881
6.2060717544600079
1.2877582145558588
5.9901690994267920
2.6528826018188925
4.2595461124246583
6.2791395919724575
1.8144565482155606
3.6548703393410218
4.4892083527755755
6.2090942960491589
6.1643055049908870
4.4247309463000937
0.8360481498456512
5.8503673644447725
1.9064370609661361
0.6787762961183914
4.3754919095147855
1.8136453284115013
3.4111805887879041
2.6721487079962110
1.4371235578240773
0.5501288555485676
4.7121984060762552
4.6193528465495053
0.8151045363649432
0.3688446983737521
0.4386686622856474
0.2640127977860706
4.3345357982296733
3.5642564475581242
1.2786271838783145
4.6892856188614713
4.2839222838747322
5.2256776003787992
2.7775748924525745
1.5836129777418768
2.5123813819967014
1.2936336995039339
4.2117290629249498
3.7623543859228752
3.5572294969628735
2.5308968570686221
3.3134129170481956
3.3520047820438954
3.6717607846635705
5.6442528109745886
2.4889849295322799
4.6414847032950419
5.6061043412512062
4.7217185784858540
5.6914491518334387
5.2796170383903620
0.1391512211490652
4.0736278917328628
1.4556792124129374
1.3469126762290839
5.5426552372847535
1.8536466024418099
0.9312393023754695
0.6284937834539708
1.2390988831762273
0.0362072601335144
0.4914495258300195
5.4588432501521531
4.9123101857526654
4.3341134201074496
1.1260834288345827
2.8910039104263130
2.7576499918077642
4.4899645176741334
2.8343930885159585
1.0721084514425590
0.9200441215923654
4.3544474333725791
2.7282228721019974
1.9408374463546787
5.7140736717406861
5.6888579392626299
6.1472202365643218
5.1341735845776375
1.3308240719587934
1.3384521263065770
2.2299472796111015
6.0959128785716246
6.0788309096787634
3.5395050526347571
2.5088662208063810
0.7344992264954082
2.5996949329262473
1.4220480055878333
2.0727660413606994
2.4555009303465662
5.3983442269411857
1.8404056424120085
4.3908687109833364
0.1742503262786912
5.1094427617299081
5.1986888891831269
2.9112761742845175
1.3996199783287886
4.2380307302015332
3.0921471238006055
1.2965401271910781
5.7336838498788945
3.3961055525191997
3.9673474569833638
2.8239667609360732
4.0866100963818885
4.9185850378668032
0.4841700597445696
2.5449309600733709
4.5488764348626560
2.0005708436072331
5.8692944829557199
5.4628680200787398
6.1707338578368782
2.7391406630725403
0.2190194023735435
5.3400340905868005
2.2674592539447738
3.4401788465248941
3.2046635907475514
4.9118316624063230
6.0042329985470371
2.7743968448009273
4.8352455045715912
0.3967991155908284
4.8430332306831243
1.0076609467607478
0.1477349582842021
5.8669716753333487
2.7740003930639716
3.6361165509780107
2.1437994582439064
5.8699242167227057
3.6060275487194691
0.7950017861076983
2.9348884522710903
1.6168916868630017
5.1945760384640964
6.0211134328839258
5.0260845768857276
4.1458740019169449
4.3468471467567946
2.6748847842461703
0.3855818823475206
3.1634303463320843
6.1393956377705265
3.8214562496375168
4.9787670195786431
3.4998604045153265
2.3008526465690462
5.6637288753128692
0.3962190020616786
5.4078994558662483
2.4552237706507616
3.6998528100940447
4.7353148922655901
4.3912200280817615
3.2393524721538176
2.1324122659217908
4.8543068660466044
1.3634137014147414
2.4460513192377324
2.0329221912668842
6.0015161998043052
2.7616809424288395
2.8111534704775618
3.6713027980300104
5.6951470311499177
4.0618268471155146
5.1689011072161062
2.5805897624084833
3.5566592166933715
2.6641629848549262
1.6902005556768136
3.8246063566991162
1.0824252064699391
1.2190953731650194
5.2887642722850785
4.4239619301467048
2.5562735766304510
5.2135660334580249
3.7981997352369823
4.4486417397066118
0.8860850182234806
5.1985690878314550
4.8471504467042053
4.3941142475444952
5.5328594923704166
2.1488899725363528
2.6085364933277306
4.7323415993381062
4.9657452686099672
0.3276368142712699
4.9174282480109266
3.1992383530327624
2.2863790697791901
3.0550289393059322
0.9653309456418282
1.9899108962179644
4.5432953015088922
5.4436924431971700
4.6483738589644048
1.4577576786577244
2.8750444210457489
0.1891226834434940
0.7013809098920621
0.0997421203717260
4.7807082884560756
4.3101543095954948
3.0259090731729259
1.5149878096451204
1.6664959448061440
0.7072024651164633
3.1698792743407278
3.5684579574480608
5.7530775498934874
0.1139471404465407
4.7862423087098742
3.8679709917058029
2.4446055680399690
6.0384048847562610
0.1220924434029462
5.9287422942469448
5.5464351993538683
4.5267584622803394
3.3015524942112173
3.6917314016912184
3.5417091830683316
1.0713909462154627
4.3168718608979191
5.8023417060421369
2.4134086666493006
5.1460679931091535
0.6493391876328397
1.7602940976124046
2.9576699971093525
4.9406274261174827
4.3196656929642110
5.7288254392788023
3.5896876114748126
5.1379369510265978
2.6301042667621726
2.7482397431716041
2.6267959012506097
4.6758565218350592
4.6230547341386439
0.7614272106787799
2.1077542436576095
3.9727219293453655
3.3500308529109177
3.9170175489262413
3.0026205194137536
3.3722242216333385
1.2268473259128359
0.7242567347708555
2.3644207264221677
5.0089270500075287
1.2026972385999766
1.7109589866587334
2.0930819481982605
4.5292097425577120
0.0306131808811981
6.0129328016805221
1.4386304543264625
1.3747361076532214
6.0960599731324647
4.8306787496968093
5.8800237488492710
6.2160601284025070
5.6024005383797650
2.1341887746854167
3.9769439658765311
2.9991821282049957
0.9076167918394564
5.0437899236073909
5.8357022813103852
0.8338937752625954
4.4933427305704345
1.0358589111574308
1.1294172119432517
1.0861990719040651
4.5441213254053165
2.3563586685113878
3.7285253841004469
5.3193649806942513
0.8862517770214766
0.8680019372267578
2.8149408511967429
4.5326297667825202
4.4427832609591151
2.5272902153623962
1.5493111147690479
0.7991355349629440
4.3253130284853398
3.0460941083328303
0.5001075720713796
5.6374752772190515
4.0456647890041877
1.2698289899879929
1.0141976727999418
2.7926115508360807
5.8407085359150805
1.3454616481579180
4.4415778748723165
3.4420616029731601
5.1467204766711347
5.1885162270374607
4.4781833704985008
3.4481742940105469
1.1619810599790252
2.9244423011578111
3.5339325661116652
3.5220180863057249
0.5470643920306717
3.2829583598635712
5.0267916693738455
3.6732153007019517
0.8463200346124036
4.3671889613003305
3.9451404270765651
0.9274468887566844
0.4976211923974793
0.5562532413444075
5.7829976293260827
5.1441081157744248
1.1091771484599704
2.2689976875196054
5.0103775362979528
3.1519595200158772
3.6250846401139833
0.6115450981811417
5.3705568654561686
4.7323289467974030
4.3117771273975167
2.3880402908745877
1.8487772975924144
3.6891498807575922
0.1552089492161531
5.5626017832047143
0.7693693378000819
5.7921553240448898
4.5375282488160149
4.2925209516723912
1.2816885600375396
2.0753151815802489
0.9879837559276942
3.6182603032929506
4.5403380264934006
1.3839341060062629
1.3197557359324779
3.3995572368634690
3.3215484117324996
4.1711396596494508
4.3645945645459099
0.7863521059697356
3.8424905175152824
1.9434133062219920
0.7261822141337959
6.2430443595671541
3.4194792879292697
5.4400324420121606
2.8038600868416870
0.9204379695397528
5.7415249897146650
3.6525233855513819
5.3947258354356666
3.9921104638581042
0.8215554363073914
0.5547485572369012
4.3115793084146343
3.4671648783636879
3.5453547691404372
3.6928069266959822
2.7702009816706852
1.7640094893058706
2.7165390504416465
0.9131719715270119
0.7074838492382487
0.6487961742057698
0.5880715095779886
1.6501039962894843
4.3083122088049102
5.8426328807888437
1.1589723722614047
1.4643888722613523
2.4017107310115589
0.7028727234251257
4.4618880222506734
0.4617711349637101
0.1320027924254865
5.0599651711530811
2.8350587927177169
3.6908496210296038
4.0894624404545583
4.9293134015537037
1.8848035762808089
5.9909036643891866
4.1125864826114968
5.2974076500150442
3.7134794698739708
3.7420504986905940
6.2409259271477575
4.8311540746493193
5.9917352415109235
2.3834144931592189
3.1190812446904319
3.4206968768840147
4.8471419724059883
1.8426221863644281
5.3343077523877422
5.1087303278981491
3.0949477909478369
1.2905233159641880
3.3239375629218473
5.2244967831890587
3.4045557981413639
5.7960786588886792
4.4349049875308584
1.8639298130338942
4.7871312235260790
5.3285875524911699
5.9797426060119765
1.7826448794633809
1.4350998229436973
4.9151400584292979
3.7866443886692265
5.7317567971449632
3.0946836729246288
5.3401650388873048
5.4071362245507402
4.7806389143456745
1.9451087341245414
2.5475416821357162
1.2390385399802140
4.4874317075026680
1.3497919568507208
2.8818224063325713
1.3620006825417703
1.9579729365693306
5.3100788705866817
3.5551546199348216
2.3049850654779975
0.5009263991863951
2.7019658138459075
5.5562409726304391
2.0733725353513579
0.3612767627106844
0.0742757981316021
2.7593905013524926
0.7631287818731867
2.8935843422486962
0.5258213361320332
0.3704896021266868
3.6472643180477484
0.4578307995495332
2.2733166569642322
3.7843187114289965
5.4995546076977320
0.7556729865486653
1.8886774803057653
4.7986359617528187
3.7906101378163548
0.2705855648703073
5.6604548523081490
3.5123332931131079
3.4266334741548690
0.7136325172339701
5.0521271641006908
4.3822420164843559
4.0838499759965314
0.5470572339488516
4.2538274775333260
1.1260650541315205
5.6727957148127262
0.3619729706020554
4.2094275873474807
2.8862116782872649
5.4620912234850199
0.3919544475268161
4.2127330134332182
0.4665684377268245
1.8182194330599557
2.1375913351004590
2.9215315022544335
1.2953806319713352
4.6341409900824759
5.7025609029602808
2.6712556847389051
3.9114375637832142
0.8214359459111433
4.4886318171197086
1.9230128673985485
1.0666932591322114
1.3725524891171548
1.4631210985868841
5.4104667544265785
5.7047842518506524
3.8063414569386267
5.9003569609573780
5.0598829518157258
0.7756785532889064
1.0225882471373458
4.8170798896749618
0.5892812148496246
0.5279563956315867
0.0349411680247474
5.4296247092009509
5.3419723807547408
3.0189539178225870
1.7811689938556940
4.8736024062392183
4.7408163762967082
2.6965254357950172
1.7307031942739193
0.0067215093649107
3.8636236941238380
5.4877420562422721
5.6301415008995521
4.6539855079103765
0.9442106338398174
3.3643654363693209
1.7675331721099041
2.4116665749125104
5.9374776978178865
4.4458551430890267
3.7294990895926849
4.2941739683321876
1.1940257215570447
0.3023782374202541
0.1036537114972403
2.0907853883668701
1.9297848073296366
5.7466465320954399
4.3625419279940578
0.7877559896356395
1.5388685788575522
4.9368629576285770
0.3527843607168378
2.8593512104128260
1.2232186082133112
3.2883995814756766
4.6869777743976044
0.3643434401435184
5.7411154851927728
5.6896628271467362
5.2566031623563223
2.9826438190934290
5.5644651233992093
1.1544191951222189
5.9471190443174651
0.0410566380035046
1.0268940907553594
5.3593033236578407
2.2090777976274820
2.4241519936953293
2.0513223939344232
1.9515127917217017
1.2225321668986855
3.0405885142936362
1.2878451308599665
0.5491363923349455
4.0294623762517929
4.2626485770109976
4.3380883249478588
1.2066427938909650
2.5943902680824964
3.3667142728301616
1.1958431780995227
1.0306794662930832
0.7331138059102837
3.6474358044984592
3.2621891831411820
4.9140125286221004
2.1421785020867277
2.3726175773330809
4.8786198456747671
1.4078720072538604
4.4521794428503698
1.2979972124380326
5.1079651054892370
3.8842303100651643
1.6026975429284980
1.0932687124099527
2.2356729231829262
5.2297276072643015
5.0142565689609615
1.7987663215262575
3.7879232078596599
4.8803177500999411
0.7542725108325469
5.0241867894505123
1.4898670770802542
2.2329381523452252
1.7511554833530780
6.0096831104518751
3.8731412068419711
4.8449865206478080
4.5693343710461711
1.5434161788638261
2.4623136787548745
5.5340149832510344
0.4110919074882634
1.4431372171520953
3.7807017691010816
6.0441390904680450
5.0071235290175640
0.9064213891832308
2.7774916326849319
0.6131023011254646
3.0112969677018540
4.3995305858615703
3.0029025380550132
3.1060071737885444
1.5969006844703963
3.2284458480167899
5.2931418088407014
2.3360706558526405
0.3647269221201177
2.6059380692825864
1.4908666740668937
3.6414683950039546
0.9449077733738114
1.6365923972727321
4.4171925982276283
3.6356143329114188
5.7218394884175039
3.7922539557992865
3.1306240041312008
0.2598802329561111
5.7345166339688216
3.2939742204784244
2.8010507588963911
2.1317421121197877
1.1711657997146114
0.1647951710638906
2.8630062483877006
4.8402340800044463
4.1349385832437235
4.2238154879736900
3.2569626419501025
3.9443061178975656
0.0492318650170187
3.4535319386919596
1.5844088196231447
3.3964485867829386
0.8916657087983120
1.6106522932618461
3.8398261344597202
5.6610491689121174
4.5034215133609274
0.4504170289526917
4.9590535806255742
0.6429348263686290
0.0295761750118754
1.5682846404838759
3.2817491008752966
4.1191176296178043
4.1002968694184503
0.1629628149458279
3.1043252443896154
3.9408625355218656
4.7495223564659428
3.3125979253505502
4.2677496251786895
3.7888448963001591
2.1059408509904554
2.1313371251172986
0.1486383587260526
5.6949179574114490
0.8089469920037168
2.7165044071687765
0.8711831883829813
1.6388466408591118
0.4922842116249145
4.3534366139374363
0.2051977144404359
5.6852084418757691
3.3764888410871405
6.2408107019207222
5.8552592321882342
1.7847564483362497
5.4362574357213154
4.5526086257148268
2.4398564282336559
4.6992047073183363
1.8223434153143061
3.9901251381201472
6.2808159833278516
4.7128272083345593
1.0474138184017812
0.3358520096026453
0.6026000802988508
1.1438463129659895
3.4189052059054084
2.1143766003156639
1.9421189577510793
4.8025149808934202
5.4032583879153941
2.6110227936321828
0.9725075759072265
2.2096712602327631
6.2415423683942617
0.2502963559640812
5.9338749300156008
3.2889036459097909
2.8372706697085608
0.0701881399287074
3.9409810979307762
0.4443090726048741
2.8519917510578181
2.8815549474207982
1.9392486265843094
1.8436147190394174
0.5830552328521965
1.8646509760562680
2.0291181571720394
3.4161348243382790
0.2286992785800612
1.8979441242150481
6.2720210081481627
0.4325642590200243
4.5400884311643415
3.3507364130858921
3.9898189705464899
4.2818460047915083
1.2171531566516709
1.5543083536847973
2.2159733767748668
3.3387181926640346
4.2822143551548653
5.4769922257950538
0.1792629597837644
1.8186359168592972
0.2113475497294450
1.8827024501663716
6.1792070156554075
5.2839438993155809
0.0314737011929417
0.0762768817925373
2.6701015237704895
1.6929914636457188
1.5981781274743572
4.3486965099959534
4.4850041628244766
1.8769386573480684
5.3623876145158667
4.0522806220724048
3.2164478548519466
3.1284031883579448
3.1658829234009569
5.4141050996843996
3.9474941258404130
3.1760011236063717
3.2160054070410160
5.0019147357098692
1.3176611635736710
6.1527948281633629
0.8856084379342510
1.4366330696048151
2.6909388152448743
0.5700912274676835
2.7494668154441961
2.7838479756830190
4.6444678987760719
6.2244387079881163
3.5352787886191117
1.9889953986228759
5.2226466263143054
6.1119043003899547
3.7459259314732445
0.7158421144776181
5.8662108007478979
0.9867925305436266
4.2677842841730369
2.8547699384606409
6.2685908209664278
5.3506768958467559
0.1148863166316261
4.8956037655289091
1.6640060720683103
5.3007527065237730
0.2771351634418806
4.9787132858178786
6.1478809194485642
5.5136156864644850
0.1403133723983835
2.0619958637384528
0.7559027175264611
0.9494902028890939
2.6762042628309493
5.3089837290657540
1.9009207236591821
5.8122192573026483
0.0591089573522219
5.9373349465895959
0.4720095469697666
4.2223582455965447
3.6831100270731345
4.9683964957040905
2.5217643643093455
1.5940788288009728
0.2296916388138023
2.8231118453589774
1.3524096167570052
2.6282860627397762
0.8926728770247951
6.0622751096522229
1.5570744772973719
0.1925423951557565
3.9557434346232401
3.5672665690964749
5.5006588545871971
5.8158412052968984
2.0218306772523844
5.3192418757604525
3.3980974805139943
5.9405925607703640
5.1256757385689005
0.6664927923658212
1.0280139034220892
4.1149115132273621
3.0653186981149210
4.4331998433036199
5.1084821952581523
1.6044031005146890
3.3262649813014078
3.1719298136103840
0.4627940346515816
0.7702313439241759
2.7425676324286532
5.0666448718022314
5.0611674445443180
1.2415775651901546
4.6957596757007689
1.8505729371866892
5.0495206132215751
2.6771487184972624
2.7582722593999494
2.2486489545036825
2.4120075126968463
1.5381097277495219
0.0301537881357369
0.3031492751251414
4.9013914988738216
5.7504558364024199
2.9267645690078279
1.6351340033544388
3.1145431743087797
0.6312036375180688
0.2638482206281095
1.8979409925066359
5.3650092159986489
1.2177769543538981
3.8416379993647056
5.4475245562565169
0.9791113807573478
0.5438870763292261
0.4827424176675222
0.0032464561339927
2.2366944168491378
4.9060609912922200
1.3392856462449421
2.1151653291198032
6.0097766355327442
2.1256027925078791
2.0122560525061566
3.9563054191416893
5.1293152083706754
3.4576648519731221
0.7728004033577155
4.5172650504895007
5.4501209209818269
3.5195281501038762
4.4521801303554733
4.8022981196194223
1.2244345485338264
4.9079750231098869
4.6059702102719351
1.4898041267519027
2.2888657068514586
1.6082298961845616
1.7945645165108626
1.8430706725849304
0.8954693539794616
5.6377400608131918
3.0957628272753550
4.0042458183831160
0.0422250367141129
3.6068070371143137
4.7597692011605073
0.8948657010669400
4.2962228060818752
2.1683107154310703
4.8314763210063720
5.3360759686290917
3.8475662940379349
4.7683345828046324
5.6121183603063303
0.3805963690859154
5.9680300370696031
1.7028125684060420
2.9911836120879132
4.2902090285313088
2.0090783998644159
5.7529283856548679
0.2387571952635318
4.1866154453603022
5.9053898215774847
1.7889793914157075
1.6379513307457974
5.2518518801703991
0.0089217993761172
0.9002251042924423
1.1887863042057079
1.3295363790356975
2.3789783856725921
3.0026733501631777
0.7909863731862189
3.6102548157164134
5.7791966506590864
0.4275772492301026
3.4410645331849006
3.1450435779283676
0.0688575460401725
0.8735194311164333
4.1557324055323841
0.6974702600556929
2.0751757595267697
2.8542954975191583
3.5631844392505583
0.0900390978694922
4.5083301188933600
3.6405302630442216
4.9478066406004064
0.4824855973861006
6.0968817101814317
2.7372474793872330
1.5093457170590745
3.8686159122790125
1.2592491334511298
3.4830497798374376
3.8467269419380186
0.8552086885017097
1.2343370809707124
3.6931301499795604
4.1245417456440450
2.1657573978057960
1.9316077561323277
2.8774993712950221
5.3846655853250587
2.3661844813089057
4.1408378654696358
0.8420762336456545
2.4191162626714613
1.1663155727370726
2.9523166751323187
4.2731736193222440
3.5539604608640762
5.7096316246762866
6.2622079814532592
2.0919603718067292
0.4851633202005365
0.5236219151271638
2.8312530368814310
6.2482632883051421
5.7640403900993755
1.6051081316398019
0.8932563532561550
5.8199968768611523
0.6032349246265045
6.0145323893673002
1.1584270753307455
3.7329244358961708
4.6133093721912868
2.2260799060513459
2.6037138623913880
4.9049829483600211
6.2529605210438906
1.1701978252383236
0.8385951940886158
2.4936537493597699
1.1465429390928290
3.6494320243883096
5.4995197307773296
0.9445950170411221
1.1138709494795707
5.5353199679888085
5.5226271368928632
0.6019242868680709
3.4039005632099255
2.5447901376541551
4.8454784930950536
1.8874010801279404
2.6992592796397559
1.6833002750117110
0.6924835585554214
2.6295387423948453
1.3229640381510923
0.4282825205246907
2.8305164857462048
4.5146549859774314
4.5109488647966343
2.1715505737607361
3.3910458318462600
5.2858199308313178
4.3469103994475553
4.3191432631874678
0.9721302185357499
4.4548860115122544
1.9002528903321654
2.7100902342202549
6.0952567205523946
4.1546623706557932
0.6379055705881663
2.3648204496327363
0.4775390696283416
0.9769244291362854
5.9017150140227752
0.4817518657468907
2.5446346173700123
5.7837178683400170
0.2802520122774756
0.0832553985270539
5.0183448702706759
1.4883352614335383
3.3608653773466624
2.0577370558157226
2.7809980557497309
1.4186520455292844
1.7694919991987408
0.1336826865344124
4.3042595999483551
3.4434969591751745
1.3443133124271778
1.3901338968550221
0.4672120594054954
4.8820428507959264
2.3702665425550480
1.7606706770468090
0.3907075509399963
1.2584326565442943
5.2228915652129189
3.1983009078912512
4.9191276804519530
4.5782119913659480
5.4414921210961138
3.6495019492946534
1.8218395407621570
6.1277380533375210
5.6425416059261702
1.6733193367575039
3.8239197937005289
2.5066576328779684
3.8018139335124079
3.5739031305867672
0.9698922154120833
5.3211855152446166
3.7024543251029081
2.2464900314460512
6.1339205675487527
2.6921192458595162
3.1155070672242586
3.9156448132038237
3.2683559580269081
5.9857034777382658
2.1598199532226592
1.4538810828635222
2.4435501626600797
0.1236523396831279
6.1461384055889097
6.2231920642383054
3.2467886560590125
5.0195743519720608
5.3430697928747133
0.8127107296752440
4.5984676217563285
4.6777812302721884
2.6485040503769790
5.0546727024209144
1.5742069963792380
0.1070541803373676
3.2909534725272387
0.4201220603834454
3.1586908255536690
1.4844980559649437
2.7362722809937856
1.2886418946134957
4.9304759472941955
4.4498261547273508
5.7656298652120155
2.4948784379623081
1.4079926629797541
4.2261580341216307
1.9362439598594827
0.9029819373151193
2.2501184672245262
4.1364974290151455
0.8024359146530226
0.4483850026734645
3.4178594783525158
4.3539133424023895
1.4370776590490855
2.2087962443930755
1.8485377000445684
1.5818640455716340
3.0687281900991530
2.6472122195975030
2.6312714032944617
3.4900980710853062
2.1137295365950166
5.2499892900151073
4.4819985825435058
2.5037680930512849
2.7150207963601374
4.3995800816765716
2.3649261761583453
1.2915174819809911
2.2761183405571739
2.2282660199068034
5.3220832818882657
2.8823931990148952
3.8386186791825643
2.6487348419552652
4.2369881827292293
0.3957655879631037
2.2714292667517508
2.4347577125665758
3.3323996974748504
4.2631524130830369
1.2783629184006495
5.4945797958710907
5.6129952518649935
2.5357171315625728
5.5423781472276463
0.5437737736438878
1.9963458891730652
6.0071941438777543
5.0419098267364664
4.5495650608922622
0.8626577494830951
3.6813745821885653
3.6016773455326923
2.7396461064874473
0.7870146520231398
0.2610347175634058
1.1201654467067150
4.4037843944408301
3.8355756033410096
4.4733831507999922
6.0661860737007691
0.3006892473982003
2.5193860865773705
1.9094936469603594
5.1301632716389776
2.1208060639185486
0.3692056474923910
4.9271604803426445
4.0378276076496684
5.4894013929631091
6.1989415178300824
2.1222966346400458
3.9544484276480065
6.0649845796148441
1.0248666278600163
1.0873850053279286
3.9972119832471984
2.3882925184696133
4.2756856704785182
2.1147762982165412
2.5450367796443576
0.4429063549991253
4.2054239435341367
3.7215406847257135
0.3342798536286306
5.1478414831586345
4.3264143407623523
6.1794406712216468
0.2139062522758937
3.4827048862805765
3.4803392386072622
0.4920661837206932
0.7777294202161310
4.2685868786344141
3.6302270177271727
1.6424802253737536
1.0134533896358899
5.7227044661650428
1.8322962582722089
0.2624364243780660
5.3622560679471345
1.8267108154865557
4.6050672010537301
4.2925044768825833
2.2888590637426853
5.8179033263312476
3.9725799557617201
5.2399815495457114
3.4273735402660148
3.3370811368159532
0.7076532775361252
4.9952021545061056
6.2122294363687747
6.1969348625081491
5.5129448550568707
6.0124324428099092
3.5106518614824140
3.4604897244995469
6.0124417746785337
1.0349705984909578
5.6007009060866055
2.2296807668086820
4.2107439158089921
0.5709914660582091
3.2150953979377386
4.8519606042195029
4.5426132928315237
2.1029151525239347
1.6504814992100343
2.5524984300634008
1.3660426053180614
0.9071668664204429
3.2746638099647649
3.6499089372348199
5.1721173168718115
3.7163659049358531
3.1006139851380903
5.0798939197057633
1.6666472578440050
4.9313220397259387
3.4893880526790353
5.1819587799732139
1.8490295936205585
5.0235472780001880
5.6180854534327302
1.4023160149173022
0.2934100022251261
1.9168737561935061
5.9611527292752982
1.3493342282480010
0.3099308679010848
5.4485519619506633
1.5713132751632037
0.7923678548866033
1.5022083727050468
2.3767570481307101
5.4676453852542624
5.6037227971715833
1.4381361383828795
3.3861737562457397
2.4681732645378900
1.1785153288962187
6.2190914236497221
3.5846543190558733
5.2775454231419241
2.3130624054506068
3.5193352339133108
3.3141109745701227
2.3085158919094368
1.0965355414984335
0.7761826943831353
3.3842030439781690
5.4902243695673967
0.4307082570970043
3.6463148786897635
5.5851388846932934
5.9119264155137179
0.3852385875273637
5.2843947564999887
5.5300671370075118
1.6099447838192849
2.7491513043805611
0.2325078281682530
5.8059667605041092
3.2179289115391314
5.4990822635517684
6.0910252265813671
4.1332488095220681
3.7999090112490941
0.6886091738545743
0.3604979696804910
2.8751764551153371
5.0913188898259776
2.4840945650246522
5.5156921672873871
5.7717537318494498
3.9540678630167090
6.1708563364399840
0.9611369664132117
2.4921973320430864
5.6854944711783588
3.6158225637061667
5.5570649122017119
0.9295667701819050
2.8113181515866512
6.1104078483114765
5.1574225808117760
4.3165607695206125
2.3884641585485893
1.1747691721456242
5.4523000956339214
0.3242259638141181
2.5674831660053936
1.2881574082613845
6.2547072275069935
6.2757203867838074
0.0464350075312268
1.9428351238540174
4.8543939716764006
2.5570393428898686
1.3657162849549371
0.7833876353755066
2.0963941153516772
5.0325502967611282
1.0215138711252514
2.7579003712002250
4.0277134018862792
4.7817119488868096
3.9447443366386854
0.6197037643740889
1.1831931861455907
5.5577439406494831
1.5956112024638656
5.4844521290446702
0.2297333213881669
2.4596310348688730
0.8004985558084858
2.6682540074901326
2.5370399540521498
4.6561471180858280
6.2060086035662350
1.8757147131134000
4.1034164117827645
4.9152864699696392
0.6959179374970195
0.5026304490196205
1.8318550867600822
4.6453864265481828
5.0997920204104430
0.7383714639479438
3.9109261563145954
2.9704474576317441
0.5156917775541725
5.2553032661563392
5.9278773198206567
5.0884775214668796
5.6167705309712090
1.1112429711450005
0.5684344693730995
2.1423607197888828
0.9547328195467547
4.9203061633050167
2.6633510402309182
0.6247868598080738
2.1981140709698836
0.9147650544705168
2.1487921420911076
6.1631107359847137
1.0592755980880284
0.2009741654672769
5.3707491946224151
0.1824232389802016
1.4474920934738285
2.1285482638914477
2.1626317138252769
3.8495903760883547
2.7374940163880344
4.5707177180584111
1.4184037039765172
4.7703150126564395
4.6336139720473231
4.8290561379363997
2.6553250333736407
3.4616292247800797
3.1393927405393542
5.0789563821852415
1.9633838304655316
0.7809567129868789
0.5335061754893377
2.9775085165054418
4.8724051749606874
4.6926171535724350
1.0598788034809421
3.0845279991150991
3.3725288665899336
4.2421754038684290
1.6960821158970991
1.6019231535733545
4.0528920042794896
0.9185441670307386
1.4582434641597841
1.9608390770467579
1.1630831225091181
4.8484019742630764
1.0453207693951201
5.4611461821733247
3.4305046169581352
5.7363509322910682
5.7861030196993353
0.9696676037475379
4.2947201513217985
2.2201436087925859
4.8145823258738689
1.6863066477087847
4.2163691817212481
4.2142873736949946
5.6327752802875368
4.6036011259406866
0.1922939393152600
2.0680834515996818
2.9991130062994262
1.1983297658848526
0.5355675978944363
0.9128369803931115
2.5434671322472777
0.7468820811625727
0.3075373812754201
1.3657399221155522
2.5392622192250442
0.6910118745259314
1.2983789843110121
4.9606241687797841
2.5123138318634752
0.7073552157047885
4.9812233431716626
2.8928927198163525
6.1227304045453899
2.4610231448464481
1.9588352900852917
1.7423651801835558
5.7402242717099705
4.2062632236250534
0.7322152170517945
4.7774698513402614
1.3560227829007707
3.8346165510245793
4.9431196596525817
3.6565780138352229
4.1594973105922426
0.8681826236497390
1.8927403086654144
3.0834867504621415
2.8441224224333510
0.7045252416684029
2.3396204924461035
4.5956212259347842
2.8699825150343723
4.1974729394301633
1.9639187967717355
5.0494612997640997
3.4729458405440381
2.0782404683020088
3.5938346627172613
5.9643984825210703
2.1424185417237558
5.4847434815477119
3.0893554411988924
0.6625848123427481
1.2034269516799121
1.7563876583827787
6.1763514696135005
3.6689437602939727
2.2418316336159720
3.7397842517236488
2.6809583419002472
1.5278535396128123
1.7701538516770725
3.5710454033445669
2.3818724784125056
4.0950800511340990
5.0166859437643785
2.2972121819057398
3.8311718413530360
5.8212194763352114
1.0890946512400219
2.0842235737197412
1.0384454830107412
1.7398232033341190
2.8603739466332003
5.1221498518272606
4.0489539885085346
3.2957109216727893
3.6131648821475864
1.0980619178801230
1.0509089634197379
4.5812809434817749
3.1895718842539744
1.6181067318642930
0.9603763902702142
0.2192155627322495
1.3969117541260554
0.9655349115512485
3.6787662904375060
1.0825015590892058
4.4360930568453414
0.9060077055691876
6.0392672401089253
3.1484231179739464
2.2478665389561696
0.5911671329851952
2.9271136031161138
5.1826577369348312
4.3456434501167660
4.3618919424885734
3.0144476909559996
4.4304093587595617
0.9956830276877795
3.3821909554340959
4.2344893542267856
2.6667090134662095
5.3639670029600746
3.7234393370564236
0.6429727896360828
3.1419440984273388
5.5364133142144905
6.2572764514417969
5.8777950895123201
3.8210330327855200
3.4805354832237358
0.9651501999645548
0.1333502808494187
1.3468824771879249
2.8535220415575289
2.7786314919248585
3.3388491666824809
6.2458755555235470
6.1930881867107042
5.3352149783187093
2.3439916425732794
3.4032530137506134
5.2301500977537154
3.0202499251511954
2.1657098149157257
2.1520666407389881
2.1993378893022459
5.6855977788669607
2.4117902612030941
6.2000068471638929
2.3441391473491637
2.8931418989870608
5.8335422811324413
3.2947804706142199
1.8289725055179435
3.2746957848860436
4.8834415829090574
3.5137053797156623
3.0162600867314779
5.9840296477160253
5.3467694457722388
2.2860442199923319
5.4100358394499173
4.4805006000644720
5.0387814196654945
4.7874034251969180
2.1622740024423033
4.6995838709040161
1.7948169524783926
0.5899274452837080
3.5073677010680675
1.2089141245653676
2.1797076882335755
3.4807124480936564
2.5218133649416838
1.6386006889264657
4.1208211447773122
5.9788367777230729
5.0420178399593683
5.2863762521284468
0.2917808801980492
0.1615481962430198
2.0997493684243311
4.8079047250746267
1.6973191261764458
2.5246127646277330
1.7550843712308342
2.1836771456851403
0.2136355510908268
2.1217725610707210
3.5064914897216295
3.8148551475426467
3.5397404447840377
5.9404574897388622
2.3817732724224303
1.4025723218969806
2.6220215974661363
0.3576007696076329
1.6394510033142864
5.5602819535447150
2.1057058749693454
4.6565735624103244
1.3085365938144333
4.0500412345862093
6.2152114735735156
3.1200426015235907
2.2214501768145807
1.5709855279702314
5.1014067077079108
2.3155265731002883
1.4699663006719217
3.5857726527834046
1.9537692397996553
4.9927561526364856
6.2422361227507626
0.7079842886702583
6.2348572371890105
3.7089878263876233
4.7355141893942312
3.7848568557791622
3.7043275682256414
6.1163430719356215
5.0031362933759524
5.5856170944514281
3.6236963816485459
5.7553543925908590
0.1888452177695817
2.1906462234812638
1.3302712516846771
4.5695087849479590
0.9010238718433223
2.8535970835705156
3.8866586968593015
0.0125068862016986
2.5550621184991393
3.6018012498730205
4.5176140550843895
0.1859517205915096
4.6994907844767297
0.1810301345053645
1.2302694941010701
1.2473879251125479
2.4709315841690449
2.1046163837107592
5.6660370717012549
1.5148598187501643
4.0444756027824891
1.7985929842321606
0.4038972395225883
2.4177335665150399
3.8690803141910370
5.8769514832556480
0.3646220658436187
3.5262992264008504
0.7111405263566379
0.4222672441300855
0.6559018548675518
3.4357356398958281
5.1343891597855560
1.6548773704461219
0.2090097048585621
0.2182447342647623
0.2482462846626469
0.1108393827317542
0.6798824624140793
3.7500985059532068
1.8607293861827674
0.8537998586739880
1.9164700489979811
4.5523944346590426
1.8184614213737902
3.5888879399683962
2.8587912335831160
2.3282707295955469
2.0172021127938415
2.6286698624826901
3.2899987547262430
5.3105011003124574
1.6738098275282012
5.8254112945945868
3.5816123922079228
4.2282492972608337
4.6339684527234288
4.5230765144271627
0.8942867133239066
0.1646725063809328
3.6154235934295214
5.6063680845817956
5.8801502729911643
2.4236259962854056
5.7664173386082274
3.9598012966590801
0.3430134673464036
2.0476849109322872
4.1620993029820958
5.8957114771691126
1.1533234738817986
5.4002754341205970
1.2071378820539134
4.6423293563687764
0.4005909669242291
5.6953672782881757
4.5018677757657262
1.2166426742629326
0.2543989357292291
4.9083247284557672
3.8610138672529613
2.0956882112217086
2.8288067956483087
4.3737154125634508
0.4607232987559117
0.2529460838616798
5.0791944688626636
3.9272860383489188
1.4777480838197474
3.8235389267464797
6.1194706932289815
5.4513427764745375
4.7724166243630792
2.6562711635182126
2.9612829975446129
0.6010933484574796
4.4217364907475494
1.7953815835744720
2.4616709518062909
5.8434803450739015
4.5050232026645167
1.2163493517549662
5.5181849389184947
1.4685315653064843
2.7530819856293722
1.8915699294571278
5.6202701896632838
4.3379737038903059
5.5421072507352473
0.5225058978885824
3.3512651403447808
0.2193881102288261
5.3350064049998194
4.2944580951981193
3.5731921318716058
0.9213862980877129
3.2122151207254310
1.8612598799467979
2.0285212897497891
4.7671742033866389
2.7358578197088432
2.8651691948237850
5.6279177530393811
4.4110141088416288
0.3663721716327728
1.3700765604023288
4.9118852339232744
1.7494080720687006
1.9659491241470861
2.1835226849981537
4.2065904742986273
5.3730887169556940
4.1861945598358785
3.1493179698711176
0.5064526356881681
2.3499386677477503
1.6245765633793405
2.0769766845918474
5.2995344102205308
5.8117985058169932
3.3303862086815612
0.2744381769743116
1.6436216417973748
0.9189094820782372
2.8739631881602254
0.2574904394959459
1.8040108413145544
2.4440332582546174
5.4584818469422078
2.6398392992249260
1.7433818617688799
2.2351202404424133
3.9557491662799484
5.6243907716771817
0.8755769828253759
6.2683152527877564
1.1674447765170539
4.0973919203611269
0.3198273092570564
4.5229958196226265
4.4101277157467953
1.2105586922941640
0.4408795767287269
6.0858388065775841
2.0206080769944572
3.0241693265406173
2.6227969192105411
1.4062860831957715
2.5280375014389356
6.1962047979023120
4.3880567757767235
3.7938190555200384
0.5423692892700622
2.3926981011738246
1.1477239943668771
1.3850940754913508
0.8507712345899535
5.1831578392854292
4.2638923569424581
0.0530100007766672
3.4270391604992376
2.2497701080660977
4.0471011017820810
4.9314476574807768
5.9019683047269336
2.8076921547384592
5.5735254596087644
2.7590029895257144
0.8750391781719032
0.9358004249829345
0.6176946574233300
2.3009361301418538
2.5571967569236729
0.4490792150129418
5.8371099613013353
3.5697340504993691
2.7101136185199071
4.9628078780712714
2.7981072702713794
4.1767012420993463
5.8460185340383246
4.0106931223732172
4.0072464898490292
2.4903004158338309
4.0819894498566587
4.7651939163810466
5.8709662689751774
3.4668979887993574
4.2776090237229614
1.4398333487079225
5.7318014731318190
4.6547900757286458
0.5027699389891599
2.0023219762136608
5.5745343499537965
4.7754319009312214
1.9810578027155195
4.1346180367103837
2.3632044454708776
5.8744707253356552
5.6732292318325763
0.2699838189273379
2.3421376404209751
0.6482808386745370
5.6744289388121665
3.0782943032060825
3.3883839990195042
2.2655658883815875
2.1056825112538720
2.8205931089171754
0.1527842116829311
3.9499593273983651
6.0793741105658832
0.2105079315568590
0.0009987807618738
1.1926318930646140
1.2093070250525140
3.6322737837576007
0.2349011889085765
3.7728892727548593
2.2322581436447360
5.4533343461600410
5.9923869217419252
1.6010731377060317
3.3661692353969164
4.3314670150518140
5.6757380615565127
5.6778100830404261
4.6074567795432460
3.4296843744641361
4.1126204767040200
1.2558788236067260
3.9557492229219076
2.7922653995827180
1.2220181242723858
4.4107697679649611
5.6924379986916245
1.9722311779115465
2.6611032577754301
5.4689313240221882
5.7214382423523622
5.0745640964657968
2.4818187508752656
5.8206522880326510
3.0030160266217072
6.2469231145193200
0.1591297155044140
0.8921986410382298
0.7136777337517388
2.5967876519867059
0.1207289682612560
4.7319804870031534
5.1722079369639982
2.3324956945332178
5.0774374373549733
3.1184870126333428
3.8630015002945730
4.0494560581172490
4.4059621179825292
5.2416403429065745
4.9622775076708541
4.4176223341381915
5.3243591439179392
3.2551169780825768
2.1607742231918152
1.1499731920730294
0.5358630312884671
0.8883004396569142
3.2868327356363500
3.3456060095473328
2.5505074932098086
4.3310390605482691
5.6837328700740120
3.5637191405383417
3.1635907035235848
2.3977952753307838
3.3766023864908949
2.5963325483770965
5.1715220219477649
5.4533128896946543
1.3793777957067699
1.0588169609383049
2.1818142870324797
6.0207367882177723
5.1954107788055204
4.7207376632814197
4.9601162358534356
2.9548717388170131
0.6621161366708139
0.9649706154021740
2.5586253973024622
4.1035953431563303
4.5788884028150232
4.4021895626358587
3.3028413963426164
3.5727091364308037
4.4417707039174221
4.7158836815776324
3.3430516108292343
1.6073429864694444
0.7627995024044071
5.9752294620033064
1.3241554393254642
1.2494495954131057
4.6879383552711316
4.7785586298927560
2.0879743055088249
4.1200780059546576
0.8325299488374956
5.4926389947813501
1.4862289233256523
5.2963389665372533
2.2740312752726619
5.7262899251962462
4.1444040698765665
0.1486462449523881
0.5575055538452259
0.3429471156105074
0.8367501514976421
0.5081643381853579
0.6315555963684568
3.2165142207280928
3.3594675123380107
4.2195703182890538
3.6176740513189727
2.4984440689827605
4.0365157900649384
0.2877593321959074
0.1605827911814881
4.5351981559216616
2.0249841256214798
5.6458810496474685
1.3474864621857383
4.0611190757439966
2.7943441797267576
3.3518822312698355
3.9582029238251328
4.8222967688701424
2.0360374433445880
2.1987904408966461
6.1790152866811212
3.4172147648755149
4.3254425555322955
3.3223927266621867
2.9741985956719486
5.6893362604298741
5.3800196063290615
4.8075678547569902
4.5362552185404459
2.1517096502223452
4.7924090826515506
3.6224404229776996
2.2527901614438366
1.6340349897263604
2.9020490011915663
0.6726696561619302
5.9896677880998377
0.0093543903095935
4.0569178246550885
0.4265552427395500
4.0761866909992763
3.1813289935760105
0.1014244246490955
6.1897789147403799
4.4881545970089283
2.7636134884756594
6.1165861202741665
1.2320021571923843
4.9209582377005709
3.0820925961980525
3.5487236962363227
5.7778220420989461
6.1259018625822534
1.4543298847268618
5.2395530491140363
2.5695041407254680
2.7943726811579741
0.4509384980662635
0.0048243402010224
1.9840709635913460
0.3065581326464719
4.3634518082487874
2.3734883964984830
2.3203184606441130
1.6699475207770018
2.3550170865440672
3.6427971523656288
0.3072330598068873
0.0696573411061119
1.7077133045613566
6.2426499807616302
4.7764241364236319
3.4359222585434654
2.1346278165052017
4.4706767824778071
3.5614087401012973
4.0792784522450871
4.7495630774101221
5.4910059280100647
2.9920749680793866
6.1946579846001377
4.7135762522387843
2.0610362560426418
3.6742166900071491
5.7624479138431726
0.2108733203359291
1.9358310242955128
3.4844386432900207
3.0444278330036423
0.0943644461974596
1.1037710470546926
1.0913472743071753
1.7771153767494272
3.6175384107240980
1.8868336419019633
5.9033742275417636
3.4659719168837713
4.9996470615217117
0.6512365960807989
5.2130245475555999
5.5229313414339600
3.7966100526202271
0.1181942142961935
2.9949757233153873
1.4880356821426339
2.7559833392056108
3.4001677200226164
0.4658320672085812
6.1993031358361277
1.1658033466792876
4.4263514589515269
5.6459027298458340
5.6257866034184039
1.9372872099891216
1.9973569528017783
5.7028836210014653
4.7720642492000600
3.4634184330348687
3.6421032628178098
1.5452096165309974
5.6346359753237714
2.5809833852577055
0.6707542992934657
4.6883792558749331
3.2705848900876680
5.5594210666094552
1.3124408000388748
3.6387180982878640
2.9609409639167144
4.1987888048029962
2.0941846223414231
2.1764805839828263
5.4640202874258001
1.0180405568180753
3.5437996540983496
2.7079131573530031
3.9257786355793671
6.1133396120853041
5.6831953104576316
4.2746448084113204
3.9490417593669127
0.2067723889857690
2.4081668099662017
5.4899489485505413
5.1071733512423965
1.7325118317528232
5.6122753270373140
1.5198222041358525
0.5184254671804108
1.0061871433722629
4.9797158581476175
4.1582763751507983
0.3130252834508713
4.3017261201923604
5.4389433598621109
4.3575812319909177
5.6576976244526556
1.8867660370323469
4.6893980058136329
0.8592398925988436
1.1551730030712606
4.1306377874449645
2.4239373067480212
4.1538239790205456
0.5992381359811699
4.5803249169795288
4.8201442410897446
5.9115488959929507
3.7418031024637868
1.4214187710698936
3.0319723494441688
4.0691176487921599
5.5238646069471580
1.2983365454905278
5.6582260530264668
0.3977092714227671
1.8986860131615964
1.7601779911060418
2.7195056298299778
6.1775779651845131
0.6999703829721889
5.3827597068704005
2.8598303816042776
4.5902594859961345
1.4360294294746347
1.0097347855401211
3.7200714976980587
4.9562872806867011
2.9835072762087043
4.9512964123248828
2.7651104558129189
1.0771095063505218
3.0683747512541810
6.0181879539094663
1.5525377893275967
3.7671079469330659
1.6474769444951551
4.5246111282505534
2.7460204611552039
2.9138527716115088
1.3934389410618302
2.9504113243132157
0.6816030421085770
1.9281989247403124
1.0691706917322401
0.8279144535208447
0.8816200251375467
1.1220694300272585
5.8398309949046316
5.4807843803305119
2.7512152065172151
2.7738535753053530
4.4243661590021652
4.9573659279878255
0.0802481632597678
4.6436808340084035
1.2379286699155381
0.3738551705177356
5.6897523762327813
6.2714003765396971
3.8019089411461415
2.1395664689238449
1.3182510941102137
1.3457562927352089
3.0833849084424569
3.0002838353436352
4.9724961264667522
4.2827006943407788
3.9211402250726834
2.6620835619294136
1.3270938760759758
0.7549757841173389
2.6255472902275887
4.8769471749890467
2.0358693931846585
0.2356619516132443
4.5202494713062906
4.5043475251906884
0.1369860029884610
2.6077366045726320
2.5250250525769991
4.8055362148363070
3.7742142604420348
0.8080489001673604
5.2027006918983822
5.2697464761867003
1.6329614005207171
3.0718976168597565
3.5467050694576630
1.3791884212463412
1.3538334766406657
0.7821703694130516
5.2894065869549607
6.2314790086595906
5.5926288268315769
4.1691441130629991
4.3941383009108987
0.2426316613924281
6.0354857930507144
0.5364915590513057
2.4761142766487323
0.5105889758325072
2.5765564399137348
0.2511907736216797
1.3747949262367245
4.5637822954951872
0.8497531406115315
4.7607476626034320
3.4100078613386708
5.3075610809407632
5.9661048274892527
6.0496560416290057
1.6208641946005802
0.1305392124804245
3.3603836538375531
1.4837675106249326
4.9839612930741239
2.1757252697922822
4.4217049456363684
0.3462101243848678
0.5862990779807326
0.1472372278335229
1.7125973325401163
1.2843228370425044
2.3059958935730873
3.2778558991069922
2.5168296809368109
0.7720516282927757
5.3423903826040950
5.9465952606189214
2.7613467420796973
1.1874368465533145
3.4468842487469149
2.5177355853662946
3.6516170585888057
3.7495707179188900
0.6281771887676878
2.6567686004756537
5.7942218867624096
4.7659175017170208
1.7794696405624315
1.1733364903742964
1.4720678061771475
2.2265498647990918
5.6701707602250506
3.7355877824720296
1.0809913810008631
0.7622362816527102
3.3225539591457820
0.6730386729850513
4.1516938422606326
4.5110579215346824
4.4128180501687941
1.5511011943375486
4.6314116063198449
4.3725083160314826
3.9785163099284055
0.3235694336753236
2.2610915840787538
5.9361200616079781
3.1121928257373819
6.2488561923699688
4.3773094448488656
2.9248431289000494
3.3040351125895122
1.4299244162399551
5.5256899690738841
1.7982141814346582
4.0642524244794043
4.3412692697356485
3.1911459330339595
6.1668560493504607
4.8463935450555873
1.5519178122620372
5.9946675723323253
0.8393086978058857
4.9624211381958805
2.5851214378333611
1.8459451235626310
0.3152038038060599
6.1637126205832420
4.1183988717190596
4.6885327132350252
1.6074595677763797
2.6852355535696200
3.8878557315395903
3.7982140252217866
5.7061706277422770
0.8942529696986401
1.1072570215951414
0.9792362703487089
0.5890732484020055
0.7793056818035892
5.8915740025479613
0.1971501149382574
1.8243718167200971
3.6102121569057104
3.0635671537148919
3.6491005523326669
1.2878649986110537
4.0973079281657467
5.9065026118584676
5.0546407010278358
2.1074408515843892
5.2635762905125718
2.7578451929319940
5.6718377255526216
5.8358157904933083
3.0097792398861016
0.1993769738055397
3.0185018279371079
5.6364956531454720
2.1778827652463351
2.0774444651612791
2.1518091736166203
2.8414630178740805
3.8400621117002744
2.3732987916525525
4.1133578778383546
2.9673363584027057
0.9549457996567028
5.9663219885093612
2.2976512191688223
0.9818251990668516
4.1906135295737164
3.6507905906473219
5.1382774428131537
3.5269858844730022
5.6486273590783211
4.8092693568205771
6.1015624366808181
4.8975401241974659
3.5486076513322553
3.7368613860061917
4.5177125011600419
2.5459695880203608
1.7499646591731588
4.3288757157007165
2.3371969515904834
4.2068573809482723
4.1748390768559958
1.2204711047307664
3.2760312452069509
1.6992859973859007
4.0373016315898145
4.3644680677227274
4.0767599007277671
3.6077318111388856
6.2065258769631120
4.6438508305007531
4.4507305464010036
5.8186570066930674
0.4513613988903182
1.8394121267962662
0.0659635429964872
5.9820483995347757
5.2246157662807340
2.4973117479921814
2.1917684789289726
2.6007295778402457
3.3675575582247212
5.0655396596449060
4.8565624795822533
0.0894386856864696
1.1788412670857245
1.5460806531738074
4.6131721565213333
1.0736516186677274
4.0970323612831328
5.2066887296321953
3.6019030321644543
5.0503881382412548
5.5264074351598431
2.9723651847753838
5.8677586429638842
1.9681631159961608
3.2781590113522308
5.4898607462624982
2.0283617414764081
3.0516519222160321
0.3330575515977529
4.6934448076818711
1.3065933595428447
1.6640348780700080
2.1836990161236289
0.3268597743748697
0.2845147207307106
1.4341752856340133
0.9906155161701281
5.8679745415773468
3.6233614890483934
0.8884095492261226
4.7694780861547050
3.6570601934513056
2.7361766727608465
4.8268935181296477
3.8582908450209721
2.6620877391643720
3.4306764280226671
2.2396438949795918
5.4268200797579444
4.0236752839283358
4.5846645266183934
2.7341490685636467
2.5922040430349029
0.0710006374878680
3.7111575888552646
0.6769968646739700
6.1118891316099493
3.9393455461286377
0.7181138860143417
4.2028384475001088
0.9354710366437201
0.1735561266263941
2.3244798224455634
3.6268707539704277
5.8613401004182446
5.5136499868846931
5.0777410570867287
0.8381955342360002
2.5326753943825180
5.2099004360527008
0.9199930889036962
5.2672695016525406
1.2555975315782186
2.0898965277263142
5.0458499055401056
2.4470337882371842
6.1815161676004005
2.8103109054115500
3.5958425621875398
2.2739265667247719
2.1479414488507493
4.0672564609563038
4.6986229837060707
3.8180434113964901
5.2255481434433282
4.1949974222513919
1.1185966670647576
0.5980062887327332
2.6199868099942116
4.4364010031010670
6.1353063492841899
0.5482502908477702
2.2457556822121925
1.0508578660734160
5.3061973648814229
5.0838257913827389
0.1459256736608393
4.2188766493055363
5.3344408240933685
6.2751632428983841
0.3709601676103547
2.7034609813820483
4.5813550975017918
3.1549726861778331
2.1221701019867982
3.2961664253600675
0.5751051869031648
0.1363628090667379
1.8320219264455819
1.7059760307050913
4.2714581973760444
5.9457968222706059
3.7232809103403959
6.2362333307046258
2.7382899887710739
1.5257221334081663
2.2063778648302548
3.2741897635904560
5.3489218368306037
1.3162173706932843
0.9368503064468573
2.4078522387464405
2.1224403067099220
5.9828070839474163
1.0946773071367739
4.6342908614129223
3.2740278866615711
5.1204859719406794
2.1346240911488801
5.9059108505527380
2.7080110665439716
3.4280806108545989
4.5456062626204385
1.3684034061319916
2.4049268721168042
3.5842526056858457
4.0667284596038611
2.2616405235087180
6.0620906162169623
2.9491582800407237
3.9633847940627258
4.1104632605667497
6.0860281173419848
1.4570046464597550
4.7633300610770304
2.2592431268716466
1.6803035855254191
4.4920084971639866
5.9682633461178636
6.1019790048828852
0.4136689011016865
5.8714110394860670
0.3219536034462317
4.7077685714725206
1.4666791514163311
4.6465883472092919
2.3998654089539211
5.7333681761910551
2.5455214162345112
5.0646244095983093
0.0382354864811696
1.1378600727423509
3.5509326476738452
0.8693414169485985
0.3278940772599246
2.0605943852340936
5.8006068940786921
3.1052736278073012
4.5718816926191188
1.8961993957989025
5.2374451240615336
0.5342363626865847
5.5534773879686803
1.4780658940036369
2.2151635149494746
5.4121673449017225
1.8867036696651034
6.0979345381972516
3.2281185610474026
6.2815945791049304
1.8037390078895545
5.7944959791352675
4.0638341505848024
4.9006281693948894
5.5170016380491260
3.2026932338684491
4.4655316232422217
4.6881187261698285
0.1964908413999556
2.7283152407241209
2.7962576574669922
1.5297171762954949
5.6237179145963987
5.4694372024498144
4.7246532382291715
0.6462966553632514
5.0656000168345567
5.8361700674297801
3.7467924811343596
0.7831319224310185
1.9332529484717016
3.2326680593503507
2.6786654605014149
5.9625382443733370
4.7779678861069144
0.2239032529813784
2.8608930628827669
3.6976536737412897
5.9992358011522233
2.5434923817308150
1.5425059535426591
2.5328775079116910
4.1416040905236926
3.4131027477160862
5.2121803394818524
4.3146893924484111
1.6965071847085611
0.6379278901303600
0.4012207920638780
3.5156197730169634
2.6922831663507543
1.0001680897412959
5.4100299716856082
1.5716385989464090
6.1113071823422915
3.3036910953295271
0.5838977955540419
1.3515628408834066
2.0341048677243538
1.2594198547264130
5.8641305459024968
2.4057727795035473
1.6143774634113011
0.5917399351634167
5.3355988012319768
2.0951063590591201
2.5701015374742338
0.2413136146283735
1.3621559802100343
3.5958918672557170
4.2565795352116611
4.8390204422624885
4.0815565792041317
4.7951485101122202
1.7610019935018275
6.1701569514995818
0.2411173383590086
3.6526771697238312
2.5514411533191548
5.1631564588057675
4.9213928935624836
3.5252026770170533
0.6304605135205982
5.7645853815605825
4.1349884619988959
1.9902434959249056
2.7548918868096619
0.3102338033560887
0.1196504405402380
0.3139889179761043
4.3035587443786563
3.2349139277547425
5.4501403347134652
1.2888114347018853
2.0411109050772618
1.3966055151091912
3.2882299338370315
3.5069186835108117
2.6065777523640965
5.5537090805043965
0.6846880250575296
1.4214954443878951
0.4023892520637077
2.0167134432427369
0.7085354057934042
3.8935353108906412
4.9754384668840554
2.9170458609167560
1.4083757966713109
4.4500755011972517
0.8730991242192137
2.1293514400838487
5.5183397861369476
3.8838837940191802
2.3802621549443508
0.2981478831043465
5.7336766946301667
3.3940725311106275
0.6829261005518932
4.1944273741938121
4.9464626680157933
2.2962961460614322
1.1901082192864048
0.5174242775858111
1.7585042402892741
3.4397304642992936
0.4053802815428174
5.8526571110526220
5.3088910169945480
3.6791350471959423
5.6202101791204662
5.5138766526716649
3.9738110915545368
5.5371787652505731
3.3995248059236904
4.6661709764226167
6.1462254988230658
4.3730015199516332
4.0335510569160942
5.1067602459950381
2.2460726141781500
3.7464844542425393
4.7941573969131710
5.1765115986430308
1.5876073518272966
4.8514678461435796
2.6110320075344271
5.0977896068705588
1.7882979698938160
1.1660305950174283
1.0434687445322199
5.3883508367245518
2.7590855929425611
2.5711384373924511
2.4515843523447067
6.0036303207230315
0.1058000944038205
3.1520890347105048
6.2219877684339862
4.1686610710576844
6.1751358368440892
4.4195351704530941
3.9253954299475322
4.6509838139041566
5.9627209967782457
1.1892776890813102
0.2277376588701890
5.9601303663556653
0.5529953922403684
0.0304886417363535
6.2644371169055422
0.7880578733539068
0.9054684513802620
0.9607747811081901
1.5444986301193131
3.6498863585535966
3.5811770177114459
1.1271666113922136
2.9452243236091582
0.8544842754982505
2.0231060735937434
5.1335103823647508
1.4165710661744972
4.8787919071424364
2.0867354520040755
5.2539089033345832
0.6443746233668562
1.3397682911138156
3.4528011941228280
4.2223736114045876
3.3608965352587759
3.1490652641625836
2.5439217910215435
1.8430473973223001
0.0126896780573879
3.5224798041503171
5.0386696675815337
3.5546316717468085
4.3516982880375528
5.2569629491634959
0.0441735306902816
5.7112801058120732
0.8807017639555469
5.7619844899898469
2.4962018721748032
5.7911259247655789
1.2049987722257123
3.3956018696707679
4.1667495340012080
3.5732518182659052
5.5108319854558623
4.6242199537044613
4.6529336500497047
4.2631719069765044
0.4083966510187901
2.2478619678475216
2.5668479513783367
3.6968053047733331
4.2872853041461347
6.0201635363106742
2.6405343342855274
4.9175443721822161
3.2686398455655992
0.1005270307360675
4.0432536725270651
4.0116071226649437
3.1350901122353547
2.9112202488235948
0.1659961095857630
2.1171997283861503
5.0574237402534212
3.1692066996820571
0.4842549403479267
2.0516497119102417
3.3150207523337576
2.8822195932464645
3.9019966631852654
4.7511928629795701
0.2422646337368291
2.0055657076915439
0.2391671346294943
2.7652449823557017
1.4723347043940147
2.1214369667561295
0.8379894750901353
3.2303447617022090
2.6228332650306001
4.9947038239247403
5.7381240402876461
0.6925288158626277
2.3048039317082041
5.9008954934783082
0.4129985660304992
3.8312110660975556
3.5528755291572627
1.8905238486555356
5.5938974127910663
4.6056983957616504
0.7905245573522476
0.7428107227146304
2.5939736798524566
5.2669110025936332
5.4104287822512429
0.8252679278577871
1.7017253211534213
1.1243272386504712
1.1667868841543214
2.9933213770803762
3.4787460003201520
5.7385941419623725
2.0191311844126085
2.8206671765450748
5.4680762453650011
5.8308111344209497
5.2825824444062182
0.3908489638826890
2.4301814689447552
5.9830864179012435
1.2437052189074811
4.8882334528904368
6.0347542546332740
4.3899435627968586
3.0905434558624632
2.6657276842481932
2.0331708544506721
5.6144272743667845
1.2329410725475998
1.9532137382889874
3.7468121395309444
4.0858803105775356
4.5770187846708774
1.6671658499539823
6.1113352179401339
2.9698829040423442
1.6705916502748521
6.0403882006149976
3.0769257317774592
3.1960159700266120
3.1750642150536774
0.2257847343611344
0.9924204241062554
4.5693713328444785
0.7929944355939001
0.3441263512156653
5.6132678970520367
4.9975221393235003
3.0317191874123521
5.6833164656463948
5.7990417839229513
0.2058939098963804
6.2543204012809444
0.8897253385970657
3.4958198381511854
3.2772637162440210
4.7351833665206522
4.1947238442335140
2.3944072818478519
1.2174420568457676
0.8842035656409822
3.3342428200009273
3.5465267478531288
4.7976532138903796
2.5145622636849092
2.7279420716387222
1.7527793714431408
2.8817951706365017
3.4793534579190566
2.2853574884532328
2.6580420483498712
4.9981216654668428
3.0879192598957794
4.6114011904668608
5.7048457326353867
3.3360192634480761
4.5235540640300780
2.1378230230777802
3.6119253305709824
0.6200678615216692
3.2759225615972456
3.7968628471343417
5.0462931421468671
0.9528631815370413
5.9546108501120338
3.3080945606290948
6.1959754353812837
5.9318306612316043
3.0124108874094038
5.0612532036127593
2.3962838636087596
4.2883414967244340
5.4103771606378439
2.9403588683910691
5.8729723343667386
5.0529106667510097
2.1475259116270808
1.6923436695032898
0.9824670699362502
0.4181090824641390
5.9199085595426437
5.5291201532583862
3.4894584494729570
2.5000438093956334
1.9121404783097529
2.8956893407340720
3.0615812128405602
1.5189336730525125
5.8286290529432510
5.7641083693633117
2.8185767374180544
5.9448258170703321
4.4589121492359896
5.2512068946713448
0.8129291852041164
2.2203029115230257
4.9772281844158908
3.0078626897454122
0.0862448001254987
3.7173669983062592
4.3961890888207273
0.1392086938947015
5.1684498281991091
0.7801489056726023
4.6578651270964500
0.4400437233228106
0.2305629730034566
1.9711593010779098
