0.2849916353776029
1.8568063025957788
5.8926872207623564
5.1138373864302000
4.1799438400335482
3.7017888169158510
2.0684957040497456
1.5490297035799312
5.7610469059032576
5.8374392573086817
2.5445747970379191
4.0357651021331282
6.2013957357660372
5.8709599818962808
0.8177032175437551
3.3990117719334805
0.5754867149629794
0.8883088159065511
4.4863093203647528
0.3670195152741639
2.6359810140749298
2.7398974491446531
0.7393576534118400
3.6506143555373458
3.3994984416677161
5.6503985798032605
1.3054189544082579
0.9495438117518469
5.1225201958927924
0.8765469987265702
3.8569829904878850
4.8637449274209086
4.5359305063225897
0.2818315355323048
3.7250601565268746
2.3458120514860368
0.9982988936259449
5.0503828718091643
2.4497218050798639
1.7267879481959962
3.2051301045383633
6.0436351962417554
1.1415603160914138
0.0157647535802411
3.4069051071711973
2.1563485183144717
2.9875089915551256
0.7159057945274400
6.1094115008229020
2.9372509253325494
2.7115576204429215
5.4685738792415091
1.7965466249068880
6.2222368068480698
5.6007802369633728
5.4800129721858006
1.5251676335300621
3.8527341475479320
0.7578135647474608
6.1204739052805737
2.6437826613286952
4.3808404124523923
1.4251502625696890
2.6312766285534579
3.6251495740999808
2.1093153177045467
0.4986854432226411
2.7595238026383053
4.6239836930138347
2.3387691774668999
0.8651091424343734
3.3624117867497105
2.2509002974704764
1.4178590250332499
1.8942984077066958
5.8755758141030405
0.7624551111987257
5.4518958347625563
1.6408021038280083
1.9095838783347134
5.0504189677260651
2.0786157385201816
4.9593022104590689
1.4114825267228663
1.8898676518128055
4.4294257812813402
2.5564330406634035
2.3436302719000333
0.4811067253314398
5.4497433116364764
4.1061195079119255
3.0424410457457767
5.2627491284689034
4.5612218994949112
5.4630933347082538
4.8087232274400593
4.2646828501124103
1.5869752474137240
3.0926314159139139
5.6889532985836988
1.4652521643324394
1.6842603145719859
2.8202085874788976
2.8740678574909979
3.8515495141687435
0.6473387981221224
4.7354757461815158
0.2532179499877132
2.5590433655138511
2.7115016288631182
4.1069038753472249
3.4007045751892000
0.9212335326235775
0.6968913141189873
0.2894210169163859
1.3853280061276898
0.6466727277147166
2.6417268474685112
1.7577403190923582
6.1365890528132914
2.5539410848095208
6.0854401615436249
1.2349785040677241
2.1477695044100429
3.2639470212937147
2.8846677026588865
6.0095089544017997
1.8119903173538514
1.6723304894967794
2.7409367842406347
1.2863215303313171
1.4254996670301763
1.3023822486093950
5.9551148722967344
2.5875792821049872
0.0123887693968081
4.8714832022393848
5.8587748942777162
4.7276704273702084
0.0360413135297423
4.3301532023280576
1.1920076143287317
6.2352602350902240
2.0452440261194922
2.7373379671830480
4.7519776721784179
1.1911852281085309
2.8970114497139092
1.9764718198830626
2.4815620259157432
1.6482680528241589
1.5272149509542523
1.8894128860303878
5.2839779165521570
2.9010676920830578
6.2537418857542484
1.8748183678405441
3.5549646297482647
3.8244821972333258
3.7594787367600828
1.9850297391455283
2.9927714284927864
3.8914754908866396
3.4606961427504825
3.8350619977429647
3.7311033160193823
2.8469152472452990
5.3401792868416846
3.9458523217020107
4.7645954946625544
3.4442419856039801
2.1108385185763305
1.0276901596490051
4.6990351516853650
1.4361038219645732
5.1748171003763064
3.4979127140118327
2.3925243380031707
4.4949436291420337
3.8855843942271151
1.7412434619770236
3.9258260320805967
5.1884561487004381
5.0515380709693538
0.8380966014811468
4.6007597573780163
4.8346750562788792
4.5986913699897265
4.8759797960963569
3.0704882588409514
5.7507696949742462
1.4515986406546837
0.3871942426779883
4.0368305237190594
3.8150584608747917
1.5631459169333057
5.5551188571680612
5.9969062764721137
2.6731019533583007
5.0208650952574603
0.1855604084143983
5.0780226741552710
4.3525453915256751
6.0489406840098816
4.7640825164187710
4.3943521059756465
6.1303052793017514
2.6816610213783720
3.2818256985858145
1.3056603557117392
5.1872620371248130
4.8601927382768322
4.9484178994391428
1.7672502278880478
1.1009499158323552
4.8041873532962605
5.0052714796450219
1.3851573926333831
5.5218887523231004
0.5456441852020517
5.4237210839527616
1.3649712869799882
3.4823837123754879
0.4776630205142988
4.3390227386866576
3.8226543929207200
2.9329394283646035
0.5977760416611968
4.3708872322874077
4.4621681441053678
6.1388144253629502
0.8835512233035734
6.0979793631183767
2.8133941428694813
5.5364407042996175
3.4054234071958223
2.5938618944649616
4.8938367276426735
5.4717804798543304
2.1123917686103431
5.6727416626583587
0.5722213594074155
0.5194520976338902
0.3647984231392438
3.1871368162079183
0.3996872772871342
3.1193279118550912
4.7443679020242149
1.9992255955721181
4.2514022512113279
5.1859576831689980
4.4851010041509189
2.0034029701389611
4.6251505021476822
0.2026069011279328
0.9941735527328575
3.3033898871169334
3.6985134462080280
2.8887607005541165
1.1027873988866113
2.1082089007604559
2.9098840695376760
2.6094967657132524
3.7401502365741601
5.1104710588013829
2.7922695087410769
6.1328192616575459
0.2827443891040357
4.8137261554910626
5.7273463965104083
3.0787029395279419
0.2475403486451319
5.8207589056006963
0.2382751017259067
1.1852461828609520
3.0650989588295317
4.7832090197676962
4.8363595609936985
2.6589660273864837
0.2482474247835513
1.0678391103682237
1.3555703210621111
2.2100175087156768
3.9377432333181885
5.8376910763524474
6.0176359487219759
0.5588541520585577
0.5830232604567991
3.8832442594071441
4.7583177983971172
3.5022435407181609
0.3220355688841782
2.5378828693621034
0.3608932095579632
1.6286214004413908
5.7472817485631973
0.5713880956362345
3.8362034427295781
2.8983356226182058
0.6570596653045728
5.3547567548974815
1.2567184021968736
5.8709566204418326
4.8340999213200018
0.4240109970460330
0.6019934676276792
1.9142627631453613
5.6222465098326300
3.5846293010124901
2.7716989890885486
6.2233422295589191
1.9893260684560701
4.5235657799705713
6.2066531728829677
1.5655365982887932
4.5007389988819630
4.1865524614879366
3.8504465328280331
1.9205277003054284
1.4981101345635792
2.9480184407662664
5.5635508111983869
2.6953303385961127
5.6328780571031167
5.0283250754319084
1.9092530883454260
4.5604768637580362
4.5618177046743948
1.9222680267155670
3.9885957450553935
6.1712791604807897
1.9719452448367432
1.4149690813025757
4.3563785899334935
0.3961286055286627
2.3895531422373981
1.6588670322818682
5.9420847223060109
3.2788003999068374
3.4150834897155264
0.8707344880657054
4.9098563044248964
4.1496097510150509
2.9108652697118700
0.9759394202554925
3.9926537527150918
0.1850782460537014
3.1646833869644944
0.5694102378657705
3.6562575137295630
2.2741578373188718
5.2062707088522098
3.4106343506962271
1.5731976961178282
0.9818529502401181
3.2782721690654966
3.2969740998410870
2.4305072450443324
3.5730896340673981
4.5917148952469367
2.5056370575379874
5.4377327235751149
2.5814964726119705
0.3356641762796156
3.9172000020333875
1.9345073446463872
4.8274928542440527
0.8305230590711002
4.5362403313285640
4.3046438497377419
2.6128239167955658
4.7077381551582915
2.1287889934992785
6.0303616703772844
4.6780673034804119
4.7755155784445877
4.4362063540559538
2.0179183395668274
5.9033928473553319
3.5018028216765740
2.3537187418223016
3.5079214848376568
0.0559771999783231
2.1476870278558775
1.2099092214278695
4.7141722825174135
1.6125937173494924
2.8506003804554290
0.1941097364817490
4.1114252723695870
4.5718954900863906
1.6712667855615708
2.5764409878027656
1.9801328568222885
6.1461622886611522
0.4629309503639347
0.0102144985621210
5.7452344754205109
2.2297573034195475
4.4447367994968525
2.3618298040044285
0.7075243230474133
3.8391691394875047
1.9026209379107901
1.1359960304118291
3.9381608276179945
1.0746483685699268
2.3860947601158409
1.3018413595634730
2.6063690912719633
2.6424482859052363
2.5190339863765252
0.0826766164922495
1.0878076061750741
0.4475256314126352
1.4310731939465950
3.6759120869605217
2.4428794461685599
1.1009218464491026
0.5700114012064288
4.8408462878474730
5.0898358561463333
5.6765562012258082
5.4157954647617350
5.0208485354472634
4.5020076630735106
4.0536133118756705
4.4298834918216352
1.3649428321799715
6.1417121283275353
0.9330295353277830
1.6373545612814639
3.1419044757210104
0.3030794958266066
4.9949995148621325
0.4475923429304953
1.7375705374601524
5.7907136800504180
3.2518470480909301
6.1004624110869665
3.4905489106399252
3.9449259863666835
2.3580004739365834
5.8819157993076479
4.7895563883372976
1.0362504494137115
2.8060338563623279
1.6284804516003100
4.0603213514966328
5.6235905342760004
0.7605240695276259
6.0688089319869283
4.3381622352602980
0.1607389035357323
1.6422929342010271
2.3739488481410125
4.7744552780328666
0.1372984323663056
2.5965915690198718
5.7624028265933278
1.0519909366014650
3.5427221308703376
4.5344059715815517
2.9103032303314968
0.3069181469103577
0.0135189614541291
5.4046474232052688
2.1303129265285019
3.9262828509754759
0.5450393387337806
4.3548934552930278
4.6025379369059678
3.2675190499649189
0.9788201651301925
2.7662004871758903
3.6125632680654620
6.1531642373501105
0.2756384709896201
1.2412522509790027
1.7209961286573214
2.3198949180791870
0.0114150370717955
4.4120294600229233
2.8522425861299965
4.2716337776306101
3.4338456478404558
3.1450887907486016
4.5761166460044915
3.3957720345336031
2.2788496784731698
3.8794418049460719
4.9712490196566330
5.9639939889480535
4.2026423425306447
1.4512371966266631
2.8435709386353651
1.0463573460405609
4.2913923239726666
3.3572425698688635
4.9856159451770035
2.9851391297405123
1.3133037035218360
5.1512184267626617
2.9078712450638204
0.8611916466987036
5.9443909200495062
3.8144758724213652
4.0925533600962236
0.7455456364583412
0.6173228589122199
4.1380126363989236
5.3477828999281973
0.0387968211014883
1.1906053668524010
5.6039372154267673
0.4860915876900828
0.5534461676991624
0.1134201820946905
1.8663899725217150
5.8238803836687643
5.3129800029942613
0.7845722218914455
5.9061890141165572
5.1395626719116558
3.7737734947614334
0.2530010810111060
4.1484831626238590
1.7494261235272501
0.9674335983793699
5.2455745718514013
4.8461802226113031
1.6946499072045180
4.7005130146332936
1.3869433897101895
4.0351122465435303
5.4204799069064196
1.7106946141093315
4.9228657936991729
6.2469673462731503
1.9428290843320808
4.1452540591811999
2.8478378186864122
5.4299902758864480
4.9298856583766373
3.3177933845800514
5.3432123616352021
0.0795751473795982
1.6897397454875487
3.2018441143175829
0.6499105244859816
0.1770295534681658
2.5526278174317372
1.1656670318050939
5.6558383287726679
1.1667490707825114
5.6600775563959225
5.5246074719835407
4.4789871100908272
5.5853754430477851
3.0035508676093827
1.6415063684679805
5.5754522938851290
1.8458580648100171
4.1825082743029851
0.8660765854479187
5.7952799553871825
5.9502823012300388
0.9712048784512836
2.9649050996441795
4.9409636964828074
0.8721904575881035
2.4365777625969738
1.5019126178370688
0.9850460791756279
2.2844768165869156
4.0962547352755045
0.6108818358001540
4.2548958683425502
5.6944372871716498
5.0992597478247728
4.4393988040625718
4.8191489471014721
3.4338750513818015
3.9394288800762598
6.0984260995994646
1.4051084540543828
4.5457791693798573
4.0163646739525722
0.4412072519694835
0.9026332428729839
5.7206944302240181
0.7427184529474303
0.3022908503544459
0.7603181211685172
4.4602622213648244
4.9594110644495215
5.6366794372410736
1.5381402670238249
4.7443785241231806
1.4725495451336237
0.1893887796812246
3.0877187818134888
4.1051546933899035
0.8115823383813675
3.6755197682148206
5.6856184664107667
3.4883675075263634
4.5979370414559941
3.7346848659036187
2.4421894265593007
4.3657911351700891
0.8528741844073029
0.9575095115525211
4.5424487770434387
5.5270003902684337
4.1615502363924044
4.2587010674838872
4.9761952770393494
1.1443056800157205
4.0526761137736562
3.1100302502314885
5.2543572093162512
5.7763591379616734
4.2513479642706073
4.7182682350733556
1.3899994658193870
3.8020911823715298
3.1257312203985963
2.6522754701175617
5.2344602145839030
5.8826967698310906
2.7871534580731732
1.4052603019244532
0.3064884273961352
4.9617303940303490
4.0241142077118379
3.0528564926523969
5.0753956804550979
4.6970515752589339
5.3558942730412875
0.2388979743540122
1.0034864207295122
5.9581474884192431
3.0162013536108394
1.7394134231724561
1.8892201930798904
1.6869068438852848
2.1657569764018456
2.0862748832870275
6.0836649832620315
2.0340489218283344
5.0494802914648664
3.3878173294372451
3.3616440099191327
1.5144564982065511
5.5342915305035572
0.4679359904237079
3.0173956959529695
2.2761326706748788
3.6904472442609841
5.0904881093906251
0.9599596707179896
3.2342635473235282
0.7858382611597030
0.1887511140688606
5.8924204587497879
0.1009142828920271
1.9268463613733584
2.4164466767272481
5.9756863078453266
4.4130043633641343
3.6279759815106853
5.2956898374232608
3.7378258555141075
2.4220068030336179
0.4928156879746253
4.7826093216801508
2.3376529623208002
5.5868123172075776
0.2374238866704362
5.8409599167163417
5.7548233584149413
0.4624741032026435
6.1128222079509991
0.3129057100998990
3.6291817430417939
5.1710496041919676
3.6903417114006460
5.6701761220023741
3.7198684213910798
2.1513691162138340
5.0895755855982481
4.3166717650806898
4.0700370947917408
4.1378299893263257
2.9332395221049592
4.5516400596692472
2.4376540916722931
5.9272627856138804
0.3902183872521212
5.3187174183561412
2.6505860381246493
4.2722657619218545
5.2682279173730908
3.0366658818670635
1.0470902441293233
5.3355091845335094
2.6648634470986381
4.3645227222897773
0.9125196699005433
1.8270263019576187
2.5885166997985998
1.7533285731646158
1.6455207595152102
1.0875663637310016
3.5127549705621934
0.0837377584157199
5.4859563137598855
3.7264263772408879
2.3408148137018494
2.3151073867069440
2.6208648068299230
1.0423481097236016
0.3844067553923814
4.9601384144569387
2.5866647887263636
1.6415734471191674
4.9604431257223487
3.6829255578172080
2.3647319630760903
4.7994645729825240
5.1748322088493293
1.2539601155208782
3.6309324137754535
1.7939232535738872
3.4568371550668355
6.1191911471762959
6.1602996519832001
3.2699932745863971
3.8347680918303566
2.9993880771769312
2.7924123688122320
4.1443696499108071
5.8461353409803136
2.0070932778995596
1.3091847613425853
5.8687645007894140
1.1798129886874218
3.8131706345821113
6.2487583790656895
4.9834363917278353
5.4333301852752038
4.6921260133730796
6.0867566592402405
3.7993062172322665
4.1773357318504170
0.0151460767891740
2.2978864272647326
4.2273560530078234
3.1607214848284211
1.0709318933496821
1.7817210227248830
2.9908469523012005
2.4232978438089572
5.4482973636343477
1.0014616539280299
3.7606734101908637
1.9057507686848247
5.2544076699896838
6.1453535268098145
0.8534031963619287
1.8707276345574693
2.0495798209445497
0.6925614626446198
1.0997719650254758
4.6894885172317631
6.2505936197430980
4.5717442407718156
0.6299301519416496
5.9027977780514025
3.3077912655628179
1.9419655134847531
2.0627555317988229
0.0294918239475239
0.2062733597927345
1.8650589982394123
2.6131806479938295
6.1118099262625289
1.8606600096906876
2.5272146864226985
5.0852542001649716
4.4072044423001637
2.4952959957807925
6.0166781156573759
5.4018688693182346
6.2501385959459839
2.9192811052867511
4.5013774099308588
4.6054180569467027
0.3596943699292659
1.9848572981150159
1.6195537139418934
1.8914169203494990
3.7909018879306027
4.2674355372929744
1.9286571744219656
5.8531794792852478
4.6166300306485040
1.4956682338872054
3.1780481136128662
3.9046943265908332
0.8552246834155912
1.0439267792261087
4.2965812150266798
0.5664501594033887
1.0587111042299973
0.8702886386433353
1.3549469026693539
3.1505825610586990
6.1596813884157804
2.5446784591889697
3.3210243117915228
2.5267812510577325
3.1283530147799952
1.8405010776212838
2.1485424309217049
3.5434127818937933
1.5600196274146980
4.7423936705980703
5.5726524012660974
5.8079994330444586
2.4546567144971347
3.1299720408329748
5.6555512883174615
1.5711668897693671
5.8719717035530117
1.3605206563693877
1.5740527307428616
2.7717599061460603
2.0730584719940990
0.3591111651506173
4.2695126148190825
5.0753905871212730
5.2331793378188873
0.1553028170834221
2.0740101251305592
5.7499194569581835
6.2562620130349549
6.1545209710195090
0.3782218991853960
5.9429398846382355
4.9528550201963135
4.9823761146552030
3.3075162350045302
3.0991812039565838
0.5675813106385504
1.8885792615255885
5.8936238092459217
4.7885147403447164
3.4611030526659969
0.3711961712289986
2.5725887129033262
0.1582676840599272
6.0080235542164795
3.4344910060775256
3.5536301289976486
4.8511679035643009
2.7347185497187447
0.1887221129809159
4.1376745232129570
3.9904741406990127
1.7604206171586017
2.1490717813727183
0.9438461306698505
4.7496259478922900
5.3826693788137625
3.2657332256226419
3.0454999093674715
1.8976700519311755
2.1030683853294567
1.5987662967490222
0.0821934025123787
0.0853249571317416
4.7382275630700903
5.8676069530740156
4.8708207610509815
5.7410587739166488
2.8002542940195942
4.0082483337705286
0.6824388568094359
2.2237316512210561
3.3235202795095597
0.6439425455134717
1.2138160193115635
0.5196149034229620
5.9879716401294871
6.1607424798845365
2.3312013882702471
1.5167591697939964
4.6501825856503780
1.7248400422707557
4.1187216203407688
2.6134366301608525
0.1223559938025202
4.5307898974486447
4.3738400898705958
1.5566575982920337
3.2884343445327273
2.9625599025158849
3.0061519331362998
3.0829695413154803
1.2516165164582655
3.3348674920618415
2.3823865786716065
5.8643744552261570
1.9939284909205126
6.0387657756975957
4.5143391525488274
2.3369559929047177
2.0000186117699656
5.7849518134510047
2.7033025183270305
1.6462592480621381
4.7607761902139973
1.6764691380213783
1.9573213123587774
5.7473859413838753
3.2033366897210778
3.9354625155804781
5.7610443776948888
0.4727271787400188
3.9841936398298623
1.7091736031453288
0.9951872352885235
2.5960840177865157
1.7978038378495493
2.3277369148601252
1.7851875797074011
2.5644599303419415
4.6989359293025483
2.9860250329825688
1.5260848712545940
5.0636409003052529
4.7628871963367923
5.1912348896015157
3.1725334512476322
2.7695594973140349
4.9386221910790216
1.4056344137032302
4.7762435759953386
0.9072858136490218
4.8233867981829714
1.9818882984272232
0.5355641820101400
0.0301320895342364
5.0771470476228604
5.6430838427534429
5.7951997700868718
5.3639539970108672
2.7093586278570072
5.6708247842720843
5.0685556744093603
3.5899962764140878
1.3647396861601424
2.1254060599211986
1.7779667272843516
0.4768447051499810
4.1103709293147981
3.6346000145329671
1.4326146316723973
5.5940390224702403
2.6474631901291867
5.7056093655470059
3.1012952447996360
2.7885243759513307
0.7548837072475968
5.7004518392382710
3.7127534094442383
3.0435181539558798
5.0051959077085346
4.9266296086888870
4.8233349910709009
4.3377292242469068
0.2013943924494546
6.1265922882499568
1.5726406769325465
4.8539147376058347
0.0354822316682970
6.2022285234304109
5.0910141162951232
2.1674811916501264
1.2846233371523825
1.8011915725601804
2.4242819646902358
1.8715264789596886
3.8462903609419805
3.6988898402332366
3.6147289000271132
1.1230207279149866
5.4731936510027328
2.0285877456662398
0.6681725291058364
1.4110349013377974
5.6673048310119576
2.1103343738452858
2.4086662270751553
5.1121120964131057
4.4920323217838227
3.9020685117590515
4.9767381032741618
0.2320644608535402
3.3967091840860770
0.3264180602029482
1.0036639196329431
3.9823700839253235
4.8184004945322059
4.0635444440242390
3.7628549440671186
4.7550708160793045
3.9531065057495640
4.9319413556779965
1.5317211263044166
5.4260731833999332
4.3972878444221557
3.5575837632973419
2.1420135431704339
2.6544643207481231
3.7769614886051297
3.9110073029931276
2.9988525719823680
1.0392784932013819
0.4542468522431961
5.8452909949965806
4.8659605660311627
4.8999696091837883
4.0762716216195338
1.1973463812530567
2.3563320488918449
4.6226053096735980
0.2843876673832215
4.0618058146843845
0.4123405541202369
1.0911685197450391
5.5755864329083362
2.6799706182516427
5.3756957041790505
0.3514318296120095
5.7627182052696204
0.0526461988739180
5.3046018116336571
2.8318070085303133
3.4296582476062079
1.6474453236397231
0.1507371004433451
3.2956813238530729
4.4131100296736490
3.9434609198260429
3.8576514367262926
4.9802702789452962
3.8063954125675350
2.2318206406601275
2.1007845173893362
3.2407972268750456
0.8581502964582282
1.0432545958255846
5.1032475890830362
5.4172237802657950
3.0728810726855911
4.1511943939925722
0.8573656170077421
1.5172291774408051
4.9147255575118107
5.8341241603327880
1.8795468232772219
5.5225894480753874
4.9251608313512767
4.0187924098392953
0.7065610016418379
1.6596887981188113
6.1019438315915568
3.9693540876608617
4.0654061124776781
4.3521224568810002
0.3688586609732549
1.4806538670545719
1.2529454154666546
3.9465869310430630
3.4325104634816204
5.6859281651749152
2.9857011140689558
2.4681984489143960
2.4935502167716379
3.4724088858274600
4.0465206037484549
4.7893369847368454
4.9651329682292387
1.0958927782115322
1.4028768800008034
0.2729199772693350
4.0539558388939465
5.7420442765373352
2.6846303412943660
2.7605751227114737
4.9372231434150144
4.9591768969549603
4.2607611028127126
4.0295485801154447
0.4882422171824586
1.2712314049899625
3.5606113578953469
6.0131982089749725
2.8234277139584134
3.2350695880715827
3.7681362398612817
4.1218833906885282
0.9026267433962396
4.2680611542451787
0.2111963606839266
1.8538132504659939
0.5586636759512545
3.9456730012641579
2.7731003974943804
3.1597112344462746
0.6456616004593815
4.2011375272578579
1.7227409865259269
1.4500679865716242
5.5466825016205163
6.1240948381020655
1.2818127052741035
0.5634490643366482
4.8526699183674982
5.7972471566485479
0.1385891751851792
2.2420323019183805
5.1122865673918554
5.4139519910740157
4.5956247317649330
3.4719389069183468
1.0187025998454147
0.3389333469274662
3.6300048288339126
6.1435823676923915
5.4287264455800832
2.1861550126744835
5.1147121835064757
2.5383384798326030
1.9330329912314654
3.8671415847839929
2.3738613822825272
1.0645322969562918
1.2162029849747551
1.9541396367469195
3.1269217081157334
0.8133379802796586
2.7020521855630224
2.0130982171146861
0.7116261280245906
0.2564834824080920
2.5361626241229613
0.1318845503616871
3.5156759066025889
0.2849531387700301
0.5506937259617272
0.0394351548300316
2.0283188094559903
2.3886555130226306
1.3927632416711979
4.4181161058480560
2.4649495887104558
0.8798472337949877
1.4126386953026664
2.8707776641088696
3.2290479994850809
4.3763472354029584
4.1789349628253998
4.4795251960917941
1.5817221710491884
3.9630730294865488
2.7946084493432539
2.3916630906477843
5.0940968290179685
1.3120238531146891
0.7938115234070933
6.0948834550151991
1.8625554641012172
5.6178928496874203
3.4881758208433560
4.9382713918291392
2.7128722689669740
3.4178265366578180
2.6115636657511399
1.4846791383780069
5.0236035205401084
2.8363603498611392
0.5123511362300425
1.5864307658648451
4.8077681938289656
2.2324785465583790
4.5986696010579760
6.1522430648917670
0.9038199838972040
1.9700621458328056
1.2435465691638810
1.8863101522955874
4.5366012578371233
3.2619155246915628
0.6111511530486324
2.4506183669126136
1.7883431011405271
2.0910173199670079
4.1984824295981884
2.9129634927361505
1.0086670969062412
1.0048564833245897
3.1694389704136672
4.5750902928200263
3.1111421224609916
0.3744053007169953
6.2638298451183667
4.4728289147622444
0.7049458178109510
0.2668947483573258
6.2206842448041932
4.7734357693661602
5.2047439048414139
3.0594942005974226
0.7963691195339820
0.7621452180436972
6.1253173667256569
3.7909844242393187
5.0312422976540105
0.0610311516134871
1.8247105019561809
0.4742183192577168
0.0717569134657272
2.6859007076875585
5.9557493354607871
4.7629948636622048
4.4963872853619451
3.3248649503824312
4.1105134931759881
6.2285259665369512
0.9502931792071567
0.1552202793486747
4.7199604042522028
0.5650521441184826
1.8791886179005473
1.9718130089011003
0.3998585084238352
3.1481871128101542
4.5787233162769470
0.4512509920176976
4.6485726982104492
1.8018672895474064
1.6759453496433834
5.9608062364028953
0.9309760560504085
3.7478390805282444
0.5130078328890245
2.4137525484002889
4.6663790667174121
5.8622463179650417
0.7254730712007106
0.2572903268303887
2.1819004558331532
4.4134521247315899
5.2279661357439906
0.9639338429350106
0.8396572304828797
3.6545889545824890
2.8721277014098279
4.5484985169316703
0.1725239843616013
1.9090766536101362
1.2028618242246498
5.1453212743702421
2.3372150374661418
2.8196625097769541
2.6408837354754273
0.1270163482917355
2.0468985863835383
1.4816968977508784
5.2406764788321949
3.9629814866164574
0.2079916849964486
1.9150818048778127
5.2809889423284897
5.6473322953886882
1.2204774222004287
1.7765421955625997
4.9107163745919795
3.1622854399147879
5.8863809117722354
3.6078497400969325
0.3560781662240727
5.1793802931716844
3.7962803349402505
0.8133854133665832
3.9127937137286568
0.0133176518222054
4.4803015205865204
1.7282784217149680
2.9659281058185112
1.6795576907655052
1.4614773084571353
4.5346423480449829
5.6350077589041332
2.0480698809322648
4.8733078102773213
2.3238987274763656
1.4278230238888581
1.3213001389620573
1.4428689336632325
3.6029887225790573
2.8674008246248932
5.8062580230821119
3.8737900908456235
2.1424322343002129
4.5085345007694819
0.4281867065896490
5.4201238688270097
5.9688579527208203
2.8595512601692339
2.4313259079921696
3.4656553084156312
2.5058093718118939
1.0388196270531151
1.1774132872959451
5.0567124150026972
3.7847219409663997
0.6181533722405583
0.1918448241928968
2.1924751401148006
4.5319661465219916
1.0994941653185843
2.5831346552432959
1.2268965389149802
3.6890653199677952
4.7958754698550772
3.9621497837371278
0.2558249478917496
5.9432571609029790
3.6561694556493247
2.6206223384701390
2.9929891273656932
1.3832531621574806
2.6176899138777601
2.2568169794750177
4.3960929817296686
4.9115174792177623
5.4519841965423419
2.8030787514364550
5.6034174992960262
5.5775699039288318
0.2517144520630594
0.3267414924118985
0.4178792347741415
5.8468499215794916
1.3175931380609083
2.7248627951667852
5.4515432402830450
0.7197307724371060
5.4288172988216639
4.9190277409804342
1.5220111074928888
2.9557634594783724
4.9948310150077289
3.8628478879809411
3.2523267110600500
5.9769856897099283
2.8857199989999702
0.2934250061959918
4.2263312432634956
1.1358200258802074
4.2989461135677240
2.3060274952504769
5.3696464537836981
1.7209891718118504
6.2259670043471891
6.1533000673872014
2.4122507598803424
0.3679853323197754
0.5776637861364596
5.8460761653464717
1.2177970274629930
2.0728336709010948
2.3221164091697508
3.7682415717964526
4.5009307209055462
5.9864788673195379
4.8128488860183669
1.8150026771763565
4.3297842492386520
2.7858635301505634
3.1233230653004092
4.9475398231685013
2.9575010294334141
1.8207345840311930
4.0990900806561905
4.9504524618188288
3.5514850246826675
1.2370132532892952
1.3997512674032555
0.6657070055078769
5.5970453887656237
1.7864936942718248
2.8677707588820214
2.6172129740018346
1.4441505055031281
6.1521673926716316
1.5247622018888114
5.9946279211519160
5.5149254960199023
2.7237899080078281
2.6887270915150525
2.4414994785080935
5.8425835375382711
0.2368104983412543
1.0796037693635370
1.6201965297761076
2.8356680909690106
3.9124483298513573
5.5320108687878049
0.2770737349388756
5.9080342439050417
3.4203419883975053
1.3335898328594356
5.0616321875618251
5.8541633176079548
4.4777772168140757
5.2428396015905623
5.5323263340881494
2.0283421445373122
4.2560840788507965
0.5344977345602916
3.7459681089442216
2.6240163813734978
0.7750457543240522
3.2692841621949893
0.6924387481659340
3.1281597853741347
3.8344477492592395
4.7421245046933684
5.3240834316482406
3.7570670624090776
1.0732696623292635
1.9298127829207239
2.4798339667586986
2.4312939742006532
3.3146553230510536
0.2160231466790952
2.5296593286337670
4.5203333699492383
5.6588300918357319
3.9038161283957287
0.8262168033269879
1.3654414213753885
3.9544656165158716
4.9103720648602094
5.1939880250950869
1.4296511559585021
5.8032622224654133
0.1426386562212960
2.5914500740275166
5.5083954762656173
0.6731229559205617
5.2074570316079098
5.1693528671061921
0.4946661104858264
3.5685712575995590
2.2139902107297007
3.0541032735243685
2.3861398681897628
5.2583678137909375
0.2079457861080320
6.2663921511752481
3.6671607113473539
0.3046485500562776
0.9602511637877165
4.1562706151715743
2.1267719609922882
5.4835522523657980
2.2543748373309738
3.5967731766579054
2.2208762076706319
5.0807168991839102
0.0563174543595721
5.1036768034950590
4.2639855472692840
2.1924127161289335
3.8386850218240731
2.4889795712787621
3.9302526416252066
0.4057280202321390
4.7229430299721846
6.2344713190039185
2.5069021344252906
2.1978475603514589
4.7387426568436553
5.0541385725554768
5.6918011769898484
4.3687283386047699
0.2034737393947880
4.4232296089052179
5.3924232493686421
5.7493808079359345
0.9527416811303732
5.3844953929820889
5.5603650762403554
0.3669267802609117
6.1835172799778686
0.6518648540793665
5.0069596673126116
0.3913472574738662
1.9533742036631740
3.2837632846983285
1.7778170263516406
2.4138070452598330
0.7751613530438219
5.9297934159207877
0.7224879806802471
4.9640699693256600
4.6546161464223106
5.7612915490592513
4.7378383579177461
5.0126573262205181
2.3120069905498029
3.2561762338298110
1.2143715005493294
5.3876300174868854
3.1932505818217254
3.4595028245013006
0.2252390357434377
4.6177502569872031
6.1245366033777797
0.0469655191446957
1.2093445883740759
1.8513379458088248
2.7460183602451900
2.5503172970042480
5.7704027955409840
4.8766113359330223
0.3315579753282102
3.7539074377388646
5.2425377785608100
3.3879082656225181
0.1473510517500075
1.0714742114456841
4.1345464254429416
2.1254108407401366
3.8593262816093037
0.6394532890043263
2.7828256289924074
1.2224739759825785
5.8252593978210951
0.4900613276323882
0.7495117565319942
5.5386150833332799
0.9815210759865749
1.3451779430862794
2.7589531681057835
4.8624879565417993
4.2960845776491494
1.6617957890339472
2.5036955281227060
3.6996834053100609
0.7000886561139814
2.4928157568715714
3.3616787309669234
0.1823694998072048
4.3497222509552600
4.9396337984274954
6.0258067477976587
3.9454033124700900
5.6549668908135233
0.1839708780807084
1.1887459340690054
4.5678625991453972
5.0431841694243333
0.2761716100148974
5.7457135365312357
2.6690946839103691
1.1474721189295851
4.5390915251107122
2.0104507178655417
3.5398857043087775
4.3668553209757368
4.6549636812050093
0.3237499891977065
4.4456040112032840
4.2950052296926300
3.2796973159790017
1.5673981352214736
1.8303017093612819
5.2836733742250352
5.8509821451929538
2.6797843250310196
4.6237261075594143
5.9912616029707397
0.2603673951795911
5.8297320153118921
5.6041930039017158
5.3465985369202880
1.6706923846117756
2.2543451744250409
1.9052216491615803
1.0508739572827392
4.6365654841073134
1.6015315488816251
5.8314020331081640
6.1952053904289794
4.6199474182743314
1.2934945350330651
2.8845688625813453
1.9283576111762362
3.3343642116395031
0.9905970219200725
5.4982729720465269
5.3540700760074307
1.6437257369311760
3.2119162428563794
1.3752258012512009
6.1363422206221196
0.1502998266900191
1.3380506490634503
2.5802295134191033
3.1634559875943591
1.4806146177363237
5.4336734155746971
0.9724173041632074
3.8948581912860898
2.2815779043225048
5.2986600274824012
2.0049269447763320
5.8839012861170250
2.9172269808663165
4.7582103197744257
0.0767932363317370
0.1949723676418609
5.4047497963834354
1.3431449901991988
6.2020139083713728
3.6812325386108458
6.0316141464028101
1.1649733708021588
0.2451025513144704
1.7797411916463159
0.6041824840636166
0.6870315924783045
3.8741408208610353
2.9734421177289998
0.3553806179221744
4.4870391687589679
3.2161619766526419
3.8426010547056895
4.8396258643287986
2.9950518839891731
3.6018295799781375
4.1717430965174778
2.1098369467690850
2.6284246130681606
2.2913981088262312
2.5751265410001039
5.5398653354373302
3.2297002684951255
5.8958730675012987
3.4517030523763674
4.0344161330023436
2.0279935683416679
3.9072620982974642
2.3450854630221123
5.1386214373623513
0.5164224559421573
0.6682829986395736
5.0682198003824102
2.0709152768591363
5.8071443184460660
3.4980411549836785
2.7670603117174424
2.2382954286437746
3.6424358252732958
2.3769445302520489
4.1937131326555068
2.3283642076874962
2.2552293834576957
5.7957664886224229
3.6273646101848955
3.4499792350354688
2.7784754643912226
1.9580953877316110
5.3239230237264925
1.4270190247442918
0.0872793588776506
3.3078349921298829
3.8008019605084957
1.5358557879860739
5.9757545850127221
1.0958443796109039
4.8086243746916173
4.4527698408238843
3.0178611083121010
0.5399865800611577
1.9895912917886822
2.0153423627094855
1.5398281216892344
3.5309006154668432
2.2402832993122153
4.1625208801995885
5.7375508519952634
6.1737351854080300
1.1651141338153470
2.0600184857409314
0.1630873824777067
4.4180408400795672
1.6816981667738164
1.0058429411706165
5.1108923967363866
5.3675350731656168
1.5286755925531550
3.8796825915926090
3.5008043353181231
2.4481700428465230
6.0782016611077401
2.3364948300479922
5.1716136570296092
4.4633373496948057
3.9425247284844742
1.7612631549786149
3.5635907888856075
0.2305807674238649
0.6548894110569101
1.7720967200011439
4.3009994739581137
3.9123847355452583
5.7658732479604318
1.2433186478504263
0.0065307020092143
0.3828095723259088
5.0457657453616260
1.1141202036933318
2.1932638956990242
6.2636256348662505
2.2730444191057524
5.7886591251947070
6.0022263819336077
5.7220231821352510
1.7706406292655263
5.2846640080220642
3.6107477017399612
2.4457544137264984
2.9100273236112399
2.8223165520706721
2.6582512956760178
5.4366352169409291
5.3858940748572017
1.0260911697606871
0.3012357328656556
4.6635102910621438
0.9773759846369805
4.7735419743229679
2.6642652340976980
4.2572840596139097
3.1400859189788974
0.5188400711861766
4.0221353189483002
2.2874941407968001
5.6050265922400335
1.5121729968600182
3.3237721496484052
5.0532061522532761
3.5474092122516798
1.8610700859904008
5.8182319454746771
1.5713812727055576
2.3688235504700694
3.5078972213061723
1.8297755856476547
0.8658353527074291
1.1559511556549253
0.5013668779231909
6.2286119147778845
1.8647798397322817
5.9681558930613274
3.8025388362710215
1.6111534243732732
6.0046626023419956
4.3934179542795588
5.7891824186286520
3.4843851478518943
4.3125863424761253
5.6413214352366889
3.1650507477813425
1.7160744810539215
6.1617468659232912
3.7397728218398241
2.8666699619624789
2.2976880973564890
4.9438947123586265
2.5351731434520728
2.2582969324775006
0.2277610321992354
5.4387099642839098
1.4363243484459431
3.0942401557432722
1.1982887427386673
5.6901559595706814
0.3959830733259913
3.5989956228140705
6.2107516377973893
2.1797807156622153
2.1097020372750332
0.6081442256453630
0.4895588352333876
0.9744313144245754
2.6568180667794525
4.8413189909350667
0.3145166342167557
2.3847912299151788
1.6400221658981751
5.8137059542969194
4.8005113330595455
0.6408072013087894
1.2919089924200851
5.9442950901701774
4.4390041576599089
3.7169254934660674
5.2517565846867305
0.0028845532192390
0.5547627431567401
0.7204895439369829
3.2446375569177741
2.5077067752788023
1.0913695897988278
3.5087350168860767
0.8201242101558549
5.6824006157145917
5.4935615083075007
2.4716883485351588
2.3784235583308155
4.9537092960131481
0.7937361818578680
0.3861490856090364
5.6000956950885303
0.8239420777918487
2.4813875979565712
1.5863981124764199
0.5380505193768937
2.9185086042580020
4.8390024306259836
3.6990718358638595
0.4235898149249461
4.1392121319313473
2.6548609958520237
2.4026639173128777
3.5102302557645291
0.2237154763891235
5.8937081621614134
3.9377392292638653
0.4288890085917071
1.9997105670489506
2.5742783501370190
1.5615084922307085
0.3505068503113185
1.1639854303733106
3.5568488890614205
3.0607618078492864
3.8603162952936523
5.2225286111677471
3.6748987584426738
2.6711881495817074
3.0838728407359861
5.3949864237421341
5.3656170440997375
5.0200220227107080
1.3020287987324821
1.0272365954327103
1.6150573833991868
0.6551109643121611
1.4652901633106576
5.7451415513877739
2.1915974471617119
2.9092370328987540
5.3192190186996715
2.9511915998958309
3.1803319096852696
5.0603875274481913
0.4753132257063631
2.3468430005853986
2.1168273113323823
3.4374858570396176
2.9154767465069158
3.5250734882668513
4.8647635093343622
3.7012488318277614
2.8982822387897222
4.5344040817530997
1.4394949745272527
2.2424654570113773
4.9757772549002537
3.0016897491919754
0.6308583796145750
1.6541647688444350
0.3696213700389769
2.8957506192020306
4.9973501804989349
1.9062595253400147
5.2559053656214640
5.1588639703995076
4.7142734384605287
6.1328071412894340
5.4686370811282110
2.8597375346146507
4.7341424597575106
4.1844656069197352
1.6980400879231763
3.1803575018268444
5.9904297587264708
3.7107682440559522
5.3750828343236421
2.5035295800703765
2.1936918215407086
3.1486205058738808
3.7159608974676273
2.8631724223530695
5.0255621691937176
3.1812348634436369
3.0076673380600725
0.9945327054773537
4.5060154007494635
3.9607233054217637
5.3440780175903466
4.7256245798156851
1.6352707516476594
1.5544243278730996
2.7412716301017830
3.0546944405748695
6.0375271425011254
1.3553126879339585
5.4346360039368697
6.1636886428290349
5.7551864947045450
2.1790097003174966
3.4757616688387079
1.3570924268801396
1.0265307057240405
1.4251033480788695
5.6067113494747334
0.5437077285199080
6.2296142714172031
5.1367690680759592
6.0367867463817140
1.2832701782930556
5.6445224974360517
2.5032956750069131
3.1726233181334402
2.3075843687574906
5.4422739113003837
0.7567258727222971
0.0069825526393219
4.9921607003065196
6.0495918823417778
2.5938511433627180
3.8296763508998870
5.8957189829093535
2.1896475041561616
2.8666162950625065
2.1346686872112284
2.7412896452414661
3.7174687417126533
3.9742355221987036
2.3051515865784675
4.8477748731298709
2.7370253599930159
0.9835626864528177
4.6546613396566316
4.5066081946710259
2.5850238287086360
3.5546469038996844
5.5563234544927376
5.5745576791717504
2.4665826111748759
3.8478552204218857
0.0445277085385524
1.4621164131345403
2.6592964384386826
0.4070027993382132
1.1765700481038202
2.5001353634323253
0.6323878826870361
2.0797139845447461
5.6868735036965870
5.1459851830142105
3.5905706482251096
2.4955472115815316
4.7259816502698584
3.1550878743108020
1.9596958685021719
1.7745618250672361
5.6014543985711018
3.4841214850956921
6.0737678789029639
5.5791881152801208
5.5497599081755880
3.5612806009112150
4.9102032783336851
1.9046661645655698
2.3531765955484105
0.7986654739645080
0.5369087718259778
2.1353771521765550
2.2708099520141642
4.8841667946145995
1.1831581515826997
5.0001191916170269
5.8608703656037546
2.2249054648897717
4.4878565786357285
5.5904907195126938
3.8415540873532290
3.9529984044150117
1.1403230126658819
0.8197010923201582
3.7305941703928189
6.1462561622738097
5.0420900557500978
4.6652047009193351
1.8231930634967588
3.0467512743606235
1.2148853269926474
1.7410259421642167
1.9197084641215794
5.9118312688977728
1.9778765663202533
5.1123449062948216
5.2247846521115466
3.5358927027798202
1.0984797585496995
0.3146526930946354
4.1558021568290462
5.3997074187327945
5.8086920221511340
4.6813131205931251
4.9577346422470621
0.3336287125659275
1.4029313905171978
2.1069478794108156
2.2789534057066803
0.8850278521761892
1.3279547957227211
4.3419445831097105
1.3265233989818084
3.0529138638272504
3.7248762231752837
2.5433847580611140
2.8345504923782348
4.1640303451728009
1.3283354038988835
1.4829186280907143
6.0783486045876121
4.0063407573603937
0.0108886662046195
2.3132468451002071
5.8747749864296299
4.0939924131440302
1.8328650865018108
0.7436705690543252
6.1118959504947004
2.0363942402952446
2.9463702314253446
2.5558347204833471
3.5304967443157422
5.6601518749116755
1.3645819949186169
5.7260194896187970
1.6796429238222677
5.1406774199117446
6.0707298974931216
4.2606843822290790
0.9334295667757724
2.9835655281516718
2.9429433153275939
2.1965042586966743
0.2957235451460902
1.0558287556800268
4.3341478088984431
5.1964354626932101
1.6713381642599174
4.7261295626424431
1.1891628261842235
3.0994707261068424
1.3598763839261587
5.1638385872026404
3.2337637424566661
1.7364592572766369
4.3423154792440828
0.3951009727896465
6.1296629427150187
0.8923360778196947
0.2213939185664250
6.0260906412481345
3.1973973067385826
2.4022357028396750
4.8196005787694292
3.6741668340320679
1.3965254732036847
5.2247644262564661
2.8393642756096544
5.3481130177892648
3.0200657953124779
3.6527538224364409
2.4856301907691174
2.0303009698634997
2.8156608820782516
2.7392897270433516
1.2785596923945317
3.9822316390558554
5.7875502472266600
2.7975482242674667
3.3426847230231411
3.6307491593937855
1.7764533708040053
2.3274393274561627
4.1216368729032151
2.0161951862806089
2.6143350035956727
4.8388207477511029
3.6770654692312861
3.2417124385009664
3.6412572531011844
3.0712733880579464
5.0036794500509680
4.5705701097541738
4.8088599739703106
4.2239332081561090
1.7866604143420888
2.0186267688518682
3.8709855152744779
5.2940669409171814
4.6341544463751116
0.4881399400231161
3.1793067898904210
3.9271990614279644
0.9772887249902654
5.6267014235466783
5.8198731755116100
6.0960624620547836
1.7505644455881102
0.6440128806367932
4.4581677684616166
4.8825794307395185
1.8448821302097671
3.0521468989142915
1.3275539477045366
0.8563230126698091
4.6082455047062867
0.9751913007623955
0.0105393440027674
2.9412089227861369
1.3855440942360802
0.2702170855240198
4.2354704976414990
4.8967705845282037
0.5091332282165600
1.7016268819104536
2.4973524557960745
0.6806715228208592
0.8427374544595492
0.6866130492804114
1.1082139637802917
3.3385667993818648
5.6520326575130833
1.8055331805519856
4.7601156197451004
0.8734755028233393
3.4208111586484855
1.6681019343232646
1.9981050671288643
1.0354402501512823
2.4013571466642136
1.1591826586029552
4.5260976168668110
2.7505666189255291
4.2644158095130118
2.3734509756933426
3.0586567186157017
4.7987440452865675
0.6049119913366848
2.7561145148598718
2.6649847023842970
5.4806187386135088
0.9448948583504295
1.7319936246134300
3.9194410124957848
5.6256533131156541
6.1044168867735280
0.8694430913830130
1.2063469433421494
3.4283366602739398
3.3604691812372178
1.1478504120584214
2.1846640684852763
3.8715255564084523
0.7891144305296560
5.8699903049849302
5.9071870882094757
6.0782782566139186
5.6737214704521071
3.7643784978916406
5.6275937144822015
5.7246592222361343
1.2631846247351377
6.2685131117011643
5.5048335986943107
1.1902980955205356
2.6609993676944836
3.4427297644948971
2.3690822006328891
0.3240813529923845
2.4523305616835418
1.4202362091299778
2.3087126638677566
0.6725684882934321
2.8062791935004290
1.5005467201236771
0.6374037082319692
1.6449766507327674
3.5523635267126377
1.3761187357948161
5.3019394008169130
0.8193523776170197
1.8322716889686990
1.8643892556682309
4.2896512168163401
5.0251286647696967
0.9275461250735356
4.0709091120326217
0.4753382972148027
5.1215549334660135
0.3656032630164102
3.6153107179879638
0.1979263190740315
5.1705062209895187
5.6064561290707271
3.0845326272543026
1.6625013398834374
4.3788012795514843
0.2773347260873585
2.9462919755812438
4.6236613403984519
4.6205694715430141
5.1377214109281200
3.4600193686482341
2.5176170775573996
0.2476499411601894
3.6909211132897672
2.4618122465131158
0.9468911962529908
4.3020862480111521
4.2511699977177324
1.3428329998325501
1.5665610186567978
4.9754142186190746
5.6191908265824670
2.6693187781742247
1.4299752269475872
5.5151295899999759
3.7596212464241199
4.5835030429594488
5.1093119517767036
0.4302074337758450
4.4826682920341741
0.0728193978617862
1.2604847090512685
3.8920933841091583
0.0013376172736861
4.2814200232552766
1.2639547080735976
3.5356562883534353
4.5061667106721988
2.2254745881576214
3.8797363774893507
1.9269578467627360
2.6952785182116497
0.5920015710325885
0.4897956106870904
1.9335034299534164
5.5674868238065249
1.0147619118905626
4.4419020747898195
1.3307956577215125
5.1469828771295134
2.4308560617165957
1.4205550749714850
0.7703805861700505
0.6955593470092329
6.0958809541766508
1.8111301736839571
0.0096880337682653
2.1700214328778538
3.0465045553447117
3.1905994016087891
0.8977869549614204
0.1328300903348339
3.7357514543681112
5.7856762937413970
0.0034899183493146
2.7500599759597031
3.7180434725770262
6.2653412116687326
2.2320600650216056
0.8797292384846830
2.6857786434856457
3.9079191565325564
1.5904176394866045
1.2335985638968219
1.7198536328736505
2.0453790370881810
1.7544189139752200
0.6066322213194553
0.4440306593665450
1.2977513265380811
0.8186470204323417
5.4886493551644984
5.8810641636933960
4.6643946319948606
5.4455207343046892
3.4248071419434276
5.0779305101692636
3.8387358069109601
3.1356202965399249
4.1991871840019162
5.0181065082997822
4.7225001286112409
2.4617698977315032
1.0075829860224375
3.0457951313099363
5.7769279531399018
5.1166294814291327
5.3468540316905333
0.2655842691117525
2.5238355390518965
4.7429732382149909
1.2823818716969255
1.8024134950415764
0.4454358052212853
3.3701563741320637
2.8771929715384386
4.6319770595514145
4.1854069656748543
3.9836817179840476
0.9537144648694085
2.5925292530730077
1.9206783535671519
4.6977993702288154
0.5246978173016200
5.9570544296574095
1.3906341624734120
2.2068005647617319
3.1843832489671082
2.8243034223890158
1.2914550015675759
3.4675010572118192
5.2418519373610399
4.9221072243856510
1.4586933798067703
3.3722845599968485
0.3544846802329834
2.8367265801303931
4.3705332997093702
0.9491012468791408
4.3449405051110661
5.4226869215846270
3.3099454832284936
2.8727974234534273
4.2653367851111481
1.1975106516293637
4.2203740974915904
1.5664409457994490
4.5468047744187068
5.2520071688220016
5.9530918073938732
4.9327002929157517
1.1388187175801869
2.2075054992131631
2.6174621994448133
3.4655210828696661
2.7942606023297505
2.7464790936884502
1.8442788632528819
2.8781185453760059
1.4043039764805227
4.9327365394997056
0.2636344708674082
0.3097031718500860
0.6920788884684683
6.1700050550841281
2.6277007836264401
5.1362241794040653
1.1041209166116197
0.8117985489803944
5.8296564210187425
3.9298917817306749
1.2680100765039597
1.8911612348405293
3.1134519305867974
5.5095186584730040
0.6383911151374221
1.4480106603026044
2.0252032821922414
1.0305545487964833
5.3360946497384623
4.2861166137016653
1.8153172804142097
1.5163843775384185
0.7579088256014839
4.2547735628568750
0.6715696556516978
0.5720283567923509
0.0055152263660681
0.1546946478996666
3.5484502107982965
1.9921670008834620
1.2219718181221844
3.9082779430557855
6.1914384121397994
4.4999590616117304
4.1935004560233837
1.2027297723251356
4.4895658710491686
5.2479331707348749
0.2794370114306592
3.5314588813225916
3.4044911779539624
0.0250232569926236
3.1731728265124626
2.8683955630827134
5.6569267183058605
0.6754322705054029
0.7332311986602460
1.9145287773678104
6.1919668660078111
3.1834397605811011
1.4666519203490569
2.1269728307918774
2.3950742763309711
3.9822660326506436
4.5308512859682466
4.8049157371996074
4.3412448095884724
1.2911525390630347
0.5258260860969133
4.1384882985599338
5.2241396432947456
6.2553232602441904
5.2081464406541249
3.5638006101270898
4.4034059536993562
3.5963277270129730
3.6622472193939775
1.9800600310669201
5.3476642659995122
2.2409060821762132
4.5962466114038012
5.5226697433202121
4.5360149022351699
3.9664937963136362
5.2999526485507653
6.1085305465859641
4.2238761404836849
2.7648132311152676
3.6992114670781793
4.0757165506331914
1.0062796459057985
3.3660884367978978
4.1879921707498573
2.4529596583541751
4.9204291868134460
5.4770366039907268
3.9098513001905770
0.3089498263385196
6.1123902796671059
2.1214836271024109
1.6545779032451200
4.2990360192937018
1.6231999927206342
2.4242807249649929
4.2454328832145691
4.0668123916448780
4.4826610923181534
3.9413023561721916
6.0638119643558968
4.2334027555428762
5.9926484133234155
4.5223547679257114
1.0300832992164008
6.2243872230907149
0.8413436604411154
2.6381862542782679
5.2967880404832908
4.4575514151076883
1.8906730794731035
5.5454553407139588
1.8294073762578751
1.1489931101790982
5.9072516607105792
4.7467983175575208
2.9826533254869778
0.6120936733761035
1.5427539073755703
1.5944228534975351
5.9277129974870713
5.6501542428090197
3.1633050116063748
6.2629748162387360
4.3838513225508571
1.9080516485575958
3.1379536361323148
5.1302315326178629
0.7605848758256867
2.3549252661720144
5.0509536178827616
4.4438529225235071
2.2240493861970947
4.9522471800330550
4.3704482504844053
3.0079179819787623
1.9713490549068167
0.1299514671543347
3.3214701411977807
0.4208912095766608
0.1209880801658394
2.7371396813624251
6.2693542181328032
0.8489276358560203
1.4373956922294031
1.5732205068866560
4.5062976138153106
0.3596099568324931
4.9550699342075868
4.5534369028421660
0.6803179787559118
3.7527017834723631
4.9158679350518817
3.8939170046636726
2.1803374261794928
6.0754011492469910
1.9259529326668741
4.4258705278221306
4.4633053657788269
2.5793161778277365
1.8477291901429593
4.7698955921494175
0.1531696905355340
5.2570788438446181
5.1591805184908264
0.1811655089783604
5.4862433941468494
5.3131356765488444
0.3916959253842394
2.1457763519780682
1.0296096692862200
4.0105993250501726
4.3225335189136951
3.4217259153626194
0.1355460810271679
5.3039354024508780
5.4466964687202744
1.4243309674119020
1.0493680664964189
3.8377083911563346
1.4923363388112958
6.0482029724183244
5.9068727030924899
0.3762252595244680
0.0797064305763425
2.1061175533921634
3.8036657065718131
5.5563923686630394
2.6753679055751918
0.9445632998853032
4.8567121910031004
2.2425335374822843
2.2206573597096826
2.5856001387390450
3.1153975054720098
4.6595365674031530
5.8195534679147061
2.2642147135373101
0.8561145344377129
2.3495422183657015
2.5659744343923725
0.9352607333545364
1.7001602871420494
3.4428035871993603
1.1952835411029219
6.2078514536152296
0.9009474962568952
5.4458230314707610
0.6628480759214330
5.7708374128628339
0.6056799903764692
4.1328027283774658
4.7191788066236207
2.4405407341988909
3.4754460021636651
2.0706955943340177
4.3398444253730393
0.7754616894009850
2.7049261695541946
1.2488817685378977
0.3688729447990093
4.1949034690291729
0.0308660722836320
3.6664673296327441
1.5158334032413445
3.1624305902421046
5.4163604876163367
5.8590857322703007
1.4396773341902631
5.5032298607031258
0.6443254322813426
2.3192294783796110
2.5317639117188242
2.1724684358618664
0.7528739147908173
2.3185199506118632
4.7050342723526590
3.1123866020007989
4.7972689448775467
5.6039144653908037
3.6365514281816269
4.3985849051105603
4.8440414754488952
0.2725394943386604
4.3342936083477177
4.3584846597610509
0.7686692729784322
2.7485679571866024
0.6393530015658045
1.0285343194742109
0.5738419619089943
1.7004196973746102
1.5459648958792132
0.1026938589449428
4.5425110073012398
2.6587234198706384
4.5297668398096924
1.0100000106081077
3.4806798077693846
3.2308810074537182
3.8167732629568527
0.8095735364856236
2.9595852669258065
1.3689734900910440
5.7241675191507033
3.0743180700288506
1.5426650826703487
0.0593738989647399
6.1160843697645078
5.3277178538941108
5.2345490835295170
2.5425720590703591
4.4769912168867956
2.7275291934269026
5.4079275403354110
0.0865809234770865
3.0553792827183046
0.4837614573644743
3.4135291319276768
5.2285231905256770
4.3477691161857264
2.5061958753074589
1.9567341641953957
4.4222284725564274
6.1168150889014976
1.9617523467535241
2.7782727523876187
3.8029210193907099
3.9672448267007310
5.9512676538801346
5.8498028775541613
2.1411617923873938
2.4943299106757046
5.1006610110577713
2.7834939691615728
0.6140746934963145
4.5855784617340349
6.0410683653973027
2.2323301527692214
0.4770406933928626
5.2540740702457738
5.5441409104069583
3.9071539491055152
3.1848422632246600
4.6759100202190433
1.4650917010809716
2.4799091809029949
2.4027978198070850
5.1823815664029871
4.6169855528044392
6.1653462387352027
5.4830825150100706
4.5313905238053698
3.7539909364790764
0.3306033668756500
2.0142072361166239
4.2804453134370668
5.1671735487060113
5.3582442522287996
1.0530673209404073
6.1491731962862977
2.0556154178191601
5.8707654827607332
4.5425578077738331
2.7790289805451844
0.6085565575204794
2.0539443031008884
5.1269580950223981
3.3247147211647730
3.5513426443692011
1.8408262902544428
0.7580326124254851
0.3371002715373795
5.2814998656872376
2.8863022643738807
5.5115393729040134
4.3037854205413577
1.3077039802640551
4.6398169285575337
4.7582134539764898
0.6363263986718997
5.5759215952490591
0.3685419483089669
3.1822794743494041
0.9343681384411403
5.6105388773136911
0.4241850272718692
6.0681426455297363
0.5978277665407408
1.4751523943693639
4.1764663531328656
0.0757599786464046
3.9760064337174699
0.1585269172999783
2.1171673594816593
5.6974733341728685
1.8877648918648717
0.3125535942322634
3.5761812575119012
0.5633630351619719
5.7240559333956975
4.5275129936186831
1.1007445345160491
2.7236954051817297
5.8043868054431886
4.2892196676145371
1.3660971587286190
0.3597002348484155
1.5492440704475889
1.8745502876848894
2.8209490176856939
5.1866152967483332
3.7806748226027609
1.7308786575454054
3.0113436028898470
3.0458499525958862
5.3120762304173708
1.4528759093907724
1.4575063471949468
5.2695697606407164
1.3717773704157117
2.7355262423774525
2.5031236640120542
4.9443745094580160
0.2646889153461812
0.7497855969594366
4.0899786716476738
0.5303819108293897
5.5619187808315846
4.5919491036781377
5.1166141716086502
3.2437806434669549
0.7014198808555169
0.4148613693953262
2.4207544322571799
2.2595759999808953
2.0800136254064139
5.7965058775550080
2.3106215694295669
0.5828109085638090
4.1401432925347343
1.6118259188102730
5.2919733554359976
4.9334466267283910
1.9532018706627250
2.3785570410430394
5.6954580354969035
4.8544024936674379
1.7914280558455424
0.1093087935203499
1.9891466829766193
3.1351746142165124
3.5127920294205910
4.6232560245928784
4.5738685192653072
4.8708624986398386
5.0627788858934393
5.9398097203096727
4.1270715288190551
4.4297815912487142
1.7723540107558162
4.8639668455756553
4.7084595099806101
0.6053133711814425
1.7626784691820117
3.6802306500370880
2.7676816759684497
1.9291747625603055
5.1772494992039206
4.9663704873408152
2.1334650487146605
5.3250683816565179
5.4171098406792559
4.2260013088114707
3.6368981765566097
1.4431313895280273
3.9927716391123340
6.0365437114283962
1.9573244535450667
2.0072200482076950
0.0105064569740241
3.3318718115561889
2.3702397489525091
5.8255805083660341
0.3305331157067848
5.0838833156952168
0.2921322316505368
1.7581972504801187
3.1654839103299426
4.6744953221125671
4.6014740603352848
4.6354165166313930
0.5682500147634749
5.6093023818400090
1.3058601676932384
6.2387832083689583
0.7243016800130597
1.4171275137436008
4.5343757769749535
1.7379545359841924
5.0507319410426099
0.4470734062578208
2.3361974236585175
4.7599655681208368
2.6996429881069082
5.9922315097315160
3.0229423173403038
2.9820471674049229
3.0593176149321555
2.3781173176888464
3.0714500715500472
6.2315339503928202
3.8191139074266558
5.6522639497079936
5.5128080036790248
3.6671730587518301
5.6562289682444895
2.7240739134689687
1.3255504235843036
1.7100400525919501
5.0704048454845490
6.2095798790249672
3.6656041564274742
4.0603608987514672
3.0493004607742940
3.3449653398912718
1.9190354286959890
1.3040246156696469
5.4257818125205146
6.0248055532962761
5.7165766992095071
3.7099298951339983
5.1727222712721419
1.5313995965325369
4.8358048681397534
4.2835284788124541
3.9622947109740831
4.0457218221586224
2.1487147671656048
4.0811827514812737
4.3123851461501168
3.7612015841571944
5.6776233930779139
0.0737386462450959
2.9817249280470222
2.9553668299426485
1.4387776084627912
5.0190225871054155
2.3979501136636485
4.0121290921296175
4.8084606133622314
6.1301960251810677
0.5214180768647230
5.1645455208283186
4.3226850323436441
1.3916165320195575
6.1275319408975184
1.9714046066331630
4.5481707209158353
4.9358601812036413
1.6776932362093975
2.2706458359712691
3.4026455209356143
1.4376335297562628
2.2091085603800606
0.4207618397647199
4.5613109175183508
4.3800481755721350
3.5418325265874260
0.0514111076253480
0.5578755732970692
5.7080739183264031
3.9066319495481081
2.8816443988832692
5.5754240000015409
4.3993839518624949
3.0192957222610803
2.5130260518463872
4.2194420695516506
1.3195226838131582
2.3215384619404826
3.4126357155778351
4.8368923902729168
5.8316473552739492
1.6244865861343889
2.2210272126753297
1.1398090584234541
3.0295054745340306
0.8717696058977412
2.3767734348916654
0.9372396127952419
1.6237695212873049
1.9414861904077292
1.5432626680163826
4.4792406379122358
3.2527948419902271
3.5435905853242802
4.3995510632892065
5.0769215221471589
0.6551043599530242
2.6127600483452174
4.2528188474294373
2.0384199848843054
6.2502472827503830
3.7120431798963613
1.8161855116929657
3.4291707428744838
2.1100551975171169
5.9046164116668054
0.9374688006672440
2.1133467589124835
4.8617350951431781
0.0410378999478449
0.0127408282344427
5.5652336224953860
6.0976391804922914
4.2011067466850918
3.9939638525975933
2.9508550923273464
5.8567775452133697
3.2542804489325472
1.6255025034634876
4.2144146344451627
5.5878441090154976
3.3077024637817209
0.4742776640667164
4.9957418055608782
6.1105083219529472
5.5959394310649868
0.5217945825174171
2.9142439276466781
3.4620772987577504
3.4911448426500162
2.0955726554822278
3.8981441287987164
3.5354731355265168
1.7008619376652170
5.6635020253875590
0.0066630129717254
5.6129548192876220
4.0474006926639889
3.7440270905073012
4.6175438470889381
1.5672586517737537
5.4439481086238857
2.1418570869775970
3.5625100621593178
4.8704703024382869
0.9518684915634036
2.9774948129276209
2.4198800208545630
6.0637935499931714
6.0451617246510532
4.7922978834417167
2.9221580469826152
5.1601476992383208
0.4735507286435502
2.3723200399640874
2.0474568867624603
1.5141972805057815
0.5515474751478457
3.3727365839645196
0.9415811672648386
3.2856099201591409
4.7198796778621332
1.2247059263579931
0.9244157253738116
5.7360145469150785
1.6731862773405850
3.4905842956475093
4.8407687221326050
2.4223585166357440
0.5011283124934113
0.2861010784159815
0.5805710873745410
1.9682893779694492
0.2914162476878768
2.9634935013318326
1.0878449977767835
4.4830942626009795
3.8625976828903807
0.2207683311051214
5.9285817368534230
3.1722664466187132
2.3888713348623356
5.3750852296217957
4.3835894178421269
2.1318633827101525
2.6331279903426017
0.3763204120260989
2.8443588100167538
5.7865745090922358
0.9689531659667791
3.5429978857494664
3.7496648762744824
2.9303043108430646
2.9824057976667091
0.7481271855709911
0.5508555683425964
1.3358951408604729
0.9851847048625620
3.5481645335621743
6.2152166773400150
0.0941726312528281
6.2471685441704139
3.2858409205774981
3.9543733067992544
5.5154739340745405
3.1707624304165751
2.8180491904204641
3.7994993681381803
5.5671365308274963
1.9164382273220335
1.5189737148608915
4.7449234970139047
1.3161289785290662
2.9304627655976807
4.7710452932643674
3.5769745813684568
1.0558358731857975
0.1968419523270679
3.4866082764568289
2.0977319978990385
5.8096622048352300
5.6667898334753932
1.1450549870823621
0.6859298512822927
5.1036871398457029
4.1131799930789796
4.1378376423196022
2.7421585940448043
0.3312016542602988
2.6990070292896675
3.3127067003115260
4.8081120340513355
5.3270931799535512
4.2714289159018186
0.6569908625115299
2.1582794698934049
3.4888700952284837
6.2300584879368568
3.1844858643840053
1.1360803062122955
4.4197714765411895
0.5753321948316711
0.2418513174518986
3.2822312386362014
3.4086133899065514
5.5188519926730892
0.0511731544498784
2.3286307275338802
1.2272294837572073
3.1433616849135815
5.6864325595301572
3.7254514296820020
5.5297051525428396
5.9466171462259263
5.6147395977823669
2.5101417840166103
0.1774498936614396
1.4010888724225716
0.1371635064562024
5.4136543662628798
2.4858097952219134
1.9784142277670995
6.1270943651163563
0.6149013476259497
5.1144409336340200
1.8669772551444674
3.2467859347666619
1.9605914407985598
1.1487746618712988
3.2593468041746405
0.8699860851706361
5.1920106552191472
2.7499038542925902
2.5873768572009617
5.2842468971795000
5.0060741230416781
2.0245410444444500
3.1445156435142962
5.4778355619053762
0.4151489025303716
3.8276669677870232
4.7575757163127017
3.0534780861628867
2.9029998463727038
2.6505939182299030
5.4214954124902670
3.1064843450322357
0.8254511813466298
4.8633449763799481
4.2454175167100372
2.9731966450549807
3.4918278247433787
1.3725146841201898
5.7447188758511034
0.2344040203692531
1.3779264608451709
3.9021030512502808
1.6016430246494404
3.6064525190044123
1.0039748457303401
3.6043684744550699
2.5987152966348659
4.7667727685520385
6.2768002558402811
2.7823748500195666
3.4436735751394196
1.9770481911812789
2.5123544333814540
5.4876909180083242
4.9817733209273527
3.6834449288420830
5.8766517250647796
5.9912221351057759
4.6564831590954352
0.9804222688935132
2.3281385400497521
4.3631633487212786
3.9429078328428253
3.4933817767786639
5.9127941603016154
3.3790407614053710
5.6785890335951388
0.3790290650472405
5.4952929524305016
4.5065655513383227
0.1051049824934579
0.9633752154687510
4.2045460518515840
6.1221774293141769
1.0881745679065493
3.9597816803308210
4.8994538969105239
3.0952169620490624
6.0794503163750511
0.6911380424958957
2.7728080580686028
1.5208561470115485
2.6319358652621041
2.4259911894372319
0.1000679854746089
0.4584127268283122
3.7270743623082083
5.7384722241497546
4.3245232306457613
2.1862383171470996
5.5740947299665740
5.9688543935044347
5.9761181893440485
6.0246881692141061
2.4671948397755492
3.4206191572724349
0.7342644513824782
2.1747595242097528
1.3945976513268885
2.1248976919064404
4.9134200464985653
1.9537320012892920
1.1571101193846725
4.1368519679520857
4.7009982909386707
2.4247662243182755
2.8178705768782715
2.3802569225533392
2.2387335331614961
5.6003991871148697
1.2359800600395388
5.9722494865621032
4.6286370068987868
1.8061287666593524
2.3795356709723849
1.1270031844559210
4.9941301916266854
2.1294200412591451
0.0968815651047292
5.9207589531968043
5.1145998684821796
4.7357503566081762
2.9920117352795343
0.6582847349169654
2.5857301729374216
2.1027291628803035
4.4214033144601332
4.8407791451927098
0.8290878363480116
3.4244146767974026
4.2133250329748186
5.6871113069417323
2.9151858606797005
4.8503554890299867
3.8017576861089966
3.8885266356441974
1.7104470560970320
3.5115292868435670
2.4892536872861517
2.3793747747358855
1.6771114776016873
1.6407494224940491
3.9101377899593834
5.1610566782028027
5.5350548047999411
5.6644356070245259
4.9718004116109329
0.8750985785143307
1.6535330967187705
2.7385976713122435
3.6527648323801287
6.1419203132590097
3.6884566532027980
0.1188150506555021
3.8878788418038166
0.1175347885560455
1.8688966884643752
3.4755214847924241
4.0133968259506609
4.4202815220099581
4.8477412526291195
1.0012821804120597
5.0371397190295601
1.1424775741852728
4.3840985801176808
2.2796352559801063
4.5175341994185523
3.3988020465872300
1.5286390710932281
5.8076846845397592
2.1321950386057233
3.5334430116313289
0.0511639518279034
3.5720697687935816
4.2082935370557371
1.3737713494830528
4.4597086461651969
6.1662812233838773
2.5018330331872392
0.4453337239578607
0.5594593623649653
4.2863664545174220
2.4808402372838807
1.7582443002459718
3.6980031370510837
5.7729713919647159
0.3077656797929726
5.4724641255942998
0.1731883833553520
4.0886867254061396
5.8553089645216048
1.5616784532051355
0.9420509812819601
1.5429993330434186
4.4814025114186951
1.8693408190049210
0.0794170209430114
1.2736651755474406
5.4990623298823653
5.9523584411957327
3.6890605317959215
0.3431232305115945
1.7526729766622480
5.3665862358239229
0.6718244176596923
5.6284852026835415
3.8381796007055469
3.6512430645758207
3.9565401987386322
1.7270163021597369
0.0765906128059368
5.3379317805589439
1.1692485587160317
4.3398193724862191
3.7995515785909824
0.1486175105958223
0.9416628706914221
4.1246685290819416
4.6044299387333893
1.2937163242455658
1.5410399100305523
5.6022708598048245
0.6452097483626245
5.2571014113429326
6.2003100520423740
5.0582179031530137
1.9774655914245252
2.4942656702363024
5.4206196880373234
2.2452818398909757
0.1562041351326196
2.7748718868304607
5.9393707560236626
2.6536799413358603
4.2033744334585776
1.9734575711510420
3.3007991813303912
5.7766893613093107
0.7811485529186839
1.1129680403080309
4.4902310249493409
4.3537963126038930
1.7221751903762330
1.0797541839959770
5.8020820274434008
1.6130373798078574
2.0750016182852726
1.9356637404251786
5.9372694488400679
4.3887521283885720
5.8353531822228151
3.6507823543404370
3.4050198924731778
0.9378671932545611
5.6348209559762097
4.8263275027476498
5.8093428775312006
5.1837963594706107
5.2002516680916919
2.4326514446898519
0.6926644854878007
1.4125155553171467
5.4640929124747712
0.4902184397102274
5.2373633685413719
3.2220465824956195
2.1771889722601863
3.0951858611008247
4.0299536221846770
0.0792881778745391
1.2944215870698588
3.2135112089299889
5.2433514067399214
4.2705861099869216
2.4751414669359293
5.9935322259556330
2.6819624688320238
5.2183340563679925
1.2356394866370011
4.9685629353395120
0.5487096982312120
1.2988395021231742
5.6706511651976541
2.8562584570032987
4.9930592788238952
2.5151843298163943
4.3453749671547106
3.3212627818110154
5.3748840132863842
0.2574193152979281
4.6480183762094294
1.6894931178659580
5.7617814818208037
5.9179977647049551
1.6269495990802147
4.7568290839423701
1.7868571924961156
3.9543706035727060
1.9756834838077599
2.7551790796712168
2.6024706479877011
4.9721442618585758
4.1418281737336553
5.5633749508729702
5.4019998384442784
3.0444036675158270
1.7454949967237887
1.6800877707455060
5.7201984468814455
6.1796328065844932
5.1077341911398975
1.7863642546738996
1.6326055345639050
2.5147328014740649
3.6192834541115371
0.7233905563381375
4.0205831557786169
3.7727925722129410
6.1306766250469105
0.5135953054878850
1.9411194619081493
4.7379919154241641
6.2436104494645219
0.9965531821991424
4.8449497300340356
5.7161449601385979
4.5933891993877278
0.8000541754163384
4.7314452916280914
3.9856891776582590
4.5113339095411122
0.2331016455458284
6.0303057932441231
6.1808833594732624
1.1258239286585296
1.9802919025942454
3.3091762287017241
5.7796737018271056
2.1935762935738436
3.5972720676488339
2.6934046657599948
5.3530435282524298
3.8743640034844020
5.0246358604209211
5.9919368628298670
2.3487727001535239
3.8124719289573763
2.6797239136026363
0.2009401689170031
3.9138155623552704
1.4149142675745423
2.7292892253327796
3.7924107404402068
1.5550161672238960
1.2214831154441155
4.1400080720261068
5.1622496404697120
1.3436975822409858
5.7104507143521950
4.0309231127300924
2.3263254032702849
3.1909862256027659
6.1374286929367958
1.1656005255376993
4.1430723678921684
1.6204469136567292
2.7757790857856532
3.6000536040712432
0.2130570024360463
1.5687151658576917
0.0224312434445713
3.6608621326182220
4.4323420124834243
5.8609503242672840
2.1321844654334647
2.3027960485812211
4.1673143665573162
1.2334797950471457
0.7552564001544491
1.4400275974857122
1.0291448039498772
4.1333643033289231
5.9563788834712357
4.7134422906006375
3.7179863495770666
1.0651332470926702
4.1938154167128214
3.7413204529252289
4.1526871958676663
4.8494104992752920
1.9103498761556306
1.1386180818575675
2.0471202872142937
6.1056514015004302
5.9223938048109286
3.6582325568357410
5.0968558158426873
0.2973109186277964
4.3103131594663493
2.5274671946283078
3.1323523764792327
4.4817890435886572
1.7167351966269655
4.7004447027703202
4.9381178969061601
2.0223572748807861
3.2853168526245553
0.4010397431460004
4.1048635451112077
3.6454073640969953
4.4147464364307201
0.1197146952443836
2.2821909233280397
5.7514257243433224
1.0661099042017943
5.7572096689863024
4.4122909068608882
4.9672858588245230
3.7011079711865733
2.4628687222385421
5.5896359019315778
4.4037020846498800
4.3580383908599201
6.2535146261518806
6.1278091128862959
4.6562672749286369
4.7493330174061725
4.6940002557873255
4.3199498324393444
1.9912800988238220
3.6630580278614198
0.5017753578531988
1.9559098085358553
3.0436993178961935
1.8049344348408580
0.8545515941608006
2.5751564714396746
4.1163816751270081
0.1283094139671415
2.6263170916027678
0.3657264356983142
1.5688547739832339
2.3760011258691489
4.1375939842034359
5.8214282352529230
2.6466236242452541
5.1131228118282115
5.8453629531284053
0.4680839689384524
2.1434344782753385
3.5297689601240196
3.1700518159690678
5.7372569881420139
1.4830848876079012
4.5186181334861688
1.9969048687838340
3.5152204937942648
5.1232558821652221
5.2030440556989452
5.9265185715317426
3.2685156048454935
1.9202446681166467
4.3137260205286401
4.6512489576099725
5.3062012739140956
4.6358856871394512
5.6663779794555849
2.9870685630747187
2.0614430908658385
1.1775424005980319
0.0525841311603677
6.0191297413321418
6.1035493487653723
2.0492040413229082
3.9087717282186905
2.5453369935027808
5.7363253784601023
6.2460552950797474
5.7691752000252272
5.4295079344150441
4.3054652555422894
3.0630762409103842
0.8325744739596939
3.4681709074488944
3.8494818514599367
5.5294622163591134
0.8323179890909950
4.5770683510666990
5.5210934552006865
2.3880531381678298
2.9906264781537026
4.3354787644313397
3.1529902298767518
4.4658375009725724
2.4163535661876883
4.2739158162000646
4.5446036091927597
4.2736479728833654
0.6942567535215388
5.6944290266787263
2.3726227501677482
2.4153896371020265
0.0762757273801225
6.2748321262494766
0.0018458791613196
4.5807103984294395
3.1746642762754731
0.3069263748512485
1.2820569792460628
4.5058860720944294
0.9957821253499650
4.3955931278342666
3.0185595149300153
3.4005415982632390
0.5636122157830847
5.1030190584768889
3.3956954993116306
1.3443975201353870
3.2143453431523445
0.8090950264442109
6.2268535511468670
0.6456618393540248
2.1030073748407800
3.0893876080298490
1.4428453521129458
1.2775989052190371
1.9155915040938916
4.8263435910860482
1.8996899081029619
3.0054597195953483
1.6757084536591884
3.6599308088738343
0.0659414650410963
2.4655141265648530
3.5333335457306765
2.7645148449279460
1.8491307265641506
5.7663258111550366
5.4843571200752912
5.0722755821202572
5.8258276670250080
5.0602486538547451
2.7624797430612835
4.5772496980314381
2.3659206588563277
3.0151481233037951
2.5920349665891305
6.1993609667574212
0.7288487644260538
0.1394789975980345
1.3919000828540191
2.7885661745861978
5.1695267454416092
2.8606936924032831
5.9715831453733195
2.1280848568507666
3.5998836223003474
6.1335662745217787
3.3426827722468406
2.8078699529130491
1.0151057466559943
1.2820066141206992
5.5415923776320382
4.9721336169485886
6.1749371416627454
0.7521858294211845
4.2879727916357346
0.4796766500989493
1.6552679250091511
4.1277070615995317
4.7883150119503837
5.2954647581762755
1.5231532333370237
1.6645195322106667
2.5809325290644400
4.0424244992604415
3.2104222297053098
5.7746594544851853
3.8815494311678100
5.3738793646257097
5.3939702528098277
4.8230409588545955
2.2897093773265271
3.7005046820054392
4.5860268001912798
5.0386878432746522
1.5568321869694108
4.2877190754811689
3.6260453444441070
1.1491073075815321
4.9960147532632746
2.4133097380340485
4.7773591022212907
5.2245794986485832
3.7948342603045599
1.3770990568878940
3.3860558836905974
0.5970389618962977
1.4213699932006616
0.1477080172628304
1.1992981426204747
5.9340275308787289
0.6102357664681313
3.5508037243976953
1.2366263007304326
5.5358321480042090
2.6945638450897378
4.0081594429078038
5.8935447279204798
5.7026618895420054
2.6703041324333059
0.2635059237756646
1.3113692725557604
4.6330203452845247
4.7448605430449708
1.1919048484336729
5.1127419544841111
3.7033609647687018
5.5578111363999501
2.0028308089481901
1.3373732808562215
4.8230460172857823
4.5309473989061368
3.8035476164930548
2.4582954932836865
1.2560402047801642
3.1124665758187398
0.1604210229596530
5.0282138384231443
6.0345485511870498
1.0693282820871923
1.7385437558330907
1.2708655685895649
3.3817235560903929
0.9423816388524987
2.5147445536233359
0.9095942270694997
1.7658149997871222
4.8921092122378322
3.1032308238698638
1.8813569124981158
5.6617350542553755
1.2759604443313479
1.2969201822535530
3.4988229233891350
5.2638938684615617
5.7767255164337632
3.0072564045607724
2.5058675442127996
5.5680714780139589
1.0840066900035967
4.8238946259513575
4.5186880453475800
0.8050940635980991
4.0725378824190352
1.3113281096906135
3.3643614854295252
0.3866976002680552
0.5915768211232398
0.5838978413102908
5.8884809372557188
5.3687480295457410
0.9574629689416178
1.5910498561952593
2.5128844487965547
3.8430748990490762
2.7510545747690536
5.4313055372289005
5.0079111028107963
5.1490709132783365
3.6376749258606931
4.0932531530191696
1.2527171509612784
3.9526886293497925
5.0538119984948384
2.4923678310285133
2.2813093290172084
3.1766957666847229
1.4671544495232709
5.0606257542989841
2.4638589447892265
4.5535879341456171
5.3130456359084759
2.0925213473177302
1.1461215992499869
1.0654958833572636
5.6554297811024501
4.8628376784893543
4.7443737482827402
6.1102277661115902
4.8227590363133830
1.5121723590711191
5.5918125335715398
6.1163299629256862
5.1372563794881057
6.2152988986304649
2.8806861934644479
4.5823547008838119
2.6462966469361953
1.3405843847325329
3.7709811289611745
2.2165561867061503
5.7346937284339594
4.7913346158174255
1.4160867243978363
5.1830715424856120
2.8046811990039089
5.3850818295537017
0.3572892071351988
6.1054633188529888
2.2412253253241885
5.1529993284270219
6.2682494496219858
3.8127777175567843
4.4568155096851703
1.0477754476531740
3.2400767171231570
5.9700135706772492
5.1125065063601580
1.9523257543016044
3.4622391896837601
4.1535917143738796
5.4053225360923580
1.7776040712787589
2.7247388005465805
0.7791553764202430
4.0374838165003002
1.6184777544078173
4.4587104346751643
4.3414122320895183
5.9866450636362094
2.5452599209871738
1.3580681125285821
2.7942553276740516
3.4095887975437043
1.9106998847315571
5.1971114434231689
0.7998209435420270
1.0419071788701322
6.1696036550166449
1.1562286034132330
1.2411254636822993
1.0301956153494167
2.8935770629216857
5.6731121193843856
2.5828541704040724
1.1759058461978562
3.8945737291113121
6.2537613258732412
0.6377765243970290
5.4327739908821657
0.3992731137904833
1.6583823197533449
0.6738072860164955
2.2352379970908496
4.6929885870011514
5.6768602592726545
6.2704677626707674
5.4454778380330247
2.2926137558661175
1.4577817156703730
3.6904953731802035
4.3528366850463014
4.2878712612785019
2.7926697965579907
0.0347588802850349
0.6705888646242767
0.1272052068863997
4.4192079317877360
5.4295980139744069
4.6583198034539537
4.3865000093051618
2.8115715743901224
3.1481673853568966
0.3636862876042951
4.5660752531493953
1.0774009348265550
5.8204571468304938
5.2871762993495528
4.7137695715836205
2.9866318625574890
1.4787604376517485
3.2727781198258690
5.3680807748697870
0.0673731742258384
3.3802707318374816
3.9861376365625589
4.0982210580106537
1.3948425323792550
2.0802138084354356
4.5409047624334331
5.0251866850111284
2.3747116079566362
5.9966327006508342
4.0473372339228204
1.4963823677131403
1.2013566988234285
4.0860567168781152
2.1858463434470705
5.0894560688444352
2.7939939557754045
1.2232151788386623
4.9240874652107927
1.7773071101995173
3.6959602235703182
0.4097968553168605
5.8980163429579164
3.5188040516826522
1.8163355176786149
0.7082911578852470
5.3470000228769639
3.9539073135219409
0.6236696197699690
1.1678102130945889
2.0074965759105559
5.9312902968948524
4.6513850808967021
1.5632489359140531
2.8230671795113018
5.4907451871900168
1.1612113213252471
4.5684214919602137
2.1123076118155910
5.5601644210382819
5.0348924109512465
4.8422493106357836
2.6641026263338907
0.7997588646334124
4.6658350455190032
5.6965289019201890
5.4318762962630833
1.9501207613813554
0.5665750704874635
3.1195571237925335
3.3942660591904823
5.1666098128755804
2.1773766084944008
5.4832791319066363
4.8161240862766599
5.4303902687223973
4.5291649368179181
1.9715751748299775
1.1744240558721528
6.0273055657700079
4.9268716118135165
5.6037233863905378
2.2113205335162425
1.2167935529719591
6.1251772306717198
4.2517153516513710
4.7750311137186481
1.5585848948123491
5.5764014427095914
3.1385146447736663
0.8191252854458471
4.6383595157814623
5.2368109228111122
5.3309587179445428
3.2143546543844237
6.0280107146564879
3.6811473376853603
1.1895455113634121
1.5313217764026212
1.1303529979368445
4.3177906998164799
3.9161485053605931
4.0642714595333809
2.9555439705599555
2.9204830585041521
2.0611236095224985
0.2793060714038336
0.3987231745574342
6.0328175252718257
0.3774089890935607
2.9757275334050428
0.5780377350473134
2.0187400001529001
1.0206867165282199
2.4583514502409032
0.5751708446315263
0.5520646187938155
5.7804903784321375
0.6172572126117145
4.6785622904740514
3.4463696460591420
5.8255330024010181
0.5575389048668552
4.3630336982631306
2.7835885865755321
4.4605079461796739
5.8268705442334943
4.6673854727610333
5.9802763814176298
2.8534591332613117
0.8799414073769770
3.1136759872775972
0.1739194239310698
0.1827490694339194
4.0982962380906338
2.0385684882015993
5.3948296553926660
0.6105611909403575
4.5154379452713806
1.2435694362463656
0.3120775577713567
4.4736410338436947
4.4529890982872598
5.1856016554060558
4.0612049122720446
3.4138802016217342
4.0045326052370953
1.9835447267445239
6.2155944375496786
0.2821200393319940
0.1339342093164505
3.8907392398754270
3.6397615605776159
2.0901531073952326
2.5977517632469209
3.2595372644162546
1.9605531622353198
2.3833258206995467
2.9218902198242236
1.3405801922811817
4.1075858375784602
4.7276095725904375
4.7902104426745806
2.8898975648228928
2.7912847418301858
0.9000460816486896
0.2919518633981190
5.7798456712603388
5.0241713299978077
3.2748051821055340
0.1642529070905469
4.8062561019651922
5.4011313838069741
3.9727349907923220
2.6885845936382253
4.1355497574074143
0.8258488747257225
0.7162555620627101
2.4982661471732879
0.0982689907795881
4.5458148454462268
3.0156712143346716
6.1349067257905441
3.9917784654716302
1.3825974528419411
4.3591849166128158
5.6744720689814363
0.1357980708532313
3.3627424894906084
2.6951755954682972
1.2852369655001343
4.8986949173834944
0.2141344718901059
0.2977056639118493
0.5624937529296788
2.5643579576509365
0.7103568747853426
5.9719738690263853
1.4261185996168633
0.1403348882656046
5.7888552977896524
5.1356666781044567
3.6726583548824854
5.5076423825106673
2.3166212645546853
0.4339146835619809
3.2449718153737708
1.4248237785271975
5.2363538055054910
1.0655411615259172
5.3901127812187264
1.2109869599355692
1.3274538601915176
1.4574365370777231
3.6482252284805869
0.9727176996714922
2.9868931284183819
4.8517578789762528
1.5769789488595234
1.4765291494312389
3.7677933112967317
2.4710879734964633
3.3920461731725471
1.5949781889131065
2.3725231397149322
5.6168936395175848
5.0389912550984759
0.0755025967025195
3.5476559771035383
5.0943692196456247
2.8736649450914555
2.1800211055247329
0.0077339928046884
0.8546626942499360
1.4513337383390417
2.8629879755687768
4.7627601347415771
4.0385392267704550
6.2472097724772411
4.9999470672793871
0.1456407610426233
6.2346406600292905
1.9776558518062366
3.8186958335579830
0.2673042859934283
4.3607562417510684
1.9378281492680998
1.3613984210236463
5.5871846948059067
2.4430165246616871
2.1378063399099183
0.9234032325925977
6.0783432257722323
5.3705195111193227
0.9106314914786290
0.6689536918845628
1.5263157459390073
4.3637330541873700
5.4837726490615148
3.3436678655772076
2.6810347649783952
1.8227125363499384
3.8374735739157706
4.8671661259680885
4.4790753377490748
5.4201796293364959
5.3296374044722761
4.5234079643572844
4.2545567262392270
0.7642986526186233
6.0873143840452162
3.8463164657211233
0.9558250704253244
2.0928510599876096
0.9042025874503997
4.4242766087242025
6.1758991852317653
2.8248183382807173
5.0911894577117023
3.6289218935798653
5.2769108470265715
5.5357926161662876
4.8502903511648130
5.8728998564978001
2.9636829718003601
0.8872863120986845
4.8019490323544494
3.0250971039230867
2.8888192457421478
4.0258995343350570
0.4567257017429963
0.2997555541169107
0.6435220716003227
3.6587236458192378
0.9269136115099563
3.8254845329822751
3.4319614596698886
4.3120466437435132
3.5056546213671145
1.6732701654638658
5.5754083276433200
3.7588594578904186
3.4586799817683125
5.1325558064812471
6.1174893119025633
5.5243652462406709
3.1043019852507845
0.1393097195095175
1.8892336769095748
0.2287416994713131
2.2487590421699362
2.1524433723548362
2.5054767067638331
3.3048317966820724
2.4752753164438888
2.4924472612451227
0.1887659898181619
1.8120012131788357
6.1034529340380343
0.1748873971438332
0.7856941358074622
1.5292452394245197
4.4471369003929464
1.4647695541120684
0.3808651049455032
3.8835454617436955
6.2392408022443009
5.6245544363795910
3.1775426867436409
5.9261135116849939
3.5520230599174485
2.2263758013731922
2.1287557991365538
5.0430260844423778
1.1084573781686040
1.2756289659073228
3.7700676291995827
0.4439570818317662
3.4901399424637991
5.5960331669294066
0.4790895126369176
5.9897507314505916
5.7596367676273656
1.4461367544655073
0.9340200910294872
4.9106966006177339
2.4133839378187956
4.3657129484400423
1.8128457140101522
2.4564965978516082
5.9392526675556381
0.2060781934332193
5.1818632770269542
2.0749259706120338
5.4380490359548670
5.4441770602804693
4.7685374670442862
6.0473415979653957
3.1147292004740383
0.4444512836199344
0.5456638037544789
0.6844172309200627
1.8903324613180887
1.9482760217530104
4.0418971615030426
0.6671946640564053
3.7366310449969151
2.6518884844804598
0.6415874680038476
0.7318146429367867
4.0405390467378748
3.3483539793500565
2.3528167648450378
0.8230998533491107
5.0399876024786217
1.6010514026067324
3.3713838828854166
2.0387085192418075
2.3504303877356763
4.6735334515187290
2.6290649796953116
2.1621293034583435
0.8520360586955494
0.2084320606471640
5.9220787316051577
2.7375619171491055
0.8349181647905312
1.1146980585015163
0.5500709617706643
4.5583215266261590
1.5118149343986402
2.7433287224109533
2.1772926703614224
6.0620251867034796
1.3504204656824188
5.1221008094681757
5.2447570637251024
0.3481986443090473
2.5092810767620262
5.8896608108239406
1.7992120427962019
0.0970497627168951
1.5245340997676244
0.6258331447042770
1.0729973433494533
1.9857117912438436
5.2053544839275574
0.9319895390503291
6.0351827487534324
2.5730829269903901
4.1431220869861374
0.4064400810472129
3.5655264551523875
2.0555391145597213
1.0479452390884598
2.0798592155602931
0.3821207017528765
4.0580962849678821
2.4768515939812392
0.0426778418454008
1.9784268382282790
1.2983625026830465
5.0853659849599504
4.8895015243202096
0.9467870865243951
1.2862020829350571
6.2167732710474439
1.2030743523320127
3.7937739589849198
4.4927476283200676
5.2762179792038015
0.9549353471100254
4.5353503802790094
1.4171206105240528
0.5237498129087513
2.9332676774071595
5.2917496321739215
2.6283495483854584
2.8055944293622903
3.4890692641857233
0.6220329256575862
5.4632669436152899
1.2981462522904033
0.0187205414858921
4.5811786703882547
4.8444015154048738
4.9219232490390326
5.2280698494969338
5.3310867862684113
0.7366608287942269
5.4121110024446466
1.2343080303239087
2.2291209070919447
5.9254718709794254
1.3011957559779084
4.3818872443208772
4.8503047089558100
3.0548012626945038
3.9994479487975658
4.9832385441616411
0.2108974094021953
0.8986540239663151
4.0234645960421451
2.0954832573671163
1.1028655109801904
0.8754757151610280
4.4792245772656649
1.0892612008231228
4.0998253568843497
3.8348961346214514
2.7981852111682008
3.2778768929384459
2.2500120859605768
1.6207893391509005
5.0603608668416946
0.4455110024307036
4.8716504797384728
2.8621994344543342
5.5137461081890393
3.0543471035680301
4.8428529301721541
3.6540224265940369
2.7553796189723352
0.1460415499582867
6.0122532266123683
0.8171920052007156
1.1945451485794207
5.9617832520465983
5.4624983287076745
3.5756907856815001
1.7728679234408029
2.2624735771927953
4.0149964908605300
0.0651270307929522
2.4028429696837570
4.0687344272071702
4.6699441919603517
3.8355205732384396
4.2711464605577172
5.0988942376223871
5.6765596418325286
5.2322178660061187
5.1368554821066672
2.4922189069277332
1.8160613480806609
1.5168595870057437
1.9433263128628142
3.8970195833715078
3.6281623356363326
4.7764062136277623
4.8131632822979933
5.6664353972397796
4.3444820100972894
2.3549048326411630
1.7309827996851133
3.6675396170145977
2.2316415067201896
1.9426103701253215
4.0493262605040696
1.0281216965125861
5.7443190065029119
1.3223880742965293
3.7160016348256342
3.9351071398541690
4.0099103502683819
0.9062989695033118
0.2788171333528817
0.0887399841192857
0.2065880545525307
3.0938701727554077
1.0899284760769039
1.2850761934943764
3.2721835699552111
1.1517755659734339
3.1896548258707780
3.8588062871326829
4.7110176742859471
1.7065130312114107
4.4626383113861738
1.2352372360242776
3.4020374208573836
3.7624971278692048
0.0063686283009993
3.1068201338265076
4.3472416839485275
5.4604014508603189
4.8836754982448340
1.9617444256855887
4.8106953057591575
3.3828600650128595
6.2283637933565048
4.0786570404156990
2.1966247681268913
4.2868343979929131
1.0113910347221753
3.0173709651278831
4.2465535691787935
3.7963267817135375
5.0316016476728196
5.2211028060700473
6.0092094180946658
1.4190467242895861
3.2864918091878339
1.4159252671011719
5.9759912093077308
1.5677107228863369
0.9895279835427779
3.2000651428993860
2.5725538125003409
3.2596141449094080
1.4414590368039859
3.7053942936069904
5.4788947971024644
3.4594718725987170
4.0124222741171049
4.7702933146488151
2.0773288498722779
6.2197498832554512
0.0894894708481331
5.8488326118151974
2.6880296170143039
0.8969886785943790
0.6696744688853571
0.1987091453510023
1.9320266187827884
0.1033016542163698
1.7284267795455803
3.0620552224327078
0.3987251612117342
1.7774411302534219
3.2055836347675086
1.5101142046962255
1.2621364127268155
5.4380568173104287
5.1643554949261858
3.1561109226403898
0.9723043741387114
4.2254883287249436
1.4040271622161564
3.9036032866316930
0.2663192387862635
3.1778101334155151
3.9434586511324432
0.1905758668713810
3.9595385720624066
5.4273449909030163
4.6090864389242538
5.0553829013064950
1.1817378707724724
3.7885804594455368
3.1741962378246225
2.1208320301203414
4.2975981339427047
2.4834317859687154
3.7511813916033185
5.4192361357158765
3.5821526700045485
6.0605845594143508
3.0311429073789844
1.0300474184559665
2.5663900483006015
3.6204701169731712
2.6123779730442966
5.4316200366341008
1.4766781852798645
2.2525414294091584
1.5452065201569416
3.3726616610633493
6.0406101817750573
5.7001005870728880
2.8017807596308377
2.2831831248330596
2.2023930409308803
3.4402536405947730
5.5478769713204334
1.2887709777345635
2.2173558681345495
0.0034118267144519
4.9162679105171350
4.1419075451222165
0.8003227624489604
3.0369060460205213
3.0494732485076605
1.3917552823871810
1.3064802098095536
0.5854260320379221
5.5108097709953556
3.0227791043901475
6.0553289074305745
1.9895668927335775
2.9795961086474194
0.4301247030863555
5.5407585199700398
2.2207046928890892
6.1038575890984275
0.0635584177294066
2.8780798485809909
4.3117715486627253
1.7121478555185030
1.7658301893566033
4.6049699774537718
5.4151715888114484
3.5579383492017800
3.6932533609667511
6.0866638346715156
5.9361023348522490
2.7033538139974485
1.5240520843406240
1.2201253683658044
5.5956078867896277
5.2705631157579065
5.2365763045820346
5.4022355128083550
2.6523004204671756
4.8866871807049614
1.0495688168212114
3.4723050478815973
5.5809730482583113
3.2359674637925870
3.5525378115959052
1.5612168451633464
0.6561229639481598
5.5416274135579444
2.0875899924664485
3.2456409907995964
3.0511406328777815
1.5751368822312968
0.6933742300385057
3.6145322375144917
3.3176525495465667
2.1930789036201221
0.3990434014648065
3.0869458308195026
2.7571278325762658
2.6583610323532891
5.2648482513390569
1.9821079518028937
1.0399168393069809
3.1546832206862443
3.0988147517527374
4.3178268687300347
2.7166741675760444
2.2694033678585734
2.2822653456239825
5.8976436536318984
4.0369369534229076
3.2552605148907494
1.6915018421929451
0.4835109748830848
0.5850420540253944
4.5462452312192303
4.2266003754057300
5.5634554543944610
3.7154924686248330
5.4596030238894144
0.1958846886952091
6.2255055845526925
1.0584967177013356
4.4390313872912444
3.5742764136402201
3.3202907701217539
6.0718171910550254
5.4542355720293454
2.1879054572637107
2.4163351309823073
5.9054220891346745
5.4219352725339549
6.2633147959379185
4.9452379786751486
0.2655887262066634
1.7235370804898336
5.1911825899752229
1.7585180834081318
2.4307384587316423
2.0961692197817765
3.6190511622925947
4.0335121291556888
5.2186038821673488
4.8988821358152324
2.3261565760590615
4.8455068687223735
2.1640330033593957
1.3315653175861808
1.8870200652188485
5.1247293153099021
4.1210269960189230
2.5069407786870110
5.2643454626538730
3.6766697466600151
5.9662753134056814
1.8746421087578611
3.0660322549846413
2.1186560821742009
0.0919183849134473
5.2438526592738643
3.2704488353791570
5.3283375019346746
5.6972553378497830
2.4292586072466937
0.0996768647985597
1.6020384126807568
4.7286876991428084
4.1084589884582039
6.1011550693115169
3.3763448036133772
1.9858634958638204
3.6790556310994624
0.7989806441729652
4.5295201205026681
6.1802792188691091
0.2629111520257025
2.8811739453511054
2.0788069526777431
5.9692739789007216
5.1793391334867325
3.7900456355541312
3.2245410509677677
3.4037928394920636
1.8119062838146158
3.2880458670175132
5.2526358063912824
1.7031958693833527
6.0779414306656712
3.0225403645756090
6.1558636697341784
1.7651524288882481
5.6971093283939451
3.2933182821454898
4.8603031664196070
5.8929374856464483
6.2459236722120535
4.4914696723996874
1.0021185942055832
5.5878141465213425
4.6999774155150522
5.9574373687466862
4.0986888986807513
4.6926840243207959
3.9068088231354738
4.0805270821234103
1.4274370719597722
2.0753959244529789
2.9595113705820459
0.7831980000398956
3.9228577586063560
2.3244625459251038
4.0202320918584187
1.3045447065144848
3.6712983204053438
4.0669695510541288
1.3110145706103240
5.7448900826762754
2.0690059567773917
4.5269875736706799
4.8421280303399010
3.3790161999765345
3.1693783448152062
2.5590448249423940
2.9416099234652382
4.4316146881730054
3.5154956063232494
2.2234812236349701
6.2505925376791875
0.9003316493179891
5.8798504070427891
6.1098413941661791
3.3033560190209195
1.3119012737607774
5.6487152394924260
3.9255287148732876
4.6353025780257848
0.9979813832750888
4.5556749838059583
4.7204742078030710
3.5564140435777714
4.4416837386343868
2.5212668448315250
5.1165606525451865
4.0808779164668003
3.6016006625877726
5.4553581337180868
1.0650824853130487
5.2708434309869947
5.5033290051741863
5.6587224985300537
4.9996406453523266
4.4378762782731513
3.4053476881355556
3.1378291753395411
5.1416096287804507
1.2338474268730006
0.4768412679355126
2.2545096792724948
1.2817868455554386
4.0321758806266708
3.2494154066887266
5.3273257518556338
2.0679204401103295
4.8890357479576512
5.5074138898091292
0.0205481086930865
2.9137145638461166
6.0902379344109345
4.6420310425759670
0.3888639188213221
0.0334172647256984
5.2326646330877020
2.5822137848897406
3.6366854279620684
5.5469128732957227
5.5462231593400482
3.1098415653394622
3.5231492425423778
1.8362274985364886
3.9817896914678670
2.4073075766125824
0.3504959361772897
1.6024560002720047
6.0963986783121680
4.8644324036874069
0.3675232152225033
1.2771493938229537
1.4329342429028402
3.1078783887270314
6.0110859998564461
4.5257627958866822
5.6059897564968093
4.2086445598810620
2.0066787039042273
0.9704823819909016
1.9320362223060112
0.2043280282992439
4.0003530570919370
3.7887352351211567
5.0768378947016464
6.2767803398180630
5.3082421067506376
1.9698179744363711
6.0260550144943004
3.8389324466565680
1.1369015061957175
4.1602197174092677
5.3791755210692420
4.5470186299901387
4.8366744365674750
2.0254502574057893
2.9666968473884192
5.0439385249293407
0.2100413116857085
2.2044591325202640
2.9495544504288027
2.6387753805003284
3.3684683535037698
1.9041053536904502
1.0119498593809504
6.2403007949929341
1.8130543415098499
2.3018492708668159
3.2900986094275511
1.5717054121672553
0.9428768263896785
5.0553905293909605
4.5626364429317876
1.9309919495566397
3.3903324893836850
2.6002468026206156
2.9732955443874314
6.1062725298217604
1.0213192885079176
2.6859873141265926
2.6595909190262024
3.1235595105600691
2.5564470275572737
0.9271855984327200
2.0639705069005370
3.8107551710145393
2.8208481968854353
2.8173211994081964
5.9107162732551597
3.3128124023547127
4.8208171228838816
3.3823075753192118
6.0825461564164671
3.7248669164820822
0.3939038256268483
2.9665007209790786
3.0067095190435431
5.1480213331919256
1.8329966387537326
1.4118390735190822
6.2501195837620003
5.2114390169351736
3.5272589387194229
3.4495716075793923
3.8884842900946670
3.4729315968388410
2.2523790291538948
5.3590600335279870
4.1555391877425745
0.6619355471892773
4.2680943163331957
4.3204707985056503
1.3049087805960533
4.4797366832502385
3.2968723609396533
0.3937027619195148
4.3548432589893338
0.8340215018694865
0.9534417429773865
5.9344982310119745
1.2140510007895509
3.9540149907308182
3.1361278029079989
2.2987785349243386
0.7355057473926453
3.0049645982531206
5.9459608860298685
3.8202817725099121
3.8150224032525752
2.3033965333697575
4.0867551219328728
3.9254241918314303
2.7748848032317732
4.5620918775560391
1.6312005708384421
4.6406616801970726
2.7630011981644533
0.6643825974932912
2.6554864897925645
1.5203799651203744
4.1813164766935405
0.3981544883241237
3.3489481605827729
6.2598078786038416
0.1387674480110738
3.2861339220689056
2.0720761507052927
6.2699439878233720
4.8339953436023180
5.4186119434725164
4.4627485257135380
1.0989548278823862
6.0651888879134521
4.7184811170293512
1.3347384388910910
4.2254710786298180
4.1188042414208530
5.3072649097577482
5.7201827572671302
4.3893158298692354
5.8523240450662541
4.1418700421020080
4.1981374362120221
1.0182999889396276
5.5498180564455675
5.3467405602576772
2.8481002694069337
6.1916614984608200
5.7318861980377660
1.1187181443247858
0.8153942156197946
1.7732817484284338
2.5794448926155469
1.4747214487324369
3.3288742496628636
0.6954037992575755
5.1834297294061802
4.6087072922066143
1.8488101235588654
5.3031179290113046
4.5066411867117706
6.1059530454733579
1.3083613766962419
2.9567306349258793
5.1530812965504431
1.1072647185411135
2.7186462822516955
3.5287214579062240
0.7506788138321947
1.5600024522006604
2.6785998739445507
1.3268854988770382
0.8707689387192409
6.1715026218316078
1.6234179142427430
0.7642860905280592
3.9835757454927081
2.0549996790717731
1.4271792639961633
2.1441679420070798
1.2619704847302846
1.3865187000905876
0.6141253641790885
0.1563427804387115
6.0994714229144673
1.0884651844847124
2.4247172315400798
3.8571399290423538
4.8886217629443607
1.0047213197361984
4.3477061841024263
5.8348371185787329
2.6261368486138847
3.7169139293018678
0.3664525077738458
1.8989153828274985
5.3831233732186741
6.1679452217274688
0.5779273295120344
2.2815211219528972
4.0744858387474592
0.5069037086229811
6.1858429703991735
2.8854153266651994
0.2877489505604105
2.8325058442106670
3.5893919237298109
4.8717246533476235
0.2137779293780841
3.4464919455118417
4.2269121904077904
3.5566385094173949
6.1306587873001970
4.2487588022823859
1.5322968675710584
3.4473803250867121
3.3346146990604693
5.9029686458160295
1.7324201275023963
6.0395365473689946
5.2575597700504106
3.2603709863445030
5.7103192102223392
3.7612220679496811
5.9231660554331409
2.5043930254320457
0.9660661995596996
4.3808989610129814
1.4328711879688310
3.2307504489307868
0.3257529487405004
5.4788859634703480
0.6963538305269832
0.6956369454832940
2.1442275641914632
3.6760222548430397
4.3905619469191359
2.2624724199780664
1.0551217462658955
3.5589801600593054
5.4224241476598962
5.8194719227375993
3.7876254751727165
4.6292736806799546
5.4487550395605906
3.1128383347081852
4.8431975019818312
0.9985346572916174
0.6834060360828750
2.9497520267266557
4.8383159374446123
0.7333869437878622
2.0907246338218521
4.6645993897396103
1.7618791999063048
2.5668782065535307
0.7591473970933137
