5.0924876067290858
6.1689463374906275
0.7404138395437513
0.2308014551537489
3.4184518583836980
3.1940199846325568
0.4390923426441191
2.8934078924030202
2.3078571134323043
3.1978244784181027
3.1661231145585185
3.4063515944632328
1.6348055670670794
3.1346068703254355
6.0420585763721304
4.5595998418798418
4.1227017682022433
1.4510061585859295
4.7740047533442613
5.1845838838281688
4.4436810699091600
3.0652044727508008
5.1900786840641615
1.0157804898991583
5.1362448243070240
2.6622140839151722
0.3863138755795436
1.1265030156779392
2.5030318145456962
3.2423894234469222
1.1261642594408754
3.6061701740230894
2.7213812358315415
1.3240000387451447
4.5380090709789203
1.5797239631404354
4.5246338780845949
4.9341181421435492
3.0048616589937378
4.1682765369084143
4.3129227740390892
0.3053658459786614
1.3505722938447711
5.3859978641183863
1.5009630205575499
1.4324471577376543
2.8216145549473102
3.3555592825583389
3.3213413396150968
2.2901321829235366
1.8293039732867886
4.3308388648685607
3.3864423372167396
3.1426633083335878
6.0088063621069443
5.1973766307145244
4.8407533494412176
5.1006495774095573
0.6212051705913784
5.0560241928408773
4.3755512034165109
1.8673896921418325
1.7870979610924358
1.2877537268944694
6.0904457131987852
5.8682380329643085
0.8665633835592188
1.2647074457652394
1.0074553124414729
5.6224533602843589
2.1913496252730043
2.9496581123280361
0.9094665748955081
5.1694474226704976
4.1507539805544535
3.6948939876853508
2.3553868741070851
1.1575549780640744
0.8082878142731963
2.1592365844019574
1.1599922265002949
3.7322308705379990
3.4784547678065976
5.7322478001605646
3.9348600366853863
2.2772346471255092
3.6697489103530980
0.1800917150285959
6.0643902214926326
5.8250446271503096
2.7182790112801167
0.7003166143593922
6.2518289835333665
3.5438092709131905
2.8905784579420617
4.7258654639219584
4.6996464355251897
2.1218344775596631
1.4320539567033490
5.6442616786167692
2.4587600638088136
4.2027264660100494
4.0530824483227246
6.1091793780149715
3.7384917012636669
4.5664611208924297
3.4537919979991671
0.5121378972951328
5.3661479065543753
4.6312137198568095
4.7429946153736866
1.5438898434574102
5.2048197517024519
3.8881326258243654
4.1782011300598070
2.0252700850321421
5.1118190226866211
2.1682931993119787
5.6257764922611209
2.9797978140137280
4.5744621074442886
1.0367765295731854
2.6235117925989782
1.1251803612438782
5.6921014085983748
3.4309205442959603
3.3678571148612644
0.3016752073454658
0.8701498562199345
4.4774072853514468
3.7328141678454969
4.2018633223139510
0.5885738814123656
3.1200871046019354
5.4707456903985445
1.2207603429844720
4.8027121338493588
6.2784992172862220
2.5330892132729157
4.8167064660370187
3.9992691556395563
2.9359871854853874
0.3379723819916927
0.7785408916328194
1.8786306614662720
1.8136413985506090
3.9288398929674537
3.2204150652298753
0.9981341057100601
3.0300727331166719
0.8064459701634565
3.9672017372602002
3.0973210128481052
3.8056771870603616
0.8384999104685985
5.4929779685340101
5.2159755303859168
3.4373956665219856
2.1726302230782100
1.4567476963392456
2.2682646954708146
5.5572260589115885
3.8681832649721049
2.5748892645826258
5.6183157100658212
4.0779203324319209
2.0211332944942901
1.8343441334476860
3.5087485289130851
1.1150357424197910
2.9929688375419059
5.4791424968318525
1.3744505002101133
4.7888818750196256
1.8329438114030292
3.9929500010622609
4.5151423233223822
0.0484041390047589
2.4480792814523746
1.3623407933601077
0.9106883883258466
5.7943941965427843
4.6752867741116448
1.5044842484925984
2.2657137891140491
1.2561218100273113
1.6469233874117548
2.5413001772441675
2.6659599569232189
0.7021908974182448
2.7251403794918168
5.4722704034741909
2.0277026489422103
4.2174069667198948
5.4270848645672940
3.3038015969626016
0.1755867991781701
0.5082700806880623
0.2004775531853936
0.9851190257621196
1.7841506987799254
0.6344042064142307
5.4064903799773543
5.9159938414304918
2.1742368946068802
2.9702403461376945
5.6264081236990435
3.6983754678491381
0.8499272025448554
0.8279660568012318
3.2995539695593568
1.3840598620276616
4.0104229426093783
3.2880049115027830
1.0639209101143456
1.9530139398710442
2.3333706937374874
2.2512836179445421
3.4552228670848915
2.1367032226048330
0.9871407163388256
4.9457719123192376
1.0840579724382859
1.5180295707900351
3.0359673522575976
6.2332965802137075
3.6573605205284987
2.1872108105618344
3.0427711402150459
5.6808587455799584
1.2205878639131347
2.7832969443093676
4.1150563091467527
3.4243177802967280
5.5079729150624148
2.7779635344743125
2.4389123366056453
3.8844292898872386
0.7481542650345586
5.0723510831841123
5.2697785021251073
3.8778296751019203
1.4864656257129383
3.2380122534715676
0.8007514559137968
5.8455119497079080
0.5397613601445582
4.4022546407497094
2.5407403558074333
1.1266243074194640
3.2453373903079554
5.8759737710465512
1.2404475093794276
5.7853591168152523
3.3971295811055540
1.5965604739180050
1.8371280826648215
4.7226899774752491
4.1676517652043286
0.2530937672034267
2.0893416097766537
4.9451398609825477
4.9692723589917565
6.1379931871691547
2.1409792777817951
6.0205212096030083
6.0405299494908613
0.7100821112097355
0.9194713244166359
5.2141780638976938
3.5326481148999935
4.7376646307990304
4.0590875410185880
1.1077466073218418
5.3482434832568879
6.2326873675223711
4.4869516211621105
2.7163283376605865
4.7549111243647824
3.6613869783044177
2.1426792900957436
2.5381261730172784
3.6852360095161290
6.0913997024926800
3.5064643707107956
2.5112580946120246
4.7218701645542653
3.9345041015251350
3.2689281370976779
6.1023904803046749
2.3295529827684343
2.2471012542002029
2.7592398019941600
1.9487487573805089
3.4186614584519934
0.2897501842627078
3.9219612684703202
4.5279161494549163
1.6746342572843702
0.9039209542671316
3.5251247528834848
5.2088033541684675
2.0818781217490301
6.0070700425448669
4.8760456400629852
6.2434855086165735
2.9046846671002067
0.2027486527335527
0.2806423506616563
4.7759534962409997
4.3163329679299283
0.6282836667569971
4.8643971794672849
0.6512891650810773
2.5350879339000807
6.1588082484947790
3.2511501618472383
3.0022868541223451
2.9484586618639383
3.2034623984003789
0.8813314400280358
0.3484185586465050
3.2098084162972942
1.1041043329115041
0.5717616358558549
1.4032672879326900
3.9569627285435245
5.1132920164828928
1.6026779727435709
1.5610519317161977
4.3152043201385251
5.6464469406884970
2.6269478809011733
1.2468672803205034
1.4308603423436557
3.4073585858048538
2.3718608993912524
1.6535243561161759
4.6864023019562548
1.1963297517598168
2.7213683775466513
4.2767340903632212
0.2591793594040935
0.5785134841998267
4.2682239595785152
3.3997706383539681
5.2624014327927888
2.6084865456413371
3.3749780161897056
1.9929753821580154
2.4333138148636206
0.0194676254089980
1.0248252744425803
3.7901604593873781
6.0284236876958612
4.7016292633176890
3.2716853888221404
3.8571294424121776
5.3323037114228669
5.4961984603235798
0.4699745939420089
3.2204484894446095
2.7237075560444146
1.5595237174336294
2.9838299370972736
5.9110747503058514
4.5776919192383376
3.6579596491073443
2.4665483347701764
1.9007952287002765
1.2599438860499030
2.1904413065435593
5.0882190594950041
0.4919409714659811
4.2121146650099073
3.1282835266329680
0.8644655884933210
2.1282654611533656
0.2066907542281892
4.7878272705997071
3.4222854370776994
5.4742883997871647
1.0023355727187444
6.2216041427691540
0.8453339205654051
0.7070465996834264
1.0290268827126607
1.4458515849904308
0.6584645828279984
1.5676283626124496
4.1080287256186345
0.6497205638646246
4.9018209384887239
6.0905469085431587
2.1703882911746364
1.1031038378744793
3.9225495879398764
1.3792469530752700
1.7380950965051751
6.1674214712120063
2.5884777359002391
0.7728586887452051
3.0906314525458813
1.2143732478053928
2.4243924420050735
4.4171276450095043
3.7929138985400002
3.3937751442629875
2.3620357064528701
4.8668361214080695
5.5612773809098961
5.1830105383148624
5.1113795001691162
2.8939169409117644
0.3134485765677678
5.5573836607594043
3.8491554763189808
5.0303993572974255
0.2525722295560454
1.0502449573103596
1.3881886781935835
6.0805916286214909
4.0305138277632313
4.6263525493014717
0.0885850986498836
0.6042838997799568
0.6884021117151876
4.6846404654188332
6.1684423418545027
2.5777388590793033
0.6738099886022764
0.7092885632183457
1.8131391581843728
1.7866020947878076
1.5774238939652785
3.5182856980389570
4.9303674690597612
1.6635872237439793
1.9726318293411120
1.6469817830669786
2.0824150091303175
0.2935176931587213
5.2297272811999775
0.9124726612415169
2.5428632998000151
4.6075931298512902
3.8889071469288483
1.5470726138209110
1.3360662478115952
4.5167289734603271
4.2172431873052503
1.9442798065349856
4.0470624579770140
3.3133022201150362
3.0707101663960370
3.4139753897397203
0.8349752107060787
1.3967263833786974
3.4033262418145021
1.0200802824995174
3.5771548078246069
1.3236860412726308
3.6989672772868492
5.6173897355374383
4.6633840038603465
1.2140501228187284
6.2494832702608205
6.2502087131882140
2.5322498801351387
3.5564712975326764
0.9208692229033908
5.4682702243492116
3.1900641425388585
1.0703762319954948
6.0157140903050772
1.7992062085064329
5.8573765547808483
3.7246208579113893
1.2989246634917970
3.3290788060606924
5.9347365020467766
1.6707831659055434
2.5558832384813899
5.7086103816872260
0.8727458637834600
6.1546985942848851
0.8642418131053817
0.5579921385279714
4.6088565585580534
6.1071579137887753
5.0591239428846890
3.9196812490451340
2.7859303138562250
1.0683664443406906
0.6182378053268405
5.9058637080667493
0.3742001861447279
2.3084224651374790
2.8960500038323862
3.4218469464973134
3.0371805651662460
0.4334917777092067
1.1228255537522858
1.0099840924559491
1.5246839918943631
2.0156868729090367
5.1888673164571344
5.2190001660759329
5.5505794977016611
4.6378698133548477
4.5435526526006624
0.6874213954231947
1.7116787270397411
3.4337744612664558
5.9768234591710989
1.0860481029990849
3.8778875867159321
5.4746673222221016
3.1056056963187118
3.4297563546924423
3.7987870896981750
3.2126371643362166
3.6980539172272584
0.0886761179009092
0.2093204347571211
2.1842796815346541
4.4251504444057419
1.0547729122733371
4.9900728943878017
1.9547253327673761
3.5634139914350569
4.9901136091630773
1.5148568492189922
2.5779320583192082
0.1008080409953471
1.2855116496094807
1.4053319552751742
5.6727437849672997
3.6450906436679125
1.7213486229719199
4.7486559939829096
0.9833412396143990
2.3163148897108963
4.2066173136066505
1.9582620180398784
4.1008823584587182
3.2029053360360513
5.2310482917584160
6.2593035549917806
6.1497182755366575
3.2406851518462334
5.9793358754959129
5.6334649126738050
5.7565087413469778
1.9776591554780758
4.1633440048920196
2.3452927651735109
5.2225265806769396
0.5299661291602182
0.4233237171946296
4.9145244442006488
5.0766331944150034
5.3587898277993071
0.7292262997854863
4.3079296919373906
3.2496254034834613
3.4376824947272953
3.2038987868160791
5.8030244251931666
6.1855642263839741
0.7836831789592780
4.2177448930120551
3.1599048236594616
0.1074402612516295
3.6529264944911803
1.0130404781691005
1.8796422356405413
4.4097390824441884
4.2902899624749127
2.0398752489609686
2.0378038023446052
3.4367012841159594
5.7166728224889845
0.0322988421578706
5.4828743279529943
5.1856031188991878
5.7883244404768073
0.5577792282750074
3.3751207903570091
0.6899485101839697
3.1014382728985876
2.6561421834903016
2.3463450212895878
0.8915976716751367
3.4224652353481639
2.1265428139490501
4.1709049496669923
0.3698367626771070
5.8528110400192519
0.8785163303249394
5.3430830015853026
5.6180723467353619
2.9066022696683764
3.9133920926550836
1.1040915330138086
4.7899597033479875
5.0568534347052836
5.6310437848901476
3.6989676580261013
0.7837447794768895
5.5049269388607467
4.5218138534629047
2.1010775477843069
1.5776756553012272
5.9441085599152075
0.7123333864752176
4.8538357856449785
0.2286806996553618
6.2826000734673091
5.2632789936145263
1.1613269749725239
3.0547077298647807
1.4688232296250965
4.7923883528634379
2.4323600654370172
4.1669340044448280
3.3887985136296295
4.7159507991564160
0.8902520070132004
5.1169595285868166
0.2408992996137323
3.9556129609696153
4.0372824832173828
2.3117594511309720
0.0930216503884684
2.0536362428801023
0.6347163623687455
0.0307372050134485
4.1223385857104171
5.6655878703400919
3.7499761210040865
2.7635585637093918
3.6509309968392158
5.8639660482685514
2.4352570016710073
2.4018466636181044
1.5850204452427010
0.6087001032189053
2.0113753461267119
1.1016324791540917
2.7751939509448738
3.9571585529857791
2.9958674389634581
6.2653116482289519
1.7390406961945195
3.0554439665378887
2.2738618142424367
0.4839590896246598
4.4196790899905682
4.8499532155761660
4.8275606659414709
4.2689389763649626
1.8799293433508404
1.3455538909868443
2.3076629817727548
3.4855371941488649
0.2886447099851260
4.1006849371057736
2.0850978412124288
1.5405398428124468
0.9293529093466495
5.2317212302961016
4.8083564826904164
0.0533962813863775
0.3942714149839339
5.1576884150591313
2.3546115078916467
4.5876185837856287
2.4068117909446278
2.7431929792936485
1.0847259428510874
5.7858188146874046
2.9346506549655933
5.6335906639332700
3.6624898022333658
1.7572504808596912
4.0806025194706290
3.0457325869645868
1.1704326479136207
0.0952338668465918
0.1003058351619968
6.0343160164749179
4.2714862637540056
4.2083313715927693
3.8389415366920518
3.6564916233473004
1.1898585703193501
0.5568932113128520
2.8297244243747870
4.8587154064100719
1.5105979537008474
6.1737498242928863
4.2448524893584922
5.4599469502532036
0.6226590971719672
1.5742968521534031
3.7587145892268676
3.9594894579537709
4.9634946244765361
1.2995605908363632
1.4014015256654477
0.9823920183214456
2.0893953577528372
0.0576432555144874
4.1692241879704834
3.3754592594858446
5.4760059735409312
4.8656080801991894
3.3817853985979753
5.2124786351535990
4.1486339377732522
4.0020085085655044
0.0890125920516781
2.1640578014643808
4.3016671736220404
0.5530862240616783
4.7335736693212569
5.7308238823656072
2.7492266206444667
2.0215981612448157
0.0695630983954564
2.7489580564844269
2.8607629947122590
1.1889589243407566
0.4301926569071127
1.7728240353009468
1.0972758340525675
0.8025388671256410
3.1906547734760440
2.9891471938254277
1.7913022413474207
3.0436554835322109
4.4210414975994086
5.9943484639168965
0.3927266175472255
0.3036670236985096
3.8167951148601862
2.6181666649275379
2.7197380449553967
3.3952062411374895
3.8630497990795396
5.4011179884823370
5.8329445780864821
0.5852019427558859
5.6770445170980874
1.7603445720882871
5.8017869930339687
3.3970102188947813
2.4661313484973899
2.5078994618732939
2.1319155200944975
5.2639149562076764
2.7379853601898918
1.4870481814019814
5.8514885776520487
3.1216049204895482
0.0866096149525922
1.0036066010746425
0.9263632769498131
2.3993256381131176
4.7697662280510249
1.3634234852852665
2.1758487944094158
3.9924477911048286
2.4832242215843410
2.0010941584422799
3.1059891579485255
2.1231770851778875
5.3650844257205463
0.7226540883402583
0.9414475218412599
3.4768293207050807
4.0967792568982757
3.7975020737720278
2.3555677587636215
1.1337098078910248
1.3586049725047942
2.1018328603581220
4.2609378809124729
0.7092618330994365
1.3419692664344176
2.7803514047705860
0.3121574145540529
1.4768652113219287
2.1824169779000884
4.7910758409954664
2.5870208113476676
0.7105556187547628
3.3280368413135464
2.0375741540972205
2.3769896988603869
2.8999339629149525
1.0093297864179747
2.4492018495329382
3.0331819811849923
2.3170353911037860
1.6020594276379918
5.5496765465039504
2.1644830074767025
2.5553064132655443
2.7217502191554037
1.1562683699275245
0.5860151140720412
4.9880469544998238
1.1715922115242710
2.0551849359420284
1.7964461657900823
1.4256572013230095
3.1358881083117929
1.7001766481643781
1.8756078227903319
1.9668423663477150
5.2733338798407958
3.9598685922649355
1.7663095421456150
0.9722732215349951
2.8967463579746111
3.8571150848047564
4.3974433071248997
2.4456884596563819
3.0666140761001937
3.2172176993258170
0.5521539683969272
0.2875042994451783
2.2839206352295758
4.3761567117567681
2.8265642807762172
0.3918746199188627
4.5384252136163958
1.0336035696553101
4.5658725484545837
0.3639812758519057
1.7050008673199908
5.6338517191182200
5.0842733341686808
4.3789384590069158
6.0168186574426024
3.8857804599043035
2.5967415094789725
5.3838514327649918
4.3080729399275635
2.0147349372522916
1.8004596567137559
2.0319279797392698
5.3895384389855954
3.6832204265602657
0.6535391735399112
5.7144842475300939
2.3686056412951189
1.7719245538969430
1.2282743527712039
0.2287016036646998
3.8627508555125338
4.4082263851550501
3.6097403232440546
5.0406255067831029
2.4729148899340556
2.0173572715108894
3.6192980619482786
1.1745624965845629
1.1439038167761597
1.5480598279417608
5.5181790895564848
4.8998276189041956
4.9926007364158886
0.4251972080818543
1.3478656405829530
1.5923098942604001
1.6968593805073540
3.5894712719999746
3.8207405276226791
1.9108447849842403
2.2430366065662661
1.1491839516422491
5.9160838045738453
4.2623843319226102
6.2677114016175164
2.9119043217781679
3.1767769663030925
4.1496559683857894
1.2056653792391194
5.6918162016404974
2.6795695441620113
2.3881487304926430
2.2323021238186369
0.5902508276458429
5.8559755955528257
1.8711372277098848
6.2223197094710070
5.0663579172216382
1.5400567149809972
1.0309665982046525
1.6552767497342733
1.2553994164213309
6.2517223622873841
2.1531141623899290
3.1736755827209295
0.3511882979069111
5.0919053781905692
1.7234404455646017
4.7703337086548085
0.1611691240189813
1.0107574309062719
1.9385912067866407
2.1373183085829632
2.4265093767637627
6.0262782614451531
4.0098019974908672
2.0841644051708457
5.9425233687356540
5.2348060533951113
4.9540948876263791
1.4963592031133861
5.7373635766365858
0.5887768495699423
1.0047597061767060
1.5993874999163811
5.2172304310637045
5.7953864054072470
0.1462397970270410
0.1425243287575658
1.2143828597238580
3.9541782126065632
1.4328037678426591
3.4120674712722865
3.7505976793166740
0.6577097208211329
4.0308435718939100
0.9133118234918705
3.0055401073956611
0.0856673001450819
3.2251340188500830
1.5093016583711476
5.0128489359709461
6.2608120067699291
2.8672364995658572
3.9167362329795998
3.9272798506711717
2.8926632152015657
2.3584888602645342
2.0206971634351278
6.0768983557756879
1.3662220769871389
0.0474029362794064
0.6754842544362417
3.7741982420849056
0.8545763126716508
2.9249191847403289
4.5440135858279493
1.6079367832754192
1.5481342097025994
3.8181968965362687
6.2093584627793419
6.2035379106563804
5.9656711255689734
4.0310759626626647
2.0492967772383226
2.7437021017289744
0.7583885353085300
2.5685465475775167
1.9569450966182764
4.8512046121236523
5.5520650167363836
5.4918841705842638
4.3326060990426178
1.1762558902840474
0.7245848150106394
6.0073917817317284
0.7336477511329699
0.6564531222492112
4.3149324659663346
4.2831915089283408
2.5163107952138568
0.1788393896413185
2.3197092311752412
0.4970747621227192
0.1287406096005644
5.4375268769736902
1.6357677408032907
5.0115229179322940
3.5532965616869623
0.9251507929740017
1.8500367193867451
4.1342289286538536
1.8060412801872112
3.7490452055258054
0.8117490016208518
3.7953311526662161
3.4959405707213547
4.8612613796281563
5.8847579544706345
5.2798377414120408
0.1122800499828018
2.3700903265765088
4.3458704301961442
4.8435667630414114
4.1652699285613801
2.7872001177109973
3.5995947211541846
2.5376061390159834
3.7194255554048112
5.2741144418601760
1.4582369580582926
4.9623946590814780
5.9408443026550293
0.8658292627070150
0.2152721597101667
3.3412696776895756
5.2575864007296236
0.1747917961089522
1.5852729036742692
4.8023852766205684
0.9196420316045125
3.0141640434973707
1.0479134350439308
4.5590407133517665
2.4064798818800024
0.1229250933726049
0.6467019330304847
0.2234565985499197
4.3441168141677400
5.4548048738976691
3.4937794642274929
0.6204694434429048
3.0966961926053354
6.1933092186519216
1.9203040006521419
5.3821323053563344
5.6998620135604900
5.7695801312215815
6.1600734114398774
1.6016852289705588
0.1521538367543999
1.0528914854514255
2.9479508733363451
0.1733050166993949
2.9963074171978517
5.1832675370436325
4.8474447853612732
1.7559195039240081
2.9362962848294947
3.1640801827651530
5.5007784924165080
0.5901108541658021
0.3299804162861791
4.6213253351759862
2.5546589820216856
1.6402640324831290
2.5102409038617735
4.7004999183879850
1.9640372058858400
2.4386070035202452
5.6823448638810774
5.7387577135776642
3.1551315722242648
4.3520763681108638
4.8811658239003037
5.5538260152776004
2.8980489644591634
3.4013879620367193
1.0194071584302633
2.6818437321570192
0.2828187149805543
0.7560697470472670
6.0544972738165184
5.4801058355658778
0.7221003028889059
4.2070798601061696
6.1878326614769064
3.2276741811000833
4.0025071455029497
1.5556692684237357
0.0272886589512370
5.0837995922955619
4.0607962828748203
3.0877128662061546
4.1415272972885342
5.8772592441862557
2.7106422047448206
3.8290326059126034
0.0884654863972553
3.7813737279174227
3.7298666405530208
0.2778057674245949
2.4988795324829791
3.6129006234534979
2.8589336177446576
4.7875518351430424
5.2204986279474799
1.0255416373854160
0.4840033916039443
3.8408689659483572
3.8564860582419311
0.9321461574113642
3.7027677264511469
3.4105235177834761
2.6496100903104964
2.4428917135337658
4.4714299487042251
3.9846094992876213
2.2612699222127466
0.3837249730905088
3.3480297101866565
5.6752458729377544
3.0378285691451379
1.7772867373427754
3.7231589765030044
3.7185082254050821
2.2650793571305377
5.6145493732941727
0.1336287782044917
6.1335567076889488
3.4269238799923767
1.1437723569735128
1.4755897202398007
1.6979566614234680
4.0624057207506112
2.3701336075324284
3.7977791323698367
5.3690687521505529
0.0886381295437990
0.5963081924021583
5.5631290848900106
1.7113527319477004
6.1469567614396032
1.8939613461542084
1.2518376114953214
0.4651103144305577
6.0173721586884561
4.6944066632003842
4.9325066520844230
4.3556620520873324
5.2686683074427041
4.3684139478967650
3.9401812534085021
0.5127708979147674
5.8252164613567574
0.1057044790432165
1.1597102151721927
1.9381358115489913
2.6151218152887230
2.4113042934613977
0.3902577331736261
2.4571654561941556
5.1197792808071076
1.1261854303766257
1.2183181007419865
0.7911854993730513
5.2719010046813208
0.8800582923916151
4.6806663074397097
0.4990225145338331
0.8340814705769175
2.5291089934927591
3.1466875932697924
4.8632667883083727
0.5552951665650041
3.0716091140404660
0.4034640455614844
0.0138887078021753
0.7788013357220614
5.3258890025630947
0.4420390765336042
6.1038845578070742
0.2381999843518703
3.1327780486925594
1.3516652540091318
5.7984240160909719
1.7887257427389545
5.0244418160258579
5.9075027847145387
2.2523037144979594
6.1946083217160464
5.3748179586750551
4.2720831878642329
3.5287252064888031
6.0347219490499429
1.5157648899977516
4.0630820283723068
5.7827751594934584
1.3151500998008570
3.1659366692397257
4.8238973505708680
0.2219093706900165
1.1981261799586993
2.7164607950837456
2.4277208695444772
4.2141480949921055
2.4105599673753053
0.3125370186183285
1.4974767584833744
1.6220004838153426
2.2622112145435755
1.0939460879623961
0.7604889885011407
3.9150310652865068
3.9645718659999032
0.6918974106640338
3.1869013837634959
4.3435836487327961
1.6998633657814817
0.3320913277914112
5.1794895110559649
4.5884372911908553
4.5080687605439351
5.0499360069000137
0.4389882483266593
1.4834001665583330
3.4571850343148709
5.9789787463482318
2.3920940746917485
1.4609392362298574
3.5086262207789445
6.0910025980138816
2.0994962713652328
2.8878200941106096
3.4797584543484872
1.5354021675837346
3.8642857763390621
1.8607525569911283
1.9306308767859039
2.1755561290164249
0.9823402157747749
2.1066051070445959
5.1199679138452137
5.2815481800779329
1.8839041699099082
2.5152197654990212
5.2130145990696413
4.0780819751235722
2.5512289657675429
2.8177666376726962
0.8408260738336092
4.5910726438880856
4.7343665085782733
4.7563231379372919
0.4676410842472133
4.1805598803626536
3.5989946811579494
3.2117297870456318
2.7756078297093616
1.1327228942246246
2.3946018686192656
4.0989186286572092
5.8762015430572703
5.7000179879835011
0.8088321227304796
5.1629678521989106
0.7301822475578453
4.0754596246048029
0.9246860574309232
0.7453553013077577
5.8227308940101690
3.5547922933642990
1.9771315719545652
0.8180624048866358
3.9414132580685401
1.8805777617300636
5.3756616103708978
3.9059490711963791
1.7595214248450717
0.1410951527153719
1.3648217464913504
2.3235199033849021
3.5621898504193918
5.3203471577258581
1.2616433049425415
4.3176406953078388
6.2371286900003664
3.8065451346714005
1.5180648813628761
3.0387648070507209
3.8039903553775822
6.1195640787163281
3.9059734290727897
1.3247993570168641
4.6511277935095494
0.2599784522002624
3.2081721387536284
4.9640639973280374
1.8090138531992279
5.6868261173925188
0.4152375009961407
5.6485418107391503
1.8144177144761044
3.3382062220679862
6.1738285662847669
6.2510152906020329
3.7798531546729444
3.7414048640767246
3.8211900956178018
2.2086711961185737
0.9964619293298840
0.0129732796930504
5.8758185756632608
5.8117235865485615
5.9223034194143169
1.5082323009387977
3.6075373293066240
2.3492848878918586
5.4204959321852551
0.2649649028353194
3.7643457285674313
4.8330466742296103
1.1437135932689495
0.0804882897070707
2.6203687816198427
1.5583721026542570
5.0094582612144816
2.7912222812976260
4.8548070836810329
5.2661370824292666
2.2538402613116029
2.4569921378203832
4.4539163087698297
2.7748426833299740
4.5826394096712564
0.7383830565039802
1.2393270557223957
4.3084542921374727
1.0602881526518702
2.8378633650613319
0.7447369025519061
0.1675142246508531
0.2835714320563820
1.6297406005796364
1.7706150101773812
4.8083541707989248
2.4240448278872102
1.2712214510999675
1.6705512984824986
2.1016667316153095
2.3200398714139250
5.7489451552236339
3.9744858793053424
3.6396886379174731
3.6909949174203720
4.7932898048598203
6.2670816714234832
0.7806230641191745
2.1964878105243169
0.6057462417573426
1.2649889566794099
1.4016170718387113
0.1334162208412389
4.8783016451265713
0.8706656402719594
1.9528045501251183
5.1022789415490575
6.1778330136874970
5.8912060005692410
1.4724150459345899
4.4062800510319597
3.4842540787861203
4.5862957867947740
3.4837937211248864
4.8941525790005400
1.8067316584389366
4.7655684380070733
2.1530873936564672
5.1877261481191326
1.6860997224324985
4.8806742573992734
3.0336956399008033
5.7087986312222645
5.9334342907324418
5.1958089787480990
2.4970204962326656
1.5708351877478195
2.7744993897580792
1.1924196823399094
5.4632119179692964
3.9773790003743410
3.9083984964306508
4.4098391011376021
4.0485210479383422
4.9221010913726246
1.3252259514374478
2.2570283868633565
1.4506882893270272
4.5881681467323965
4.9947170863102892
2.9666099456549899
3.9891762465499556
2.5607078486940371
4.6511650705334029
1.5112041938568781
5.3883692996426671
5.3951309120182529
5.6884955976847884
5.4026035080660346
0.5592375270206450
1.2027431311199555
4.6140391129278200
5.4580225573638703
1.9902744083235961
6.0445378256239639
0.4901197539643907
1.1095124511883985
3.1121136527361313
3.1857847760877598
5.3268210401345355
5.2579241976387259
0.4362975777089885
0.0139097470651891
2.4013861587937386
5.2872740705926198
1.4551759471901238
4.2588893945919244
3.0087029380127612
2.1863143911082141
0.3411108237876440
1.8652062317894871
3.0086094466899986
2.9270615313310664
1.6458504043678861
3.7683532388371623
2.3653621015282247
0.9216134414153119
2.6848458038127956
4.4784555320247517
4.3063366308692244
5.6617232792022376
0.3117047189393859
3.9865277027615549
1.0797346889369479
2.6820668959224081
2.4455511302677264
3.0060194712391231
4.4855675096378400
0.0256979561208578
6.2507437238823762
3.6044454327112803
1.5391442592361471
3.9107439600683938
0.0862427960846472
5.5395135512631315
3.9675529285762008
2.4292914737316176
2.3625864217942238
0.2312860858146550
0.2992468802158457
4.0146812467623549
4.0037900907914885
0.7315358157107815
2.0473725377461887
3.8962716816968133
2.8019565646952929
1.7769287925080466
1.3720186869075044
0.3771244998615861
3.5851478515999768
5.6127665691407209
2.9587379684610471
3.4483453774968340
2.3956535196573259
4.7928110723831008
2.9189897936068050
3.9421819088797494
3.2666466664079774
3.1407466240856801
3.3488930520763112
1.0615716394409118
3.5467173742700049
0.5190405709867504
1.0434648397741644
1.6197698834806331
0.8610936117380509
4.7002307849171414
3.4814605819221338
4.2829066690650146
4.5245272254717426
5.1996858838923030
0.6322518695958250
2.0000565831386194
0.8912698374137042
5.4152623716882493
0.2368239994689715
5.9117628084896845
4.8068980459839956
4.2409122967359334
4.3767500993726154
3.3155429302726578
2.4636359918030966
0.4197524510599447
2.8624774977161680
0.7283101307954344
1.7808247504563020
3.8540453398581560
3.2082274730224842
1.7431503953821379
6.0528203538693282
0.9081473953204050
2.3570107855360218
5.8218718286359001
1.2168479714099540
2.8301902743578808
2.9012491785488845
1.2389814658330141
2.2391316431043697
1.4923035714919370
1.8940550341049667
0.5699896607159443
1.4100911002921983
5.9261478144692248
1.8778572556135908
2.2436973760029564
1.3047665583700392
5.3880327383729565
4.1782646836413253
1.9298305976037395
0.6856170780013110
2.2517928009763177
2.9317980508132857
0.0187416347020413
3.8069662283056753
2.4553645651667568
4.5030233174711780
5.7220108718523761
3.9014966701363432
4.0526750639245455
3.1680164648111284
5.6867524013058244
5.9904752494772486
0.6421688405699398
1.2372723311639426
5.2906884229890840
2.2393817931821651
4.4698309985965023
3.3481773714622460
2.6149201781157418
0.3933745635211134
1.3669671257511762
0.9278756140028859
5.6846911017466066
0.4971182434256716
4.7164267225329111
3.9454614169280311
0.1891180577544288
2.6255507067223864
5.9804122057384346
4.7093408177368969
3.8267063565222892
0.0647097238945248
0.2784012421250493
0.8251457152230228
5.3839354266550892
2.7092455185387867
3.5561769944913739
3.7348585065398026
2.3378018002763463
5.4539933916423520
5.3614885860285302
0.8073889651783159
1.2205365095171890
4.0496035953251273
2.9957828147695302
3.4541205769546659
5.1771187060595336
5.0531198037742353
2.9704491638479151
2.3314166408857058
5.6265998811795326
5.1664330554484339
4.1635335676758629
3.8287396843826809
4.7233327829893090
1.2655633602370515
2.9352926842819183
3.1990573924374046
1.3646427118420110
1.8237538315670612
2.5004847323039026
1.9164766637975081
5.5802844723426315
4.7233585213906428
3.0178408505958814
4.1036526172999803
2.6137576380882823
0.3548774961912167
0.1139831021732423
5.6143825359352384
2.5859596116939429
5.3924719270223083
2.2680432735050231
0.8900640174655098
1.1966492646017277
3.0101494443386074
0.9990006346473801
1.9393158134662261
0.3327651967638928
6.1269924512705183
1.3761026107051029
2.9534359840155937
5.3272293969452829
4.6564557607414976
3.0973239515470388
0.8300155087928096
0.1257991657119215
2.4733271889677972
2.9482825015251310
5.3259868847633358
1.6610129614936120
1.3760884395274051
2.7094150824351892
5.6581988939116528
4.0468013019136020
1.2550685286634258
4.9676721948180678
2.8429813731616473
1.9285951731743898
1.9312229058220771
3.3643475063789321
2.4998021872188452
1.9954890180193763
1.7058854524069309
1.1639676711985985
2.1110489977806757
3.8911611797475136
3.3604877121242773
5.3303048333339964
6.0613737864479038
3.2643361276626277
0.8435293678442357
1.9463795611245744
2.6958945422036238
5.5587307983647740
0.5335151074822413
2.3120449356091153
4.9067986183777821
2.7567349317495977
2.7492787066929774
3.2027986018075478
1.6201909590255648
0.9478440912409173
4.7790535497247131
3.9072400360386403
5.2125223273860897
3.0166974880367206
5.4463091420505405
2.2718054094906832
4.9808449458800208
4.1059019184468690
2.7591399324516015
5.5605604231536852
4.2022052356122561
0.6130017426208185
4.7384249740562803
5.6289997802772778
4.0434522457333637
3.7279736183762862
3.4158164191568439
0.2841724786960052
3.6955161602319766
3.1299150580380766
1.6707417142210559
5.2706734721327155
3.6965795300463542
3.7947532726521964
2.5060576167934467
3.8940372013367766
1.2664640531488132
0.4890503146016819
3.5890346292515805
3.7519556134944625
2.6755093532378855
0.6599787838530238
2.1281643869721361
1.5009736562282392
3.4281687048462297
3.0251689036187526
4.3238804554913459
3.6853132605188743
3.7521922605809368
3.9419290296143723
4.2634659241954340
4.8086368675509847
4.4354771140397968
6.2624390457403116
1.2421987892050930
2.9323017019240076
2.6457679160894658
6.1618263215165703
5.4871948364573919
6.1537879542663019
0.7985609790967965
6.2325155291888370
2.7587860930273833
5.6679548328675979
4.3944694909226376
5.9327857870130272
4.0331453646214559
1.7099521787089875
1.0910774476496730
3.9589601662535467
2.8345213945850443
3.8848645086620648
0.8392537238544822
2.2676093438179796
1.4708205108028474
2.8094722850356324
1.7297969986651556
2.9359579532838724
4.7836307496298778
3.1258864157415549
1.7482562671848199
1.8023498344032056
1.4822036274612056
0.2546049504782607
5.4084273360540216
1.3577119446987451
0.6863734902571514
2.2826637232119209
4.2410894331515596
3.9132627091187975
5.6885178696518439
4.2988912880398384
5.2068585423511990
5.4814867881033491
1.2124021856129705
3.1125481777985979
1.6693405267725516
5.2100710107396750
5.4700537027015166
2.5898458137685920
5.2525421429097259
2.4800301370502966
6.0806798414938852
0.9812396992401825
2.9915222026529973
2.0860530426357515
3.4811739007175517
3.4936412734307805
1.9817690075111860
4.5353177642283491
2.8464599822653995
3.7262977411066354
0.8596912943389312
0.6484079486203379
3.4634229670348144
4.2725712293167781
2.5730201808842801
6.0484767094902310
0.2902703122476462
0.0927421637165363
5.2101266090721241
5.6162072300214838
5.9575415256119104
0.2048776038826708
4.5012066726537556
0.7944963478698840
0.7839862120342284
5.1056212891842314
2.5818812696407529
0.8108740429179222
4.9324899212804132
5.5448616166498681
5.2075408188352323
4.9065287843693310
1.3469793278977469
4.2078833727929332
3.5112187947654920
1.2352936718993399
0.6811171517263487
6.0829362322678806
0.1996845179860542
2.9376862749531027
2.0928265421491794
0.5319149495443337
5.5340651785443029
4.0365628285976909
2.3346401911280608
3.7550745524595213
0.7757383249562619
6.0576122951640423
4.4863164369740529
6.2467715509742181
0.7686533847086763
0.0345351067479784
0.7621596288621728
4.0044627917641051
2.2848649422642344
2.2474717964703768
1.1074279804076956
1.2688745136769652
0.9778798247742062
5.9298611647106663
0.5414432450449389
5.5125050170294472
5.6386394322325968
4.5111755649950860
2.0594039669733695
1.4804834134833205
5.5410255886436719
2.0195690429768582
4.0918147782454053
2.4646570234622067
2.5197447010342926
3.6546543797042288
4.5433112933861279
5.2833419184292110
2.2980355238286876
3.4989291060022127
5.3395272076425222
6.2495994250514340
5.0315771973328305
0.2192396442625950
3.0783630147857015
5.1360478681796806
3.4742547916114539
2.0166532113370046
5.9710954686756139
3.5776760898970159
4.4878336157289525
0.5025248757736692
5.0721431552222453
2.2004932813361693
0.0145941343372727
5.3188766839204229
1.7431886887999342
3.9608134817395668
1.6984255259776191
5.2392411242058374
3.0049210554311077
3.1615484161732432
2.5449886537517052
4.5766060128019070
5.9236313142674621
4.8188168022319235
2.5910938195780950
0.1255162780533274
1.5520391102987761
6.2560799276269936
4.9358629129561411
5.0492315982920033
5.2292338450086895
5.8948073977313635
2.0785391254364978
5.6614889074498844
4.2228145179556238
5.1929546045452346
4.5616815019982324
1.7445156566431477
1.8229441404756082
4.4595310833020783
4.6908291946983178
5.5144714655813303
4.1153136552324598
0.2461058808225414
4.1891817656714609
0.3451089673840375
4.6574473783164292
1.6758137871659879
5.9004404198998968
2.2895926150563288
5.9824403491674651
0.3510876806573871
3.0414183749287051
1.0270476371225288
2.3817388119236713
4.0837215453818496
3.4991484918044002
1.3797891927876611
5.8244106680377516
3.7685305072956776
2.4113475514801510
3.5860635295665308
0.9322723815406070
1.1295311255552980
4.3417816606519688
2.9975794348162119
2.6485619681726846
6.2045174493441140
4.1069444774972981
1.0237629303157019
5.6584344827551245
1.6306484840563686
5.0828164588364730
3.0711895310028043
1.1075513853023422
3.4370707666205926
3.6083368242836218
3.4271348922818707
4.1761770677517145
1.3149627529611194
1.9842055794628508
1.8991030432715874
5.9609559288533847
5.7866300822772176
2.2065569637104603
5.3666291277857461
3.6164889813665702
4.8605724955192251
0.2764679271127365
5.1762949441854103
4.5941674642322683
3.4753959685844107
4.7040724034792847
2.3634733020496128
2.9572303838739824
1.1587009291505543
3.5396299003753264
1.3084758145850732
3.6420330906665157
6.1994187717255684
5.1744954360745021
5.5050124146728585
2.8382746730921684
0.4887798687187073
1.9472276836918356
5.0471447068346933
2.2028901548394275
5.7157388805744125
3.6307123903217779
4.4515288420996191
3.2694093859238995
6.0584491312110842
1.8257259221624085
2.7096270030886012
6.0945852127291342
3.7543944910099287
2.6562423560906985
4.5527403369726303
4.5563193235673465
4.1628988310419475
4.5799724732955802
3.6771968268846913
6.2621665573535674
4.9659729538875927
2.8480809910438629
3.7150916430675052
1.4114267176150099
6.1378352806976784
3.3102560005185628
4.0094494476026590
5.1517199476546667
5.0313526016959864
1.3466216700246643
2.2574435089323401
3.8656975551029684
0.7202847788713421
0.2069719224538604
0.7977445998076287
3.8507369840728733
4.2466887470053498
0.2808938328105789
1.0609414430211157
3.7981787803612455
0.0365057433153268
3.6947202345794898
5.1276228888970490
1.9762439726973888
3.9348654226071638
4.3891811110642474
0.1680455635670568
1.0801151467123860
2.6971490524465400
4.9519062997137926
3.3239353151259072
5.1705577634561859
3.3000294837164637
3.8562913727234212
3.1596976704280415
0.0495360190252711
0.9826332395658336
0.5557753836206666
4.2523819075497258
1.9658665200502992
4.9574896521044023
5.1576203500654767
4.2404184220527164
4.8649053533014870
0.2252062073862965
2.9379524752917785
3.5173059379635672
4.3317192966333300
2.2630063651940957
2.0219047024386798
1.4954300876704409
3.7714654406478454
3.1318150400261060
3.0661191691266150
0.3716824495389964
4.3039491662481657
0.0125460528953047
0.2769109078198940
3.3918970970150903
1.8662550299297409
4.3911911894988043
5.0599367804318964
5.7680052003147759
0.3490875674996702
5.2241990274959447
6.0473539320946967
2.4955517303644634
2.3947941146308422
6.0496111421468148
3.2464083662693448
2.6931259125401059
4.1103407282255171
0.2924148114646736
4.2885014346089783
3.2213614133658890
3.3785178532732258
4.8634143511973891
3.0533314428798959
3.9929866872051356
1.5132579351212641
2.6123101522768919
1.0860525514687844
4.4270376601744985
3.1731008150987829
0.4866933977148921
2.0324536316816473
2.9963925862001974
0.5572961033111297
4.1087107952441686
0.3661097424314532
1.9430887167157243
3.2286131612002227
2.2504320983925625
5.6395508518498314
5.4785799185196682
4.9495659544144788
0.8091531732864152
5.8965797562890288
3.4681159773235750
2.5851121408826061
6.2073027439433961
0.3582171910319634
1.2590513914500359
2.2354798646386107
6.1849269913507712
0.8486276417427713
5.9209116129346615
0.5383900420175274
2.8415284731041797
5.5272732147156045
5.3806821845953952
3.9452335823740197
2.5038977463361141
5.8903888042806987
5.2519882637574602
5.8257300578295172
0.2539668197613280
0.1841420724405944
3.3396096637007862
2.3802218487066678
4.8490315487036106
1.9543177708939048
5.5130799613873132
4.5121525061230763
1.0278726321683795
1.2580846274441442
2.7389425922776791
0.6082422899840021
0.6175629737721339
1.4575477821861720
5.5971131227251245
3.4100742548339049
1.8675662547727063
2.9314142496069961
5.0591529777180879
4.1216686234949540
1.0123813025163422
2.8071901897415525
4.5248286570469025
2.0608917709815815
4.1406612557257505
4.8796302762028541
5.3026192880477350
4.1743893029037906
5.8276175600796298
1.9292738670647536
3.8772943835609031
0.1426639096538997
4.1054936076829893
5.3213466333583703
4.8532279898171895
0.9771703719691851
1.6755646280406562
4.6226484010072921
2.2201476875099320
3.7283879331800986
3.4615178159215771
5.6999084609654327
1.4774106727495384
3.4100646237663428
3.3110236022949189
3.4010250050778539
2.6999832139072226
1.6519434698380115
4.2799855131836066
1.9404222456830396
5.9735613121421141
0.5522250674378829
1.8331716219127117
0.7615904156089635
1.1203892258880770
0.1272854110797731
2.4914059754664724
4.8190591692092379
1.7087874342370886
2.1368469990953498
4.5104390001503631
1.2813575133853785
6.1035577257446478
3.9095549218729975
4.0166117146194331
4.5661180686834131
0.3244269927381459
2.1619963376109057
2.1302874361435942
0.3289904184354376
0.4594297362406808
3.4965758133748839
3.5999618006828618
6.2574306407265210
2.1370308266877136
1.7104283970523197
3.3685700330217889
1.5267307282990430
0.1053567853701785
3.9383187498793188
4.7646434032210916
2.1276429415710587
0.2094466410866165
3.3603950442416695
6.1728350851384066
3.6572675768758121
6.1972630391020092
4.3411564375328195
5.4666438474336951
0.4503302933084884
0.5293642870362916
4.8699600102156575
5.6626300514441130
3.8001530194625341
2.2860557956989846
3.2972044717729836
4.6760784736231997
5.2169275409166316
2.2897516521555663
1.3746486325323732
4.9966697100652526
0.2177217021068152
2.7982767254292495
0.7649243292493547
1.7899550331874254
5.3577495505442485
4.2744840545705394
5.6431885845564054
1.8172920361318914
5.9445880324872045
3.7589058798231574
5.8221892827389246
5.7166544329319713
4.7816367503027912
4.7864092282991990
3.9786231815143109
3.5252881607115722
5.5164191348368599
5.2602146554985802
3.5567936648533331
5.9427896179915027
1.9092104785896498
1.1381053167655710
5.8156500090736127
1.4140082833494168
3.6400497990788447
3.1200072870929034
6.0045231111123725
4.7974902722659678
0.6747989259943513
1.9202676726061700
3.0774529746425832
1.9036234808480650
3.9111574542122489
1.0635374866761418
4.0568655186229909
0.0309096607698554
4.9376456383989238
6.1634988990585198
5.5690759857565642
0.6069793064531336
5.6591110996678609
2.3491280958131946
2.5095741039608921
0.3779114509077507
4.3928974753858618
4.5949365353921277
1.0994143238324787
1.4101232048766539
1.9873340331154357
5.8208352334422120
4.3313275822596191
3.4455237289599516
5.4257705504239144
3.1994003360024510
0.4559344732320230
6.0700893685278290
0.4416733711987066
3.3713017487834942
1.5816330523498718
4.2655356599845495
5.9459052456034103
0.4424649535182721
0.7411366862894878
5.3106603071461445
3.7196123702205557
4.4611151752457916
2.3766268919573457
1.4179594343702449
5.7987085870725368
3.9902004325440856
4.4696875296776675
3.5118641564689721
0.5337211925045684
0.4157243738331824
5.5041557791744271
3.4803956713205899
1.8754828339743013
5.9658477091908946
5.9178008890400724
3.8948393329678304
0.7963645322131856
3.7068485426955293
5.7205263210420316
3.9273945110130026
1.9825652679321519
3.0789816495705224
4.3872736926989422
5.0867033629117717
2.0371681922612495
5.4158263731435374
5.6295052595138193
4.9361124821354485
1.3458673888536921
6.0280782401210162
3.3469743443473701
4.3202626285501307
4.1052367408452914
5.7277540203652419
1.9478673470412764
2.1262720220433788
5.7036711308738859
3.4742377758711265
2.3830114069528392
1.4139882861887580
4.0010432156559279
0.6802774335394418
5.3561135957064900
4.8481292293404961
3.9368917970230699
6.0704066465566822
2.0410491434340150
5.7558548215150864
4.3404641585100538
2.8114244707457057
5.0965091603682726
2.2069178631289610
2.5974887289612258
3.2574483668693106
5.1454494426592099
3.3191308311404835
6.1060597790845534
2.5868678019603153
5.7522595997812251
6.0976331885988850
1.0722319725689191
3.6923052841112374
3.5408032390553719
6.1395759522626969
1.7893005572112362
2.2849512147722724
3.4027725792944827
2.0697480172461580
6.0703712651853623
2.8207714169460334
3.5515219636745585
1.9872269169341001
4.6904320547432432
3.2446098834990109
4.1094489573086834
1.1012556738942219
5.8766778492853993
2.9117224410178033
3.1544905392513951
0.4777897819162825
2.2530677200953853
3.1338618465691543
4.5121769140771368
2.1397635437905844
5.9769778354513310
2.7348637295116562
3.0537560564908901
3.7097236556787450
2.6695779218304745
1.0101620936404156
1.1051539167143583
5.1339602025500293
3.9163214882381632
4.0882674364434610
3.2349242679686614
1.9058979618030010
2.2193904651991492
3.9506936498002916
1.3105086723724051
1.8518179293043973
5.7429147572067265
5.3159275513321642
5.5176048513866487
4.5964770227680463
0.5361473081340860
0.1106461947352574
3.3941044981015756
0.1618438621474254
2.7733956327657765
1.3873382667825367
5.0633591930537962
5.5822480027187495
5.4116593364225469
0.5924624962728343
0.5860532763914756
4.8909345340981325
1.1869061414393811
2.9289468199629032
1.0399162342053063
2.4187119661644614
5.2207902431590769
1.2102937774700009
5.6257339287049293
5.0695570031931210
5.7928734074798722
1.1592302039482019
1.4058798341370575
0.4859487482644403
5.0644643520475663
0.8669728276551401
6.0512464290448076
3.5154446511033375
4.7960740749024255
6.1952030671475198
0.1748321389021956
1.8213160199092271
4.4140316087397000
5.4103469039550420
3.7479708361440123
1.7586659974863008
5.0310937775597067
1.0578496864074569
2.5850078543503976
1.0553733920673658
1.7590314438573647
0.9823180242883611
3.3511648528029241
1.4358548533353950
1.0802567681277453
2.8628230430745045
1.2768948398263986
2.6479338183976635
4.4990074998709320
3.3277931292540166
3.0574586268773256
3.5632950046599867
1.9843739475472779
3.8376339446066239
5.4205750905349976
0.2781433171501176
5.0287963903368755
0.6030853776762463
5.3215184326029226
4.8509313501253404
4.5677028496513987
5.1223768613139651
2.3106075592503363
4.5341948127967733
2.4577315316133603
4.9856552765720217
0.5391565878363929
0.5127218578276835
2.0939234661487145
4.9640147987102292
4.6688109108452611
2.7483511880938067
4.8019392329750659
1.2027760216468166
6.2763722322895656
0.2185192936363138
5.9549615969098593
3.5885795816013721
3.1092655504566808
1.2545593542604190
3.7957546532605728
1.2555905930413866
0.1699505643727594
1.8978473872035397
4.4243330670545324
0.2171340834395692
1.9596138949809234
1.7228218565227813
4.3503453048351028
5.5038460093540378
4.1519120037134076
0.7032222702735668
5.3322845202207123
0.0964216468315853
4.4239746990147779
3.9846390195607424
0.2980465119745965
6.0979081106893300
2.1197424097960686
2.1575473648641799
2.7625736389388473
3.6163843594429501
3.1395913845495302
6.1582032139661695
0.0666344550816976
2.0997216175917344
5.0945965589227473
5.3322887889103505
1.8434451509748284
0.2256051232067015
4.8885282357605542
5.9846887842487195
1.4782047231783244
2.2408708577461764
2.6632072019727384
4.0872460046959578
3.6954366641486538
3.5243818839216723
4.7427259992720829
4.8635167971870183
3.8123818366935702
4.5482753309337260
1.4579285333971741
2.2647120353935888
5.0269240973082372
3.1294503770347015
3.2343374299086545
4.5308192437249390
0.3353116795597774
4.1429724832219286
3.8202465027342436
2.7937927729810283
0.2130485591242250
2.6903851423105585
3.0464337770546313
0.8090301456531284
6.2432592631342905
4.2150463680889958
0.7825126145373241
4.6723353163048706
4.5499695325436074
1.6166139177123739
2.9192084801629758
6.2397996351825835
3.4719321153783613
5.7080938228579683
5.7756298847975271
4.4156276632631952
0.8923561914149348
1.0025448470099485
4.7826330009918827
2.1468338586924718
2.7912080275829116
4.4609670863631372
5.0557541757560909
4.5398770284497605
6.1506170132778957
3.8857072533933645
4.4430761058244288
5.4206367724628848
5.5470720512834415
1.5143163852983790
4.6952822136057266
6.1206932385913007
3.0756305200079783
5.6524175522529285
1.4434493811223332
5.8394223448046869
1.4410874556019513
5.3144124530999362
3.6125053632314525
2.1193963788465111
3.6384041776988552
0.7452849234754286
3.1038069806052171
2.7536243204230599
0.8259287790968254
1.2405874463736433
0.9975531962888987
1.7542264821886810
5.5797223739011521
5.5402888652839941
4.1420191702777416
3.1711917646325758
2.7208968891506702
4.3339910341014320
0.2843967465853911
4.7142316779977449
1.9504592480833185
1.9675494721576563
5.9288664474738990
1.5727024732629915
2.4339120285903300
1.6720574765702680
0.7170049643589523
1.2295647351989147
5.5064387490431850
3.1437274242054829
3.8678966918310720
3.9565822735692326
2.0013036530113166
5.4948495336415792
4.4915997027634305
0.1908336059525385
1.3536714157497869
2.5889562633205712
2.3061661568109582
0.3304140603911059
0.9810500974291306
0.3155008932534588
2.1496513557527073
4.4568324675398054
4.3462844943888017
3.2307500767668755
2.7560717581744694
5.1444480025922683
3.0850824940404666
2.3460115887383317
2.8166767668739507
3.5587980483695789
1.3263835762405709
4.8171938724016750
3.9037990753255065
4.3449291987104530
1.4213954382083649
4.2160964132494936
5.4503709894949983
5.8290095604511816
6.2831485688709421
3.0875626676960728
1.7162748186219376
2.9345596192181183
3.5662678548568891
5.3936976966058134
4.6613385724251524
0.1454307675586008
1.6393555583142092
6.1665344928429597
3.8213841645666760
1.9094459640329924
5.7899931627564900
1.1020809771464395
2.3835049024719974
1.3443909033568475
3.3345712321144041
5.7233495612191430
1.7053478640598092
2.1121660177845376
5.8126684972723046
1.8902175793449265
5.1446956709249259
3.3900808780614966
1.9802177796787017
1.8108300567033455
0.0033770537775848
5.8103957989075337
2.0719169315348265
5.3448340291590162
0.4218541631716559
3.6758629445663265
0.7053816441652804
2.4421739286263335
3.5281917600853534
3.9228158106166653
3.0307573236307621
4.2649195401942759
6.2168333207014834
2.9637403649602496
1.2344363059350736
3.9120006755836245
0.3431330141762426
3.0731853997024543
3.8346711045073483
2.7843878255213830
4.9060005557482960
2.2925065110346390
5.6470188721625840
0.1603310887112503
5.0926209904699284
4.6044818006653445
2.4352092613249128
1.7016322297440705
4.5727936926734882
3.7785849136833121
3.0630037868214659
3.8418145150651957
3.7580567424652442
0.4658347953525842
2.8288803507379616
0.3968136845706132
3.3646138572333362
0.7985334412922419
5.3895516536048715
3.7980408062514988
5.4331903724058197
0.8014139359982869
1.9328346487867301
1.5816791508488832
4.1762485633592474
3.7716190037990551
1.0379210110381918
3.3208375720556029
0.7785119033565215
3.4846268448339823
5.3159474499165986
1.7301622248152682
4.7352550578313917
3.5335657622875121
0.6800715057046268
4.8014373892786804
3.4355599719296843
1.8341884265530715
1.1925682090426528
4.4878568028033063
4.2760681307749966
2.7777985998472294
2.5590235259895251
5.4560613719593798
0.6491437415789982
0.7697838313670468
0.2599898789168190
2.9825322786433675
4.7936847647005205
0.5881225660661430
1.0620092402792594
2.4362055159600886
2.8473204941582733
6.2268177584219089
0.9911631447345939
2.0699265915022860
0.3419585837194674
0.0151853846371238
0.5946210067048397
2.2402222994186669
0.2674473449338443
3.4669970129670005
2.6846526466072769
1.0163859221261100
2.8064031941857714
2.8063215093339404
0.8805921051735481
5.3554784798057913
3.3589552288752706
2.9575175265460181
5.4058477450009104
2.1915096710622830
5.0429295266999770
6.2745395039105913
1.0076592248585485
1.8469408809281993
2.9483343452611841
1.2909908811714526
2.4079968224978630
4.2708421287674865
3.9740314701773758
1.3074541815453387
0.1471004074973957
3.6406710811411185
2.4500196931829907
4.9641511066783828
0.1414066480453664
1.1705119947244049
1.9896410780502407
1.3607495449910636
1.4146976875631303
1.6414869114897610
2.1454211897478292
0.5298282874198672
1.2921632389329365
2.8280156255034008
1.2634023240929233
3.5837986217605295
5.0737375983907747
4.8912975481988727
2.5036702018578412
2.6671843066745913
4.2120373796925588
2.4710978909622225
3.6784421004886263
4.0045186834082758
4.6302855346762364
3.7240507111427759
0.5230344922846784
3.7206005851021402
4.2955799292282881
4.7914815250022960
0.5328523805970922
2.3935430792942793
5.9670762692492074
0.4406936756662359
2.7461194996375990
0.8109999972690485
1.4072216342917805
2.0026224026297617
2.5682992155571878
2.0876844757535995
0.3955883752298784
4.3043462808446424
3.4340626644612637
4.9608320584476298
5.5287936838675042
6.0811330287776402
4.5662951216214189
1.3880373238725192
0.9298117938266159
5.6675425690172361
4.6226880331886031
4.4400834550884722
4.7667540503508086
1.9657463036183012
5.2049427845446106
3.4506150588099280
4.4347539957066369
0.3805990277416388
2.3237792440356722
1.9835213521255053
3.5065131683716628
3.0796265010753712
3.5628482381254405
5.8050877234358049
4.7216586917934178
3.4434554097142369
2.2785633078327976
4.1491451022597126
3.6876162195442772
0.5598117754121114
1.7521051376219956
5.4374319764112924
5.1912540192069407
2.0848928509324942
2.0496644061339051
2.6121746095460847
1.5528529993906799
1.0150731446084102
3.8394062192472989
0.1753385706555317
5.4085380342357618
0.5293762718630942
5.2343044421523519
1.2496808680617428
4.5191193999187291
1.7346700839166886
4.9916898883522673
0.0822781774277599
3.8562199038027107
1.7284201001900592
1.9946078005602630
4.4915481958581482
2.2330099821793774
4.0512985795059784
3.7727309744484749
0.2448639226870026
1.2197553781477384
1.6117297089014069
0.2276263993308907
1.2866659091899602
2.7835477341666897
1.6614783695350352
0.4575492082626467
2.1444907491857337
1.6826097612064481
1.4469161037704448
6.2613912916217815
4.0297602417548637
4.5354170695185188
4.0549612142651439
3.2933447050343125
0.9718058463612441
2.2185177175965420
3.5690777565775509
0.2980727932751643
3.7243072478067054
4.9499619871166178
2.8803613138911639
0.3158846197238939
5.0658389994942405
0.6076805641219039
6.0748059287023208
4.3113948506098003
4.9119667515793077
5.3343475934668634
5.6314533374485887
2.4384794423859959
1.4188891810786051
3.0957458396057085
1.0811280280591991
2.0502247749102493
3.1006638037772523
3.9394103381729981
3.6086860189151224
3.1225617203988683
4.6388500393119632
2.1829899897083513
6.2677672962968494
3.8790901363613148
1.2738675378226643
3.2841365909019555
0.2376995594931205
1.1118150159959117
5.0618782757508498
5.0504416875608360
2.2664249906448113
0.5524372004060688
5.2251258180852229
4.1498686494775745
5.2432910271281159
4.0418073332796469
0.8054962455991785
2.1787304012112316
2.6586927269771352
3.1801045908634520
4.4287774411263854
3.5109470914321106
1.6418860293345718
3.1465482020177551
3.9043275910329340
5.8259762866314020
0.3980482559358057
5.9500704376294999
1.7271467729504466
4.6533944512691701
0.2086111128990690
1.2567540120748686
0.5652106237546246
6.2599396138791619
3.1411882056618095
0.1117712435433833
5.9850420560376918
1.9010812362110898
3.5416956670446735
3.2512240545234690
1.4015617528809523
0.9261094697671951
1.2955239442395985
1.7554972379657654
4.0661217895237014
5.4138400335635826
2.0340907023272701
3.7131290155196788
0.1084066054188266
3.2825530908060578
5.1077124442687083
3.0088027254843310
4.0062203521306357
1.5850922503287184
0.0902135321524722
4.9248406627139785
4.5658929874049372
1.9432967952487070
4.9678257075507135
0.6807822045324935
2.7960243546790946
0.8008245618925021
1.2351455413486838
4.3400479769221700
3.9010537015824536
0.0291983533907443
4.4810298565410962
2.5041176940772134
0.2652193998262459
4.6294251453111750
3.6190545532324885
1.9629131981496768
0.3486735672692886
2.6472975079549363
5.7251902982313672
4.8930275920828175
4.2944504225006135
3.2414819386126412
2.9442054973444405
3.7880967347107197
1.7046552498852432
5.8415404926309895
5.7062736940360219
2.5499713328550335
1.4124296824779807
4.5645210598931047
3.3976933565725771
4.6359602640708486
0.2140011210574909
0.0956985952310462
4.0056027004710435
5.7715747413046952
3.9387298776870909
1.1330616065221200
5.6970860291211958
2.0250237886656905
2.3608412747075036
0.0044390904337841
4.6594488618033703
4.9908003839879882
0.1728998054958271
5.7228814928664207
1.4796000214333409
6.0256084626016451
2.4420685485661529
5.4793206778781798
0.8371404487754552
5.0453873414129955
2.4523142693314317
2.1541014593361307
5.1355675179206273
4.4381386511660743
1.6444660200779169
2.7743165233208402
3.0059666155495499
2.0849294855379354
5.5245861727985783
5.8275739690968402
5.0948272744653629
3.5778711385340931
2.1436642600249121
2.4072789599896081
3.7706210339656803
4.1017443482433542
6.0514173385133780
4.4627482764171358
2.4456513854377571
3.3984486463430068
1.6164710084801373
3.7683279047436828
1.7778114222098254
4.4349603017352148
5.8834024765925355
2.1888751137199174
6.1778285243459576
1.6209292608327304
5.6657788347689317
4.6085367552697329
0.4904095637338583
3.1316105000899319
0.3634025319515391
4.9872188420632648
5.9093096356880572
1.2933394926858142
3.9317451808002759
2.1386821130436173
2.4727422199796676
5.6926578547028086
0.7771781485646705
3.7647250660280940
5.2186168644805981
1.8579024534220321
4.5544858804713177
3.7199130216952963
1.8062942428617725
2.7451629005222746
5.3136026176812834
2.1434691158989825
1.1064650783044798
3.6354240899074037
2.2612261063705050
3.9406207065062566
2.7413599413309511
1.7751994223316423
2.6079704526577512
5.5876730608879592
1.4506176971385099
5.3416891587233177
2.1165072267021703
3.2542508997174715
1.9994580945115277
5.6826436815821104
2.9525921542351665
3.7257706014826613
2.9691833022680902
1.5585723519383166
4.1175078493680823
6.1022926692038428
3.3991881760209859
5.7152285986341145
3.2887226460277188
3.3744488844171543
0.8839753756037910
2.4919774922415403
1.6612355357165081
0.0242038806987944
4.8613699313866636
0.1191803875218323
1.5409952690695907
1.9659181449078345
4.1619079886733097
3.5236532594380798
1.6143901743032529
4.6557066386670058
4.1577336298296199
0.2860841720253591
0.9378248791144983
5.5314757608167930
2.4601845615279068
3.2581097468133033
0.1718019971592575
3.8467480196746742
2.7273633055458157
1.5557945482045137
0.7499872044532282
2.1781870877794232
5.5316832212541991
5.4883118868049907
4.4911897945230592
4.4719078289352785
0.7450467958010659
3.9661796532252978
5.3223306427642294
5.5147195299222966
4.7263726641523380
5.2382431868781891
3.4673907126959005
4.4600615019888750
5.4409109901843173
3.2624743868516313
2.6238919606731859
1.3317374174316299
0.8388913689358233
6.0371495296166078
6.0395040153843018
0.7472312109619119
1.0847660029525499
1.0466776204355426
1.5324560975514854
5.9078157202207047
2.5411101850553584
5.1253942737385403
0.7723264496874479
0.8215282839903811
0.1863678794941468
1.1692477428703172
2.6250044830209966
5.2324401826704161
5.3240434898066216
1.3392274792925531
3.3759164123622103
6.0057503433723136
0.6451549564098775
4.7452104518723610
3.1525313104481461
6.2452538599756693
2.1683135061757457
2.2877286616312653
1.6120810043483293
3.9686651717457586
2.0379394003121214
4.2077589605185919
3.0605477211616452
1.5944900120052110
4.5961597073029052
6.2424616662577810
6.0146720858838689
5.0928329911488683
3.8245296557871900
2.6838480334433030
1.7850096866878802
2.0595128143574444
3.6838897366136152
5.7230942462790173
3.2832059783150305
1.2959623071047406
1.0085041114836182
4.1659490155217469
2.7020443421322851
5.5215018950877512
5.5598129344561995
5.5903222845444134
5.5929439115186375
1.9008369710116655
0.3618607505205780
3.5983595363954617
0.9841380602289225
2.4142832513558004
4.1504396366822558
0.5055004212536850
3.4671411784446473
2.4685230389260497
4.2958942533130973
4.0076643656794229
3.3103684756458724
3.4274022680263321
2.4869847742006845
2.3670495716601296
2.6530502935522122
2.7204239518524487
0.3739184170191175
3.9382607824197922
5.8449680772695825
2.1620749348700810
0.2985791211089254
1.9038225073314914
0.2284873533864332
5.0529662406179749
5.6962646148521214
3.0020379882780266
4.6513156546194860
1.5685405300964190
6.1384542573766208
2.7894915963104991
5.2098266340386097
4.4954261518244545
2.1000691750479259
0.4985160743169120
3.3908716723392347
0.7070338898550211
5.9616153372643126
3.4820070279627040
3.2383609063337455
1.1339157420277093
5.4917859885939206
4.8908365121895514
2.2889169032439756
0.0757707823355365
1.0817867988388183
1.8432193245964257
2.1326662717865519
4.3076908718039011
5.6733634165922719
3.1562696267665546
2.8375101167995318
5.6480586562308401
3.3441789832116027
0.0142220446785239
3.0235741179298796
3.5095726178578257
4.4902361659540331
0.2680612966395163
3.9769201629927853
0.9169264640855902
3.4239364904674430
3.9122187722586923
1.9593728261781567
5.0274268134875699
6.1307754293437000
0.1329118120153125
1.6420619949602724
6.1350415477371074
0.3071877481254400
5.1663211452401452
4.1734078000061938
1.9822478258041409
0.1352501496173132
3.6498661316247967
4.7979128515000546
3.2713651359922435
3.6006642516803398
2.8361655942130195
3.7214819851767880
5.6508644828012180
5.1101629455214699
0.8086182118275128
5.5682669428708742
0.6228036852287383
0.0375066980039608
5.5418529300285329
3.6980585742088539
0.5615019855467693
1.6020803243960846
4.1930734525669004
2.7625161292176728
6.1637631380309763
5.1948084385833706
4.1692205700122624
2.4340663005322742
1.2153100596826421
0.0128415039471587
1.1539779372278001
6.1796042756361365
1.2258652375729739
2.0380390905424091
4.2771168611250108
4.0750225379021447
2.5057741043665400
1.1800059641975698
3.5136925875669336
2.1591723629180728
0.3741394168904953
4.3777415094437524
5.6708276698450248
5.8548492713240048
1.0078952436069877
4.1063997716469656
4.7046602606046894
5.3058215321544520
4.3414200112961536
2.1932498366262019
5.5331063960694031
3.0981193555753483
3.5637960192451796
2.6451203995684009
2.9069363917036455
1.6870478896146075
0.1281427525553973
3.5997475126871095
1.7289258504207954
3.0101413877898811
1.0102785404131442
4.6136900001567955
0.3015596958522681
0.1977627002089790
3.4479655807223271
5.8414715969358690
5.2447577606847027
5.3482930805630975
3.4150006004791558
0.2642459250643028
1.4444678238956530
6.2788477376913319
4.6859836391997778
5.1599283684346435
3.2145877766720208
4.3236628994923256
5.4836914442615621
5.0913607323589725
4.9361888683915591
0.2197558859548271
0.6311437655559631
3.9455645637511974
3.5087940654832384
5.7481624438536105
4.9757830739129369
5.7954822680361433
5.9994552220663033
5.1908001508341002
4.3187060520554459
4.6371269970575382
1.8577173252510388
4.9941468778064984
4.0267939364990442
2.4862940246236369
2.9758464862159446
2.7903486725462203
5.8121509306558483
3.8657300022104923
1.7554851392809514
2.6780996133043820
5.4790041039992561
2.1743580959865829
5.9399180940044056
3.9818108496681166
4.5650549296999650
0.0819547323517335
3.4107538397245816
6.2809852427546948
4.1411664435025175
3.8220527961410067
3.3334504612519864
1.0271932610871914
4.6298159028253618
0.5463193958202961
1.0605601218316543
4.7302966737773273
3.1822392555923815
4.7575363996035351
1.0110993743217369
1.9135219803723800
3.0260728044224079
5.8872655555007460
4.4439257512630341
5.3771531790501639
3.1623705687210095
3.8801402722106690
5.9609290405038395
0.1539278422704777
2.9988990701432141
0.8376453622803059
4.6428720895991313
1.7637916634438096
5.4536272411748392
3.8903759537341180
3.0110970031949345
0.0647752120155620
5.4970950381053880
2.0619927713339230
0.4434930987713878
2.1621482730610602
4.0212091196853015
4.8966394717179984
4.9457560148734769
3.0122682187705787
4.1759003266714929
2.7302039240027529
4.8439462648941287
2.3940696083003781
3.8321266497536945
4.4764000298464346
5.8106309329436669
2.5355093004830072
6.0457616653207058
5.5160961839088865
5.2288204309056727
4.9240255462297720
5.4982057756673681
1.7926148111115541
5.9337279111529773
1.3280695515087857
0.3761094171175122
3.8252193595746276
5.6726687955339301
2.4783134875139905
1.0948913161910947
4.8172233016407935
4.7259479053500497
4.6376794688660370
4.6814242025149895
1.2781216372222097
0.0288352817664902
0.1967531832327098
5.2051571630375202
3.2082811174792671
6.0494502487143667
1.9076878907490669
1.8636281127551875
2.9649411490177786
4.8847567295595420
1.3260988595927117
1.4302589391626290
0.6560103610017594
0.2923912075256490
1.3072607409442281
4.6967803141360536
4.0335160332677189
0.2445931293679543
1.0763012521403117
0.1228695626647966
4.4705800127633921
2.5598345409412735
2.7182128230912497
2.3967373675384138
6.0346249983703402
3.6509653816995566
2.8262214377628392
1.0697251586719472
0.8060117660150448
4.7752497262803333
1.1637576810073433
1.6250983192010819
4.6516483610390571
3.0744346873527184
2.9519453042121944
5.1958591533019955
5.0972587126572844
5.8612437653342946
3.3790243071442143
2.9332520063981358
0.7363814136301435
0.8551235854143309
4.4343103185241182
5.4083074804895652
2.5225950913837178
4.8210556270233722
0.8427637234268137
1.6974785540546466
5.0182293249288836
2.1237371717996250
5.1540521987694454
3.7151029919717216
1.7748600631764246
5.0558765207342642
3.6807023991597858
2.4480571984182147
3.8242382212509392
6.0782120299186673
5.0895894853593013
5.5559846423410857
0.0227904205649365
4.6076094304924622
0.7176547555526956
4.0348573919103039
3.2789338087830755
4.0095754851432259
0.8064710208143058
1.1711483963101850
4.1488491579433120
1.6708762568409519
2.7052371615565676
5.6535184534235903
5.4446817444032227
2.9262415258278676
6.1434076792156711
1.1399595473358988
5.5974346459104769
5.9201102215281809
0.2363775957138836
0.6364019825923437
0.7357249572903717
0.6740171884545263
5.5915756600339117
0.1678963086367114
5.7471523423025070
3.6035965948257505
6.2736753226675184
2.7352081674905762
3.5551222096171085
1.6891894196349222
0.4534577504416382
1.8334899187734546
0.0920141985789430
1.8318251890419774
3.4916213000104834
2.7065202291213808
1.1528984198033534
4.2778082907590171
5.5045235655775970
0.8507981465637152
0.3529521575119244
2.2408817495831124
5.4518647159327864
3.2778664976147400
5.0924280185171655
5.7836386689587806
1.5353851239709273
1.4071257931247576
0.6651453553743865
3.4576764218028107
1.7832425283842435
4.2889821400788533
0.5068108992905220
0.2532706073959913
0.2677138549855418
4.9725270151202690
0.8844287058757910
0.7385346615703035
1.7907052087261002
5.3151906447496380
3.0396274988849972
4.9931917704100837
1.7039651447207245
5.5818436756016805
0.2900081714836167
0.3880711982402315
3.0623371274206677
1.0169107639098922
5.3938300881858252
6.1894538572540512
4.8274684991855983
0.9457834807359879
2.2175194650303172
5.3480099802664895
2.7589946176532640
3.9054060896130598
5.9934233665042358
3.5087609812043881
1.1202995533458668
3.5285151828250121
0.9931394564463475
6.0936807512018740
3.8498867714639013
4.5613469252015406
1.1406182301984595
0.4075131159974602
5.4203788914650124
2.4617226263342307
4.1335594559725113
1.7732492307202270
5.9507733199345081
2.3602322289561801
5.0441980722276973
0.0499856597037662
4.6855779737433529
3.7875170222122279
0.5314077590142612
4.5559973585058691
0.7764236079986301
3.3819500591886307
1.7469497589055245
0.6220758073561757
5.5173572333536143
0.9801391287892489
1.6036998757255227
1.1562733105528524
0.2985759968046687
6.1313368126171630
1.5632453151250583
4.1657865835074714
3.0541104544579865
4.7970239377644930
5.8055357942711554
1.0726542655019831
3.0238500554028529
4.3067120466545488
4.2575783936605154
5.6574703703338241
2.0284994725735279
2.8465062603382747
1.1881630516586690
1.8546371221828541
6.2229055463208791
6.0398818497015103
3.3308301359316506
2.4922416950735986
1.3449236715195347
4.2341888081373913
1.3912540711138457
5.3817515554008306
1.0562988817473302
3.0966554714320145
1.2294385942038386
1.6913817064376822
0.3559503416180806
2.2932010153432261
0.7374067133353907
5.1442887291901416
0.5536121221915326
3.8248831022950198
0.9629615990592154
4.8809460639959132
0.9669505496673333
5.3312355110371428
3.3766327420132431
3.2503679108783325
2.3253461350446232
2.2950982558687003
2.7549636631016057
0.2394433153286336
1.9197196719086889
3.7177205761348007
5.1432831045273995
5.3303364480713569
0.1073686274177600
4.9024937318428918
1.0148679445623781
4.8075206066046032
5.2854999248076284
0.3440054176564919
2.7375822205064604
3.6092706745038523
1.6379379973285273
4.5330634851233853
6.1900942869612354
4.9299322134518482
0.2221099265333669
0.8554771107279350
3.2196048338918959
4.0892655415245311
5.3823011012680606
5.1540784882302741
6.2044169170596621
3.8832548612683397
3.1201218768741250
1.7915261456960909
5.3846906195287758
2.8783209490191672
2.7507712174153403
3.6706955857876711
1.5461183370255969
2.9661933298473460
0.8725240493406295
2.7107069345601151
2.3594022298859163
3.2831890773399115
2.0702487831492085
3.5237919069296395
1.7371119076012560
3.3005407022200925
4.0169732475206201
3.1343537378598501
4.7515505744682027
2.8872541591991512
4.0217381037123943
2.1547069430220502
0.0123027555689297
0.7300816454057701
1.9745335590232915
2.9840988583986006
3.9307384539551924
1.9959114263982871
6.0642921251300184
1.7378692006844212
4.3570524649702049
4.3152374495131705
5.6769617564849524
5.2853456514398722
5.7357823906925862
5.4215090675529751
5.8119080152276918
1.4492170701147495
2.1259645948516961
2.5883032907910590
0.3496209904588616
5.0361390586849613
0.7990331051528652
4.6955042442551251
1.1001595625309022
0.9738127150968047
3.2779874697406579
0.3088331363635889
5.9395091072085320
5.1797795392510029
4.9561858326370265
4.1317973251061275
2.8241058987509655
5.2076090992378674
3.1165108664839347
4.3555387215615839
5.3661743224769269
3.1828040468437306
1.5737753241289840
4.1568637197443232
2.2588216930176683
1.8240805815110284
0.0961050087245365
3.9817074533506598
4.3613199956540418
1.4618509116031044
1.6248124506852513
2.6085041214297919
1.4383405277482455
2.3907004317507417
0.2381556914016253
1.2874768154467449
5.4716368874685086
2.6073914453916975
5.3946749415252544
0.3969433203458221
0.6666339652588065
2.4638552694827172
6.1941039347401539
0.8900199243528027
2.0279791938034926
5.2468661805351413
3.6146148602592443
2.1566347275354993
3.0900898295174581
5.0677556602476388
5.8189786734551570
4.9594859289264841
6.2468962122290534
0.3415721481158833
6.0339586418695532
0.4935281857307783
1.1942334983389404
4.9398482602299421
0.9047720346258857
1.2986352156566465
4.0977297827715233
2.0970788337577595
4.6833229123427413
0.6603587790603994
0.9450289160801570
0.9777098567272398
5.1407481520438632
0.3199967475148309
2.1579163360529932
3.6714455730385014
3.1582748434370740
2.2372902415211864
3.7026834495236098
5.8624844247891961
0.8818766052656921
3.3697859841495483
2.3469101919536577
2.8779114772372725
5.9781712039206321
6.2119929505970291
1.1573366838092773
2.6837152027850206
1.4445846081223974
1.1456960490996975
4.3904304439692101
0.3734517342629509
1.2273193087895549
3.3414520068563465
2.5938115888161706
5.6908192589602722
2.5646192792104925
5.5193485426170898
5.5255881154062623
4.1316267740665396
1.1879070443666710
5.6602146561580966
1.5832984164837096
0.9018121400957901
4.7015142996266279
4.3919623149536804
4.5139212151561967
4.0873384978303200
5.3229629235005325
2.9297002173285804
3.0432561672425287
0.5171608833520954
5.6538009222273669
2.9261450804614642
2.8201981592172882
1.3395123570680740
3.3626688569048619
2.8034105614171976
1.0355744028355065
1.0500702900735683
5.2729710472864308
4.4945829925072625
4.9343424780573679
3.4898264513281454
5.4057759705845037
1.4248655318912566
4.1176605327494400
1.4371430355939154
4.0518189755443057
2.3813167711875622
0.6782079051795686
5.7652415307538636
0.9833473925061375
6.0416421084165686
5.8431863001216646
3.8270991500573075
3.2851534043082977
1.8123633401157708
3.5780025069816750
5.1557554582575662
5.0580166534842776
0.5476205046675455
2.1710498052609073
1.8282644188735577
0.3291862228932942
2.9527492054708606
1.9601734865856071
3.8398158433784872
3.6420251969770701
3.2543576673266830
1.4157162126262721
1.6623106797111793
5.7547778514147501
2.6408446307049691
5.9331085283284244
4.3426204137540871
2.2422548571614582
0.7658183579519235
2.1508503743223026
2.1015259038627048
2.5646127168823027
1.2794435814077747
1.1201524557563307
2.6508209502246971
2.7673714765623876
4.4665119253746131
1.8699785085981633
3.4167922615556341
4.9836850722731914
5.7075144715336013
3.0433531506343074
0.0621641777913117
5.5597296636551308
0.5923835092576843
1.8016888303441341
2.3124456909608924
2.0442655054818224
3.6040243780665064
0.2272100986454754
1.8386214468610731
5.8091304137768720
4.3380394616491085
3.1197235028477177
1.3573807232604238
4.8060545023816799
6.1560012331669265
1.5670917021662765
4.5230245741170876
4.6475674141936150
4.6024929016711491
5.3431939597989242
5.2005593850594822
0.4134843963662365
0.8380062084801629
3.8295608922519970
4.1172280760716733
4.1603031080205026
2.1045574327359859
5.7536974858877796
1.6053640300740406
3.7256560142253772
0.7280131818783695
4.0041749330753600
0.9986393269038399
5.0157878988247333
0.3526268635379143
2.0537951872761013
5.9749891954719967
3.9070958057850058
5.0306627025365218
4.5579603658417929
5.2115771963328452
5.4723020344278837
1.3561602036987770
1.3591752760379321
0.3007715695472621
2.8271895038235315
2.8335935188848027
2.1468780379075305
6.0453849406679172
0.3053433436700930
5.5815141917801618
3.7134316195449739
1.6100369484697328
6.2700196264629486
1.5512886921605646
5.8970634502096235
1.7082816322234546
1.4236534303543524
6.2504032142761643
5.6419196164889884
1.0979521064398778
5.7538724599900046
3.4159324220934937
0.9306222556174888
0.5028140733252777
3.0820416885174953
2.2960297230903510
3.2672334652799693
3.6435614723077498
0.6951801786252788
5.0416998886740529
6.1765419716328678
4.5259634806658742
4.9249591558530428
0.3883968293390822
4.6561381718722483
5.4665241447350663
2.6708947770631490
5.4095233925540214
0.6380031012325904
4.9128132657444343
2.9391437586040996
5.9899472097370507
3.2791756157852245
3.7247070694415108
1.1452125558075832
3.9319669499322085
0.8543170566961060
2.8739778403356580
0.0603048315967244
2.9995077373101129
0.7243424782481109
2.0628381117682895
2.9016601183576944
1.0878064939229546
1.5047437764885372
4.5027669746976100
6.2564339352367142
4.7088749596465718
2.4934779590449354
0.5591427269210862
0.2313820225346598
1.3120150281590726
4.8578654307684976
5.5341147621919227
2.3588003250871106
1.7662112421904956
2.5832843073121188
5.1113945747051641
2.1065152466380392
4.5253822940729140
2.2877301599673041
4.6901285556326995
3.2356376542177232
2.2519496528576024
1.9289068199849575
2.7541782477170775
4.8929985996175427
4.2854141240635872
3.4221533965648256
1.3077498865427595
5.8079552058738795
3.6808618351405431
4.3928868459391550
1.7501517799552451
1.3253379062002886
5.4176341663843388
1.2439461044175726
3.6129160431707961
4.6092476396464841
3.3182895519321911
3.4558639192717018
0.2662437849423008
1.1085177412426572
1.5620746956418181
3.6538886142061306
3.0967685610571469
3.6111765196417949
0.7372264011286701
5.5682967686332860
3.0489657779293551
5.2040681496910732
5.6234073140378067
0.7259907152262838
2.1138873329973413
4.5676584932182402
2.3525555342641518
3.5284947768319084
2.9102275428164992
2.8013328591140514
4.4583741758903992
5.5746568700944836
4.1789054276722641
0.8809405342409913
3.1254607560631786
6.2370929850020307
3.4506193543928703
0.1893420908045600
2.3360165776890924
0.0989993481308459
5.0623086167714879
5.5211264726114315
2.6971499843060944
2.2732465172668146
0.0431083640729765
1.6513793239638859
4.2155180435911577
1.9936078666837203
5.0212665615764580
2.0527259296840157
2.3001216431440543
0.2454380787238325
3.3889121285219312
1.0535919674351559
2.0640242270573825
5.7293991245575793
0.4839718114925977
4.3888664041261247
6.0580657137445675
6.1787624065134032
2.4909585479699556
2.9228288708674905
4.8266438449657842
3.3794434902010311
3.1179423874388741
2.5539177983712884
0.3730467584437748
2.0533648226243146
5.1704044986511022
2.6873033242175541
5.6745124285569934
6.0920076895962554
3.6392944032833570
3.2970073933895900
2.4299287028522234
4.8514051995255274
1.6650408399124565
0.3118099604655029
2.5197695991829852
0.7144559538594389
0.4535949237771776
6.1677095823047603
3.8646295096115089
5.6653297760788055
3.6759655229461892
0.6431159796121664
5.2483977849741317
5.9761368500900192
2.7788793743370488
3.2582420879319929
4.0062994842606061
2.8799459868580581
1.7016060072937205
5.2647745779307096
5.4596341915541338
1.0588290533547573
0.1763477107547763
1.9395256584003708
6.0560675231834047
3.9506445918982971
4.1719960305921893
1.5874283594672740
2.4629951596412818
3.9004735560401720
2.0293517011597504
1.1481358472240948
5.0036134976654676
2.6719550533344085
5.5501479758652250
3.6854106064587917
5.0911921684058177
3.2959791474349109
3.1865017062331398
0.5509673972170321
5.0220129304054835
6.1172275317855878
2.5165921337330297
5.9804595918721368
1.1798750240201281
0.3869055639730413
1.5795284607528375
3.0355883906808221
0.3872507832824332
1.9558231641686319
4.0647311528795367
0.9581148944894176
3.7592943531241891
3.3163634911894873
3.5600643450989851
2.3856973355105895
5.7222219795381575
2.1472171910819480
4.6284887232564724
3.7388858383560337
1.1189625105749887
3.4805909680610236
2.8846994950991829
4.0154411421136933
3.7483570492006670
4.6327479817263972
3.0960423406248117
5.5056375979736565
0.3645770471385255
1.2646235207818544
0.9820663473927488
5.3617870160568621
4.2375407746477247
5.8475250433079839
1.9467416835760214
2.8374056001437018
3.4102074592328955
5.7168231365501194
4.4804804306081945
1.6981498814193383
5.8061151893195184
1.9835648376925916
5.0992133780129567
6.2794297757013453
4.4489924432429540
4.2697929020532239
5.1459226045466941
4.4487511398305077
0.8723849625348953
3.4488458576350749
1.3791525958979618
1.2940325044230230
0.6123996120173419
0.9086579527526151
1.1825570653652309
1.3631285299066220
5.9180985955800613
1.6083047803786521
1.2251735256808234
2.9424481399239313
0.2785043492557527
2.3065931051074524
2.3251482802125309
3.3710034325947715
4.8065162287942114
3.5068986741915431
1.4563637637658950
3.0615432951931441
1.6448094940987721
0.3172397267555490
3.0878445542231190
0.6831486371019876
4.8287670256060382
0.8825669405008042
1.1702978477453916
4.5289717577057882
3.5691472412442633
0.6019086706068871
0.2724660916215311
1.3013110118047688
4.1097802844464226
2.2855417054205005
4.3687187879382412
3.9465702484924043
3.0574726822739668
4.8096251495299400
0.0768185898595124
4.8707777018180973
1.0694359608595918
4.3687430002151793
2.6585757956095390
3.1911566142490635
1.6072411763057448
5.8839199291713236
3.9643282227128789
2.2757161525907583
0.0571710561542122
0.6521055925655275
2.1419906275189242
5.7523201663860775
1.9691977965967713
1.1448745234254394
3.9883138392297606
6.1899240560156574
2.7943747344638861
5.9809174023562992
3.3290335652387069
0.3345103776402978
5.7967826168176115
1.6090763085140019
0.5526517897229639
5.7923318155615213
5.6633113933749923
1.4370630326720906
5.3783986752655508
2.3672757177134587
0.6171590015501571
5.3440388297635151
3.9171132328141169
1.6321432679275547
2.4284827238320763
0.7788729144696631
0.1666636972424738
0.0276121620533078
5.7577243246573984
2.3590249863198758
4.3017650856364371
3.2042516248957664
4.5978538155692226
3.8058281104068099
3.3796316888073759
2.9165770975384726
0.8219816407197897
0.0938413175073700
6.2474428382653375
5.0036460826177462
0.3631229561686504
1.6180784799858037
1.6869967618675272
4.8980755614537363
0.1781319453954482
6.2455211924955529
3.2065037258223184
2.8107138314345899
1.3988782829140893
0.7387973025861233
0.3057060643004472
1.9005110534416669
3.4922620012385477
2.1945510319147599
0.3403416109880807
3.2265936217184814
3.2785791578170720
4.4779754248029908
2.0039538408637187
5.3945363254647676
4.4376451096795035
5.3236753855435479
2.8202780249755275
3.8427067460794437
5.9571516560171425
1.4662362538011253
4.2057043360569182
2.4352629610160417
4.9724116176334077
4.0717535368119506
1.6898898620063916
2.4429036198059824
3.9925964795848459
2.5266255774849213
1.0910561078917065
1.1725804574959411
4.7210351035552209
0.5144007692575854
0.4556261673983213
2.4906328584942736
3.4379700993275679
0.2957470867229072
5.2746492901174591
1.1712411216947869
4.5012042546012401
5.9392428629022112
4.9867631432331674
2.5228937435777792
2.3779439821995338
0.1569410524424971
4.1473739820119633
0.8810306169048164
0.6282846035273455
2.9767533401229622
2.0320112580725085
5.8910163251556638
1.0239172855372984
1.1326259936652574
3.2049746999410456
0.9646126929401857
3.8138763188166322
3.4739890835736742
0.3876785557640904
0.9069447823468403
5.1857736245790562
1.2308047042096657
2.2690211485140810
1.2908509571950055
5.7283856446227803
2.0109633059446921
0.7693245297413989
5.7688577676021460
2.8968642019102315
0.5962222076683970
5.3339676216913308
4.1574913935164144
2.4029936777924616
5.6178255839181528
5.8199764471620687
6.0617304045004081
1.1139099388599156
1.5427239478876276
5.5698727764278155
1.1038523363566504
6.1014746470544177
6.1039879335077849
3.9832734165326693
1.9841994571913686
4.9203196918672445
0.7943314093222861
3.1049359827393772
0.6494895536139389
6.2553188003795483
4.1343308131123635
1.9742513118012535
0.1777027492411090
4.0089561718415574
4.3464928370311577
1.4683111749301965
3.1205285779772924
2.7034491540058001
0.5773428150337387
2.8177489635800450
5.5109752053581058
6.1554309866559906
3.2785254133807968
1.0308416990330389
5.5164282361729988
0.0306215014312401
5.9285483639132144
4.2552274761862101
5.0185468173071595
0.6152637395026240
2.5939653492949755
3.5536598170481102
2.5799551185862275
2.8579778508780582
2.8363491929440605
5.4616085497526523
0.6641320141415610
5.2883905604475396
5.6675388163605671
3.4717613573812351
1.3345921965337286
5.5652726889054271
4.4182441637676675
2.2563974954321013
2.4089238050925155
3.5305189656449496
1.4825398560017808
0.3261457629719891
2.6605068093500619
1.3237200210820161
2.2942999624938096
1.8261883032777608
0.2835233895585708
5.3437559134414103
2.3178215624267109
1.0271492686786750
4.7876238177929746
4.4533969178104504
1.0923984875856123
1.4534460234953501
1.6516434318367430
4.2859550822200019
0.4951304234797799
0.0209770654542817
3.9373598502802682
0.2184300373393167
0.4098819609247664
1.7631624753043222
4.8392335129334398
5.0331592050537077
0.5452948815927200
1.5263632737307213
2.5449481933862237
4.3702804177500143
3.5847241963318885
1.7120098949883706
2.5225813616788813
3.0630559280415008
0.9229560302198504
1.6395523091568402
2.4968991478759488
0.8145896981258015
1.0454221555941754
2.7806666969123937
0.2800756770720382
3.4010264462167425
0.4573200541749173
4.7256413046007921
2.6644739084045819
0.2739932596770279
0.8923411571131294
3.0531182230872616
3.3408979684185098
4.9966547987576426
5.4176360006943334
0.8585334101906089
5.6765910167748856
1.7999066162705677
1.7497343576740030
2.2396053896111092
5.9620256946240060
3.3922887633175733
0.9115839633006992
0.2363502289322432
5.7544257224806579
5.1076932904170249
2.7008990210458426
3.3912886087324590
1.8916536367225509
5.5985948284793547
5.3374562585364425
0.8077741398139774
0.5827869257874955
5.3528761352466256
3.0509170725564947
1.7314270276254249
3.0315755063968020
6.0099974564474214
1.9846149236748194
0.1428181062863661
5.3338693007986882
4.9886658638830639
1.4497019787911773
6.2000429391113565
5.9404697890574614
3.2611251778787276
4.6820035886537212
2.5998061693787058
5.4842780510336890
1.4267015234015425
2.7180758681479218
0.5558431617330188
4.1608718529844424
1.5038520356998990
0.7343441723143692
2.5312264730530809
4.7600077841380140
1.8106556843944592
4.2279551993028237
1.3231792393911863
2.0168984384368218
2.2139946225449214
2.7873765409664024
1.9448073973348441
0.8847896076927185
4.0966612717882347
4.8524778908857877
4.6235207721298650
5.6997583922031962
3.9823522714322537
0.8427899197269827
1.3848902529821310
1.3665449757590391
2.6359817372663632
5.4230910373620853
0.0366409428399347
4.0006535081630110
5.4513929793748970
0.6243185909281050
5.8084355686752183
2.6085642207675432
6.2020864513425975
1.8831255729413001
3.8335488500711032
2.7279724135686805
3.8427067416486258
6.2652745497787352
4.4678845511861098
1.1018475141424029
1.6784818933837413
5.2118406020798353
1.1727735536871022
2.3289683950574509
2.6506802092584363
0.8070797968536950
4.7259819212634691
2.5211261971396679
1.6506252004363475
4.8336570210505467
2.0898134300968509
2.7187670399329011
5.7404616461006102
1.7145909111600366
6.2554558306224370
5.1120483347798684
4.7569750482906166
0.7548188822510272
0.7622381772293018
2.1471217474398756
1.3864569069470591
0.9936390374075265
3.2146872810986906
1.7982684615037108
5.0896179596322737
1.3336662665003038
4.8079349766625725
3.8357503073366352
2.8737750123193382
1.4096159342791090
0.9438462930868452
3.3503333825421713
2.4127741943185304
5.9450195017699148
4.4398939090869023
0.2985713596747886
2.2305861907054028
0.3293385360079840
4.9383074021365907
3.5173696802603209
2.1475485444190934
0.9794275486941780
4.1725109264235636
3.7907498191749953
5.8574627826989349
5.1080550242620708
3.4252715521938897
2.9509138793969769
0.4498785480153139
3.6139129843435716
0.4237872808125729
5.1541560691196695
1.0096974929859204
0.3729893778546300
5.1162622956206949
5.1670618864410542
4.5629551006005302
4.6329233626529804
4.7022416975829691
0.0841117036711039
3.8192839467459656
4.5677935458911803
1.6875733882546580
5.1425427496929039
3.4232973054015217
5.0663644667978911
1.3702983622013514
5.4070666996889001
0.8830898526140579
5.1174203078946210
4.7492935086688943
2.4917750082943444
0.2894456636498015
3.6056817643293200
5.2698780965440886
2.9696469431846655
1.4778478145536789
3.6980649067857976
4.1642921124954695
0.3715245377849534
3.8601317367685311
2.3760675711811676
0.8127249256722019
2.0691062506419549
3.1078167643328989
5.2779606589464532
2.3167970333600172
6.0821786233269277
2.1264568945406976
5.8358589040354012
2.1348182063069241
3.2206680562078027
4.2194228888179888
0.5265141387284252
3.5016449885486756
1.1557227468145017
0.2956348863245872
2.9587449297911030
1.1706730519578681
5.3080368799085198
0.5600235429826720
2.3334399612742027
5.8517118921474269
3.5011584059923559
2.2109298668383315
3.7838903539325943
2.7432916108127596
4.4499147638954071
3.8960572336859967
3.7016732464821795
5.4704714599356690
1.4198009927449604
3.4063957525685105
5.0249881399077845
5.3392502679564160
0.9602416286507413
3.0274803820379628
1.1468088667745067
3.4375765875975381
6.1518051839355881
5.6548832844513726
6.0117612636372453
1.2200855705394611
4.9864250335482430
2.5215160430599446
1.4697818677318151
3.5686516879505077
0.3089649032262751
5.1324485536847746
5.9710098147972461
1.3329070129933760
6.2491739145121379
2.5335128293122939
3.7537031569242911
2.0795491697805772
2.6685015169803705
4.7794043426189461
1.3231392750212281
0.8209109355379217
5.7424772169082399
4.8858480961678374
4.2552686020801191
4.4914934975338570
0.9031218555667331
0.2071224468196073
5.7982054693539968
4.3445931026880507
2.8929221332963238
5.6086496505836605
0.9667382959166595
1.7873600680894295
0.2872813132748627
4.8911642565749984
0.5212529144958699
2.0093059952743451
6.0664092714503433
3.1664599105786211
2.5482708321802354
1.1925964826065050
2.7172519788233074
3.3263953136592210
2.9818789084872974
5.5923943331695902
3.7428132698688894
4.3759269911855903
2.6697098621655866
0.2084819443569794
2.3549277030349605
3.0880933523452021
0.8870678445048997
2.4146908117112589
1.9942905278325220
1.7069763981195727
5.5608546043052742
4.3912143283068099
5.5057028256123060
4.1779810858612576
1.5325693326549141
4.7385375994779411
0.9442285483494173
4.9650490843443400
3.6782521974339977
2.8450093248620458
4.0598631383045891
4.0331505106410406
1.5999972619077614
3.4487149240168136
1.7843684749304878
0.9701523268567613
1.7360236221530458
1.7411433339861848
3.7722978793763633
3.9476276958014975
0.1219124337680457
2.3669747359076734
3.7795054009101769
5.4823965444637510
4.9046619993593259
6.2114944211662841
2.4418703276497218
0.0769144935818558
5.2804963989198352
3.1147961323673199
1.7857776454549399
5.0274468638576577
3.8895395175543954
5.4873935485485354
3.9223307128135056
5.4949766682535373
2.2986222664618778
1.5736313425252526
4.5400137893674444
3.2098269234503078
3.9455686236702223
2.5205284833038224
5.0562541158652818
3.3262425205107795
6.1562053748917416
4.1739768207169137
5.0552490505828720
0.0937895481503784
3.5451807178399535
0.1185001018688720
1.7299610307953155
1.2945606174358308
4.5554963126881161
5.3032424486000957
0.9067616793399286
1.3718621919027545
0.3443026821884180
1.2233472652386594
4.2792693162433961
4.3546845853651055
0.2984733917039882
3.4489854506165472
0.4005329370201380
2.7417124194105509
6.0314234719247928
6.0776977719141829
5.8323725852056700
1.2700454914793486
1.4767466378453320
1.1937861472661884
2.8786735279468956
1.5082756248761457
0.2002283906514280
4.7916492473963448
3.6687140760844055
3.0973756588766750
3.1710043806432906
3.7874049496099533
4.9732262845458299
3.7583874778651039
5.9985830249749981
2.7819269328691902
3.0635067548250521
3.1066855322962965
3.7542579891341372
1.8662471821823916
1.1561867809695092
4.3783521554796145
1.4052041754750888
4.4604077912607236
4.8057022301905068
2.2648513790650666
3.3284337709289691
4.1822061822977084
5.1820398240985526
2.5047150690724402
1.8258972077082447
6.0243385224908774
1.9927749573383648
5.5433387617573899
0.6364072729931886
1.5628790638161580
1.8786209395391218
3.7122987964907130
2.1526675268565372
3.8218326082978615
2.1164375732244118
5.8755637162576884
4.1040033340198390
3.3566794961389754
6.0200279870299331
0.8218153798857279
5.4717391822110786
3.0364738597575940
5.3488998968593773
1.5758654947001991
4.6921672537275345
2.1146786307575183
5.0163580998361983
3.5841638755287240
1.9456115231673254
1.2847653204817366
4.3684730059178101
1.9309996556903137
0.9260039776018141
3.8036742674833692
0.0145933962415210
1.8178054096174499
4.2599197378850127
1.9929628247275626
0.8435661790138884
0.0040068064109797
2.8580538338393899
3.8266455939485051
2.6206900852625341
1.9390172073298551
5.2094886043692652
2.2064104417554087
2.0748337872700917
4.7919679208640060
1.4583439359282244
0.0481412598185593
5.6298584685757849
3.8792115574943127
1.9442264724820300
0.2843159288902423
1.5410688063543545
3.3924787830300542
5.0001326339420435
3.7584504419924261
0.3315761955607372
4.5818382948183771
3.8708626917519608
0.5879198923746782
4.7021715111137619
0.9962040166202888
1.6976575376141771
3.5254580128118671
5.3841415809175608
5.4623883050798909
1.0659520020199684
0.0360952278592000
1.7836673119124529
4.8130215304909845
2.6413187385468579
4.7783891588301266
1.5237502456286727
4.5153804291495963
2.5630985186392516
0.8073093010772716
1.5726124807797237
5.2758873717973147
3.2547541651673058
2.7459159896201575
5.4318916854801831
6.1980773310483919
1.4161616443122478
1.4107648095276202
4.7206408168668315
1.5522967861781352
2.3778775308104825
0.4598882635195958
2.6137893005963027
1.5810103684166588
0.9099731706748199
0.0930551973568750
2.5879921672522075
5.4849680679941759
1.9607127810416682
2.5536782255007306
5.6754572221056421
1.1587928289908966
3.5372913506290500
1.9527909164966599
0.9955857385059608
2.9537707722864437
1.9475719383229282
0.4286206535104712
0.6805946200796049
1.0572774186231686
1.4190697393527392
3.5141314538964794
0.7049254626391528
0.1187514323097077
1.9219351463837955
1.9587111093207079
0.3684577323483179
1.9381731063665548
5.7043327670583999
1.5946429531269584
1.0812066454743319
1.0426906325084568
2.5938985702849284
4.7661732958672776
3.1769128781751892
5.1527097033382780
3.1495131521675059
0.1812964668730815
1.9594103658406157
0.6278879901335949
4.3435928920219888
1.5055157161360386
5.3357402826767482
2.5410409988802183
2.3916821673278532
0.6822119141173586
4.7542985061435807
2.8556851680200599
6.0692093047046560
3.5219533986248535
0.8087811187893654
3.4961004246660092
0.8455217667811810
3.7851022387455235
4.1398565995807850
1.3964229970709727
0.4541483552188936
4.3156014614076321
2.8171015187687867
4.7141083134478530
1.0340984992587110
1.3130011535682142
0.2696482265910157
0.3634474147757206
2.4877849435193280
6.1057388860366668
6.0427245552332494
5.6919123482676435
3.0568881908211853
2.4307054429609578
2.7410457049724704
0.2504718316604702
0.8752763409269758
0.1159825205916543
0.3424126000682631
3.8102085222244453
4.0385435153880209
4.0455867337919127
1.4586074035481982
1.5689284211799246
5.7834721783252530
6.1242610166449403
1.4830928704115123
2.7009939993617951
3.3368914051678966
3.0744246793381982
1.8352173617348393
3.2068575499722805
5.1493830270084846
2.6027180387336553
1.1034870420700034
0.6185577246339775
2.3663122193247035
5.0946325074494343
4.3000120241809103
0.3982250348522010
5.0921139524160672
2.5530011518335209
0.0916665024618133
5.4255656672729708
2.1444097423568627
2.0288501247311919
2.7287791722642596
0.6626250258652832
0.6345956521526853
5.5768592310161376
1.8440140167456653
5.3404316709324871
3.8087325640703220
2.3459557402079656
0.2712015877083203
5.5098737782741916
0.2985885246710896
5.9695140273158538
1.3291066704190146
2.8796485149820747
5.0854981716473997
2.7696145095460007
5.4568111140023410
0.5055834281245070
3.7951617605083774
0.3455887504312096
2.2776656459235833
4.8743264876569548
2.0514637792837451
6.1448088174815005
3.6038671647163794
1.6262915168057575
0.8765829356646793
2.1490704656198507
5.4638680677406057
1.1451629084930066
5.0951329841065256
4.6586065162939772
5.0920976149429862
5.1325332632364260
4.0001963841410495
3.0085757720423296
3.1892349239323114
0.3677314951684111
0.9112609084572982
1.7927899047616687
1.1378460765135259
2.4993156816286968
2.0297948558069008
4.6836490083807831
5.0698584300811680
1.3417938032351633
2.1858648626158144
5.7244673720116852
1.1553147762385843
6.2189283594040310
0.2105000637480255
0.7067329178382589
4.7327621225660330
3.6721844580828331
1.7130416866249005
1.2195515360433418
0.4408715888230361
5.5531357439543036
4.2096618363321605
1.8409387475221299
6.2178246999372293
3.5287868350383449
4.3043544428661988
0.8064345084274814
1.4913951441031332
0.3669253088977702
0.7068010963032206
1.3424241864881414
4.7937259912192918
5.6960709498114426
1.3783297969253867
1.7182735537877118
5.6065838129201575
4.4658982689840654
1.8707197950654606
0.0170694453787263
6.1212928913101177
5.0096665037444357
1.0985355946305955
4.3412810450957116
3.0889188962869332
2.2341546642322125
5.4054877290710985
4.1879343969822918
5.9944103421926904
0.5192548339082034
5.0162247611087665
4.1703325785825918
4.5177577876873096
4.1318958239327879
4.5968260473993086
2.2080418323081603
2.4557684959171282
0.4661054972533065
0.0547245436717761
1.4012764666080439
2.6187321656164593
1.4367949347561411
1.4695613097452518
1.0534022521259576
4.4416776928854205
0.1858869225286127
1.7181554164606210
5.8163217101834324
6.0789480905944124
2.1987748821054285
1.8078371715024071
1.1481132774486695
2.4525754624693006
5.3270897033884053
3.0611064029365891
3.6583214683880354
5.2406911097166935
5.7568641355917833
4.2725845218112877
5.3181412667960979
3.8743390278326357
3.5757338024387946
4.7211087133463785
5.6703817487746644
1.4174986986205234
6.2644200715459117
2.9742741404654662
0.5864029675534655
4.4364626454823011
3.4222003306550799
0.0205138267637268
4.6643090378491996
5.0080113752106925
4.0549312304609781
3.4717421949318292
3.6335408002442442
5.8427897867320686
2.2977946130779050
4.8542355597447573
3.7284838742492892
2.4844407939682740
1.7026184248446585
1.5715243324009878
5.0301388755232361
3.3653067200000990
3.2944852150547193
5.3068220321168678
4.1003436256934389
0.1743117610226886
4.3469521802143500
4.3577956091856231
3.7214335220997663
3.4846091770867442
3.0227263915237161
2.5369741155871872
6.0940670909290615
3.1574658493862842
3.4045683440204799
5.9516697667624658
4.7362860969724503
2.4414185383172939
0.1459556899630228
4.6046275063814823
2.6796161258727289
0.3942157716237399
4.9440595789835404
5.3456302511455700
3.8525286318171306
