4.7292902731638984
1.6688896189140559
3.2667484496487300
0.4659069618429699
5.6217828969494450
4.4991507387614442
1.8191767916070132
4.0046217811378426
3.6098926337052575
4.0965874604685588
3.4295244660130377
1.7246504247371921
0.3066735253739587
4.8064225923466140
4.4388188855484021
1.4256029765941729
1.5628785405550136
2.6666371791901686
6.2451424449683115
5.0746709705612680
2.3567697236611682
0.8435125906305508
1.0758971602298317
3.4579072175678736
5.0091804957405532
2.4373005544884019
6.1333570961717561
1.2396571378927654
5.8641428349036300
5.1920117129533860
2.5225963530739799
4.4506225340955083
1.1543901735680673
2.1016483166924176
1.9620772654281033
5.1848540002860748
0.2338198046566047
1.4016716793818307
3.3073603619212246
2.9592819370988099
4.3927341179368335
5.8823441168454327
0.5548932149118678
1.2845609953328960
3.9185550376090625
2.4190509785542589
2.0649821087238358
3.0574750401435193
2.9754684489738730
4.1524001050757180
5.7078104144722479
1.7412176466630220
4.4468820561258777
4.0057045371381754
3.3940300770515135
1.8121632610693772
5.0915887148353338
4.3158774859497777
4.5445471258011629
2.1389461310916222
3.9432159400248810
5.3556872063974330
4.1642634759023904
3.7547506011925709
3.8988745502672422
1.3826007169538490
2.6329132265963975
2.9086153332448843
4.1533290207728770
6.1464578912649248
6.2331791874311282
5.9612935335906361
1.4206877521362524
4.2833816870447006
4.7174305538505008
5.7655299661970991
2.6029883187756906
4.3487383086647577
0.2808341609140590
0.0964634977481127
0.1711182670477798
3.5546362363513184
3.9619179033726661
5.2022583072054482
4.3187859927589969
1.9333352199955758
3.1540819448637909
0.7191932112672652
6.0037688399687177
5.0123976905698759
4.4935407812606458
3.3888624851498967
2.8926619047463018
3.9829269232421565
1.4379951185777924
1.6171929151745497
4.3279521106105960
4.6689840368602491
1.5875731571313139
4.0368489055324250
0.6629765702713368
2.5292545695051341
5.3803170000619458
2.3650578360018644
2.9642715723346340
1.4534693503753440
4.3382079178468915
1.4602442489503105
5.1482334044815685
1.8654487244746063
1.1069154885931389
3.1235973717350576
5.7047096055409634
6.0958313072615793
1.2406539702843613
5.1610322812869862
2.6321363604645214
2.8026546237573000
2.7158407850254567
2.5079582426880238
5.9523190030784168
0.1702664924357663
2.8765771586392912
2.9108025161804196
1.0751599256916171
2.5277660339206114
4.3713750536916471
5.1554126312247206
2.4996302830391652
1.7686810462437044
4.0352105299783636
2.3843780079452870
1.7697193135166096
2.5643528775754616
1.9902527276715702
1.5649231518866809
4.8884212062519428
5.5750130777528595
1.9170285652817984
0.6165501271327624
5.1207771643267535
2.0989171103954605
5.3577279949805918
4.1265729123234713
2.0802434618711239
0.6708410283888402
5.3856051908599394
0.0562407500533280
2.0277310939810453
0.5735104453203325
1.9040834973956708
0.4837093468106261
2.7386284489477970
0.5946104739115098
3.9433832478985522
5.1814357492068090
2.7787989130536990
0.7999481180352188
1.6932398763309071
5.0609851048265027
2.6722942686331810
5.5254053424514185
3.3741211346939344
3.4443262015326659
5.8466249269531874
0.4965617358553390
1.3565724117540170
1.0695895866628458
2.3212834977611672
5.4262427639198281
1.9099537284635495
3.4199173616769944
6.1437028485695366
4.0716599440608823
4.6252559436039782
2.3650947841676708
4.2705305990930365
1.7264204306624653
1.1000496094615140
5.1008962795204926
6.1336723485988447
0.1777771590230018
2.3989221130967073
0.7859530745103445
2.2193847978429657
4.5875801898673512
0.4090767503228694
3.4309448574883730
2.4496206196335240
1.5913242853176528
0.1695823252895902
3.4397381445343242
2.4414697991590364
4.6211617724156842
4.2741638102931949
4.2110078708417280
1.2852372872604887
4.9604200998621666
3.5144861541357950
0.2820680928701161
0.2017087620203273
4.4852965153066586
1.2276136495762013
0.0171943585131739
0.7707171292684493
1.0009968564447451
3.2015187048968392
1.4599818717717068
5.6479397624796333
4.1409315928527892
5.4015480778968810
0.9734023372127226
4.7368343230842420
3.0215128824727207
1.1943841593726918
1.7061901222514622
0.1965716076214180
1.9200335924091567
3.0532057631821679
1.2971006298019923
4.9480472750769460
2.1523483548473616
3.3381261210508359
4.2797645875659942
1.2787286779286520
2.3613150158635046
6.2668926694496019
3.8586845591285224
1.1670585694420443
0.3131664054678249
3.5685717999833533
4.3252011950089182
1.3709936078399698
1.9849485915713827
3.6110501795350860
0.2819588924533450
2.2421902433737664
6.0064739587229070
3.8709761462401793
6.1685368730095531
0.3248926837441182
1.3712000564429290
0.7691781416963824
4.3720275236390123
0.8334119746819890
5.9965407398914028
5.5900936039214137
0.9972348522632937
3.6644086552288595
5.0146794061132027
1.3373367715930911
2.7963873977308520
5.7100113430700423
5.8051001310675812
3.6944039920797045
5.4353356699444557
5.7213787415325283
5.7715096296385182
2.5980697172040390
0.8654733514600499
5.6687252623999473
4.8993216427200297
5.0406972276971542
6.1601270483142150
2.2561741881373116
5.3820548809229667
4.6755303758675568
3.5445111832996670
1.2435368439205852
0.6758579303263187
5.6373295448960938
4.1092844339499051
2.0843801239849906
1.4597279505729228
1.6076781406622309
0.2976406295666306
4.2738794197097985
3.6113061500560937
4.3690448497982990
4.0298213669490455
2.0303400563272294
3.1836344866990594
4.7228930889163312
0.3109242901609602
0.1606509546638964
1.7446106147302016
1.1378186336568521
5.1584100674292452
0.7704190763639402
4.1335736900021764
3.3310966351119728
2.2275983825423440
1.6405620021899274
5.2734473390354992
4.5083249889225590
4.9007279736273741
1.1210473832307957
3.2998168490575908
1.0508054835380847
1.2583747084188699
5.0140636892887525
4.0305323549477201
4.6739600010958346
2.0858179872233711
1.3908394712157190
5.9243307306742974
0.6032378389868475
2.9631524404988974
3.5111604602333588
0.0939879518880735
5.4640301839063357
2.3164364725120206
4.9303710336661837
2.9049214825581986
6.2391281784582002
5.0150797783053012
4.9295262915798581
4.1417677082248536
5.8771278590632354
2.3364165311908698
5.4831585675412358
0.1285978078725225
3.2770217577233240
5.6123335487897377
4.8242511540704314
3.1282452602170592
3.9110551641170508
5.0552546015884632
2.0778284609571727
5.3518060090460038
1.5493535388552608
0.5291941916471626
1.8809771841435201
1.7981957840691243
0.5402503766571043
0.4963588154625163
1.5218464369246230
0.8190177745134767
3.2004194643979602
1.8762848206507299
3.1518261606140885
4.6919752037444935
2.7841181551081813
3.2588537798267918
1.1908312321223569
0.3404006427401005
4.6101060270931606
0.9318454471617353
6.2723116101027303
5.5959828901689583
3.7676853545751632
5.7066515819665646
3.6757972923493978
3.9100875374506927
4.1764590272071427
2.1474997742793032
2.4225507202621865
0.0185452817595949
1.6911570012999833
4.5632641713997488
5.9738970238425004
1.2496120486178341
1.1619387324785886
3.0933185226402649
1.7136603616400063
2.4315592719747974
3.3252268854162441
3.2993204212714633
1.2827029585087617
3.3843301092135123
1.8860739635543118
3.0721020443887483
4.7716388403496461
5.0723296312577313
1.1396485481939302
4.4724383642042014
0.8176551105735443
1.2785757864681635
3.6815371674685218
0.1834510055568602
6.1315818110342848
5.1820645372206071
0.3306348996878368
1.2510521692413692
4.2245964595722398
0.0462005143108771
5.0016428102370751
1.4224895864424179
4.0154148654458988
1.8016584354589984
2.8838924175743110
5.9636107427392666
5.9055861625960322
5.0466461151543136
2.6120843233082760
3.1515430154920927
6.1875634656546818
3.4174747806985981
2.9060836591083219
0.5308443133223387
0.7328073709723611
3.7456571977989599
5.8119613016530529
2.3155876746741328
6.2544991012298405
3.8464894256142119
4.7507882208321277
5.6787140872206301
0.9760222683484668
4.1262973391055642
3.6307041107357030
1.0804380023327633
1.1152480260954696
4.1488192501643892
4.3771666948048233
6.2001876388724213
4.0573191488504232
4.6777077090254702
0.4028046908969239
6.0945335072335114
4.5473863427887968
0.4144015496387713
1.8180553309503356
5.7594378288222083
3.4775910247521087
5.3239513793598574
5.9598171828784476
5.3283897200850889
4.8284974609839031
2.3157790202775645
5.6361548820643979
2.7026278926096623
0.6324066986078846
3.0782050933469733
5.6010582449380637
4.0466461679371868
2.4075799508705993
1.2859403574899826
2.7646701222403944
4.4944480330705110
2.8268066096328246
3.0163254291907964
5.9596311273509945
5.4532532701057894
3.9546316295460398
6.0341341943593623
5.7325222858364020
3.9087574404415153
1.5295857722254986
3.5325081329658894
1.7210901086087507
3.2548196240822107
1.3631860211280433
1.9053284030958555
4.1262559468835702
4.7987306148087461
3.8367271054158660
1.0214655058306679
5.2708479524725664
2.4027114018047273
1.6477971720338171
0.9212326830993249
3.3350650653836231
4.3921242949326516
1.8303205821217552
3.5761980732965175
2.9651421080034264
1.7807019546425480
5.0190997348024284
2.4083573679134309
1.4724230607278608
5.6209853493337372
0.1521567960241330
1.8970576765822513
0.7946380137898623
2.8850783536919784
2.7805180201284729
5.9948885100071179
3.6396423980503854
6.0692368663623864
2.1907124314199238
5.6001352790400656
2.6788906530015479
5.5208873041287374
5.3369537596721432
3.1745271452259387
5.4439867079149291
5.7152924228585258
1.2307688599323952
2.8801428467062204
0.6156121317358523
1.0680664933721642
0.8271929198484860
5.1732872581289051
0.8863198276727606
0.3175641325636698
3.6206293684992175
0.7497412883546611
2.2365281960061409
4.8170428624929658
1.9507869131537749
4.3998221430492892
5.9918449236494329
1.7663986591051040
3.1030604219573044
5.1172491853592570
6.1545044088834500
1.6680262713287324
0.3644365475423600
1.2919079519690173
1.9239261523839950
5.1511201886756952
5.7521854573227582
1.5987247695693243
6.2162868760824974
0.4042483337736579
0.0419703308675028
2.5243893021611408
0.6442851082944727
0.4821064422145488
3.1548444288727069
5.7773768426501908
6.2335484449721079
1.8372604809716322
0.4030345429636418
4.1481420276561511
1.2669060668641381
3.5799016692230481
1.9973839225106660
5.7134933489894788
4.7247273022799643
0.3278941367830841
5.6128977273405019
1.8146899984394498
0.2539926297051587
2.5412761904172685
3.0241100567887407
3.3896797210167069
0.4358828749271336
2.3908506353591914
0.4320441340759945
4.1137057729264717
5.8350637458663854
5.0426795440941135
1.0736271308002492
5.8612383122809826
4.9884414138713558
3.2129633854515105
4.5547058693293376
5.8357078892545511
4.8060675568862647
3.1631705037495954
5.1506505571160197
4.5814093173172168
4.6828651887974848
5.8251902323441955
5.1433562157756851
3.9097602775285698
5.6144161966396053
2.7614147064521619
4.3997990613980242
5.6116850894606376
3.4813994566033419
5.7089389162872166
6.0100416491450073
1.6255591632288984
2.4100647869748157
3.1372789170263764
0.5497429937834669
2.1043211374332302
3.3325630082114452
3.0671049883261676
0.4790023674206603
1.2219340635001275
2.3529267751266523
2.6207618870001204
2.8476842147879609
3.2517311139808505
3.2547154162947600
6.0545206796109445
4.7205172776286233
4.4058005587037190
3.8363598838769781
4.3903703684106388
1.7243356861479748
4.2341632071234434
4.8432766601614947
0.7805031028102578
0.7850917675791511
4.8592245397044529
6.0033795931136931
3.8366045019825985
1.0747526629924693
1.8675058974761614
1.7312582893391109
1.6460756484644459
1.8520071207296196
4.3109546585918910
4.9623734373323645
5.8120262723621439
5.8694664943420456
3.0231010135896397
3.4985436400106291
5.8233656142667733
4.5953747900372797
5.6759636087206475
6.0662426959438349
4.4739068202642729
6.1441878546311033
0.3664747651302028
0.8649484813539342
1.7444658434959603
3.6365102795694195
4.9887156417589660
2.1729787358608141
6.0624120968591653
5.0789245520652440
3.3549720667616407
1.0377403259041951
2.7688328346218745
1.5784576832439963
1.7934864839604809
1.4879480432847276
0.7569911527666989
2.2587402061432909
5.0112590483533221
0.3535633067117551
3.5211689028564503
0.4016212836797120
2.9065092149094593
2.6914218657825462
6.1068859699400093
1.8767511157497823
0.9616663278096957
4.6338695542782204
0.5353286355930467
3.4566073445348482
2.8154794517580459
1.5619824756769716
1.6945638776339491
1.3385969846607009
3.5488340000031187
4.0832079606077762
2.4662402550904963
4.9334653323809130
2.6807906924700138
3.5283069762208989
3.9159619563409049
5.0361379185759025
1.6308783191934861
2.2425047302953121
4.8444809873614920
6.0459826560545249
3.8843063937902795
3.7700512606353405
1.3177950382725228
2.4470195718611549
1.0888788409679715
4.6944146017705242
5.7519596759413014
1.0497630755995560
0.7665456950942735
5.3139119658402407
3.1492803165160113
3.2298400095643109
1.6405953415390084
4.7543769237024600
0.5119567948893304
3.2837697889176485
0.4755236543543540
5.0049612576005194
3.8156843712079294
0.5501280618446026
5.9329230085325717
5.3775855268916279
5.3907010625696223
4.4894533258156128
1.7732315976878268
4.6850238509103432
3.1595048646087398
3.8641174997536658
0.8640570079339931
3.0395922514514715
2.4827327900149117
2.9036602387309620
0.7604196571091432
2.8959839461153711
0.2151056488709577
2.0476379071314770
0.3749556774964096
5.8517980639438090
1.2752320465306168
4.8533410121473546
3.3048152684047940
3.9454409897982954
2.7787090000843766
0.0338023809511638
2.2040748640290264
1.8143702761480576
2.3853910373391400
2.1009202564111571
0.1355003994791611
4.9466836138352113
0.3534212323094759
1.5259325162580000
0.4555301898182956
1.9218168797100290
4.7683946731966440
0.6206516769546839
1.4807382766071620
1.1089759827475585
0.4905313265467504
3.7876513993063035
3.1140772382418014
5.2578533285241313
4.6545411594780175
0.9925748145874661
1.6790282709598463
1.4932849961248678
4.4781601280924193
4.9049062249267017
5.4851141794696705
2.7013103947566148
1.8291181640892096
4.3227197830598625
4.1415781282471631
0.4927669750235083
1.5190071990202569
5.8288641752913373
2.3201343029295645
4.7197421902161505
2.7796773565233526
4.2874460517748130
1.4347876948250560
1.5647805765521001
2.2218229790328805
6.2829710754484278
1.0554392138277462
3.5266944132979305
3.0795702965230887
6.2443840969406779
3.5331451236738407
4.9170341702715339
2.7171976629305759
3.2841483602090800
2.6880070896395574
6.2250001585741321
5.0210596016741018
2.4061351378666558
5.0568437328687379
1.5410035746918918
2.6771723001850511
0.5554261026807056
1.9072778196516134
4.6805376016556108
1.9554362875090772
5.1441198400162840
6.2628933419499422
3.6782726887820081
1.9352109636951895
4.5467033218569748
3.8564651065253708
1.6704469450492141
2.3857771246585879
4.4503698637929778
2.4331049543430852
3.0279430694766072
2.5908167631153485
1.7380545933356817
3.2171963164030508
4.6677470361314084
2.2873518386056952
5.9611189129427178
2.7925527276305830
1.3326391673535563
5.6492738249948014
6.2613548230117457
3.8930434637103106
0.5680362990841339
3.9968487077034776
2.2230107866008866
2.8360929970880391
2.6221699242411267
0.1743266922986764
5.5139843873222434
5.1278664132422689
2.4256892711242788
0.3227980180638189
2.9802884864695498
4.9753704519707700
3.6554901752395064
3.7223954316092316
0.7990986513057107
4.5740207261104979
4.4711185687199935
4.4782054589098781
5.5534969406031083
3.7461712337303505
0.3386369917701274
6.1284319986752358
6.2041690850478250
3.3202520760109433
0.1987717754593659
2.4628512025773919
2.3243300328866998
1.7326166094687980
5.6215112003750765
0.3700704824735733
2.5515656956693764
3.7252896566347014
3.7530383304779242
3.0688091426357347
4.6411655858122627
0.9616649882765816
2.9037546972004118
3.0316251310234401
1.6190738959273812
6.2809089854187885
4.3388764979588039
3.9635990243738202
2.9485726192744410
3.2139232931558004
4.0979218634001899
5.0293995928889075
4.4193304434655865
0.7150272644743807
0.4812286369424133
2.9688670506876336
5.8724375940084954
2.9810329955531971
5.6296628209734285
6.0601520736147307
6.0176734572712505
6.0507809875948242
1.0391938560625418
2.9736555081279192
2.3654504236081126
5.0281956302670059
1.8597150510749667
3.9651891831564798
5.4583319104974608
5.1275469815428556
5.6337050546583987
4.6655623997069808
1.6500009130141358
4.4941205347531783
1.1182275823947885
4.0784042362967954
2.6471389956211175
0.9632322409051191
5.9392876677229074
0.4035598506540783
4.7324196860774030
5.8584922534929591
3.9843101172926292
5.5632661557464580
3.9727658815602371
1.0904331640774347
0.8431354686400780
4.3709126517914614
4.0676816172484260
4.8993801570350923
4.3802339818663913
2.6240794267310878
0.7992515994696778
2.9131038959568603
3.4531521880629907
3.7579421914702404
4.4862057348583999
4.9560035248315835
1.9890383980361503
1.5449642679642819
5.1350352163032955
1.4927592901016018
2.6262255413030671
5.6773181293846653
3.0780496819038481
3.1529450365400464
4.7073106500031487
2.5203638550343039
0.1694519522150105
2.4602855910290251
0.0340914222312079
5.2756287360245668
4.5955571883245421
0.8258715190592945
2.1642870743044913
5.2701113787541978
0.3875436471333238
2.7960638869244505
6.2310279556634134
2.4657662158455920
3.5683801200745915
1.1028210910029892
5.9672803722361563
0.2579788208135591
4.4123262221808410
1.5695319462058455
3.0186978417462438
1.7685994320848384
6.1929912808203156
4.3799236980613037
6.1947874911829359
2.7115950827364648
6.2239973220455918
5.9596418699859077
0.2837823680042524
4.5867121428029742
5.2734414594182848
4.4284598564050111
4.3847064501012900
4.5606193844618046
1.0831782421678988
1.4264027793947320
1.6815418123720651
2.4484435162125151
4.1035258092791231
5.7917235684980986
0.0653172053092644
3.9658453829388143
2.0143248557029265
3.6755106288699975
6.2533780280290836
3.1734513844012171
5.8554641520139503
5.9603089759379806
0.7722897350790837
6.2320967670879117
1.3832290683002495
5.4053162733079310
5.5931566560074186
5.2452550054129832
4.7707941350974732
1.8661034427324439
4.7139375703510771
3.6597860533076010
3.2411232603719209
1.9967656132154989
0.2714727160307907
6.2195506829182179
1.5912076353273803
1.8539443386334307
5.6489345073696970
1.4814411305468338
2.3703643984486558
5.6699070097580488
1.0831982902650432
5.7608142557094535
0.0454119991411753
0.0286514526275737
4.6248353875609247
0.3126708156109962
4.8373894123766226
0.4766382520855134
4.5326780666382120
0.5810837388504078
2.9773401883201629
3.7714440198722143
5.6194108057609160
2.8421325169338250
0.3628309558340894
0.7777401350997865
1.5884251918068497
3.9473281282814798
4.7435622761205165
1.2933001161569777
0.1554558017869198
2.3389838029834991
2.5231591540034306
4.5111940151295951
1.3100530136817401
1.1617116573008646
2.2522546333937212
5.7184120379347538
3.9993411686603975
2.0131263774364818
6.1376793486491872
2.5052153365080367
1.2815424139792611
1.8087047721388585
1.2440543287447436
0.1413588852537562
5.1619542730412711
0.5508017488106456
0.6905219162952074
2.4082169130973217
6.2495532188771232
4.7857274927538374
5.7204326499160958
3.9485242612029032
0.0145332027516348
0.7695143146520279
0.4830297994218947
2.8890167082932692
4.7744777714856257
4.1960755026868677
1.0163628813460699
4.9931261116494881
4.1469315740171728
4.2671693971603819
5.1345654997223056
1.6889340746106849
2.5986136968159053
5.3330895127121201
1.1322378781418443
4.8242840072784361
4.8093668677361014
0.2458717430817513
1.9475569778519946
3.5711933355805678
1.5516566556673750
2.7840613368034330
1.6153950423214456
5.8878477853763949
0.4404689461546249
3.1477098399608185
1.7008522969144022
4.7177053944800580
4.3708852625864454
0.5539136472609313
0.7482301547695687
1.4919921029665817
6.1466155478886906
0.4734381539939624
4.8636444375315975
2.2643865669952525
4.1106469531657277
1.9295300248414538
3.5388643772148902
1.9019369152315622
2.2597412055682149
4.1129321609379215
5.6907810409804513
5.4650437383377479
1.3887156772732783
1.6197700899515457
6.1534552032722143
3.2485772035550937
5.4714838835910333
5.1429367760564402
5.8177741385798916
5.3756318263648941
1.0089672304914905
2.7445992359085603
3.6539235430387560
1.7548047927571784
0.7277791666415571
4.9792542459253486
1.3642795201164561
5.1678083009655476
3.0780774710722776
1.1469658937350637
1.3104103376742964
4.7961942682860954
2.8756939990934751
1.2744344815276605
2.1838445602978407
2.7870407316991201
1.3400795814151703
1.7830908737370290
4.0434161746778789
2.5907882296222917
0.1355601823328475
1.1164407226266011
0.5492081002969599
4.2480584563928421
5.5952121629392835
5.9565087155163194
4.9870906232797969
0.2708710234638971
3.1911405890818960
4.9110035382840787
2.6115877552945905
1.7565538050430367
3.0234490412439987
5.2103805684497235
3.0897209159498273
0.4235319820557147
4.3165074824088254
2.8156573842128179
0.2187410303730837
0.9686942462807506
5.8359868727635043
1.1761855825527465
6.1112376395216428
3.1452819568746033
5.5737692955801235
4.1257577365272464
1.8320670502587351
0.2092593384859578
1.5203200331821591
2.3609387392311740
4.0671562574307671
2.7393292720200999
1.7559598368643941
2.0446974561548785
0.4527252575939897
4.0445772634109076
3.3736402077012957
0.8687037399613299
4.6084302689795020
5.3884149223382369
0.4750833448230438
0.3602073147797559
3.9679044773278922
5.1942061697114994
2.1070780459921639
6.0312318986765527
6.2758684838725891
4.3559815235243464
4.7026423822737140
4.8783321068692773
3.2977794070699242
1.7652865160429472
2.4696716045421070
2.7007475611651182
0.3345347908483576
1.1263931056914482
5.5605400226096959
0.5526476106713492
5.7134413274370912
5.1173697186538494
2.0845293902529676
6.0205537581673099
5.6182146510836821
2.2081681224847736
4.6264303001546532
6.2346968507936680
2.3513730921463387
6.1339716173519765
1.6810719949547874
0.1855484106565101
2.8082657036220264
1.8268392262800039
6.2108841315665959
4.8479607168006043
1.4073768256484833
0.6594008791377431
2.6511424000460186
0.9957255517115688
2.9257064807331012
2.0737850832647040
4.6850435045789931
4.2184109059262003
0.9954914806087456
4.9409530171569083
3.1739013044846045
0.9750785531216384
3.8876210970985006
2.0061823087216752
3.6854896946518845
0.7836419441490006
4.4742159923591185
5.1252441761548360
3.8659324819152787
5.4595552845660631
4.4617477152824785
2.3963955026188692
2.1674252345565534
5.8114389793654988
1.6603769396087580
2.3046907302599520
4.2249580669401370
5.9002696447532959
0.7211199903707722
1.7180703692179859
0.6222208393347233
0.3615890639641770
6.0924620576242940
3.2368665714253475
0.9076760826836761
3.5680228169620869
1.3678289026608390
0.9586922760950458
1.0618683525604775
2.9906085104665006
2.9726276218571086
3.1365737994302889
1.6616446523047381
1.6872624783719821
4.9862807623443191
0.4510019384520440
4.1930474368356228
6.1227941175345579
2.9585994958812987
0.3827263812939908
2.5124880210956899
2.0182098374401076
1.5977262822863869
4.8769658167252956
3.6774723397851066
3.5692916369801972
0.0009950838014262
3.6028349549836998
2.8811533172661821
3.0099911632630656
0.9215194888195568
3.8808307419107431
4.0245804105327991
6.0065193194418898
0.9988313891375346
0.2656675911718753
2.2196818333731838
4.6820064792934719
3.2629221391850245
5.3735653897991265
1.7983492233893990
5.6980277963694830
1.0126850394947258
3.9576726088600469
4.8368432926867415
4.6850197792040387
5.9364155327258610
1.8472237174879678
5.8324008650223540
3.2222679074305045
5.3814526888784124
6.0119785235819228
4.5181709831383605
3.2619418923419139
3.1872630202797607
5.6313376644979636
4.7872582883732040
4.2800481090381046
1.1772423705215935
4.7814567883763672
4.6623551266449148
2.4038411071249506
4.7123739640035174
5.4533301490506876
5.8488704165137184
5.4838199406871349
3.1049079590983530
2.0559445474099109
5.5050583829134307
6.1337367677200136
3.3979001887039066
1.1757187235448709
1.4529970737008808
2.7321090204899865
4.0263374373597234
2.1161846813463803
1.7097855588446533
0.8203309741483493
1.4754822294730157
1.6255215871441278
2.5647335377767004
5.2221309186031180
1.9058391194485216
3.7221227631032341
3.9892974985101115
5.2304509114795357
2.9207398460388716
3.2145621251212364
4.5858930394887691
4.9494825445837307
2.6791187756373387
3.5712404763380632
2.9039694348479399
2.1212099251513807
1.7493452492829196
4.0541375322000794
5.6297538117210788
5.2838653221898833
2.5371112215977547
6.0130378709371790
3.3466619055715094
5.9937720611154965
2.7938508973016032
1.9197303771185157
5.4212200064674247
2.7506172650313081
4.7878122816633768
1.6738174005379429
4.0834679246776995
2.9118483678716638
4.8822206778156669
4.0971871436439322
2.5343665846101113
4.2188912202478557
4.2184869040675546
5.0292213655263511
3.0107544791607777
2.2566046253151457
0.5005789105952109
5.3989553049592880
1.8088676613360264
2.5664431837397688
3.1242654738940114
1.2011556535784202
0.1351710604192776
4.9637148685414374
0.1042924677138318
0.5763097436650846
5.8190046179768693
2.7006171411967297
6.2082218672670297
0.9188505564197856
1.5845599412848610
1.9073591332377451
5.7687938502978628
0.7582421071874532
4.8623082349374576
5.6179798472614406
4.3785104237073043
3.0806608212406119
1.8124998672947525
0.7661229983255404
3.7250349153345912
2.4825175086392930
3.0476899871476499
3.4270971502034846
3.1321105440804229
5.4806281299919855
3.8739241183301263
0.9267025621177636
1.6962160095030079
2.3979916768389287
2.1508067843910048
2.3059412355807685
1.5809073785413104
3.4726047929693524
0.6282558546688232
4.0454471562725374
3.4905334031266073
0.0792968844551775
6.1423998612274575
5.6856302070331983
1.9652912936834988
1.4241156887041859
1.6756238297027961
0.3543701368278176
3.4466791999437292
3.3266352933118428
2.6098792194268072
5.4722095195218632
5.6454326113071129
3.8811225973854220
4.7347751707738581
1.8288848996045310
0.7979740893257161
3.5027341252944821
6.1633977656959837
3.6870529371684544
1.2180486292241797
3.9537506974527634
0.8496033714965059
3.2033609042130120
2.7142688514717208
1.9329146523673260
1.6491116742798864
3.2159801779296600
1.1040880403072657
4.0045145541825953
3.5639252802923340
1.5003630595839994
5.4787349345483367
3.3897841947667535
4.3123390594257343
4.8603351162532249
2.8897469892920338
4.2102878834343889
5.8702285440915327
3.3905181797680810
5.9495760869916037
0.8964426851650517
2.3590570474244115
5.6617161841695358
4.6478929590794777
2.6461738954245111
3.8808392968643437
5.6722049215283086
3.9126643344754637
1.1359979320382996
0.8860283843981759
0.3986334505804834
3.8658734233882091
2.5078763625450025
1.9690194762876239
0.0788239328256271
3.7874751986693718
3.3832183956014048
5.4893412272017699
6.1343415453832426
1.1034771397323562
3.3558821847177622
1.6893107696533201
6.2807014370250247
4.5052908966526317
6.0906800923264415
5.1888469760924441
0.2548888644756027
0.8407992837095785
1.0015717813418545
1.9744722976335636
4.6530475179875248
1.5617865364686261
3.6835714615547732
0.1758145854340870
3.6606247894097139
2.8539720753873752
4.9344056968599022
2.9832680820231174
2.5702077140198250
4.2473343403020163
5.4313910532433818
4.6528332309453102
1.4231333581827161
2.8196728520488463
0.1650989784403391
4.0671772349631690
4.9557725841719895
3.2404967178473534
6.2015418393732311
2.4239196425955640
0.0000668696204251
1.8328203530163798
4.7856949824285104
3.5320624307899280
0.1169670608437285
3.0198644802479389
3.4457200000128578
0.2151979351103730
0.2640099694993018
0.0989326630032236
5.2658402649723248
3.7519040336486924
3.9807865811400553
2.1248256546140225
0.0753371279671451
0.4047309913844078
6.1967331709924176
1.3426458937299628
6.0756871159254953
0.8284192201312760
0.8564561618299151
3.1971842704527802
4.0317701800634138
5.4268132438471266
0.5050585045555457
0.7081679901919932
1.0429888603471729
3.1144250269290419
4.7674101784077951
0.6089059211380125
5.8452200191489645
4.7686918216513616
4.7273389383633306
2.7422316419906254
3.7184871949023979
0.4091343815860007
1.2905263396740969
0.2057257805487230
0.9813523137918669
1.9357275610845817
3.9653968598627678
4.5879728437229694
1.7544734297750824
0.9047243266360903
6.2329368445176314
1.8965686286030023
0.3312200365941497
1.0335707695143894
3.0528331802491486
0.2725983845597639
3.4943546638489846
1.3436233448781103
0.7996641342747776
3.6235218215711611
5.4574300352288985
5.3507233190320562
4.2282483190502145
2.3422452968672687
4.0878733019899318
0.6587987493656231
5.9635176509822374
4.7848104963015929
5.7832678708647478
3.1199274597085056
0.9860888889839018
4.6691288669737405
5.3241609668007035
3.2786201515901450
2.0310315443803129
1.9455497975395766
4.8041247042304880
4.1444418284078042
5.6893111074712515
4.6431519881622290
2.3993555222616694
1.0846827904515723
4.4441431180543436
2.8916861392329825
5.5160151796176846
3.9871448804223881
4.2514376897307535
4.2406005458121498
3.5166861653125565
2.8006538668820604
2.7939577033283753
0.1797970932471437
6.1851274722112839
2.4856626325713553
1.6196029301695745
4.7043759034194137
0.7572677829558364
0.3461238002886972
1.1523252920828810
5.1165934310845964
2.7468658405384061
2.1731469343314442
3.7399357471988237
6.0198392649579509
4.0406523106805796
0.6230989075030885
5.4977176422606711
5.6452057590816498
3.0793025461124492
3.2580490408004601
3.5750330887485999
4.6107185108772839
1.5083517876882540
0.1794623670380668
0.0366052521077437
1.1278275516425307
5.9260640073359081
2.4863698342241198
2.4692282935925336
1.8803718362807416
1.1110812716781602
0.6869279009534219
0.9523895846393978
3.6124865007710136
2.1094389060663294
4.7658337282835577
2.6186047123642098
3.8481945747995523
5.9486659719605317
1.2733664091792301
5.8625667039005060
0.1930625153392825
0.5945245245179344
0.0360726707582119
1.0000738599711279
2.4069031749486323
3.4011003930308457
2.8453038065862439
4.3383430608725480
0.7609076678416632
1.9511454656742453
2.1467996017732154
3.1534200970712774
4.8868183927743578
2.5051777802425952
0.0082681196108638
1.7467626668225571
1.1721880916131078
3.6958882060232114
5.8371386329604498
4.5298281527958872
6.2473916850590419
5.3560706422685227
6.0406087077984996
2.7093651049379690
3.2030151590543192
0.1374314252502480
1.5580235227266195
1.2552826108839115
3.3280437276892920
2.5733170900242692
4.7174485746037931
4.7713113760799848
5.7245283022648934
1.5466919024772274
1.7183656126790068
1.0875829077015604
5.0726120002490847
1.1257743527211708
3.1114344320065301
0.5892032040703564
1.5122948114137136
1.2818557333248306
5.4744659575448136
0.5395755210839251
4.7758446083260200
5.3923730862645716
2.8358107487816708
2.2888356116082273
3.6763375852030418
1.9421838709468104
3.4988607507306635
2.5824478679847673
4.9399265068684812
2.3335368729704968
0.3813547432320206
5.0762676881629636
3.9393686353805810
2.9816089046653849
2.2782695732959151
1.5376418439617880
4.5789106087494433
3.6430582335012884
1.1315544956994306
1.2585604333699634
3.2757941319207267
5.7940702709118401
2.5282314222034512
4.6645961412901498
5.5109880987751607
1.8317590194948519
4.7139633197359325
4.3605001201522331
4.8258185479867306
5.0891419354888532
0.2178121267855047
2.2179527958805254
0.0605365765609575
4.2519128326492330
1.9654886844233923
5.8277067842089725
4.3928644618653019
2.6282583436667855
4.5801004340041729
3.8022613217720305
1.7801956846843991
5.1619188753322538
2.8344145929794933
3.1225608950115396
6.1223850554328942
1.4610092511925492
3.0769321674840420
5.3309314367738629
5.6943425065718953
3.8772100298293868
6.0446400678773200
3.2243609199883747
6.2742005484863563
4.7602175931310073
5.9600660997279302
3.2516624119463824
3.1353511496714139
1.3268154838534363
5.5367673024200297
1.0560669722229494
4.3783478378106864
4.7780832392419317
1.7901081568929291
0.4382830881898347
3.4305610211984248
4.6354598523314090
2.1543809849289532
0.2049387350458267
2.5532948910432149
0.4526211352426090
0.3309047250073537
0.2935475994486926
1.7904173008741335
3.7702612581180093
4.7998587762499634
6.0922785401092847
0.0858400525654162
0.8965081866494098
1.7748406619622135
4.7330738320893087
3.9546430036040441
5.2584852475700874
1.5352845276120504
6.2493981430447514
2.4837923630369025
2.6723374207591224
3.4379172147413426
5.7260462828163252
5.0452439373145559
1.4273341110179498
5.4130433837482386
2.6901832065432107
4.7406985877870440
4.1764198763930604
5.2274662837288597
0.2098697233280173
2.7403015745525310
2.7202969288147245
3.2465321164602616
1.7304171958998753
0.7318095611418589
4.0658111321545665
2.5183579252967494
1.8575880566546987
4.6252796863471692
0.3479594016542038
5.7332268663921688
4.2803500820463736
1.6026280087876095
4.5625128968751936
3.8912270628225394
0.4786138918930852
3.5688090632394567
0.3846028478547165
1.4912202170630640
5.8564047147435838
0.9541102170793354
3.2032229757831754
5.0868422207081370
4.1195993860468016
5.7833897191260011
4.3103160617689422
1.9058346158906396
5.4761839911095924
2.6364785452629711
4.7004600950006781
3.3070172290459157
6.2172285990947582
0.2346873782907740
3.6823604545799697
4.7970826184247857
4.4396762217989680
0.2227109163229275
1.5161664468902327
4.3788449302065136
0.0758328117848903
0.0955017115031402
4.2470166329432288
1.5767670300172112
1.4741383547441982
0.5584977430522490
0.1720251647506882
3.5582012225001876
3.3458065035507838
5.0610259594276652
2.2424042744310286
5.7478633259835386
1.2075272138337474
1.1212311951156173
1.8453801478562979
3.3419680896006247
4.4763725507718410
2.7899882349943024
4.7129545111662257
3.6477909458474023
0.7121735426714970
1.3247810600451886
5.9141954977489526
5.9847676673582093
5.7872548223289373
3.7337641185604631
0.6927700410492822
3.0731375515270569
3.4375214541285883
4.5588542215045713
4.7032896606215546
3.6580751984117712
5.5227590741418791
5.7466021784779260
2.8063764760679675
1.4435638891368716
0.5639867421209593
0.2456016231318787
1.4484060278341013
4.7332083161705816
2.2296999569994544
3.6551894824751239
5.1156217654283784
4.5717580618464142
0.1470653774463645
4.3491409104876846
1.4265895294286861
2.6709608262151350
3.5130271421072230
5.2539086624344726
5.1565702232536204
3.6222026864588832
0.9887463477401943
5.2774139954499963
4.1683778326482903
5.4904517124119927
2.3478976273880128
1.5376842976434537
0.7489913849787322
1.2517904867754630
1.8358183064350788
1.0533614740675421
0.4744887301929132
1.7979139258384289
0.8771532123150517
5.2284539529859471
0.7503403528956918
1.5556442981111922
2.1459831528984528
4.7811673268961989
3.7962859807799969
4.7827980480755983
2.0017660218176907
5.5431514081860866
4.6367053616780982
2.4788594529384764
3.6707461093583720
3.0188061795652898
6.2173755329192684
5.0332007383839930
1.4643176889175045
3.7846753095247339
5.5675712181758401
4.4362064764836964
3.8906580016134602
2.9708054352053117
5.1755466441940765
2.9655928161097860
3.0472674859701288
4.6578285605119891
1.9077325595155776
1.3432074501423450
4.8517026728429666
6.0862757917472194
1.7104710500554883
5.8211717025565797
5.7762570749094611
0.6745135694997394
5.1665851609472764
4.6396916233001066
3.4311872890227937
1.6197352951742550
3.3126907176183624
3.6496745958758687
2.3049602647661040
1.9462034047120873
6.2765660196072881
2.6604298487616158
5.4238211907875478
4.0751303424092962
2.8555067126765730
3.3558569199047201
4.8682025538562979
0.0256783270282552
6.1709526720077372
5.2915033969889729
2.0475964908264745
2.3490694375258783
5.1611761145566524
6.0904652793311351
1.1030510804071716
2.5947221014768407
5.8102198714746542
2.3787482667705775
1.3984047506992923
5.8929558582139761
0.4770433328227022
2.9529163095401554
2.9093046167221353
1.6556519792681053
5.2612503555941919
1.1837976214721826
1.5082709553916180
1.8477493271917027
3.9006587579280696
1.7907522655073194
0.2147949001846266
6.0804039048657152
4.6340013458823650
3.4890898959191610
0.8682109851185807
4.6475563849048864
2.2370459901991553
4.3060023173830482
5.6074745753235158
0.8982367355963666
0.7224624224475121
3.0777465434476632
2.5643275220103208
3.9351312893351498
5.0409231969694313
2.5799425535454636
4.7466459924316409
1.3434328731089824
3.8566133838797798
5.9773650023802860
6.2143803879988520
4.7196757718644298
6.0977386641823532
1.2947030702378388
3.7076176282897944
4.5915388206132048
5.2449554790285635
1.8711618574272628
1.9950887306153939
3.8421654452587153
2.8098967177342078
2.8852645203746623
4.6094070080436769
5.4511014835706861
1.6643809487345569
4.5726116059876629
1.1633711283560670
3.5592436071278608
5.8522037324336553
6.1990148302658641
5.9880098918623101
3.2820238330382763
2.8130552162500657
3.1641078287755016
0.5586823023269225
3.3376175036488616
1.2450529823355181
4.3804238791642396
4.9827997526845191
2.4433512881923547
5.4814538039098402
5.6165903204539429
0.2051988960083542
4.5293105769566440
4.0430657426364460
5.8886891382508324
2.3127071151029646
3.0337000743362244
1.3853070490193340
1.6792972052306390
2.0117515574678269
2.4667308157788574
0.5552677424411440
2.8165727235770053
0.1989068789184265
4.0572390996042378
4.1251750805691971
1.1655805183302355
4.2004673359779066
4.1608565854019304
0.7047284220665264
1.6243363869756489
0.0099596463655268
1.7795072331747734
1.4630024900183094
3.5288541282269614
0.2182171185380195
5.0002533059555159
4.1833666325812402
5.5230063244119201
1.0641235650515060
5.6768385429689339
5.4116317275714376
0.4270447737015858
5.4147668482641889
4.3526254941638962
3.1134994195366339
4.1048870517195954
3.1545642209038558
3.8283332338049965
2.4236728788807036
0.2289315485431276
4.2707385153898763
0.6866181793499219
3.0274922415004419
2.3202297106478920
2.2808008512728306
4.1783211351301430
3.1018443507031419
5.6998906109466558
5.5875116192134806
0.7976105767899030
1.5241336784358055
3.1050619162753388
4.9436662083917620
4.2476268583387835
4.1223387755989975
3.2205359057411052
5.1424882544238626
5.6011826101513913
4.2841517589822837
0.8510378124674778
6.0710464165052143
0.1959607032333822
1.9390485274738773
2.3071207398795837
4.0225836472847636
5.7828540459931812
1.7404102910875987
2.1570874434819056
0.7747875178254217
5.5813555344258923
4.0153832381304300
6.1015737572025683
0.6894765639431107
5.9565686145385595
3.6986733269453063
3.0096997559201468
5.1591382374062729
3.8551998725352647
3.8101064929059953
1.9266666455578674
2.7771324322977557
6.1775318644145827
1.9910640196493377
6.0180511727967332
3.0811277812594255
2.8373772237665609
1.3434922595710179
1.3668225479144898
2.9523748546556816
1.5478460174432567
5.6337137890958111
0.9290286555171779
4.2968363300544166
4.6023553932906829
4.5985905932657847
5.0261597138108218
1.9712546923936354
1.4843947465847445
1.7067276473466593
4.6704628576506479
4.8497268070123694
5.9597237602937341
6.2648088128777353
0.0131366317018185
3.8217287977276708
2.0833167099407994
4.3999731573451575
2.1725224511048844
3.3624329201352263
0.9263428380002590
1.5780415516911588
6.1135206146999002
5.1385563061109831
2.9549962302356088
5.2061456280890237
3.0311590038563847
4.6845321502603285
0.7271353645143729
2.4248587403808877
4.3017989677903072
0.4843889524435135
1.6128690291361329
5.0104677072849411
3.3702905723026326
4.3404079663398116
3.8692997853808637
1.7485751812962380
0.9893612825998035
0.5027263656293248
2.1744822410815394
5.7881160681389980
5.8763581036866483
1.5706551066581464
4.1940952267045031
3.1679193717239627
5.5376384085082258
3.2895368754915952
0.5697546403018164
2.4962413956519449
1.0434321774417974
1.8978997813158225
3.0050663185980593
5.9761764498363013
2.4749427266165678
5.7588102983513449
3.7797051285441761
0.4398752643328062
4.5835555214703501
5.6039521288682668
3.0769480259352142
3.2634616119222981
2.3422062468010019
3.9672165380914262
0.0488177824742114
5.0381869103623913
4.7493754485317856
5.0596638765497159
0.3709445134407678
4.6333612786186009
2.4309407483719276
3.6563870404211105
1.1673533174076771
3.2614498736227073
3.4892166415089068
2.1479459771397535
1.2740868573474033
3.6747338867324948
5.6259754222209084
2.6333958890625566
1.6723634070330191
0.3107306598962595
1.2570579873379490
0.6118796725157485
1.8634499478270568
6.1997595620056876
1.6454275621954304
5.1161390014809047
3.6841154023028180
3.7085014195859265
4.9563922169148826
0.2672734756160526
1.5830587895524486
2.8723841925207965
3.0767078599496545
5.6262654059134318
3.9197676453418091
4.5929205780361819
2.5425200169100832
3.6903463365436386
2.9037716359517627
3.3943847968579122
3.3027960346107030
0.9447850804831320
3.9863805657639229
1.9083409256928003
2.1626634169252199
1.8493366030006073
1.3256736733568637
3.5539347308911498
1.5374628699149910
2.0635948834598068
3.7154629318987884
0.1778047954977476
5.4316904734352942
5.8399646126585614
2.2569164574024012
3.6660702853482907
0.5199857425342794
0.8577249512778661
1.3798588866718184
0.8004929338100959
1.7168013356779297
1.9663190103565351
4.9834516841522056
3.6210044394898424
4.1098746813712079
3.4603357171223572
3.8837494593534667
5.7721457809019707
5.2929938558029423
0.3902002055352108
4.9283191044022292
2.4049737568095528
1.5024946887332808
4.8649189713523064
5.8901806077679026
5.8033515042226371
2.6207927015335564
6.1080470932212538
5.3766980289033768
2.3002720637848340
5.0591898871656973
4.0273401492365934
1.6151643339661308
4.9702090355928954
2.6815464223264973
4.9084547872873552
0.1244317200239026
4.4212890580099131
4.4818327683972905
3.9065439906558881
4.9386996546865882
2.5829125417471355
3.5414899483782505
3.7723871274376415
2.1013157559675268
2.0305920690522181
3.6155731747181910
1.7592673645682044
1.4823359755502086
6.0620604181574711
1.7311055028786106
0.2773441703512334
5.2073889237458815
4.5266102135417174
4.1585170113488301
5.1142793205607031
3.4386855187840379
3.7272069019533633
4.9218885944694719
4.6081377828635519
0.6837671972292806
1.5435784992588617
5.9820365268070850
6.1909793338365162
4.7856903968893745
2.8811148612856137
1.3874611045421683
4.5175111783179362
4.6760096271721574
1.2553895170237526
3.7276343636059206
5.8196868877288006
3.3600758017636361
4.6506373089496487
1.9485577095169142
4.5921408473358589
1.7888648668323497
3.2192729024926763
0.1958505190781204
5.5598258144971036
5.5511151219099117
5.9678736087047026
4.6373117333469693
0.4920573124477413
1.2843692242975595
5.0548480932304436
5.8909292857161040
0.3189225448574108
5.5107243441870439
0.9891507179130281
4.5553728038306218
4.1576080729078662
3.9832579852418815
4.1124549656057372
4.5665595092998235
2.9078689962982969
0.0033105934050883
2.6194522722550349
1.6933748793115559
0.2037261386635878
4.2685036145838549
4.7403184917615944
2.5923735953951956
4.4424349732538655
5.2060650108619493
3.3256144105381935
3.0027941095528163
2.2496193300147644
1.9282185764429765
2.5549955455212023
2.6808207574395126
3.5647096064437367
6.1220269915789345
0.1447494131615275
5.8430484147305712
5.5781210268709014
3.3876701049880151
2.8486255540078034
0.4226737098020949
3.9584323112168849
3.7843116109833344
0.7663413707709729
2.5899702729670149
1.5354136039711825
0.8000492332966609
3.0804756115517558
4.4887568799748490
2.7584995780762935
4.1151890800034909
4.0560016497859115
4.3590886582568702
1.1990676873964481
3.3934700167682390
3.7942032578218363
3.3731763621021345
1.6521354041525043
5.0438897185111600
5.6219153580443857
5.9493808712479197
1.8202142089496152
5.1835697646825123
2.0572992787428674
4.2338414743896520
3.1730678004218542
2.1692469777378607
1.1280918638089896
4.3751883840379406
3.4231693509333723
4.2732922205867299
1.1995340053210426
2.2884500608889931
1.7483143716225373
5.1541468119277329
1.4323644794656711
4.2545067302160033
3.2696098042013180
4.7228206693893000
3.5244401941527546
6.0154610377702173
5.7826120562863226
2.5788153307741943
5.9124840286690539
3.5816295051312759
2.7289954244626151
5.3698921512144899
1.9219018493281312
5.8271551997429221
1.3644140097094919
0.4225954527173830
4.5841726174670061
1.3990045673842524
1.2509020211622979
0.1088352645611606
2.7033862305695431
0.7083122043895042
4.6878568682788089
4.0470023222157243
2.5787178687406169
2.7821048203770582
2.8143254279084378
2.0681919340007062
4.4852337684783006
5.9480166598577053
0.1398938444244511
0.0700854848801721
3.8138844475153815
1.0299732873635890
3.8242802241863645
4.3978144249298037
2.0911879553094286
4.9750400265591042
6.1869559664985356
4.6330843954443175
1.8784825343006970
5.4346073099835648
5.9698933866873602
4.8209461450633313
2.6955467666671096
1.0448495430731513
0.2845797399035974
6.2255940139342139
0.3037342215570135
1.6844529360014349
4.5963979190672282
5.9641417283684728
0.6513216591463753
4.7693743486522253
5.6329836036057834
1.0160717131376782
3.5553980480327962
4.2103986220695573
2.9907405958650588
3.7245213002949318
5.6044913431670311
4.3024921289851576
2.8055834717644994
6.0013855611711318
2.7997552327949249
5.0183613475580522
0.6647917062329521
0.0908181632177691
1.3786401075685106
3.1380249398355193
2.2056647043076234
0.7222741474410399
3.5995240920308915
0.8051165954057117
5.8122835617965967
1.3124786411134794
0.1064093690621028
1.6332201735918452
4.9695130474595288
4.9258213035170382
1.3109951855150137
5.3034089321352109
5.9013797434991524
4.7848442742047848
0.0582418332411596
5.1342733236449956
0.7101516874388588
5.3958868315284150
5.0209388307429288
1.4118699226435545
4.3113653390161710
6.2585628095462651
5.2382579539576986
4.1515237256957080
1.3936449238302748
1.2500826698125831
4.8145676209422916
5.7636405873592507
6.2416456302137187
0.1994478036269220
1.7616971075170991
3.2022146325603891
2.4642433179844585
2.0077977064079744
0.4467402164672759
1.6247249783898758
5.9165661412407582
5.9318575512316283
3.9435122391919739
2.3285187614613863
0.8813308500985821
0.2100459155718922
0.5832265207217266
1.2816206023602776
0.6480399416638145
5.7045678278681491
2.6204677957396156
3.3299366067018612
0.9780201471250352
4.6101932188360690
2.3478427675098059
4.2562023336764785
0.7462647985255522
1.0618791395783624
4.6850936883984033
3.6002243050225293
2.3498667163718010
3.1369260764335927
3.9894279493832778
0.7731582072202637
3.7126485028883889
1.9408828411960686
4.3404513993518909
4.8861689296287230
0.2011759555604366
2.1055048395510805
1.9419741535770745
4.1354521468856165
5.5980518781961006
0.7139146071231048
2.8912461313870801
3.7084173116641157
1.3390150838866353
5.4200202152804939
5.4319559715917922
5.1328854848576624
0.2880812884962639
3.7537998590282879
4.7436920332194754
0.9629772294984068
4.8615905305239382
3.5242304189426923
0.0701040965418301
2.3735985500023915
2.5475889276782748
3.4549971389567302
2.8922964216416136
4.3092538655832504
5.2237340094853284
0.1024690433011001
4.8751498970120091
1.5419966007487034
4.6367266526228237
3.4553924925085617
1.8210190701177047
3.5590403017436598
2.3530295580340428
3.4469474079174418
1.7572327750887826
0.7351806725227067
0.9778679588643951
3.0368509387907743
4.5755902286666918
1.7935207337140493
3.3071846061928971
6.2175313826650580
3.4178355057480063
5.9525960618837539
1.2546889564686285
3.9805543743250613
4.2509702543105998
2.5309898906075450
1.8164214899696047
1.7680811695327596
4.1369360806991606
2.5411496917572012
2.8049964917936414
5.7676269950750347
3.0932878108887634
0.1962094592678352
4.7291647858664483
4.3821302298476645
0.6864092700695095
3.6324165266482362
6.1059820216262537
0.1902268721842001
0.4541747645292216
5.8786725867617804
1.0463738821716142
1.6113288103137982
5.9066106351334424
6.1073172158829623
4.7684412867753201
3.6042201011894908
1.8396900372051774
2.9737195480828547
5.2085063826144369
1.5611669146685012
3.1857541737263060
5.3300094409938463
0.1404071127177288
0.9095486018520013
2.0078305334790989
2.8212622882141747
0.7843202668894492
4.6771917642527940
0.4080172543040471
6.0718514055355683
0.3000059192711202
0.1322410918043737
1.5641445518635895
3.8439824351652687
5.2797154191803140
5.4806708485752349
5.5255832222892085
4.8034669840143422
4.6887835322467408
5.0411705491661207
3.2590489008193306
2.8820266717524325
6.0804740168721390
2.1575310175384526
0.4539703414161985
1.8420063585085464
2.7515516581260160
2.8869926737383174
5.6919672196691637
5.6185946608006203
1.8780650699296910
1.9645608852069341
2.6891538184800341
4.0968415879564661
0.0524738650554487
0.3383737060210700
0.1492834058618799
3.4024857336157748
0.0166669982260122
1.7275858133955977
1.4710617890295070
0.8731449293480119
4.8694863210179236
4.5999273593449308
3.9314214120671060
2.8565127249431037
6.2081149991713875
3.6248940986324572
1.5716780700723101
4.5966146747939192
4.5471467940097980
2.9281785748063358
4.5752579725955203
5.9401505678545972
1.5276320062010911
5.1504416023783337
2.8934844554454640
4.6177198075835193
4.9003818647665893
5.0346114890339670
4.1282881259271500
3.9588480906093322
1.2200774616787382
6.1339279173228638
2.3857476436198692
0.2527626378034850
3.3592714342637939
6.1594582501026691
3.8968914843986457
4.9186768000929728
2.0670465261961577
2.5114539519876096
5.8828726646653964
6.0939059094784236
1.6404223754670786
3.3644821248933687
3.3768289328152141
2.0502167298043337
4.2857527896991607
1.3969089949427489
3.1554271169425405
5.9937329214450958
1.4360378354214893
5.0857193805474115
5.9488157526720089
5.3826224231592272
4.6111956305403590
0.9174421646095878
3.2141008087531886
0.8874153598477088
3.0244670708989316
0.3026653563015591
1.7757269933593247
2.6495314134221659
5.2681356453085053
5.6354903488145762
2.7040451104197669
4.5059669145683943
3.5279619220596192
4.7804273689476222
2.8439025788164116
2.7176331474356545
3.0387820548003681
4.9602817731450912
4.0940167941621990
4.2533838834085751
3.2700264959106722
5.6186921939235619
3.5490186444386684
3.8137329977834966
4.4948052243805829
0.6141873457457293
2.7827658095217456
0.4812814334977032
2.6133975623822181
1.8297218643062825
3.6353117792388416
5.3902177630832364
4.0302018116126233
3.4003635704863644
5.1169542415003768
0.1649719979578641
3.3465354651963519
0.5417904653902385
3.2296732439860540
2.2219881626203026
1.2718498515556369
0.2299822388590703
3.5793712031249885
1.3978563056601334
4.1735484888106127
1.5098581554385886
5.3885979849761751
0.1555967526427156
2.4058222339704582
5.2600017186448991
4.2379761514148377
3.4315960305392075
5.8924019194412969
1.4698811471535624
1.5556434538017880
6.0177355076988421
1.4970135564217895
1.2088818380349495
4.6919961596368172
5.0944967683657110
1.8669579942847319
2.8731917261824766
4.4477509439469767
1.2967369683297136
5.7556968704823976
2.8109058859222378
5.7251651083509891
0.1235639864413052
5.3234216671224566
2.9053106482124020
1.1856787660262071
2.7856712143480094
1.5197437845901818
3.1030479624557001
3.2265058225360104
4.2683826689778419
3.4649254600193737
2.2947917140497087
3.6269371092011515
0.3003559137715999
3.2831972228168613
2.2093714085613056
2.2784902018985496
5.9750844929654869
4.5365366467970221
1.3648572177803437
6.0795291282029060
2.8799047126883859
2.9550361305188284
1.7364162536079626
5.9193082660459675
5.5457598329915010
6.2596408633128213
0.4396687612909463
3.8268918704277453
2.3439765875050895
5.5509111174034871
0.9561566277483754
2.1877234912743004
3.1563430678605715
2.5453242498593909
5.8836261642015151
2.4694270883450500
0.7612690975782257
1.6265867051805922
5.4655583402962362
3.7458136032327118
4.1366963303259983
5.1617400139941472
5.8475276753016407
5.0708791313831920
4.2534183831490235
2.2854531844283095
4.1901606920682362
2.1078168575329643
5.2874216906092499
4.6996137238458671
6.0657408319612278
1.7403431731153380
6.2295060059087710
5.0370175432840076
4.6898496097292268
3.4120597617219937
0.2616138242853404
3.0903336447526186
0.8178840484027986
3.5328202257236478
0.4570466956820480
3.4593467428937048
5.7524228410470313
5.1821522902555301
4.1500779457446928
1.2576859228740034
0.8764974567216612
2.3487365779005476
3.5862385155250505
2.5799333439875887
4.4764181804349681
3.4621799347738467
0.7447865061528859
0.2716327862353264
1.0168090701359216
1.1427851292747315
6.1888771732675556
5.5765610359121398
4.3370081355029413
4.1014857153481925
4.6440054234077826
2.9282066604221950
0.4994852189402362
2.0716607991517342
5.6743553297409344
0.2969611531731207
3.2178621375854704
0.2924030069548832
4.9532150315066179
3.5138451928776568
3.3670733702870805
1.2702792901059625
2.2687794236085099
2.1756538665527443
6.1748645445833388
4.4640185033155850
1.6797274474448245
0.8246897768393033
2.4793528257276054
6.2428935638938778
5.3549616060481773
1.2490012879610608
4.0110705768849311
2.4620012227267969
5.4638883953508994
1.2556704946636976
5.0493595026672002
0.5516088384183232
1.3947304493378199
1.8791703914176512
0.0846371386188872
1.6475402416866327
1.7905489816441424
2.2292127147425957
4.8061902819866562
4.7288416569146650
1.0742033027539903
0.5448320530906245
1.8365042726281009
0.3355742518446776
2.8092453030140798
5.3729638402182411
2.1148369335576143
4.4947338098023826
0.7341736652870128
2.1867354572329427
0.8432361767509927
3.0860924788105977
2.1988520939383185
0.0077084603992256
0.6750636657677302
4.5691814124514707
4.9416115177212223
3.7208871547699167
2.4669452476189120
3.2033570518036236
5.8165619653877538
3.9069550854962802
1.8129238184010252
5.0284784197665573
1.3947377024258309
4.9439805597720907
2.5517810944261736
2.3422518888787769
4.8135474623779206
1.3822307655855051
5.6377278650021170
3.6816506471112387
2.3399893252262030
1.4863755307145898
5.5708841946440248
5.4678201532161497
1.6399358661834329
5.8876004104607604
1.2438001675930874
1.9711885789140098
1.4141711935301995
0.7894250054464895
3.3889914610933096
5.4055651324060703
0.3730400570749491
6.2647876732756700
0.2106638369201019
3.2509657115102479
1.4623804345845586
2.0098350234955586
3.9005039911656842
3.4751933238355361
2.5605541500908098
2.8566085957390057
0.0178056092675584
5.8979260696830700
5.3252160326996876
6.0819991024455939
3.9906409397226952
4.3122871935039395
5.3601818816886686
4.0525581169949776
2.6582213486297261
2.3366320842228463
3.8160554257117680
6.2529404006512257
3.3158007971814318
6.1866638019347402
5.9407407862149411
1.5078239894523218
3.2975286377439921
0.0868293966513554
5.1322375487013980
6.2006562863573915
4.5212095581023917
1.1251151349176975
5.0360112049619783
3.8695391363886640
2.7077075254732099
5.4099949274756325
0.8777046343162662
2.4590358173309448
2.9669340941784883
0.3378378172943112
2.8305825371939850
0.3659310031345169
5.9392964385141145
6.0101915636044625
0.8768712589804835
0.8111779254201757
4.9295579007350092
4.3728173600944107
1.6487555451467646
0.8487491330853858
1.5008080792946414
5.1270168049689122
0.6272705890535185
0.3589770516597062
5.7791724045611774
4.6340042723498502
4.3178243618884906
4.3029604337012977
4.8329650807318334
0.1038478126367229
5.3836028403004681
4.5744087810067988
1.8831672189588902
1.1361274815004272
4.3886344197567491
3.6064089851098609
0.3433111747982349
0.3081874640244928
1.6532432239332384
4.2495494509588108
1.6778959171547512
5.7381388735751200
3.7084481550591333
1.4925993057645155
6.1867476840524560
0.6255445657396390
2.2801294437785762
4.4823573649542912
4.5698538894701626
0.5581576208956958
2.2771942242285199
3.1295459569527524
0.8307739394682987
2.2473056091415042
1.0070740859726681
3.7326119622723626
5.7106487801460570
0.8877482543570938
5.1687334460245458
4.4788198878438985
1.2536538232049901
5.1794359796344702
3.7806378487803984
3.5202885858003317
3.2005744025954872
6.0881397926816971
2.3087837988948277
0.8667900157012587
0.9219297668626023
3.4654929807105912
2.4087639015806617
3.7953884620201790
2.9481045286747163
4.2505161659840587
2.6958335479849636
4.3427151945482976
2.5059565306945442
2.2719560065136930
0.6021261422048961
2.2613437079522098
3.3089709492595847
5.2776070111225746
2.9755235892151228
3.8751574218918861
0.1317850638500455
1.8555742869044978
0.1561068341355493
1.8055380421203711
3.6687530621611928
1.1301672651260173
0.5564478972620344
3.5254707032899040
1.9291175348811753
2.2797898423318008
2.6165796584368550
0.8549938064973162
0.9604046797778526
5.2371216423170637
2.9378437785225016
2.0012114458001387
1.1290517445793982
4.0339877236592496
2.6506143283014825
6.0779164919244737
2.9495530155302307
1.8081179155475628
0.3680229498452280
1.6278393623511895
0.2495606602189309
2.6384499470603044
2.5795825375412837
0.1691670978163890
0.1137165713781843
0.0872663024675319
1.2822104555810949
0.5005405151301833
2.1834974067633923
5.8767838431366624
2.8272945945161276
6.1605566100557434
0.1003469185606835
0.1631422367391673
1.9527418580613300
4.7416634524079821
0.2856304039232766
1.0735483058279722
2.6725194347875085
0.8306771196647361
0.1875037519161211
0.4595392156922201
2.9604130743860844
3.9559607321960435
0.9432442010825777
4.5695307165510686
1.9347161701575701
2.5278172330857078
2.2743427700842722
2.4064406934238232
6.1056930344577180
6.2077349887169229
1.5701793084690852
3.7820955802808824
5.4203510995936073
2.8276597728555868
0.2034359799921882
4.3380251717396812
4.6539757158117450
0.9823145651378785
0.1348203257183026
2.8938752268943557
0.5677946313381967
3.9329483999316071
6.1042278310258604
4.6157921955581340
3.7764774476717267
3.5037717407292552
2.3529954786672760
5.2533079647909435
2.6974446172689364
2.4340928486366527
1.7175894526956110
4.3032136300165647
0.5190533631738981
1.1153168610020445
1.3544883563877521
1.7738419756805133
2.0542864544801707
4.3881537171584357
4.8718678323207047
1.2653273015371638
2.6573585617950006
4.2842000874485704
4.6045410752492675
3.6583322130653526
4.2585798449178514
1.4417163008490963
3.8723682831192372
3.5784694448297922
2.8646394213261335
4.5348038261603074
1.7897827811849618
2.3013541125024140
4.7613507440515548
4.1240454940907325
4.2898108668281703
1.0219323523896040
1.5452444436665402
5.1833353776478797
5.5846389417870501
4.2589692991202019
1.2680276670334072
5.3192818921502640
3.1641660488902681
5.1202871594114479
2.2603850197863884
0.4622333989375236
4.8169537785923984
2.4284607987206104
5.4893914644079356
5.9947158127029789
3.1261149095067591
2.1182494687259559
6.1077781839146228
2.9552360379088767
4.1868952427275374
4.0859893546896622
5.1702403965505184
1.5254902438132882
4.4402263855564819
5.5390017049255462
2.3964492355978328
3.3862888879849460
5.7757995106142594
2.5006355744838227
5.7738802078748108
1.4565425454911520
3.9100144458590460
0.3823661055416599
2.3276030785524480
1.7154258710107424
4.7361780065553667
4.7146769497097125
5.9710505961161946
4.4434574524957577
0.0612828186441070
1.7103657670054109
1.5207021785364345
2.6175883401246289
0.4276776971973180
4.1865873283049444
6.0880557270560063
1.8921319436812800
4.0938931717886344
2.7451341198159818
0.4910143897578968
4.1902128028411116
2.3258344172605456
5.2334182442338815
0.2307565803506521
4.1842047722773179
4.6677781599578561
1.1810222450212406
5.6461784115647138
3.6774298765890072
4.6637674492467305
3.1979818307271510
4.0906084367175053
2.8509966660500128
5.7665133901198535
3.0719531467770471
3.7201421129333458
4.9809441603335420
1.4025794652994037
2.3731194247408434
2.9229813481004596
5.7247144672233112
1.1471991679021196
2.1236372999332858
5.9806755382734869
0.5037470009951431
1.5929738564382179
0.2464212535806703
3.4080119735617131
4.6103612418715949
4.4865535953089166
5.3899925282888494
5.6643440399483946
4.0569244546417922
5.3834074873545479
1.1902914346954705
0.7750152799667801
5.6125575627778002
3.8661963525954302
2.4115610037253807
2.5815294227195578
0.5740085192359510
4.8694504922891637
1.5729540324088935
6.2735033137958460
0.6704186186660817
0.8441838124758501
5.0238994971791211
3.4229444898492480
4.4511567722795649
3.2611067712922810
2.9960564743025428
0.8711964007726837
3.4802206218032348
3.2428508973479149
5.0500973155290474
3.1907756519057915
2.1655097918035828
3.0907370212594887
1.0411414880865524
0.9953736054124765
0.3440890110425273
0.2169921864626227
2.5520726165137337
1.2806604712846801
3.6231477010263302
2.1174007962754091
1.1055869488606123
4.5271554624913044
1.0778414322525374
6.1726238587822673
5.1125371486303521
4.6999956452440417
6.2036987656409517
5.7447567458824862
2.6342713572856389
3.5862249702913189
0.4952766233553511
2.0756010350139840
0.5283774114687801
1.7530779032525563
2.2495032746507322
3.9187536766918463
4.7472630089064758
4.5480460363182624
1.8899825281237634
4.1741501786258466
2.5960998124679522
5.6247178879909097
2.6352161082686387
5.3298544350018782
2.8562715321050796
5.9764404450456317
1.0170589982266898
1.4949666436101736
0.8969396914924920
1.4740607146836122
4.6046312163794472
1.0197427777234052
2.3330362971294694
0.5005609485057594
1.2936894489157968
3.6659030207365966
2.0741744493387295
0.7273256889844300
4.9249187515301625
3.9480321779184693
1.0900840559258889
4.0211451959323119
0.9938165436154078
0.2197789900310230
3.6798288372416463
0.3931076926398149
6.1804248834097928
6.2536498733490857
4.2923411294387215
2.1893546024212762
5.2750404512388069
5.7333572310721390
6.2643243590392057
0.8486380483437606
3.5887621779008234
2.4628258684231996
3.9539943639162818
5.9562413634393536
0.5394907113111865
0.6874772115326770
1.4388983750438089
3.3192949279276411
0.5866267247135265
3.2129797053774296
5.4910889414544819
5.1785380422737406
3.1318851117371107
5.5810499216785256
5.2242200567347137
4.3541636830492738
4.5657782600281474
1.8789516851862251
5.3560672740489457
2.5725017569968598
1.3866240827860452
1.9162812978547883
2.3832941598789148
0.4294450428367971
0.3885749197729981
5.6828884634931729
5.9368653645559473
2.7004648573543797
5.4880588146256111
1.2254542689206791
3.7212755946700669
4.4160463147626583
4.5882108564175796
5.3864562070224160
2.7169419045093801
6.2141809176204301
4.0538305190661585
4.0748730082952207
0.2874110653123648
3.8920349052816912
0.1351515874465835
1.7098875839967005
1.0136132177954906
6.1368690697838995
0.0267121028718507
2.2570882341485961
1.2438703763701708
0.2336706443139639
0.1499472459358615
0.9634335748571803
5.9426582234356689
5.6192514143689944
0.1658423529879232
5.2956510799874410
0.2273850182480864
4.1752194047686810
0.9967505817881950
0.6040613472949868
2.1795990813497697
2.4107577056753771
4.1646084340627683
4.2479929307783637
3.1057104040255989
3.9796146748225758
1.8739902397431651
5.3537504830252498
4.1330922713429494
3.7582177875993144
5.1745824791981407
6.2121446672611027
2.5229694300752188
3.3470633538921066
1.6018656726744187
1.9863144389743084
5.2141058591804397
2.3031781104965439
1.1092691051316079
5.2672367090970758
3.6239066614783066
5.6174699380630875
2.7680916756144547
4.6265469963336781
2.5547531001250632
0.5445780989535824
5.9025726629853779
3.0215143154017343
1.2662841243809551
2.8257798394811897
6.2797173875456851
5.0063734077731832
3.9208241329121529
1.2102729874765430
2.0258048723251063
5.6748633569862115
4.0314556743441692
4.8625583965314920
2.2342954515256546
4.3163829469595498
1.1618666937950346
4.4119140011904703
4.3318230741535526
2.9924889137032680
3.9244313641605744
6.1126103421961959
3.3173670515337386
4.1068369056148546
4.6997203331094779
1.6844474136019718
3.5706581016081369
2.3511735733405432
3.1276228243808961
3.4041671522986161
4.4037511091524779
5.2240356728655142
3.5146478523646101
4.3557749319695329
2.1220234901019177
2.6886852265442922
3.8084990112316635
1.5149895992460378
5.0068863933998795
5.2377414143255043
1.5405877802768344
4.1157522873703654
0.3976026786148861
0.5094834972446286
3.8935243692239534
1.7384669509660668
3.8679796315791095
2.5828498860813256
3.7001367285846780
0.0373729445840623
0.0763735253013396
5.6125478679937473
3.0193844884421068
1.2729959978338252
0.6271088704970356
5.2851463463197454
4.3278939740129747
0.8932607340166301
1.3249885537683093
2.6742946963094187
2.1333407262084139
4.9237519142750070
5.5684345312374868
4.8264639125840434
4.8759319701603259
4.7620326218359184
3.9329483243225312
1.2438769001964169
5.2598383697936777
4.6040744909792455
3.6641730261984318
5.1967750387267664
1.4463332978704311
2.4950186467623916
1.1486354473401543
3.5396692100660050
3.4266847506571945
1.5690814414017802
2.5776486919118620
2.9530592875573536
6.1288749488981225
5.4446060131294090
1.5920261762184240
4.7003986049928583
2.9457800464224779
5.0260502585220879
2.5797158668600511
1.6959993440197543
6.1694283257790419
2.8237251129480057
1.4630903116464586
2.3823877629680981
3.1505714772018760
4.8291454669810490
4.0826268007647153
1.2784183204001098
2.9958689644405907
5.1927211214319691
4.0279728774705461
0.1713028315481104
0.4835122257135505
5.0110087244949852
6.2736314343569868
5.3263438859004468
2.1664900362979909
1.9058881199796853
4.5703663164745212
0.1290679019535984
1.5450819078392177
5.9788095684338840
2.1972118335538569
1.0269884722931411
3.5408801552252114
3.3607657466513556
5.2522912240003476
4.7080347131761267
0.8844411862245679
0.2969028479743098
0.7651051346439797
1.8652196139136084
0.2126351521377256
5.1223693216871542
1.8708058763919939
5.9988066073247177
1.7484200941188601
2.6070730900101111
0.6050906568922404
4.9243906087014748
0.8495794040292152
5.3730162927093925
3.9258181682684175
5.0582879124317692
3.6366481991630315
1.9191025755701321
3.6835527800378101
1.7174441645975089
5.4843044424399814
3.2514493353770146
4.0060135641373318
2.9376088485683556
5.0789663248258581
5.5686912719107511
5.1336448661861978
1.9636699517096503
3.9852876316068451
0.6845242305851078
4.0004439158466809
5.1324241150548975
6.0630767592494754
0.8845497830305252
6.1320966937715227
2.5885493554441803
0.5074270762382217
1.3256701611001664
5.7261060555047463
6.0613367979346622
2.3470563394710466
4.3575068050968930
1.3434930398249680
3.2119129577215322
3.6560572144702310
4.2575415272124282
0.4119570535217110
1.2083035104011359
0.9597991186515207
4.3923401997265206
6.1808104783992981
1.2629761982246706
0.9086687024322490
6.0511838442980563
0.3519555150171237
6.2547635057792199
3.0001958880130095
2.0766460431146840
3.4829872150379111
1.5296009910363542
5.3410306601478084
1.3424522905338945
0.8369152375508716
2.7090284824499591
0.1529251151036336
6.2163990619043092
1.3854423879622437
0.5752787700450518
5.6001930053983182
1.7552625844989493
0.6568398190045969
1.4365852865925615
0.0800941643295648
1.4367831330309797
4.2203165240794664
5.2832741905878411
3.9534442161749528
5.7730173108405411
3.4828210841221794
1.0756387859414229
5.0123627302906790
5.6231123574591404
1.0861916641486147
0.7338710376009420
4.5055891804758534
1.5265601074300117
2.3985373956988640
1.3237509214385117
2.6554831722174059
5.6781810772179524
4.4900409244261787
1.0124940166290572
2.6133251737109955
4.2335018905805164
4.7276281690916688
5.7724147331269782
4.0077747961362036
2.4930902321973947
6.0310760828400714
6.1854557351856903
5.3511025702838690
0.3636655128699805
4.2978575465691318
2.5348081901838229
2.5727477491949853
2.5461571248185466
1.3831082483666224
0.0081615646590225
0.7820872881848800
2.1354624115645615
3.0322057122751338
6.0047803507411093
5.0678766743114396
2.8658409675984919
4.8621124232314843
0.0534899586562794
4.1870832449943594
1.3763868855509187
4.3072339306772101
2.3064173561843462
0.7445486646812922
1.7975781841012455
1.1518302251737886
0.9677977886128880
1.4458477044290738
5.2862394587217398
1.3217698279957528
4.6016287564472957
1.3570913393040718
2.1465502123730604
3.3258364117537731
1.8667554381775580
0.1308682165046553
3.2466973184316426
0.5131286580240848
4.3684425466800656
0.6725916537296978
1.0751170171201301
2.2589836964841923
3.5564449600810923
3.3018902947775213
0.9454427395290610
2.8170451026682897
5.6638728883050291
1.5933531197022690
5.0269374033274277
0.8399752236709077
5.7264384935903410
1.9543181045189308
6.2790982858311617
2.9653477005835853
1.9386427944207907
3.2213292466228904
1.0124284831824761
5.8285950290825044
5.1827641946465350
5.8069857827780904
6.1855260320606451
3.2576107186967445
3.8469461683733606
3.5152795525608713
3.6651293455438392
0.9762549377639644
0.0575372817358931
1.3866222886784676
1.4389181471455814
5.4097322544236803
5.3582030956089737
4.2656587719594929
4.3547051916455182
4.0049595080751210
4.5047256202688235
4.3365188982710263
0.2123649512965435
3.4471855148184418
2.9587105093661101
1.6010258704044587
1.6647041865724812
1.3093074150276256
5.3122316077304594
4.5879526426290251
1.9748345753726830
2.2274378648294593
2.4453003383126246
4.9015259082280851
3.8430596083003792
0.1095853694037355
3.1857064111089239
1.0765530906190712
3.8144729116729703
0.7226145421946977
3.5907179501803532
3.3537820197115740
0.9288679962656270
0.5897422884441659
4.5862079521823231
0.2063779211280843
2.0806535404462374
3.1514790395942507
2.7284320641943283
6.2195558891996514
4.5192984361236874
4.4459626949871902
2.4831929269788446
2.7589830653914982
6.0293217508732742
3.8395265006525383
2.7736724054268658
5.3094276084697416
3.9295596846939804
2.8863191962213373
0.1035151070607685
0.8735250431552398
3.8675628417837418
6.1480155077113086
0.8487115754570340
0.5605122579702853
5.2660801819996630
3.0118280742712029
3.6145682799387084
5.0846756850880430
2.0582078335366210
2.9028077363641294
3.7746835607089175
2.5107679747412299
3.9530418753519534
1.0578773200325005
5.7100217334502670
2.4187871334879065
1.1016778502224867
1.9409877204990396
5.8511643249967786
1.0465426081916234
3.5094568989979464
3.5100542695814108
5.5691815348794966
3.6786085615758797
3.0319857450836198
1.6049070662332368
0.3592597396571000
1.1034541875021677
1.4848619476504150
6.0860711830387482
2.0783197747841098
0.3601860640708998
2.0525806383262477
1.5700855163754899
1.7538121040833510
2.0316873974733460
4.4817387711126226
4.4231792737282634
1.6735628297097143
4.3280397689895915
0.2836063305869320
1.0761655717545364
2.4570553735517908
4.9714522471206957
3.4051557619758053
2.1196398377609298
0.0125845113472033
5.7209280699476794
1.5341932452504277
3.6109668911849129
2.7321518337103421
2.1985805413630222
5.4271759317493089
4.0269653950063873
4.0310852195941500
2.9732862135151574
0.6142058304911703
3.0857820113611836
3.1889476637336629
1.4577922807496577
2.8667142843661373
2.1515908793116783
5.9446803435590487
3.3778865934395124
3.8822691341758757
5.7390297133699066
5.7629061964741384
6.1298275362005672
2.5527269083434456
0.1838843582861121
1.9762476501648754
6.2796898810648418
5.4050404842644220
4.4533886088638246
4.7562042778513876
2.7069470702577445
4.3971197812901552
1.9925581210683718
3.0105681299511473
5.8434837406664819
6.0128150999879395
5.0565496138590635
0.1508420930138597
4.8396261310679742
4.5649079021183177
5.2758518708499409
3.7055721629687368
3.3046556686554354
1.5070183285131704
2.9401053919107554
4.8865331878572817
0.3921047747511580
0.9133560275517659
2.8433748821870095
3.6195811397959257
5.0324850570947177
2.2542703382427360
6.1621492233524329
6.0340480630013404
2.6902418866482800
3.6214810898095182
2.0895892531938576
2.2382952305686246
3.9218851177591789
6.0764387842781931
1.4326149444725487
2.8183150093419829
1.4572131422610715
2.9187331551057905
1.0514318320151941
2.8216646117206055
4.6679018696774541
0.2672695617718220
4.6562068548804492
2.6829913807369543
0.8676686898496875
2.5339998289332906
1.5787930338144973
4.9590042759661142
2.8827855472619657
1.4112674717939364
4.4957972875291023
2.0861031071886469
3.1393687642587835
0.0736518296809407
2.0475560313256529
5.3737065984229941
2.9254093669378034
4.9208958873324118
1.0894733364503071
4.8221002772885484
5.1694833620506406
0.4510558345610657
2.2100249325138321
0.7517658276551479
0.1005043214846108
5.5895315349848786
4.9324121702316228
3.9559321001008501
4.4918652394267760
3.2382205754362050
4.3478406375873471
0.0679449116497281
4.4792524189095362
5.0353557187637801
1.8767497161696971
4.8511193874529850
3.9939999343614563
3.0501099122410440
0.6036983857251252
4.7007836873442699
0.5333802765614785
1.3826765744203315
3.6750002842328895
3.7991548427968453
5.6995400942510948
4.9194300394653707
1.8644120715654342
4.3820375616430844
0.5093270217293023
0.8390242260238574
2.9707458716368036
3.9414726119691421
0.2694319896293826
2.6145496071695016
0.5529990200455708
6.0844415451604128
5.4969911221997210
3.8043502111512026
3.3444890331127786
0.3136911396405238
5.7538477799464358
3.5003994327812169
2.9238683738946358
1.6898931700924387
4.6115961997228139
3.5376277140960637
4.0147471889944777
3.0850474830152232
5.3504228877675173
2.0414707880573135
5.8192136279858309
5.2601233743586544
2.0858915213552240
3.2282191693839355
1.0294589495978945
0.2259017758176790
6.2714226948460388
0.0440231046752734
0.2077332283246389
3.6541251243260873
0.0877175791795336
1.8575341729999819
6.1803096949058007
0.1301924595496673
0.9329137454509498
1.2171220193947181
0.2073786756374579
5.3429630608399599
1.2331770980774182
0.4238150500663427
3.9642366107033720
0.9969763627361380
4.7476078592750248
4.5013199484335153
1.6722669216052171
4.5420845602129543
3.0507436342038217
2.5569294950250647
0.7273091836096325
5.1151857134172909
1.1082495457216572
5.7224713321953775
5.4975335478593461
3.7063134883580413
3.2846608864554856
3.4522063791208981
3.4017942178072746
0.9689052594048045
5.3102574786516188
6.2008494415274376
3.6696693367739690
4.1187945634871381
4.5790701466785668
3.9931655259198870
6.0403298370672616
4.8635083997686630
0.8913621801500689
2.6800259107252606
5.9158015098744938
1.0808464461202314
3.8636843506597995
5.3556025820566493
2.4025067471640980
0.5814347328431578
3.6356289619178361
0.8546816090578297
4.4616403526124557
5.2693778069523853
6.1394098852244960
1.4908040233755062
3.0835624916217794
0.4065566063562945
4.3003188423411771
2.1095160375289388
4.0142841255947825
3.6124981450327209
5.3978838010839105
2.7434133078141225
5.1943832739084117
5.5202930114478814
0.4350844137884826
3.8089064394926075
0.5376492297740186
1.6264805765531098
5.2344559918201803
2.8202668797958701
2.4437941736808475
4.6863478036778190
2.2613988052307454
1.4025170650466083
0.8988400716382801
5.2738126163202921
0.6506144863583624
4.5431832883247907
4.4532954505386391
0.7796163879712393
2.9763261196958175
5.6532999475565946
5.3761969173016810
5.5495200910481319
1.1249518279187569
3.9254514110124830
0.0144260168105234
2.8150543124248268
1.2693369963904029
3.9888623047619172
5.2881326608422707
3.5898859893187143
5.6481963594065592
3.2023904604521718
5.3444779044386390
4.2980949902430936
3.2776696982714948
3.6014531906885723
6.2138801823457976
4.9072249998926569
5.4066639546143636
2.7962502976566208
4.5816255709138316
3.8966446826307921
2.9770496666983850
2.0812921550685206
0.0228141466618858
3.4456771810750992
2.5692225407944016
2.4140242123234534
2.5355881227459061
2.4013071635562588
2.6538589701374540
2.6004925325744344
5.8681408208030872
4.0293581812743344
2.0345030074425603
5.9709801001167335
2.0741038264091278
1.5508878481918031
5.5213662359291753
0.4693295621951987
1.8410818039670460
4.2774126204408125
5.5390896804874084
5.2503226975038517
0.2876052930290151
5.3968950412023640
2.7248539598817256
4.9365423036549529
0.5159629297284051
1.8117303274395307
3.2512850519354295
0.2339568518024410
4.1053028035514201
3.3066855393642736
6.1290877794034273
1.1943510677882119
0.6519685269448284
2.9186869213651589
6.2650181454046692
1.5684506652719434
0.9241407830517704
3.1689548952205326
4.5840264094462242
3.9576467786632472
4.4062848494497606
4.6512940451923317
6.0380720589566765
4.7281581875373746
3.4572853540547475
4.3214549701448011
3.3891797637633427
2.7846808128004410
1.8405669801014459
5.7409411785064641
2.0721000534426448
3.2853391109587426
4.7598997336201228
0.2254183390392386
5.8706486614932309
2.2171831262509913
0.3574608247493221
0.8605723709849002
1.7295535683063670
2.3289483033003671
4.4820476896230730
4.6734848436657170
3.1388039656575235
1.0051607651744905
5.4762607474265366
1.0220232172616168
1.9022289250904876
0.2598309592194630
3.9645744587006440
1.1961560729204519
5.6020771562060103
1.9645943528032064
3.6913367185503532
2.6352483801743105
4.4763986532948215
1.2923302881987111
0.5245118140745456
1.7287500653269623
4.3824513987983549
0.3961557099789073
2.6533146127817027
3.8515454295713716
4.8806559966753378
2.4728923372552751
2.2804419525506798
2.2480251388552381
5.1061495075357399
1.7003877601882025
1.3537292843836735
6.2730177605180657
3.6690965064649514
3.8337591120272876
0.9936158103213351
4.6992669916993473
2.3946071188672375
3.2292139254525813
1.8828771005410068
6.2612521409869979
4.8677293774866097
1.1358825023102277
3.9891574535072363
0.4440085655748108
1.4038703036448066
5.3538201942306278
0.8867916919306980
1.3059458566866275
2.3864294813368878
2.8071312204313168
1.1505944041575560
5.6401635571181261
4.5841716654939280
6.1169304815580183
2.5903598481936259
3.9370172829967847
1.8981197162687100
4.2045585046946341
2.7419088386412098
4.5608113769102667
3.9667217579658334
3.8466467101384341
6.2681746610741138
5.6472677346036857
0.9712067081148276
2.8566525223617543
0.3027972180712000
4.8273008570740483
2.1911979366698016
1.2090815960525674
0.5857109124687482
1.2066977385869893
0.6453736323139178
0.9743637578569020
2.5367880238640175
4.3109141736568981
3.1402136133035308
0.0120856446965679
0.7190356911261123
1.7757140766416306
4.4258779707369129
4.1857681251053513
3.5708824872661369
3.9702526550614872
6.0782564955485796
5.8558038425865284
0.1313888415630946
4.8810564523927065
1.2557716619139696
6.2363515258450715
1.1196804605665445
3.0020132065942549
5.5187901609112959
3.5337455115233736
5.5747210126832254
3.0968976477122108
4.4489706165551199
3.9992730625918860
2.9596505795842130
3.5631067649864079
3.2158050250633812
1.5270248071038734
3.8010611112247754
4.2188862190167171
5.9190204240886040
2.8610180171046955
4.2009300301313077
6.2050393739044614
2.2949622237429930
0.6311949826319031
3.1639632823680897
1.9525376382729656
5.5032142323980224
0.7137975603820133
1.2583808482060019
1.1162847121628308
4.8733263210317492
5.8496132373212371
0.7184560932916966
2.0354097781895866
3.8334596385830255
2.9275842741373186
5.4699499266073497
3.0412564642878408
5.9125173772067354
4.4334660130155079
1.9472122904402893
4.6714092022677569
0.8362957856403720
4.3251436954306470
5.2927327505919779
1.4675819716318170
4.4887727373919297
0.9172185748413125
4.8394198574775711
0.4249664642763611
4.4276734932366226
0.6762182957653241
5.3369107393042095
4.9530268653018128
4.8645759549934136
6.0107002729794665
0.8951115293970359
2.9310918879924803
5.0828407112292870
1.8270336717046289
3.0106558871645288
3.4487708352075321
1.9963424218372696
4.1075166842017641
3.1802288826271456
1.4974057889530636
4.1676488614965557
2.6483104610857122
0.8585454727197427
3.6462213377385346
5.4174590693231721
4.1003819333691993
6.0220632949508976
5.3241871138836201
3.9499610107909047
5.2176007680586549
0.1126917372708929
1.5983128277868421
2.0650544925779140
6.1713772267432709
0.3579439581891856
3.8509723613798621
0.4970158053368851
5.2684539957453493
0.5900602116899342
1.7093152443053612
2.2409350031958479
0.7985919059822832
0.5684904831014566
6.0456721023349100
6.0282946178781254
6.0450069930313015
5.2706585349392485
2.2793631484137502
3.8563484434002442
5.1424571834818433
1.5126443082296339
2.4675694334188094
1.3536331300886704
2.7833896719298687
4.0774421261701477
1.0335522760984248
5.4317738969413067
3.9722688620964104
0.1268653938050401
0.7584116309988590
3.2386370826140545
1.7187848917785784
2.8014374800317587
6.0493496390825046
0.2598219456630321
3.4393030318335325
2.0920280256378772
5.5605595062463573
3.5814754045480277
2.5182886558601263
5.7072618254184375
5.7190398257098467
3.1069183379162246
6.0558529801402186
2.1458257909353491
2.2820879672925982
1.8583530340954035
3.5052490418888023
2.0626837075800939
0.9106416171544539
5.1869939415703383
4.4195672024764630
0.0444944960887038
3.9402482451088474
2.1494942447449739
5.0183808296026475
6.2777321279691556
0.8581483384530700
3.4744223670048777
1.2428521270343316
2.5643324407054777
2.6543758390311889
1.3464373496463431
4.8439152395947556
4.8748972839011468
2.8439755433186540
3.9694448899617183
3.3201828331654353
4.3556928625637381
3.5370693545790584
4.0847899958487783
4.1315778677280139
6.1906697996644606
3.3242864042186655
3.3649896074658363
0.2387121520509779
5.2772402602936550
4.2996618958266728
1.8767981433073819
1.1337962743174983
6.0621760737314148
0.3155713225505711
3.7787514129132580
4.3025039700117533
2.2043709509646003
0.1644043245212984
4.6037070816375980
1.7427626637901015
3.2262845682730616
3.7223005107037603
5.6733214511553864
1.7087376217351786
0.0059555655546034
1.8148837906216058
3.5056521412003456
2.4951868296384729
4.8187849778779421
0.8663304646711038
2.3665888434772309
5.3612816338145493
2.7494278651062345
2.5171304784455759
6.1511093209156824
2.1741526197112289
1.2818837238104051
2.3829406669916797
1.1295702772806433
6.0955412719567237
5.9534337553026786
0.7864357500078445
1.0054863611464944
0.6703314300550814
1.5224086119043845
2.9232092105739107
4.1754060944118621
6.2114906339521241
0.3688806494226847
2.0985846453134060
1.9207944080400030
3.9777497832788811
6.0581094464899126
0.6033379142552823
5.7556199140226871
4.4804446497946113
4.9145483768351728
4.1475156606293773
4.0315851767238540
5.1900159709093785
0.6325217414919939
5.1895216850711403
4.5729117835486734
1.9558968357946513
5.2098443095543079
3.3901003300744228
1.5321660543733955
3.9776846233393255
1.0781533424815195
0.8581863275200278
2.0292327711745752
3.0516626156938580
0.3892451658331660
4.3603362139392523
1.0903392748627281
3.3398840586029701
0.6962945888049868
3.3457119410610772
2.3810229329130599
2.1024602452672254
6.1993668370434847
5.0954110616306494
4.1639098600993352
2.3588321974546851
6.0798638413731778
5.6621783524652889
1.6539427553296064
3.5773441604785088
4.5162791013592631
4.4770798842070407
1.6247552490836323
3.0162463029992144
1.7110505260588198
5.5331220891159516
1.3147101263576708
1.6239046740741130
2.2241887004260814
3.7464009972813828
0.2759466176881992
3.0890394328667634
1.6412428900901641
1.5720835665461661
4.0340607988544823
4.9711214379496997
1.2470463253845463
0.1466865783457229
1.6194185924600473
4.8193130841011751
2.8958543690817127
5.8295719687689376
3.2993044103721134
1.2398808368129561
3.9388940721402066
1.7827183548382786
5.1596013702679366
0.6039480130350320
2.6861947554233709
1.6900180180793887
2.6713588386652116
4.7942429877414972
6.2807978718743938
5.1985890960225909
6.0412724622165515
3.4445049663831226
0.6465071910809141
1.5068334685973306
2.3403950830081182
1.9741530277417823
2.7137718077446058
3.2282405064483646
1.8176752175843991
3.3476573473437434
0.9500304735617900
0.4512475286122268
2.6186049505488875
1.4525248563314528
2.8677821083811774
2.5016365426119584
5.4629296840382722
6.1448966579246784
3.0133709453566513
4.5516230113357539
5.8281503805437227
5.8194580062842745
0.9458422617025768
4.3227194440579249
4.4395887457721646
4.2020656339684930
1.2077959530853828
3.2182363348683540
3.7576959334243885
0.5413088346315453
3.1120403586303325
3.7881481377676094
0.3223678083018584
5.4184641711866188
4.2330203821392915
4.3127557780311845
3.5761759206215569
2.4510849755497004
3.6167753938472882
2.1567284094888008
5.7995507126115298
4.6896344454671386
5.0620048454589339
4.0230240222891736
2.2100950381592948
2.7973815624104899
3.2650983090021386
5.3519942816827619
4.6933255181103686
5.2527045782847139
0.8985947742715286
3.3997698759904638
2.2371991720855049
0.4822719539852195
3.5758115598422791
3.1715251898292767
5.7970554008559514
3.2580704519459558
2.0282731839545547
1.1944409023223475
0.7338539762977534
2.8685140354791288
1.8030591482217013
4.2669300894652329
0.1141828495766973
4.0084282929715949
2.9111922131555406
3.9142093641938529
2.8748357567268514
3.3156407209233851
3.8145753055362155
3.3173762605534063
2.4421561003127206
0.2439211038698368
0.0998469832115243
5.8874095012765846
2.8082583875877272
0.1507239242076877
3.8861453268995509
5.2235193879067312
5.4415713862697386
1.8449556808343381
5.7077494340925830
0.6984001188322411
4.1140039540826896
1.5127100137446907
6.1583175468543496
4.0480422757261083
0.2279577469596435
0.7336898277538834
1.3283322440806662
4.4574351680966267
4.8769636188412582
2.7756283779539124
0.0303373679888038
5.0969645856809871
3.7168431174083367
1.5777696921721012
2.8267701228985644
5.6003301502417218
2.1082154754086040
3.7169588772774009
1.1147735954928988
0.9746078849569398
4.9550659289526626
2.0361655849342997
5.3552482092365219
5.5036705342669787
5.4464605753104145
4.2817029866501413
1.9201983910237690
1.9800347677908141
0.7911897473142334
1.3203689700662191
3.2279594202982622
2.7679235704039171
0.5300443082566859
4.8905466309144865
3.7714178571739194
4.6156767371565071
3.1321639586503647
3.6756275251638457
1.4906159496836242
1.3350095086534532
2.3408204018272736
2.9371610460232418
2.9319440423010770
2.1535260986852944
6.2797804774944668
6.0604627324352522
2.0745267152566003
1.4948653901530204
1.6921605634188610
1.6512484720071099
3.7126480484535342
1.2325337828658181
4.0860506464986859
4.9520865865548966
6.1333511544063137
5.5772058875178843
4.9326364893757741
6.0797103900767189
4.9709592166780512
4.1124990379258106
0.3974721314379037
0.3439206211677204
3.5066738652594940
3.1901537362163892
4.3984346368234668
1.3458195771468293
3.8198324576238067
5.1766465656630505
5.7546801554951044
1.9048906396378624
1.7665924001022157
0.9834015706938571
2.8384067561004613
3.5825987079406083
1.1471325890687505
4.1887877087131917
5.8186246899141736
0.2551528564618330
2.5239927674048404
0.0538821212851219
4.7142402836120656
0.9428845698803991
3.9649655573895690
0.2208188041318015
1.7651073562900255
5.4059883455267990
2.0524292351069229
0.1671211915272751
2.8522117760994687
1.4820053010257510
2.1435408140061698
5.7556271021681322
0.5816647421123634
2.9752492166713034
5.2844348648961006
1.3713141076534852
3.0252971489511835
0.0886575262473208
6.1538730000456283
2.0944203594290953
0.7847546986197039
0.7915819199361713
2.3457614442710537
2.1162647428037840
5.0324258360664134
4.1362316650594604
4.7978420724144506
2.5735908839311414
0.4242264749865708
4.8390564319883165
6.0582674792397437
3.3181114448190958
1.1814771537775743
0.6281193184054522
3.8050934087480961
0.8791764098783090
4.7619439944220838
2.6337791356146112
2.5553886223037088
2.4171456280676553
2.7117741128504327
3.9505810936770196
5.1672174109201947
1.7257712450568337
3.7687944234930333
1.8696498312881245
5.2887144207926227
0.6372277893312177
3.6656225908042219
3.9054325652378115
2.0115315020949547
3.6631028829122942
1.7612631129055007
3.0649642896488798
2.9737000206007389
5.1905037012183728
5.0517095812661239
3.8801780902464755
4.4683739763643473
4.1502259127461825
0.8678494784964266
0.2387212276802099
1.5150088382859850
3.0477602482590131
5.2750638273848702
1.2055845920620127
0.6074857280519005
2.4692468120478623
5.0923899161377699
1.0662779142109768
4.8592767942409054
5.2986422336687378
3.8990404141305706
0.7358911367307830
5.2612794629880950
2.8487089372195786
2.5946483171519228
1.8881983174774872
1.4016463163143207
6.1100792499396865
2.0235657698618281
1.1517276544040878
2.7499762234156804
0.6760215491092424
4.6665858040612891
2.5923744622477107
0.5422568729291368
2.7638317417730498
1.0637303099920365
3.6980416952528667
3.7419437563110050
3.8476728017603521
4.5278040153390746
4.5395523980143331
0.9347149241981492
1.3909754202741353
5.2230205309232733
3.2212558820032564
0.4037061385335713
2.0463293386682677
3.4066624074402094
1.7071956940041335
2.5837348192797078
2.6131523281762075
6.1643653229345841
2.8267956661071412
1.2263226892113177
2.0378439462286377
2.1148974667230829
0.3686659308418039
5.3478187911309556
0.0863930129181889
2.4917263744666962
4.9693051168537776
2.9044290208328154
5.5495531132457767
2.9309507944311179
5.8615689963094928
2.5062531232887393
1.3544918017424989
4.6315261733142306
0.5780193263062464
3.0983972980472654
6.1082815751376733
0.7334064391880768
1.2677880316790853
4.6809438572662669
0.8522940667800994
1.0133955750358628
0.5782641247585408
2.8927883058242969
0.0963661669518958
2.9390604455460476
1.1579904617128178
3.2940885334996235
4.0755645641862914
0.0122633193094341
1.7351754977575951
6.2782850763829066
5.4217161687943367
0.3723121479761919
3.4866702237177241
2.9815203863702919
5.6355001804398421
1.4649718544952497
5.0606887875410909
1.3270874302006559
2.6736250475090406
3.2816622910645994
4.3484911228202208
2.0964938042115717
6.0435554873823198
3.9797046827058078
0.5804827757421852
2.2721712194481425
6.0427455058968649
3.0058128513379327
4.2786996289309185
0.6670754481367989
0.6263692882595668
2.9495429053774442
0.7294298057401337
5.8395184780002811
4.6434076292137592
5.9257509852051475
5.3681734194016011
1.1518493343691258
3.9132945566288093
4.5680700126395424
0.0590701234971017
1.9798829035355940
1.0785301453338267
4.4700660007973072
6.1968618689109158
4.1333841069868607
4.4885141242601865
1.9332634482830773
1.5461034360037866
1.6660347296663673
4.8470571215693203
2.6401946175929378
5.9526540758996598
1.1190960013004734
2.7595540918649011
1.4699081314740157
5.9770174533939420
5.2750335897517511
0.7589236801796642
1.0046439942554721
2.2204871671753375
3.8617823554708655
3.9994611563275435
3.9796749241375338
4.9287944481499171
2.1468811416179872
3.7180003686953662
0.6235380247729274
1.0859607959491349
0.6146952380066870
6.1056388308938692
2.4316973977922793
5.7332181191848521
5.7956245922306087
2.8842518024287318
0.8421639338966566
3.3257046697441108
1.8023330755520477
1.1255041358190740
4.3249667871160327
3.0454969634968889
3.8120669984306210
5.3157858558751609
1.9353321096148646
3.7603036413072806
5.7209851146705457
1.0377009949442091
0.8529505246927779
1.0727830571838626
5.1555111699586629
4.4682733646799280
3.0892338395432626
6.1597800656259789
3.7060462862860835
5.4973763975211911
3.3028564201915529
1.2942749756299310
5.3757378209706737
3.3964443413416050
0.3885530147425083
4.1105182495833894
6.1835467136494531
4.7193601301518857
0.5719954646621626
4.3038276502009412
0.8359866633683083
2.0650689953242436
1.1272095369264050
2.3825994869772704
5.4343825594627324
2.7439406746294872
5.1023409013296916
5.4057446960351161
5.4491783927021249
2.5605886831220617
1.4652498611292879
2.4417218512782126
3.0671178687723772
0.7596574170350987
0.6447310546073290
4.9765216291479097
2.6659942831113690
6.2517854120605989
2.4433194105060458
2.0563051813154036
5.4415423970472157
5.4380857793829600
1.9097090160673789
2.5852967859983478
2.9405906144284537
5.1867739566650846
1.8483068440893395
0.5590578494199371
0.9866386502357418
1.8697645114319994
0.1657288306995705
5.0099680625386673
0.5928810289018740
5.0430168086172644
1.3216904744690388
1.6656809766493528
0.6325281982906211
0.2889666994363772
1.2837824118929726
2.6024809253201915
1.6592658866865251
2.0083544462137315
4.0613428122429900
3.5557590386480871
2.5944644191394231
5.8830113488667024
0.0335039053343164
1.2154640388694102
3.4922531410253637
4.4928971417243426
5.7791877187400846
0.4950586896433018
3.7769938441089739
4.6018733651065382
1.8325882981635730
1.4459297236956778
4.8357127454268864
5.8457556454840622
5.6720663507126261
1.9813672278297889
4.5376927015509336
6.0472811826738306
6.1119292449066744
2.2115112146220861
4.0279990652634927
2.7368366624891172
0.0190125719546220
5.5764901478104383
5.6498758629963994
3.4216260085063626
5.4209648737825598
4.9303809989285767
6.0585749174349157
4.0893073412272276
2.9429514274213866
5.7409556407800979
6.0406130744380766
0.8679224823513397
1.5669902665888511
5.6457047584728421
4.8076316892709166
4.6352116887986847
0.2382634650618019
3.1418250856695584
4.6601981929951304
0.3897844026796930
5.0402055907166767
4.7166922964535845
4.1909909549864794
3.1808381317492778
0.1090415657330611
0.0755758357720356
0.2105060694024038
4.6502502476135090
4.9653172142741910
4.0016145613640042
0.9103569523886742
1.4277798421861210
2.5449671056855174
5.3329818140282210
4.5580180246227187
3.1721779998265700
1.3594870387775495
5.7025451741859330
2.5297769326165285
5.1196701582065334
5.4972245392429500
0.8395521849224304
4.7883885089540650
3.6142208354822261
3.8313950612225955
2.0788605801886697
6.2260697082278798
3.4381540482803365
5.7479302697592569
6.2669238954699686
4.1607599887205042
4.5544481206882628
1.3037366776568193
5.7565649257267593
3.8234908277088349
5.3464023107155318
1.8187682797517761
3.5105595931727036
2.1989031016029896
2.7440301153570927
4.7108026352622403
4.4801230432841148
3.9758390483965931
1.4795582312231925
3.9512073921255682
6.1373046784295733
2.9822930320788470
2.6936844729176901
3.8601290022502934
3.4379656537514118
3.0657282470865312
5.2777699560098386
4.1275563557244812
3.6745938354633991
4.5331859533173695
4.1731085416450329
0.3533149354173145
1.6040832985410465
1.9557842995874823
2.4811282091570988
3.9296435948944501
4.2687690327118508
0.4010049922975478
2.4242588564194447
3.6383608509123020
5.2817046856303511
1.8328377645558966
6.2414293936715302
2.5584554765849328
5.9683277259625402
5.0858860287954446
4.4955243325653296
3.3462408274168274
0.1993787333695581
1.4763913859225986
1.5574481918873666
2.7695758838409672
4.8076140359670942
4.8610665488877167
1.0079434013044810
3.3286557402914858
5.9320403275501210
2.7498590875759343
0.1730109723140220
5.6634429056315048
3.1327174934612496
4.8100204379659326
5.6072312262758199
5.3303287993069874
1.9129635581296465
4.1397745153032552
5.3803009483294435
0.0838606012971104
6.0899379666782076
2.8004510397527742
2.8176696139635529
5.7993280585861697
2.3076420729399763
2.1285635619914851
3.9040395063766202
5.9673378648209034
4.1000118131591270
3.1820997120895274
0.6438084794677372
2.8933237885958292
5.4582501909038541
0.7060631738916789
4.2423410026858317
1.6947126313036578
3.8398901200630906
1.0336363035381633
3.2359702315107217
5.2375480573179711
5.5847612029753630
1.0811055072268700
4.1653359618613424
3.8366778581610350
0.8004490883429143
2.7687279249877053
3.2701993029131549
5.9565897217876760
0.4343492789762301
6.2722297360196855
0.6631696291629602
2.0993487878855444
2.0049085055361910
4.3811467842713503
0.2992976026765604
5.8127626231109737
0.8476133406344463
3.8855783758456184
1.7570086909592664
5.0114414631733659
0.9621397015611198
1.4184829657624056
3.9198175815595926
6.0303237844568613
1.0468286692208051
5.2594074446768317
1.3997071018302143
2.2952117026372614
5.4117767483729002
0.1230029721522565
1.6485909343548677
3.0733087425771410
1.9066798225724093
5.4422367265151150
5.0112277830119671
1.7923311883979356
4.0896372747811771
4.2216503946741586
3.1535581856949926
0.4032365735050892
5.2158502870432519
4.0655431998204534
3.1820478679982518
3.5733595558005149
3.2442409116550559
4.8452064122573031
3.6018195122251626
4.7063869011465078
3.2694213512413959
3.5122770859814771
5.6065073271207648
0.5100046442593045
0.4448994155202054
0.5931516192686271
4.2487117160973842
2.2189135422309079
0.6501094676189084
0.0304245293140099
0.6277845551551331
4.2342055199000157
5.4005844069782736
1.2276571722327505
4.7537778909820405
0.6200933918306621
2.4663355124148909
0.9175937955077732
6.0645472136659961
3.5946648576899149
3.7353757253564712
0.5306901526062240
2.0411324602540195
3.9143202364290728
3.1395639374494508
0.9903784477538142
3.3106853811529837
5.0212866412504740
5.9726670647117173
3.9252626439640181
5.1846025986366495
4.0044877228662026
0.8001603636524142
5.0804381477657099
1.2287564035518281
3.7443323473527252
3.2053320890573085
4.1154980659705647
4.4449803569889133
3.9192881110489628
0.3602249869830023
5.9799858849549761
5.2616008467263828
5.8218705405158921
6.1525871741892137
2.3955018327975077
3.3645984344675375
1.4073318061538076
4.3220422512821886
2.0576078975710144
5.0403188000540098
1.5833132370579455
4.6104141143106272
2.2986859285249928
4.1653062662933378
4.8058424138364240
2.9006319318356764
5.2813028920796263
4.6504007733282400
4.4386540889497184
4.2078588662072116
1.0382138746538954
3.1622284310862918
3.1942110859489072
1.3152345927423319
2.5200263686567959
4.0559555671238430
3.5406447117503377
4.2399411385692236
5.8377516535735516
5.6796633638889524
5.9822827015058850
0.2786077188618486
2.7415123820520044
