5.8586385633830940
4.0461208780505471
0.1638702611845392
0.5625312784063810
1.3898773886225082
0.3540722972711142
1.5790566929702261
1.6601162812922896
4.1972732616872293
3.4170303801447690
0.4590578635730737
4.2734781843077103
4.0748366504679234
1.7688502499277381
0.0085084315842826
3.3629575448296576
4.4543760926418576
4.0981596150579076
3.7331049649377919
2.3013394869638621
1.9541560017581567
5.9016134752896514
4.7180213525355228
0.6378178551358126
1.4923896685872131
1.2250529697403154
3.0598134832198474
2.2080992200393963
2.1038557023102253
5.4873206950089930
6.1243460309378372
0.3792102891301963
0.7869920053791556
1.3340931241604901
1.2726083727755768
2.6965152177612692
2.0465378731234489
2.3784560023068728
5.0657113658908104
2.0184656179572884
5.9731226585819659
2.2367129922071665
3.9095541912194309
3.3865335385278312
0.3893925330644759
0.1881431602324987
5.0677391931320814
1.9104509990671283
4.5826438070131150
1.3618106204270881
4.8754423859275171
1.5618942402470777
0.4334682003515263
5.5307588203514406
4.1319037283660212
2.6034314918362420
0.9517513393101157
5.9591559776497327
2.7844538146213105
1.3984000517483062
2.0482167280565782
4.7888543941349635
6.0412059778417637
2.0065082298486963
4.5385034570773843
4.3577161245247336
5.5256342025370770
0.6129932938906486
3.1472466334856386
1.1381893232270717
2.3943934670752012
4.0309697767136834
5.2155107002622003
4.1900990488579835
2.5147201311549718
5.6824647541644557
5.6369045716225239
0.2917032738842273
3.3860638834277199
6.2623581669204018
2.6849401640750692
3.1646422606620375
5.0248378330152539
6.2637031693829615
4.6270245445010021
4.5821911754775204
2.4551600877246278
1.8451999636590397
1.0802733405568530
1.5821850743855359
6.0271049864968367
2.5483190487366607
0.4667793212357459
0.1066442172154456
6.2822730534301900
5.6515086939465382
2.4049474545175062
1.1026525907387119
2.4582700535373290
5.1527600026329967
5.1580735962462914
3.6025252038267532
4.9304304075159786
1.5366417718248522
5.9311845062634001
3.4436751631169225
3.0175307494918191
4.3951044381897697
0.0446892525037214
1.8504164588999990
2.4186172465287803
4.7004212108151435
3.6776098542644928
1.6226714843837446
2.5461558785997767
1.8528233943280212
5.2039119382750085
6.0178214132081580
5.3627993847407218
1.9598935085186018
4.7076501357962508
3.0663013970570110
5.0975221036086404
3.0877157391118226
0.0207370152558893
5.5044992337160581
1.9636075325993829
4.4832655651584421
1.8401813864215752
3.9784155484276282
4.9944489052184808
2.0264358158890277
6.1254040672979464
4.0718964369270871
4.5472993793868799
5.5786172591547283
1.6273140945502802
0.7852711799802884
1.7946163570228417
5.6748054596405426
2.0723987133412267
3.0830149228527937
6.0879529068619718
5.9823081159572276
4.4860418318181869
1.4969320232507848
5.1242864135065274
2.0690679805670720
2.2887300179282302
5.9937623702206198
5.9242046458615887
4.8847461865458088
3.7550716082954683
4.4287538965062057
6.0346919957607605
2.5118555737883650
0.6254621016907163
2.3081114709292305
2.1490362900760842
4.7457967161036372
2.8035246215296419
2.3419105179053736
5.1390136418785266
0.7936484830976409
4.6262096246749334
1.7760794147902694
2.9462179118359679
4.0594281435247561
2.4115144319923387
0.7225819126691122
5.7138835889162527
3.3573394446604148
2.2840229339987634
4.4986004912132600
2.5593283094019355
3.8666577924479784
5.0811799972604081
5.5935836224627682
0.1444775669435178
5.8481606201458911
2.4654462195285882
6.0267688780836739
4.6412934373288781
3.4772094817009642
0.8601206942225539
2.3492203108811718
2.6810869033856286
1.2521579402862553
0.0328072724269877
2.7752071200296680
0.9312605355911681
2.8161059389813650
2.4264194633411882
2.2007537319873895
2.8449438246115735
0.1446227600470002
6.1974892439924050
2.5596510092053557
0.6455985226033822
1.0074382677944784
3.4043144659437794
0.2110591934061883
5.2917991777495450
2.0446502942840019
2.3393459114266930
3.0129650025158572
2.5788459812853275
1.1155456480350177
1.9092538740283336
2.8161285272609784
1.5315351951727958
5.7228520058530084
5.4465448150006770
5.4550527824239117
5.0278355306103588
0.2935838206896102
2.0469798323251860
2.0878511333080771
0.1797788599255203
2.0163080918566694
4.8143152986479274
4.8653492720226108
2.4715638430196654
5.4614587483737935
5.2201627101960133
6.1961830979998771
3.4450418105107024
6.1710972267138153
1.5210752290637104
6.0137452848441688
1.1246059984839691
3.0053911825068389
1.4725000906092971
1.9520305695044589
2.1189665972700897
0.6862266887074674
2.2276893692735817
1.5778652973164990
3.1880996204860872
6.1382313814105824
2.9929872839623388
1.1738217212615814
3.0946253729041766
3.6442125937341161
4.0404579874336317
5.7769938074182843
3.7609250311214684
5.8377813108445133
4.0533247358968501
2.3793292390367911
3.2384014364932714
2.2968545661755804
4.4383658140797113
2.8122393591239869
2.8110868163697398
5.6774647041836799
5.8261507370998782
0.8190159820435962
0.5187177362038830
5.0522442216007502
2.7714774371774560
0.5681962128813001
2.2482265382005338
3.8205659042402704
4.1629552502540070
0.1056991441810358
4.7116248638381029
2.2593397412141587
1.9976302639329533
0.7071497439674569
0.2395061457292227
2.1164687257921759
2.9822415802631768
6.0945470415400917
6.0683787821939363
4.1238665067813471
1.1081687187454772
2.3876480614318818
4.1496126577316579
0.0998493706393136
2.1849369738763507
0.2527874299125710
0.0331910705235767
6.0727202016440067
0.4888960107234153
4.7022584817609401
3.8886791916487895
3.4471429492426782
2.4295474536481216
1.9059769062567005
4.3461092412798186
0.8353265042167493
4.7108393059457239
0.0306875645094917
3.6957543942532771
2.1465102091553949
4.3236626614576563
0.0253495006935018
4.1197646908399816
0.3458000861108965
5.3830204374704991
5.2714631715828117
2.4261806402343131
2.7825662117517123
0.9449165764488604
3.6290981641484401
4.1676165403150058
2.6134469385638281
2.0078528007550109
3.4151887399150542
1.1522126522418654
4.2318989108971143
2.3801136878771096
1.4884801015991143
1.7064707711814764
1.8349239861552069
4.7023427406237630
3.0060118607938753
4.6779781730278858
4.3611140110988442
1.0380294251107536
2.8663491663208966
3.7324445266048283
0.2092708844387884
3.4720109733108409
2.6332052240921451
3.8961194394476819
1.7828427838579208
0.2444639608789487
1.6215816079300636
4.7981828683127885
4.7943082263712880
0.7955950473917844
1.5203431251396295
5.4195161323321512
5.9563807919787592
4.2939234000738162
4.9867582225707912
5.0883205363636046
6.0867255643562519
4.1946754740195304
6.1108927965378870
5.6520234418358628
6.0980517599762170
2.0682324298703190
1.7000416636421920
6.2620759995312429
5.3032079430607260
3.2522830034947070
5.2013920120613619
3.1215812165325230
0.5567483904393548
5.8477714181315168
1.2972746076936870
1.1236811572160834
2.5888928373677200
4.1052355052869718
2.8518669609324214
0.0992517288628747
3.1198454934472872
1.1675317880467571
4.6728149068185854
1.1707186676039774
1.3604272469445016
0.1914420723935721
0.5804364172924225
3.3317561131978692
0.2754365339569289
5.0292203058753815
1.8554731075932638
5.4063739584653927
5.6963744097778166
4.8568618710859361
4.2943996363043322
4.6026397200587619
4.6601076811906150
2.9715221153774967
1.1940878850854153
5.5991576374057654
0.2892924355039369
2.7654431442837182
5.4008620636916733
2.0792734080660162
3.8693016886028659
5.4879418622646314
3.6305846150525047
4.8922059608630812
3.5510319337316751
1.1256043635713702
5.7855578110170587
3.0085985277920062
3.0533294406091454
3.7478192388323794
2.8803094846888677
0.8091629801160488
4.3499569951050026
3.3121354249313466
1.4500947901118122
5.8858239738904086
5.2181900911855763
5.8400471069590463
4.4649259419645357
5.5668286560545317
3.2443230994848724
1.6812539991764446
3.6190910029028980
4.3689800647154318
5.4108979294543147
3.8329176910771747
3.0054210289338457
2.3677359011609558
1.7514151691444904
2.0499170163834237
3.4518088590067535
1.7566922680982078
3.9626701064247438
4.0340870138112166
6.2397588184185375
1.7339838735778501
6.0971924621716065
4.9326524863104551
0.3031741454034809
5.8540044523404111
5.6336875346012905
0.6218409041705414
3.9662193644452457
5.1283613861030126
3.2752352923330870
3.7551003893904693
2.7197006189802235
3.8257197114066819
1.8998757518976475
2.3881130489857183
3.4900128746009478
0.6792898162436516
1.7114975398287802
0.6035434596425595
0.4515491025750636
1.1668785830451005
2.3475550465763471
5.1915347656399344
3.2069740274561278
0.9252278642993235
2.4076383040801517
3.8346149347291436
1.6825764168701287
5.6980228020789685
5.7809744328118411
2.6352047483241465
5.7845834881157909
4.6539629509026934
5.5419139640272554
2.9601291563620560
6.0721941564777628
5.8492935423768957
0.9291418813770288
2.9603503873756414
0.8701829970942088
3.3953212474884791
6.2333565129350959
1.6297240501791896
1.1448178948218819
4.0134182904879649
4.2153169241092376
6.0845652312688019
3.3702576015892145
0.3285031970390430
5.4152777103982181
4.0103367584668552
5.4121028761242149
0.5815628082108750
1.7470778139844307
1.5446213722806950
2.5370656789307504
2.9576960525248550
1.4839435680381683
4.8687844213012292
4.8808961195063310
2.8224580802973538
3.2622907311072611
4.1429302295471908
6.0154668898694394
4.7568539104454137
5.0157251450419542
0.7236382847579470
2.1107572778748369
5.1580674468891461
1.3691925195378478
5.9821411593408413
4.8044921737611217
4.6040234026336568
4.4133062865440236
2.6249648903639469
1.1673558364609791
1.9612161206646819
0.5154439528557713
5.0749274541324363
4.1652955998683314
3.0443910214648020
4.1337224728218604
2.3946789323181954
0.8768572572003250
4.7052095701759029
0.6498376763215380
1.5440259530993541
2.6360354577063068
3.5072751283207588
3.9940341769814078
2.0683708906098612
4.9892533194441606
0.8338396509236421
1.9732312946150694
3.0439804841674825
0.2414665855741288
0.2201747913887678
4.4816094955552828
6.1765101399179319
2.7883660866212021
1.6677013730415489
5.0201861144781494
0.4997326957546301
0.7346132081632392
6.0946640383596193
1.9694085561004500
1.8604052611896285
2.6227597910238907
4.4016483281145620
1.3319020224559930
0.0089700810848404
0.5336275759920257
4.2059797837750654
0.0090831110476342
3.1316140923972515
4.2720582553120083
2.9672016288542991
1.9763510558653792
0.2016631400276646
2.4271761463155337
3.2511248114329470
6.0780178537888343
1.2005826534697464
6.2679451513978686
4.8490161293735818
4.1314967447885307
2.2732049237553245
4.6063656838109619
2.3209011919829781
0.8174934872912482
4.7556532247858456
2.8252302789622128
2.8383370286267384
3.3145306152424521
0.0550107113369831
0.9240814206334471
4.5512977416850982
1.0582265808841582
0.3419055647865636
2.2724822446761150
1.6288177211988539
1.8182019033567283
0.2526940990901587
5.1646180585562309
0.1136888120144658
0.5533277887524041
5.4907235712754137
5.5083106341989412
4.9579171001961209
3.0647474804397747
2.4043851570090484
3.8125923332746585
3.3774092280862660
2.2102681615537021
1.1697924811331040
3.6686798373995622
4.4313542225849121
3.6320690256779016
3.0490298332622099
0.9711791635149530
4.7985195065336281
1.8761036588737248
3.2772745985854055
2.2657864692913883
3.2834776559303873
1.6283589773308753
2.5611289982473990
2.7697327861770251
5.9806990012055978
0.3050995289892042
0.3750062098210438
2.5195937633487655
5.4175796698039740
3.3861550195134176
4.1245004090573101
0.8559255788260269
2.5892566539973050
2.7332347228061762
0.4898510874861053
5.5446571454160756
5.6653544925069070
3.1864749498679350
0.6677186546247197
2.9885168047376340
3.6534168278983943
4.1228810944614862
0.9515118926978996
3.6142507902774983
1.3518937185019755
3.8340777771389227
1.2782076239461284
0.9065395781450722
4.7137512356156002
0.9748861190598935
4.3341581303313603
4.7541529810551859
3.5357839252693779
0.4688932112078514
3.7595737129161564
5.6833866074207702
4.6818066570664403
5.4108617977651399
0.3202428837534269
4.2572226775086444
4.8747251999854022
1.1138808741787758
0.1275414481439646
2.5545029188289448
2.2374572222310865
2.5706599853262677
5.5308682697208615
3.9935117258777169
1.2397205315497963
0.2516293590099942
1.4434824201513170
3.3561599892884217
4.0226609906816533
2.8838635689806225
3.9319004182996338
4.2138339076993878
1.4884150697325178
1.5243892190947292
3.4056416779711882
4.0190658277781433
2.8299225047779113
4.3678872517349534
3.8145920443025862
1.1024198455892065
3.3865099915628951
1.4797669959495927
2.8506015342318443
4.4410795401504890
2.4836172363521110
1.7801829123074058
0.2500358056874891
3.1280962516078610
2.5553142372971349
1.0317409103505875
4.9557822123750022
5.7426846154830651
5.4718650235594621
5.8984016434389090
1.4203419678111791
1.1367126634970814
3.3305145301485632
4.2859822627817259
2.9690752242482339
2.2935331450983099
3.6723142679861880
1.1702064910668000
4.3659196485737324
3.8717749841758082
1.2221238746895360
5.9523090811526815
2.5086434023803466
4.3585922865043587
3.2661028247810160
1.3114141904002572
1.4594450447207514
4.4518606676955823
4.8715764516550921
3.1703526451598600
2.6367527366404344
0.9766852533642391
5.1665902158565871
1.4242423263797372
6.1374483550736558
2.0107239986227254
3.0124115352571588
3.7131993215761061
5.2482544020517405
3.0141758880437175
0.6513735078749251
5.3622768211639542
5.3046784776962275
2.6565583318306620
4.1848675056044113
5.3273960378752552
3.9662308130169488
5.9641518464495329
3.5417231347353426
3.8861605913410910
2.6139861286149504
3.2751328216531230
1.2938778561955599
2.9342192422088571
1.5052330973457504
1.6767674851159680
4.8881159643600833
2.6741697679785430
4.1806259462507445
2.4014173282331974
3.6106205342398709
4.3820245027151046
0.0232736938535180
0.3901548973035515
0.7961032937697282
0.6038299628210452
1.7357351684499258
4.7374076074074711
3.2477308198946560
1.2797850060499949
5.0578858698821501
5.8829473558833181
4.8959060181687635
4.0504222898476980
1.7567755211227869
3.1418345004129291
2.8230125364264596
1.7470521931934957
4.3353221959536405
4.7045298679857765
1.3542183220104571
3.3145816716302954
4.6632502575020469
0.9264659988580342
4.1216222252851233
0.8148884984791464
4.2780647386285029
4.0119015284800863
4.7453202534296963
6.0298718120723027
3.6007591133312480
0.2125928583074596
5.7619378280750455
3.7125518255533607
3.4107055680098255
3.8305043910051109
4.4380047779455314
3.5702427738945524
1.0525793401902579
4.7916100930984999
0.1784426566235847
1.4127511488510618
0.3495466599894479
0.4496638373832937
0.1205406455746846
2.5837463652470696
2.8810211456968982
5.9209010919418539
4.6966285319073693
4.9396036457851427
0.0644005180882917
3.5573753974248365
2.7555957890774381
1.4762284703674897
1.0064958421922121
3.9592125485734653
1.3590413617965948
1.9040964145422847
2.2362007452173414
4.3229718079043638
1.2518729956244250
1.7626600398808598
5.1933420914727755
2.2923611887348279
1.1316786432068067
0.9634670602879469
0.3793827416524709
4.5064282508532765
3.2023782787552051
2.7811082390809481
2.6607340158447048
5.3735805720934717
3.9217903683282485
2.5589992552447050
3.4810153756127900
3.9324260952153800
4.1571546201859526
1.5041038818754628
2.6296420348897689
4.4993088632320859
0.5581003075116955
5.7538745383844656
0.5170978657037429
4.0228217712430325
6.2083692357070044
5.5557919737950892
6.2656082240614497
2.6885763284830535
6.1886649950476755
3.3935321193507360
3.6803013076710296
4.8917414904899941
0.2896678156615045
4.7908505012722413
3.5381860147282440
2.5316813171659796
0.0363824139635465
1.6840307511383523
0.1874364947294596
1.9235621307667479
3.2171841676025634
4.5600960278439233
4.2211167801859037
6.0405874212016055
4.4780014615140349
1.1431625042022344
3.6294526001749898
2.2606833054739761
1.4646429635598353
2.9072605475721365
3.1774689305489061
0.4280353652188877
3.1597826049586910
2.7245701396211066
4.5870522246827683
2.2674721317979070
6.1162747571388474
5.7723492146651125
3.6707449089234001
3.2075874598918901
3.4767004652471551
0.5664320106041789
5.6846764271707864
1.6755614366667273
4.8940965523197200
0.0615149161212679
1.7955389704471238
1.0040521530631683
2.8024054104462395
4.8019339570278117
2.4841654615106425
1.8251372128099166
3.9434900372290307
5.6534395315781412
4.1787230118816057
4.8310903065337394
5.9741877292046972
0.7430329440204504
0.5952043352592538
1.1267529926871276
5.8095343991119819
2.3284134034369477
4.3955206467441013
2.4345285069490918
3.6706425359797730
1.4060913178927743
0.0450893770567274
3.6346948645760739
2.2169891740766463
4.7831789989646376
4.0645832566999722
3.3580395959002014
4.8136405703180136
4.3055608460534422
3.5102756993778521
2.2893417681397330
5.3392510778069759
2.3276534459982239
0.4882313024186757
3.4011859004242844
5.6330971836950532
4.7130622095004311
0.3049778359006499
5.6213171073120947
4.7873259483353428
0.0689991506546821
5.0949813650871247
4.8780852303349613
2.1545227251717805
0.2487332603546050
0.3236658043864548
4.1593316830545906
4.1193404708279564
1.1289105810079101
2.6449979692256353
0.4783774584922304
0.4641422181706998
4.0362931742357206
5.9755664827125594
0.2054286981776086
4.6641840215993096
4.1458608285972165
5.0892342562327322
5.4774899924495042
0.5157515073167279
1.7959868682109255
5.9995930451918760
5.0966547087067822
5.1487301343243788
4.8962432648221030
4.8594877335680904
5.0886159549218037
2.8878973803312884
1.8006307189694959
5.3203403017231956
0.7031923692571402
0.7937531762787442
3.8704641474775729
2.4794934040669481
2.4017215138815797
1.0913040375096748
0.1263662604191227
2.5639177551926875
2.8955383610468814
4.4904444502143930
0.3973329642536867
4.0094576246012998
1.4521497041609388
3.2990659592049321
2.9232817399721411
5.0471378501946127
0.8935504332214168
2.8580744418472128
0.7047916877227199
5.9348394031988772
4.5595231429237559
1.8957272439430140
0.5073901836442893
3.0098179885802052
0.6332214385807367
0.9718358109066876
3.3370433530202464
4.6279506081097699
0.2298500779802194
1.8524446766996767
5.4241092169082554
0.5751027601874982
1.8931710839183042
3.5126821554032350
1.7839079104986046
4.6294650480729196
4.4998755858204156
1.7537075929938768
4.5325983917374364
0.2375778068396207
2.9055526099340279
2.4244472285746625
4.9308154807155349
0.3943236852290817
4.3277985087878932
5.5496517789502784
3.0282258889779117
4.1604352651062833
2.8288047149275806
0.1955623252537411
4.0926283784012263
1.7307456024103327
0.3158048244654464
1.5689794362021994
5.5226941789101698
3.2568465846845136
0.1136334852872816
5.4108925720353493
5.4721754853906956
6.0960299406206566
1.1401476586060948
2.9827937628674914
1.4933785272617366
2.0453442278647005
5.2727220993431105
3.2464375928591274
4.8190574806594828
4.0841192436960725
5.9922509871644820
3.0162684711984893
6.0978461402036865
3.4384628677754798
1.6081049371581102
5.9132676895928098
5.8033568329892962
6.2675057013190569
2.5399469296263635
5.8207728061909005
5.3227285525118351
0.8099074216472811
3.1713448102045656
0.5844338500114743
5.8648656472603324
4.2813476205896333
3.4015505827185808
2.8087005728320138
2.0287864979651866
5.6490923883421713
2.7079666212852236
3.3819919042102073
3.5063375724737420
4.4115744056913240
1.0875263390261507
0.5831947109886091
5.8788668218289670
4.6486947683920317
2.7031376135527010
4.8748585103632518
3.6713224361190182
4.1851425549744201
2.6658212321979335
4.4684426100404542
3.5776711391483609
3.1572423421906182
4.8796913749432926
0.0371237888465830
5.1288106867822432
2.9867121573095203
2.5863604824500577
0.6323001582004898
4.3864794530876532
5.9726236125662071
3.1803552307517728
2.8796452174293710
1.9618904095988579
4.2819184448168794
0.4342663433155143
3.7828066104076012
5.1755954050217046
4.4058312997771862
1.7297521457832488
2.8032351536350291
0.1281133091958389
2.8335233918581810
0.4562518222325296
6.0579593863142582
3.1373337755357436
6.1452076481012385
4.0260040232954610
2.0463907242546280
5.7954996566738233
4.3644109858728655
6.2533523524026009
5.5969545554340820
4.8244875450744003
2.4301377291209607
4.2325804827505467
5.5173669536394518
2.4332574646564415
5.6038807634786290
1.1023868789429909
3.4576155545020333
3.3395215351489740
2.5084090265882213
0.6045395535073291
0.5754907778238895
1.9758833885944935
2.3985243220673649
3.2208448397774911
0.1605439520795506
3.5606885316041037
0.4897448074806937
0.9834694335331677
4.7394727079802363
1.9363395154286656
1.5851162626115156
2.1908202311582565
1.8825418468781407
5.4090616050424725
3.8083572983921545
4.9152629209081482
2.2251629023292128
5.9472685806339021
3.3333882913832378
1.7270903097740937
0.5579876434696299
3.2561608660138841
2.8267181327126596
0.5564922492120186
1.3469837521190593
3.1620199424741733
5.4176534348984733
4.1371396674183485
5.5544451777230126
0.9314405705917199
4.8126561450472094
4.2665172396108861
4.9264123538172768
0.7320192565603827
1.8810975906669185
5.6147671524475671
4.1697320117716403
3.2578230959719936
5.0918973763042201
5.2383706924995677
5.9069667565895871
2.1245743959585761
0.0292582352613585
1.3890811146642297
4.8090908051035521
2.3417748873950415
4.1828850324611029
3.8455733240227241
0.5977743987065209
3.7146956616356026
4.3491367858745233
4.8036467671925465
4.4387441044577756
3.8760502501103780
1.2211971685607146
0.8364665500205165
4.7755809813069838
3.6457780802093436
4.0519484773424415
6.2644821666504331
3.7764233359984161
3.1525138195117997
3.9500742110124833
2.3626519661092740
2.2389025528126298
0.4046936807201733
6.1032146205411149
4.7491520327456813
1.7883200676714095
3.1215548815191636
5.3567463954186278
1.9142498618259844
0.4401970046472163
1.4938993646712100
1.5321062711823046
5.0110367327835892
6.0991779151547680
4.1318366050494779
2.9133868188597707
3.4967284541270596
2.6719078596906267
1.4382737587465702
3.6226484246944839
0.6509287546048868
1.1639942073246559
4.5107097075740104
2.9414175984820043
4.8577120748436586
3.4956892563182693
5.3838187645188018
5.7926474162593911
5.0308809973869000
2.9478370347384577
2.7152007108447380
3.8006718568740925
0.4444737175609397
2.8586687296970297
5.1984400884793169
5.9580742911276499
4.8306212647829616
3.6216818334630640
0.6584777946463942
3.5084228675623179
5.3460770357768048
6.1645518486394080
1.4844348597987242
5.9652458880788499
4.8115859878885443
5.8970024860426609
0.2182473773950455
2.7639353028899794
2.9969483300408943
1.1319022722396390
2.7813684232067666
0.8268401286658577
4.8852894573575849
0.1438780627842214
5.9287628717787930
3.8364622667362487
0.2793327234461069
0.8248049451986295
0.9126148408101403
1.3474966985243446
4.9254558464655807
5.6774566319055868
2.2716856420546407
5.5824166809221234
5.0686225320507834
3.2932308184571424
5.0807979549561493
1.2772579538750068
3.8691130067590631
3.9322820599273904
2.9738609575285406
0.4524403941037207
2.3661443155887496
1.3695685900240211
1.1425228574570288
0.6579503310270887
4.6774368381091893
3.0157212448601354
6.2269803693437193
3.3599055313948711
2.3462840869731307
5.5137644790330524
0.6499521638142179
2.9941145794791675
4.2185121494366147
1.6317200158636433
0.3570244476140002
5.3223282535890526
5.3178159952437047
4.0637204237717155
4.8590634271842079
1.5647662746488531
0.5321140054953136
3.9575887787120592
5.4786443002197291
2.9863565969977008
1.0310064125769294
3.5867017843456903
2.8522960804806186
2.5545448063388703
1.4794716148424818
3.1316875399173134
2.3993093793283733
4.5836763340578166
1.9451812611356760
1.0529880778020337
5.9965847468586233
2.7506107431038846
4.5166445648363265
2.2658776141863100
3.4455098840882852
3.6382966601084554
2.7192333124188024
5.3755956334340969
4.2776421209563260
0.1446376020707965
0.3881845318507250
2.4081748292292682
5.4808214863974696
3.0262517178198807
5.1536219767325226
3.4201780987120913
1.8659802425524692
2.2829627545581430
3.3237636882576469
2.0330070195206793
5.0172854588968834
5.0469436287092257
1.5475689538396489
5.3050455956800286
1.9118415587804101
6.1221254958224955
1.7982453986583833
2.9732694957886832
1.2708013650262131
6.2742536529981052
1.2975787847666613
2.5324998889308366
0.9723390227332863
1.8999940703947715
2.4198774241534222
5.5206261726857999
4.0158015240707661
3.7274704060998043
2.4852420700187641
1.6273018486574573
2.6910186116601640
5.9472555228946460
1.0942424825293855
4.9342940175130305
4.8230123048012521
6.0665179699185696
2.1102175064628867
1.3543779420598225
5.1259440108455046
1.7481507765143596
2.5318880499496226
4.2568975639059721
5.7561460106863302
4.4850082694293825
5.0421691993599751
6.0163071424305272
5.4968257983558662
5.2003665654511657
0.4517198394696785
2.5808619282345262
0.5239650019594293
2.8092553336026258
2.3132081651494594
0.0444260871300757
0.3196148448952674
4.9487284375739877
0.8706760759041139
1.1113428594699639
3.2406818754722186
2.8413766469422295
0.8636325365598458
2.5643542782905620
0.2690156354190152
4.3631113811467124
4.2780033269760409
0.8741507683159203
5.0912124514434360
5.6388728249688151
2.4872716507583319
4.2309840667725274
2.2485659710234440
2.1378733117982871
0.2055851271469252
4.4174098164634126
2.9819774403995298
4.2031129254383366
2.7877189082021112
3.3584619782545406
4.1643387056250480
5.2091620889354715
6.0450004921237648
0.9722027595101489
0.6885119566065590
3.6460766161297617
0.2389292667552070
6.0387109178194542
4.6434069247338314
3.7474400218732233
2.5540030768986179
1.2258937389856925
1.0912974013210759
2.5276956905181041
0.9938616732718414
3.3403871657101454
4.3679417618594574
3.8764887344156236
5.3663450514315789
3.0666318166957889
3.1544147439551837
0.3021742842752836
4.4974217040952045
2.7325807140152145
1.8989422697207958
1.0705045789650578
0.0393866256876459
0.8098223649607280
4.5618948503769063
1.7668262855367651
4.9231340018816292
5.8993463364354044
0.7420532505040939
2.8840408950149601
1.1250939863582261
2.5365684329312259
4.4762081776898315
5.7450379784921735
1.9677577262599151
1.6054551640144745
1.5131513392529730
0.3604288655451347
0.4886271321175488
4.9169259392519447
4.9321891029947649
5.6496936906980864
1.0504133001056948
6.1048520024746793
0.0680469624212695
1.8669429482556710
2.6375779570237041
0.1889904787474637
4.7416610427940231
1.2745932596016487
2.1323767955782715
5.0508317783376269
0.6910223801143524
5.9149101714341192
2.0630172726741929
1.2206711808614228
1.8159085455409711
3.5848594881281559
1.2365152084999018
2.8590505582548693
5.6720940372152509
2.2034029885362902
3.0881149275210014
5.8637445154437735
4.7616615067370418
4.6110843113914521
4.3579043167894822
3.9267831211564652
3.4513326612218216
4.6249889029466758
3.9149317202489273
3.3940292233491371
1.3619338851848024
1.5475610759626868
5.1318032327524250
1.3505144321046727
6.1283646354769328
5.1051722227975667
1.1079352495275541
1.5262018446551182
6.1414437892945166
3.7590364621101524
3.3943658592683463
2.0890148228483416
5.5579547492947610
5.2900000427098046
2.1801235468888436
6.1284090833762503
4.1018248266063546
1.1863076049471826
2.2816140573419026
4.1713901667028619
2.9716042097518569
2.9961269049721015
4.0636448903461702
3.0512537338302157
1.5237423563138095
4.6967913254713212
1.2988248792164598
1.9453798059023726
3.4767058340785075
3.1972251729866534
3.8290870974416746
4.3806695395207482
3.1515899170084354
1.0550705055175533
3.6304710921914269
2.3796630617942043
2.2294132895795506
4.5866046795537727
3.2570420749151401
4.1479704571227476
1.6365279922827840
3.2430167959560277
3.9126112795145360
3.8637337413378408
4.0340201823962074
1.4879514221345893
2.1309247818310491
5.7243431824943807
4.5969659136372485
1.4554078334456644
5.9571165224773477
3.6103591037869078
4.5014507538996549
1.8187075459906201
2.6532633635010199
2.4785795303579894
4.8042412242055734
3.4483745111145723
1.1707614576709962
0.8837268674160771
2.3007250700506683
2.1479465789712848
5.8737952475692845
5.7854292142861592
5.6454878002947284
2.3985092950718507
1.9616675709820985
6.1911145036217530
3.8187790314230754
1.1025028079470827
2.9095572392970719
4.4757306975143676
4.5350781577666677
5.3201185931524391
3.5722048799053034
2.4723256501881328
5.4582294717451703
1.4969459518592771
4.3415608120871783
4.6330731915098475
0.2645610054498577
5.4399555165132805
5.9600073969574208
3.4763725226157485
0.8746949240850975
1.7997761263939911
0.6746460932438244
5.3907652766503862
2.1376063170977355
1.8645762131393755
4.9648234179543067
2.7408533152570298
2.2064247840623237
2.7130293526269527
2.9210689122164202
3.6939718271466377
3.9828284338426903
2.9920451573982367
2.1823855877396152
2.5303661651171510
0.1569404825872424
4.8654981046012251
5.4051835676715045
0.8648087761886551
3.2236753935533398
3.9325546159228844
5.9761659031680772
5.7930292781659833
2.2247001250349818
2.1944427795573493
5.1908558977214128
3.0331956038955878
5.1132139813291140
0.4268962447492077
6.2068234288867155
2.0768341986342329
1.9814606221148237
0.2738010204849270
2.1010005420310729
5.7022457810580152
3.6977699704674594
3.7271136414674064
5.1417913604510534
4.1490732876405598
5.1640348085542627
6.1766204743460511
5.6858707883564259
3.2874224440327815
3.4110416062190456
3.3131256578806938
6.0043188797078999
4.7294248673911836
3.1462237173736978
0.6170634570803584
6.2015657995466764
5.8240323724940311
1.7761091489047276
4.3543995938127082
2.1077536296183812
1.5818379965156590
5.6957914224295836
0.2355024545946928
5.2346908115387727
4.3089790374247929
2.3939875664675196
6.0735547633270404
1.5572992020449681
0.7606448483179732
1.0358489063223137
3.6233656942828167
3.3050980046554836
5.2014501051788509
2.0039346831168898
2.2887026417637903
5.0570234938801715
2.0400878643225462
2.6706285504834839
3.7785822724570179
0.3457190942329852
4.3997139069149522
5.4049486296542151
2.5355834340701024
1.2045678036267888
0.5877640569118093
3.2239395316361370
0.2121806436182721
5.1758725743341927
0.7650379698614999
6.0592701245186937
1.1213339434638105
3.5203390324326835
0.0360168097639065
1.8080095298724270
1.2919579966277634
4.9902913238614657
4.1761056699346648
0.3814088164582680
1.5898030917794974
6.1168438127433395
4.8272354295811795
3.1159519228896833
1.5631759480998890
1.6876574333942178
0.5982886072874580
1.1302558786726189
5.0886215066244294
3.8621368121511606
5.5687639856407376
5.7511239764157391
3.8614908233658531
6.0566403373023769
6.1623706381377348
4.5468075780734765
5.6142629523731777
4.3512576452048695
1.6679955937063349
1.4524117637358374
0.3755098640296954
0.8581725169248977
3.0031243569265413
0.4446832755682870
1.6121602840514033
2.7187111402557309
2.2679220964008358
2.0133116974538972
4.2269369039296603
0.9371269193700900
2.7275774586004702
4.4779691736348806
0.5309855100345996
4.4302640555989159
4.1852995338078447
4.6409542961318815
0.2709206119986307
3.7815269310946187
5.3996958481963846
5.5769531587035406
1.0491217016382239
3.8678023033900413
3.2525685554276356
4.9648380054224894
2.2152106780793632
5.4323880142390308
1.1339341699070351
2.2888900799776648
3.8516296977314366
2.6514823202434115
4.3366865273847539
4.3270769084076894
5.5020417179211636
3.7777617136643067
4.4787986808864098
3.0562760783036267
4.1333246201582083
5.6216295891609969
2.3735865886633172
3.0678581624705972
2.7046452940443073
1.6117525196153999
4.7127724601537357
4.1499666897321763
5.9865075104641567
2.0650432073394049
4.1456444414635385
0.7122844349321226
2.1606636670772068
3.2335942796098349
4.7099421183909911
5.1597335900619381
2.6379558875186895
3.2316779710417167
4.2549125676708766
4.7411113979638930
3.5052843704713541
2.3054540369590417
5.1481900750345844
1.1587020052659271
0.3233945432328614
1.3539384728092807
1.4740371858174726
0.6357220462307547
6.1868791669438208
3.8522198119844906
2.4079284888292620
4.3660797985395652
5.9825540452629493
3.3253567068986207
1.7337824114449989
5.4863235112508839
3.0525753756969962
3.0961828395745905
4.8059894397872887
5.0893293810376559
1.8213430622077622
4.8908054509655692
2.8770647348013636
4.4469648117955245
1.5396808889645968
3.4682132532588064
1.2445070458816332
0.5657061365562850
3.6734734036378800
0.5907738058210894
3.0120172846798003
0.5205157074713436
2.4049946918195650
2.0197460915791150
0.7535766060299006
4.2905505880248045
2.0492169161235263
0.1710166505875665
2.5292079608820481
5.6205868845752898
2.3260054578975944
6.2725286877192650
1.7090306757423792
0.6104246929875187
5.4567620340473058
2.4152556125062983
6.1852847316445363
2.1172755335469771
0.2945787340445902
0.9921881961574349
2.0317449729903969
5.3053373826037244
2.4944551854310859
0.7952025617203865
3.5144328384882111
3.9875037475355781
0.1301071096826514
5.9482883051250770
5.5875802948038844
3.8051832966879076
0.1231311350061577
3.4544280289296760
4.4298870719628827
2.5385948206233446
2.5681476978407987
0.4994578237031450
5.5233094721770852
1.9398382386065369
2.7923892906479493
3.2511093173371206
5.5138861229088949
0.3953230414366948
1.6290480078264249
0.2171471300942626
2.2294091723878378
5.4245944089275540
3.7306618027863356
4.0060204020549488
0.5053767460237042
6.1096699566532209
5.1087367084375632
2.0187704847412862
3.9928500577851831
0.9763950275138895
1.7670493931036357
0.5060826758191102
3.0897333806060110
1.3516338304087980
2.1065514157748400
5.8175292984385258
5.4612046937558612
5.1032040856978220
1.8445484253442468
0.0555145934577614
2.0493636564982922
1.8505462257606233
2.9957386743022241
0.5756420578285434
1.3277370166698776
3.1501820743626130
2.1054693077989177
3.9153316590483476
4.6541428222372891
6.2810077871245920
2.6855523896082247
0.1334922026926472
5.9122329048035951
1.7457447052848452
1.3010181528845719
1.8326217086563075
4.1849236738140396
1.5715844914541375
0.0306286042248964
3.0785112643824468
1.6615902010100161
5.8739548540109867
4.8006915528129692
0.2290711555077140
0.3397720021447396
2.1590105736621310
6.2221155947670024
3.4653088686966136
4.0759780743281899
0.8975864610862824
4.0903462465800047
4.3790436496240916
2.6810741221658771
4.6786601343395171
1.3973052857088921
4.6486107325617763
3.1274011645973427
2.8253452742266734
0.5551764023312330
4.6817687432404398
6.1165324223331083
2.8960844329750350
2.8253757520691645
2.4478374080513943
1.6320393660910220
1.0160368358901053
0.5991374648416131
3.9114261890097146
0.0586328735841166
4.7230865362123788
6.1186165224416289
0.7282030871913729
0.0869336209297008
3.4315832388562861
0.3321165166916791
6.2106504963640781
1.8786683898437724
0.6731024652985155
3.6835182897388918
2.3623659152040948
2.2868253473534352
0.7520471882246932
0.5147201999695323
4.3228553834495100
1.4111453177866462
1.8604363567511131
1.5565447973671653
2.4769000971076758
3.8572811140528764
0.4122393301293801
0.3510963987938291
4.9981753384801531
0.7954770200895758
4.0440821721683395
1.4453941970090411
4.0731511733200163
4.5506307933613854
0.8074061874656481
5.1243301436402700
6.0897229782546685
1.2309009647720117
2.0218563992620360
0.5885385070023091
3.6920430607538832
3.0213894011737406
5.1274310386255104
0.3499423239839871
2.3897860594947988
3.9053295538359869
0.9385817560442583
5.9129509343501292
4.9136197248702809
4.6518321606232309
2.9936851472438297
0.6838029118110943
3.4249331946274824
1.4992971299388056
2.2279293810739755
0.1764383801212641
3.5445974217798102
4.8406960686897671
3.2472086026847222
5.5748148793568486
5.2920210814498931
3.6426148834669818
2.3730852721092663
2.9008879439640527
0.1911042741637856
3.0777120627890251
2.7944097400352552
5.0886702359389862
5.2800656632292995
3.0957482466483732
4.4981263351010607
3.4689473631258494
2.2142703125537193
5.6315441227723007
5.6237269329597934
2.6706117614055409
0.6689773805912067
1.7739751361184670
4.2803428086015343
5.8092833082456723
2.8590497890424080
1.6723199686379973
3.3092072001545820
4.0453576637518811
4.3961223428666543
1.4107185229262875
3.0698056161895351
0.1030575562979730
6.0525017262775318
0.5913636297178435
0.6994472361415704
4.1727788289493279
4.7457401350050414
2.2658099967007970
3.4494440483091484
3.5543497547292033
2.3344985854720899
2.9569970482079455
1.1959666710804269
1.2016456565088454
2.6080486389632211
5.9327421695562697
2.9317780172781416
0.2956118866491274
4.8268560572729831
3.5228991118486737
3.5612208771663365
0.7473255614765606
5.8218802300433135
3.2900690368026333
3.9567854333586183
1.8024563199681882
1.2953840164373127
5.2442640566373040
6.1690159357161809
1.3398262250093058
2.2575308033079939
4.0528611690438021
0.0506078519552200
5.3505594302511099
5.4211955531966094
6.0575355879520831
6.2467570157880159
3.7031666319821164
0.5313974931727066
3.2059603119544668
5.3800419750663195
3.1401531446922633
0.2624154938025049
6.2687171242624986
0.1452035865622208
4.8102126776090541
3.2566476329833387
0.7259702986170812
3.2934039763956271
1.3156112854457198
1.6577494263449069
1.6492227769808583
1.1759769063340846
0.0631969677643446
0.4482262352970521
4.8326053386717636
3.2875215647185070
1.2585250151565623
3.1081556857465560
6.1654048330458471
4.1173098565049608
0.6916650385888415
0.3467626719505348
1.3897396880506343
5.6185890163239165
2.6818938541285666
4.1929916445627313
4.7070412041919596
2.1627449590438657
0.8782422575738871
2.5572618958760187
5.2739882563486065
0.7948735215328253
1.1422734855938528
1.1647044865723903
3.3999398621019057
0.4195118053108106
5.1765422582945302
4.7919040867469338
2.8553930332155519
5.4560535180684813
4.7836125404165264
4.7451243076141347
0.0685245396938292
4.1203141893005792
3.9571187549571025
4.5425958667483393
2.6195029704151152
2.7980072175462629
2.1899804200891930
1.5627239081197069
1.5004558211593981
5.6372902985718625
4.5821690364184695
5.9561109138818855
3.5550499508904512
1.7608645035563113
2.5634945822542257
5.1114541888548262
5.3465073977815649
5.1581641946088013
1.7024252676221716
2.8052297216216964
3.5079743673410122
0.5526323077011491
5.1277953829219989
1.4626929893618490
5.1566719890955586
2.5070598649844329
1.6501658943004776
6.2025364635590430
2.5552031074359567
4.3607189592796951
3.0665455223024982
3.9554078926235152
4.9963314006240340
1.8060415849843268
5.7411997588253385
3.0169555716604579
4.8645074927381167
2.0792808221681280
0.5094867598907262
5.9518311574318163
4.1760487872567236
3.4811139555568911
3.5382386865860513
0.4713715549178579
5.3776965142287461
4.2907478979300571
4.8708362617137082
4.8716091056147244
4.3029238189006245
4.2654624075884264
2.1102026953073070
4.3459912252924449
1.2672721067319868
2.0689334655348706
5.0577499501626377
0.7714084432051318
3.7846767293353918
4.5270171361872737
5.0113815459216520
6.1838746220917464
5.3911893843095768
2.3956716965906280
2.8231798836284665
3.3488612216582632
5.7276883866832629
0.1288639193928916
5.8280907917803004
3.2465436509462622
4.0342365876422663
2.0326141856317248
1.1637877422012448
2.9195136579436500
5.6215110907734607
2.3609197306951391
5.5055858615552262
2.4557777187338541
1.6560341804360341
4.6122389062497726
4.1778500393196172
1.3062504066787990
5.0611094334161546
1.1599922102315223
1.1644958523166440
3.6542424013207646
2.4850987535151425
4.0522091471388135
6.1923942853389882
3.1945398658367030
0.4718069225969759
5.7485757176044894
1.8540401515841980
4.4723601597279385
6.0629453048071635
6.2659263656567914
4.7127005193763631
5.6755737681326099
0.2107741505213311
1.3652482871385390
1.3082495842008375
5.6051908538897175
1.0773014635802178
0.0718868808751699
4.3602550657141776
2.9430981408988006
2.3343908613773716
4.4297177658994755
3.3193796576791805
3.4216731152929438
1.7097284392588763
3.8957108255926030
6.0167409326457921
3.8511258170805318
1.0873654630830856
4.6821060506436796
1.1181921642283748
3.4817195270495827
1.1296353448708776
4.2913131977301147
3.6714216061117919
4.3172120707545396
1.7370289789380715
2.0877576696715758
3.4985547023197290
4.1796154036495068
2.0093402055288085
1.8686474366930861
3.1627722951181223
1.0538601882072769
4.2727051232185378
0.9298610236919166
2.8411614408678743
4.7536997438953668
1.8371426271971880
4.7305051364081230
1.0493565665393185
2.8478180902866224
2.0563196307935376
5.9525831311894137
4.1485525699506578
5.3544415159332388
5.5216275553845895
1.4700844378111810
1.6380926798206576
5.4649128823751569
5.1807724480566151
4.1072056080933290
3.9951563937069428
1.4375684707463923
6.0023722510477819
2.1484621287545274
4.7128401705438376
2.0673886681115148
0.6868427135864116
3.3951037518960345
1.2485299112616961
4.0484699541536351
1.4010781127123735
6.1106906095614537
1.5081810082834273
2.8277248129250960
3.6603923217564236
1.5098780302202024
4.4458922330743489
4.8129385952390358
1.1392988373866466
5.6419697677173168
0.0860001232266283
6.2703320215639886
6.1127060340700154
3.5511082500182356
0.2077120715603795
0.9951723751906107
4.9584052490673951
1.5172230976624357
3.1760858688463958
5.8943483555657972
0.7782249721056668
1.0665721413207419
3.7793644626595908
3.8342951595452903
0.7843287142616469
5.6577308635036818
3.1175893905592171
3.2416216836095608
5.9879013096405487
3.3583939624506916
5.4366103835990591
5.5679815200865557
0.8368401833689645
1.0582117206903361
3.3619885238299019
1.5635748502263358
3.2137354680425796
5.2048871503212029
6.1485836847242377
1.5682777846009557
1.3590718364320886
4.9579284570766466
5.7460882890054341
3.5337994845942728
1.1707264603357068
4.8737702991652716
0.6641223517563801
0.1903454293022521
4.8700922667021151
3.8546917539684395
1.7292092136392256
5.9880973212702280
5.9270285068000481
1.3267697591131269
1.3030983375643663
3.9364410593763819
0.7348228638642875
1.4664539870984914
3.3946116851574377
6.0045070069454551
1.3353583271162772
4.9354413909443231
3.6275092805294626
2.2393570852547811
2.6806511030928162
3.6255469426110731
2.9001163955742588
1.1341900004707974
4.3123667675914001
5.1258627185419554
3.6383657655918387
6.0546358467783374
1.4637920920161274
5.5329703339900407
0.2197530117501161
2.1439351971106313
2.5641741854461846
5.1658709663167626
6.2585551560155377
1.5947533789382236
6.0221080200256463
5.2764949088800526
2.2019238520722957
5.5452576951586074
0.7343157239386052
5.0722713040514220
4.9243294870283938
1.9943900836420989
5.4498888218096155
2.9599072979527956
5.9519346154090469
3.1331916602652257
0.7818957592903362
3.6851571889615395
2.3740110832581669
6.0414358533718273
2.8967356034234091
2.5949528192571218
3.2929546703362655
5.8079578108922689
5.0844737699354088
3.4291113298851466
3.8349882202562990
5.9472949229311221
1.1649809134298041
5.6345807620903043
4.6803142901237029
3.0324281331690264
3.8037914547020049
3.9505759019765931
2.5911857723011731
0.1571253409601377
4.5937229516884317
1.6772792342872997
4.2367517748488588
5.3512594899400332
2.8364782666803525
1.3196198433927853
5.6167516188437316
1.1311300952270376
4.5736011556163136
4.1812828619413169
0.8449987182571114
3.7799281806568583
3.7039987580549085
0.1524577314680444
3.8124322646227866
3.4610232047440621
2.2557732631248855
4.8150102230019289
0.9671570384922616
5.3665863208087199
1.1300021138748899
2.0775821495647731
4.6392342125857251
4.7894776662924698
5.9300608111562987
0.5647666932522584
5.3218158373133013
2.1764235239136736
3.0208212491300612
3.2308048142934633
1.1312099347212199
2.6011715382746643
4.3261952054975472
1.1273331196376060
5.9207704064526148
1.9172591881392249
4.2487255681058675
1.9395912888205065
1.6613860803037224
5.2834242320803639
0.6047059199086642
0.1097150786085412
0.3177802903522805
4.9385349083104391
4.7105251368675018
1.4823915044619809
1.4719706930677006
4.4944013786079253
0.4284052128290035
2.4504737911373335
2.1487574313137978
0.6004486466887349
3.3148109857868708
0.3246955431703747
0.1021356182297336
1.0600213196787474
3.2422591671820560
1.3842630811680581
0.5472037886671681
4.5806822471735531
0.6411133525426396
5.9479640774475033
4.4674043204408038
4.1317012561435194
5.2193689471198832
4.8888365107774092
4.1334315362622078
5.3447366283194775
0.7760514311985890
4.4872901728125738
0.1298544675017196
0.3096666680221255
3.7687509134262189
0.9457024486291603
3.9086284433056959
5.6317246117579174
4.2130388875963591
1.3373943105841297
2.6114911988109037
3.9265485735421004
4.1787084103835257
2.6652340950851103
5.2072382268989337
4.8647652467974645
4.2279022171862843
0.5456063726990711
5.9744455574279209
4.1277368673429784
3.9460942856005370
5.5915472300751974
4.1610593373244606
3.5655188335098571
1.3721410472446189
1.7975741224569375
0.8455999016152538
0.8938390760419296
0.2984929061967566
0.5355549996008904
5.1816033831261663
4.9146385546777802
3.3210996196815707
2.0742258459787877
4.7947270558661925
3.3319952302282299
4.2717292502774367
1.6758834644129161
3.0901822989182248
6.0881707058691301
2.6889098059987844
3.2650863339332168
2.6401844070210556
2.5037753204547091
0.2913143309789935
1.7516631393044158
2.2434585419979043
0.8183328605503061
6.0657281066505835
3.1050139078207732
5.6208104834826065
5.9887463039196778
0.4835862349247304
4.9098842415465800
4.6738044287312714
5.4433417856294959
2.2699236164150358
1.3249785119342627
2.2551826841564626
3.8718462865444589
0.8777450731847524
3.7034428584746584
0.2790068919464519
3.4194408294174043
5.1959589740771168
5.5591349671117172
3.6879486045179388
2.9456789764269042
4.7178474966547235
1.4271452764008181
3.2151336075604244
0.1226518174726562
0.4055119109606413
4.2978860478311081
5.5727294090992805
1.3294838335748840
0.7842124688786399
1.6050364299020563
2.4145141563782579
3.4063070249434446
2.5188775586122225
5.7682693442795356
1.9703910916838256
6.2522764031998550
3.7282533592761471
1.7178681823738524
1.9399432207667575
6.0012201333873740
0.4867725271481213
5.6687439094552783
0.1777689148569395
3.8398528693723217
0.1288198130313186
3.2091184927929648
5.3270161411664647
0.1157357592734030
0.2745646905505265
3.7450270809173074
1.9131240346737290
0.2954351703074933
6.1684601253381581
1.7241139281299689
4.6531677916770802
3.8884423138916757
3.9466788323882804
5.9414319512638487
0.0652848659280009
0.0092731766935403
5.3973144825084791
1.4352344703508884
2.0820536513044874
4.5503388253132826
0.3352478389662816
5.8771441384957717
6.0453098588895049
3.2319352577296940
6.0862779020695816
1.0878071414907551
1.6778656915120516
3.7197289962134890
1.3336304797740550
1.2119916920683145
3.2575794081557992
4.4949841382492615
3.9091967109013264
1.6472824293174315
1.7486447404610987
1.6060371202116777
1.1910198626368251
3.9520361177784538
5.6453580516808746
0.4093978657149314
4.8923943444088280
4.2025483242461270
2.2847965413511053
5.0996738710507028
4.5759596306248813
0.9227415858738802
1.3601678020444863
3.2618919549196419
0.6400756375772797
3.7743057145078818
0.3674751723670572
5.8939332773335940
2.4193203694445491
4.6506110925004611
3.4312562170952789
0.4929358153951996
1.4781809780307400
2.9257621664037456
3.7490851432194852
2.0743128748522559
4.0647312866759542
4.9738564048129144
2.8978054771653645
4.1855377375187377
3.1699588595421111
5.6206712182839080
2.2572904404674894
6.2277345463289482
0.2029194597633497
3.1371144228095513
3.4704002687317121
4.3707551324208964
2.6890756839218231
0.2635762488706769
5.0586867528913988
3.8726753643908580
1.0505877329017623
4.2618758579971434
4.9272239083718912
0.6594866417252805
2.0160078214672672
4.2913372222804131
2.2795721216175209
1.4536230618546266
3.5636085773407244
1.6398201582396283
0.3461348717270392
1.3758506828993293
2.6483458903023411
2.6624266571124133
0.3046289105624835
6.2296872274247024
3.1534779700654307
5.6098724255646211
4.4855461002527468
4.4336617588817999
4.0446388229938899
2.9029384683793817
3.1637571697119560
1.9037610803191869
1.1800673096929959
5.5751976291811403
0.3135220603879453
4.6741190457214614
1.9928150207852871
0.6667540680596707
4.8194361052020467
3.2965001879387175
2.2069874299387169
1.8733944199196213
3.5834161086520719
5.5579905045293545
1.5229952114477263
0.2827054556007386
5.0188755481686194
0.8404814461941097
1.6191804431478805
6.0359676617342073
2.5614574414856444
2.9871207870608791
5.1743172305046041
1.2684530680805710
2.5288627246570670
4.7324802095237697
1.5630246468264990
4.3474154705953953
2.8381619225333448
2.8875369633167471
2.1745811113148346
4.5990978244519551
5.3663853213868160
2.2054740582704850
3.9907785649098866
0.5822654991525192
5.5730828867477209
0.8043026813119063
5.2306040330879124
2.7169456790056739
3.4829743958674855
3.7952981129387009
5.6136269418031715
5.1753477072600447
2.4485397368207518
5.0856904436556496
0.4283219983615271
6.0529246857511678
5.1792598000619323
2.2809019159116612
1.4425799223622482
6.2354841039756952
0.1677281556051859
3.2233873935545683
2.0299521927132216
2.4572564456175403
0.2153751790873725
3.2868065203041836
1.8704664917069433
3.6957010426111774
1.9168862348984692
0.8550362663204367
0.1542112043524118
2.3528723852153441
1.5547451779406583
5.9457463953515246
5.6496942157839207
4.9572678215565045
1.4709724210771369
1.3930004229563142
2.9640506301375344
6.1189662095867696
5.1621043846738299
0.1872453852147471
3.5646791396571169
2.8645706664342607
0.6157039988992894
3.2011044592614093
2.6863022339189717
2.7316371689315195
1.8540724182868817
0.5315066486909431
6.1665449839151192
4.7390698095826815
4.6820845394260688
0.2605721866509837
5.8795483622506568
6.1911214781678261
0.4471667248011138
3.6481863936278591
2.1681860183614394
3.3016990918819729
5.4729370321235455
4.3800579578008048
0.7726739175949463
4.3397543343162504
2.4183362772359396
3.7639268100676913
4.1779476247795584
2.7310137425097785
4.4492949156615307
3.8153569526016642
0.5151019255188071
4.7949221213497815
0.3322288240298163
5.0218831575825682
4.1262137657624542
2.6399511393566728
4.4542054068995434
2.2153468669852763
4.1094251810058875
0.9128102765527432
2.0035437814009875
3.8498777882913275
6.0506961930120040
2.4864427772645836
6.0847169745297514
0.8594429760323841
0.2427741054981950
5.7307544830762156
0.8172182161266701
4.8833697239770339
3.3645664577236127
5.1390606138455910
3.3988369908065716
1.7485202740517238
4.3845292291222435
2.7224427809701250
3.7614023173210134
3.5033916817212356
1.1647487603019491
4.4227285500978990
2.8424670305169917
0.2712337745370311
0.2300672665409931
1.5747069730601502
3.7841589259286925
5.9771696309764071
3.9950950131850442
5.2043431370875455
5.0354903125848178
0.0904759135955455
3.1219063676832031
2.9244061772023917
1.3638589511973687
5.1825794255929765
0.6026562666024649
5.3367469630224962
5.1288872580345499
0.6830762547818423
4.5603690994716333
4.1873527091490583
6.0181377836007117
5.7106013648843463
2.5107696471007555
3.3091999800714582
3.6681918776169846
5.7517389905419929
1.6197130663274262
2.8609849921636643
1.6330123152095923
6.2774946813783430
6.2694739975814739
1.0521721581716750
2.8759381807545363
0.9107715618363442
4.3798519158253830
1.3705853591501094
1.1461901790398239
4.2938110191344663
5.9987456517613982
4.2128618748951299
1.2531055222916365
4.7117133184904034
3.4183608141952098
4.1618862021541565
3.6500430232359413
4.7018074918451482
1.8344982244023340
2.9696990578537981
5.4921508531003118
0.5648015190998137
5.8441812068152288
0.6284478211312733
5.5661016547290973
3.5610322716269107
2.7798994266747385
2.3217808393175949
2.4143581825371054
4.3039711612169240
0.7944412096469420
0.9174380031341544
5.5806548174308235
4.2969824266050258
5.7000576764728965
0.2755144249400833
4.9871858795459971
4.7107443009798668
2.1958915265430576
1.2052268050741477
0.3710730360277351
4.8631923210304109
3.8938602620040905
5.1031974422266346
0.2769719113715081
5.4571936398679481
4.6127753915702296
2.8085183127910844
2.0623921958027798
4.0276037162511020
4.4456365356195091
3.6893087369546262
2.6951270320535214
2.4597268921070556
2.2868665712908207
2.0337378256074121
3.3148646647387752
2.4815533703023633
0.9702807380272866
3.0727647690242419
1.6316990719894326
1.2799103710145794
3.5555864962415291
2.1356886583708352
2.8961702242435616
0.4603356785862167
1.2534857446955008
4.4540282750260740
1.3810093768764913
3.6664251027364156
5.8118158652342835
2.8334840126478880
0.3734590373660537
4.9899230880072523
1.9929600017906866
0.4410977482899791
2.4192717760688942
5.1579033681292579
4.6981640109218681
5.8448795021034519
3.8492118801932049
4.0766760311986792
2.6166820679827514
0.5130149510731342
3.6169706925721568
0.8241754140386409
1.9563417286513878
4.4601344882138561
4.6290552084850534
0.6112212102685289
2.7285185610645306
4.4171756902820567
2.5310239010225652
1.5604878865492489
2.4217536996149760
0.0417185945273079
1.9512779596872292
4.0172012842154619
0.6717402503140244
0.0139549842062359
3.3000132960111834
0.5505495827147915
3.3641738841423581
1.5851026749748593
2.0839818606664475
6.0988867643947637
0.9231987926972587
0.0124966225130147
1.2290006024434863
0.5285614257846728
1.0239457352314434
0.5528574823344331
2.2124291435718120
2.2551749251115103
0.0179913493762398
5.6063611978503687
2.4939274446940725
2.1658311343922980
3.4423891797848754
3.0565468444243873
3.1515511041081035
2.6029012652666239
0.7482372720634202
6.2208245191513667
1.6093120920498785
3.1903650614938668
0.0811486081503549
4.7640788647618368
3.5051320063021647
2.2299984180554850
1.1173117783206379
0.8837036948385109
0.3325562930282356
3.9314733075985213
0.2191773273676100
2.7182480096578323
5.6029506600710075
2.8714517621768687
4.4345681792165434
0.1456509501646751
2.0914459189694816
3.2036214001100163
1.2896787575188171
5.0087987919854884
1.7281731286621764
0.3988217330997120
0.3805445877879234
5.2873922014243533
0.4963440740780460
0.7545306395007810
1.9281655569852219
1.2371927458795042
4.9887538730082630
0.0361084346645683
1.8154800000727853
2.9923022270411472
3.3400883023510595
4.9726708592684119
0.9938968988986809
5.8005999721352772
1.8320717299430682
5.4269954792939332
1.8241865979132899
4.1801042152907870
5.0211654278812130
3.6978755740882758
5.4797319192024867
0.9960977297557717
3.7861776432251166
5.5193335619548849
2.8030820505671858
4.1345300132482770
0.2374154714257243
1.5378979954659062
0.9417415674578566
1.7592426630323166
4.5009211279472758
2.7011574816439539
0.6612497230878915
5.7744154141444870
3.3062668949563077
2.4253423863700299
5.9460064600864415
4.9981485851087610
3.9883635469756622
1.9915220973908641
3.3894284428991694
2.2210681506554133
3.3134114717190783
6.0268476712508310
1.7224615911091750
4.5097865997605862
4.7675796015781753
4.2278757212131231
2.7506565311627220
5.5344982612268341
3.7827780787060470
4.6066710110395155
0.1144443908841973
4.6950797182332398
0.2769966774885368
2.4564393889215279
0.5556464909944444
1.6522686748566728
3.0041993149978810
4.7617087008885095
5.1629490479808595
5.2123663299453433
1.0886858656977596
0.3489109359078979
3.5473221032325060
0.9647533225611986
4.1212224948327574
0.9314201774823732
5.8731507369571707
0.9319449316882963
3.9959942211897204
0.5652207297107652
3.0928614873011142
2.8336079993124339
6.1913478930634627
4.0611873994801817
4.7492991885032430
0.1095569275769113
6.0567939130076622
4.4388591871635947
0.4083146053282820
5.7046705303290324
3.4574459263954243
5.9404886617392325
0.0209472789842343
1.2805452472798371
4.4363932636143435
1.3668780135916045
2.9470884221352986
6.2418361967583857
1.3039239922297163
2.8049750460098970
2.9953583697944559
4.4526513274163069
2.1339435266876854
2.3775519358602213
3.7254731812573296
4.6711761901390423
3.4676232922081871
0.1424223532984681
2.6069781157812377
6.1180474089915018
2.7754738655519016
2.7356000941373466
0.3248627035848506
3.4508729559241269
4.3639416260968762
2.3407494138035898
3.8116699075274694
1.6129278035229229
0.1164455677004246
3.8074303123315896
3.4005557779784903
1.8590407537393203
1.8665788353863331
4.3598867914103261
3.2986840112389242
2.2223936501873247
5.8831460895821364
4.7954701894715939
5.4033552861114931
3.2170582282162923
2.0786438850878697
3.1817897694096202
2.7465038624124349
0.4649942788153315
5.2962871814925983
0.8903645596481798
5.2404951569397822
5.9618564406447421
5.2621463969017022
4.5648585866408018
5.5026969175254923
4.7988718810321780
3.7613407614064318
3.8764838028285982
6.2693900108370046
1.0610063419527969
2.5235552035705728
0.5501813188355614
2.6015353521799724
4.2113315319479101
3.7076705422659253
3.9270564258847238
6.0133410447382811
2.0675763557348263
3.1457436116814415
5.0392107442602621
3.9215320561691978
4.8983489744005890
3.6645186849975793
3.3031092041048074
5.3208013443177089
5.6990494388711381
5.0094749905291946
2.3454991294432936
6.0279913061107511
5.7248673016661300
0.5707360527325823
5.3327231116452589
5.6826405276560630
0.1938561957003546
5.2245984535451324
2.1564767343282623
2.4733961658562915
0.2040360236725711
2.0036761002756696
4.2915171755091244
5.8127171797322044
4.4372759789629441
6.2267385959923480
1.3458800254444443
1.7358705780348411
4.7352731164407755
1.4931857795721790
4.8465417808653948
0.0885565182690933
0.8237120100069565
2.2212104327866453
0.1285338888217115
6.2293390460142275
2.2252596755053293
6.2424717573343473
4.2904876052445644
3.7355349791840848
2.1211886387723502
1.1290577707846241
5.3650858876794612
3.0274458343024957
3.2878693478325918
5.5628167602127219
4.8903568684842815
4.3889702370053945
4.0132898840674596
3.8271650074658670
3.8984986799008587
1.8674308907888200
0.8789291975458116
5.0843419068402946
5.5281554066414644
2.3785442849544274
5.8207945330211430
1.3616543014294624
4.7821215238497903
3.2939343635638942
5.3324790307850920
3.2775365182635925
6.1813634425730486
5.4754564497753755
1.1605566194216335
4.3381271718325314
1.7446254930263019
2.9936952772093739
5.6720374441440180
1.1449313613014429
0.3796354740306154
2.4937506070964894
1.2551973934671248
5.0283947553176080
0.9484016627175572
2.6639742278285157
5.1277034983390894
4.9690000345426153
5.5638490783080474
5.8543685369833920
0.5117429543291688
3.8779590147123710
3.1551535659376739
5.7167721702685341
5.0760020667658790
1.4570685254594304
3.7415879082817227
3.8476287892544421
2.8876148279424818
0.9815254342128704
5.5027277202798608
4.0706484604154651
5.0195744671431077
3.6713210474227820
0.1869274472568907
5.0575743569716725
4.9040446758841343
4.1732509379490095
2.6254950229142211
4.1154561917073655
3.0047818031324240
4.6858482406221862
4.2776236830825827
5.5461962224615959
5.7711407854088517
3.1876219349319008
4.2850216958886831
0.1708684395603851
1.4116992641792880
4.0558462677999794
0.1387366456674417
1.8934371034463637
4.1662860837281501
0.2215344856522850
4.2235626333002143
1.4396367140699589
4.8579884742527080
5.2464696246756217
5.5473168224543565
5.1660930453709204
3.6834284451190293
4.5361251353186658
0.9319264417743643
5.7110588219978897
3.0232466794023125
3.9127004219276897
4.9174465846734554
2.9219503647283238
2.4602627420021039
5.6322610748413870
0.4915184322395253
3.3606028144287849
2.5959195313284829
2.5669361577051220
0.1078380015302540
3.7570049708693491
6.0331660613965647
6.1029751738568114
3.9153360163199933
5.4811486850281712
5.4283257233765019
2.0142356144176374
0.1526907819229734
5.0427054715758066
6.1737684920273823
3.2054715500379136
4.2771502390243663
1.5799521688537461
5.0403670332816946
4.5041156344375715
4.1353323552926033
4.1978609390178390
5.8370261479440417
5.8941216498357010
4.4499363076056042
1.6774547812323144
0.1678101194151237
4.3803873870490273
6.1631396914111463
4.3057712976424547
6.1722261154664002
2.5694323496828164
3.7765660476500793
3.4865583346338971
5.8922282833173574
5.9449590975228590
5.1717648191750998
5.0845979321968047
2.8492569271710386
1.7716925528191281
2.7115780603647197
4.3833627060925080
5.1165646816617132
4.8747898651432484
0.8688015393109394
4.3432468678770535
3.7405539425622263
0.5515105784149387
1.4155967478171898
5.0368885833173049
0.1503766856126101
3.8053349882965763
1.0769097043674252
3.0666726718118373
5.5167945888750545
1.9660673656189307
6.0900658812530226
4.1314717342445952
5.6162171680358535
0.8855918217014535
0.0923061463917670
2.1922963536911348
0.5284148900247555
3.8301065144395992
0.9550564707737963
3.3185409843628690
2.6160487303823849
3.6851679367692833
4.4817009434461372
4.5321951743526983
2.7062051012355575
3.2920043860203241
3.0387847960349696
3.0018209246389671
1.5607439229717655
4.3097976634045283
0.5971806116157791
4.0235956886844528
5.0777929457313826
1.2156154210466230
4.3283816330445788
5.4846772001031416
2.6693854994571589
2.5888763499929461
0.6627436842378103
3.8724236182751346
1.5773011981910605
1.6219731608788055
3.0407517409161775
0.4422819071971179
4.3278052676004579
5.4562761891955729
0.7784792424924543
6.0890566888744670
4.1759988795578602
0.1422312321835452
5.4014876860491263
0.5156142788266980
5.5593818482801591
4.4951595001485449
5.3826286717328617
4.8168743322384344
4.3623796433732052
5.8759091681327114
0.8173097769867047
1.1175531340622959
0.8356947248887038
0.7806381138862439
1.5597617742831809
2.1766096635473233
4.7106245762197743
1.2197717373941386
4.3562709227307188
1.0938864690921364
3.8241389206431085
1.8196585852149929
2.4357849042411241
4.3446489340957628
0.2721269765844849
2.7859241602078306
3.7705752200228595
4.2648184045053377
3.1960473883736018
3.2601973448149510
2.0765895472018538
2.2149031961086898
2.6113548545927689
1.1851991426703805
4.7719870399046167
4.7683666270448359
2.8702328065845562
5.4361454196183434
4.8325007861687919
1.3013449103675767
1.0721504982789540
0.0207040593892069
4.8055144316240463
2.8711714907427508
2.6275386954220918
1.7962814668380322
5.8723036513120581
2.5273357099618576
5.9279376777013280
4.0794984452876770
0.0667482885411773
3.0628723821283503
0.0824559992180772
4.5247490659336203
2.8186862747419701
5.5274665541525367
2.9729001338467800
2.1518914818016222
5.5127108588505811
0.9403106225820786
6.1470008325073806
5.8814903302151897
2.3713814275050504
0.0576705107709006
0.9358684233895228
2.5208789778086724
5.9948135982357078
2.3794037808629445
0.3152144454257365
1.0388727452851203
1.6193811610913040
0.6354241198483705
5.9821607686324985
4.6718423051250619
5.6024129572071075
5.0250369590201327
0.0888919178471792
2.3388518921485826
3.1794332825299576
4.4317091340120180
4.9905324654563161
3.8443333635462982
5.6194826025180209
5.5867156031553069
2.5883586642512935
3.7194654369746214
5.1479965346286320
5.0715729875162525
3.9868669679797755
2.5285790654718583
4.9270905774414633
0.1972789437174633
4.6257280139913846
4.0976397951695445
2.4960981295120099
6.2660220838066163
1.4162908447161275
0.9771500272497516
4.1415045270744351
1.9351986082727297
5.5868786305522811
4.2372554147966524
3.6441002873104575
1.7227550484503860
3.5729201934138630
6.0581893519831969
2.6818613598782104
0.9598168783978215
6.0177474072086632
3.4313923347932977
5.7463805368072149
1.8552890766056807
3.9541886353122515
0.1863490360381426
1.1667007082268408
2.8134952667191020
3.3646495917941617
2.3746811994552930
1.8188281335883718
4.5018797654352793
3.4734104087080810
4.5138597259575040
6.1940299106653551
1.2318264593935380
2.5872055997031671
3.6689996289013043
3.0501337762633915
4.2109245361799266
1.8522355991092700
5.6075343264923614
4.6025676731123069
0.5977401249924588
1.5797226463880321
1.0356832986823037
1.5708159342875210
2.8239223504846507
3.8271608293765143
2.5516334085301500
4.4157467846479905
3.6094511080570983
0.7868967287154137
3.1660914283254495
2.7660629823396752
0.4456576853243974
3.0200230277651889
0.0888582423930286
3.8268754046374553
0.5771641905694938
0.6443679234158756
4.6223334021081515
3.6309746553208280
4.7162542264837191
2.4183752121753836
1.8539003482343717
2.3807815884581673
3.5509288059368171
4.5954860789630692
1.9395009319827405
4.0960704767960525
1.4433176616879884
2.8680424818838559
5.7687175599655065
3.3651259082562182
2.2274202598701209
0.7216978192310475
0.6477148861585378
3.5995639410098668
2.1229935243029936
1.9167659583213306
3.7641191669327494
5.4498488554339239
2.5476260473636745
2.9827745681000581
1.3657533039087528
2.6674093668494847
2.8158148791342805
1.1938441837817562
2.8805140918776972
3.7394964427453590
4.3453258837527571
1.3181035465265485
3.7923242040219356
1.8488964196166366
5.6014806500988819
5.8070677087724993
3.0238461594525292
0.3586193686001662
1.6328154438172882
5.6948314019105810
3.5248079580217033
2.9992608902211493
2.0144590510257698
4.6868441987904150
3.1684157797977006
2.2782023674969882
4.1906571948729230
5.7150802067734370
0.7476318205331762
3.6736690317722531
0.6667354739935392
2.1183954632234405
4.8158260059611120
2.5528125209087764
1.9707912010274489
1.9291107001054633
0.3639259161871197
1.0691757098472112
3.4469996668081091
2.8035320580150653
3.9549428182117463
1.7439040691045087
1.7358803230575943
0.9217766397166172
3.4317750256480410
2.4950931271330861
3.0728172003854679
2.9378148678254865
2.1913767100650356
3.3810960666481518
0.9831677465800790
4.9316625361750113
2.3410241020533178
3.2912279566299962
2.2355886618529963
4.5291469355054224
5.9784898064805985
1.3200792995433979
5.0944623466286023
6.2828898696387450
4.9571942279525443
5.8146590873125863
4.4450105782287528
6.1543868098877521
1.2268012755823439
5.6557686248710910
3.7085050214386617
5.2970165539178931
5.3705232669057512
6.1001932775782386
1.4947262054681143
3.9632749955476250
1.2513517235252436
5.0288748674085957
1.5962152808365815
2.4552071311285477
6.0903570241412259
2.7496100441894664
0.6608619053844279
4.9682910777866507
2.1490346965009985
0.0978313677103766
5.7928345392435334
0.2617036647167996
4.4206806958778699
0.0211084963302535
2.1264207347088560
4.7769457141367155
0.5720843612783167
0.3728896005956858
3.4843588408222219
3.6491639714343664
3.8530372811451503
2.3803811056945023
3.9325692011170101
0.0246517824364864
3.9262009434262666
0.4932678285420143
0.4001813748957117
5.3939226926695039
0.3488877046604164
5.2398698937223598
2.3841989722518080
3.1565899941493432
4.6799564207743183
0.5061181169178456
3.9069002370527408
1.9183486165744046
4.7685486809612474
4.7944386079165442
1.1078966545935809
3.7764256980157880
0.9574940645387722
4.8450267406561904
1.6166534407411466
2.9506496541168521
1.8143489076362294
5.4597598162934320
1.2848659162443514
3.1180518562386039
0.3372206070147898
3.4055859967643878
1.8769987518628317
1.1485606648310884
4.9055834908118117
2.8482005697492991
4.6717478500300595
5.8837630385538722
1.4472565185137285
3.3316643861400719
2.5170313266920799
2.1835636889134373
0.5743377347936762
2.3452428691032319
3.2100572420240456
0.2091367247429853
0.2688147512678384
4.1148456510424900
4.1496070135732106
3.4041475205242859
3.7442234297352255
0.8801632455313635
6.0577882747980665
1.0008793338653426
3.5321754287756910
1.4530785565646671
4.2733661240204190
4.1305466355405649
1.6752186404436538
2.7990669883653885
4.7022457167690694
5.9026535547550827
2.4135704171571915
0.9580202749570593
6.0959150060897533
3.9743061564980247
4.5619461670970223
3.6500522188610240
3.1248933699457013
3.8165819068460336
4.2881530039829174
1.8775868918042484
2.9313712194814516
3.4603533843209853
1.6122099824446150
5.6574456119831389
3.8952312463721235
3.7697800369585193
5.4973917133580210
3.5550260764609822
6.2773555187516576
0.3191665683977185
2.5707998225459816
1.6866194158468715
2.3939037852113008
4.7558004961641611
1.9775633099643155
4.7227152741520841
3.6312899501040912
4.8757549147792361
5.0304449501532700
3.2489102144421649
5.3741143296686102
1.0571264005709013
1.4055513247026443
2.1397233186048648
5.0707860028879441
3.2816740881391846
0.9355148949344975
2.3673807454696569
2.9196529128648976
3.8353388099688748
2.7206287421256148
4.6681605578820742
3.2256094846004748
5.0351448813343662
5.7525446044742816
0.2644809149133894
2.1298689308321515
5.9445520600501789
3.6095922678854979
6.1483603515104450
1.6685259729614781
4.5218184413490130
5.0982178456853404
3.1258180922769565
4.0750225178142392
6.0924650609156439
3.2867037507849677
0.7773030568569591
3.2621433266611071
4.2276098594795748
4.5387613230837074
3.4766657679057640
0.0345431531170364
2.0101596515201035
5.4239855916239961
4.5680680721662972
5.0259036908387822
0.0742484644406028
2.0462564959334943
4.5958928659830169
3.7821727392892721
5.7584233775472295
2.2673426176154616
0.5623421621198269
5.5613828268149961
3.0209571268007762
3.9767688781717352
2.4574684238456097
1.6179746906187973
2.0841462716167816
5.9506286397302315
3.7237537311641775
4.9460741046446408
3.3949257866456204
0.0621065899182997
5.7170031518703404
0.9231589364629591
3.9034510775058164
0.4865703043713744
2.5459938040938952
4.7613239271568908
4.2504379334490237
2.1073346164180808
1.9219764247425113
2.2000808653453925
5.9816277096033987
0.2773467166847706
3.3062264422597183
0.9158689956408952
3.2063388182346753
3.0805224362667656
4.7218331644030753
0.0890251964864285
4.3611905382525569
1.4850794462354187
1.3266471360099046
5.8844465373476309
1.2248906811302276
2.9757258055786626
1.9540727990519844
1.2898058787061055
3.1273563111046974
0.7762620460313566
6.0846444610351673
1.4233217859970559
2.5776433425432073
0.5143778126894779
4.3247017922895363
4.1915696267702760
0.7910681432019627
2.3134399571080579
1.7731446840027789
4.0325456270673206
3.2616624808841763
5.6952146906032848
1.3020444815308132
1.9235599608901612
5.0796267064112754
4.0697337590490319
1.1952048916783147
1.2689192413856571
1.1095467099892258
0.7269606111621447
0.2509958155832819
5.1350474884596524
4.8102932179539852
3.1316454860275011
4.0173848461542532
0.7271924409039744
4.7990520976600468
2.1510709898618288
3.9423522378526288
2.8387710504186203
3.7660877439227360
5.7438702043286822
4.2460322873920484
2.4883616998042957
4.9666429594525967
3.5438826835991262
2.2831147992121630
3.9845678810221514
3.6125902651134494
0.5084980451311768
5.3825959268804375
1.5864532738843569
2.3294018261523406
2.7667201713967127
6.1999633211563427
1.7151915195911136
2.7841234091361020
1.7359838367324383
0.4942162291181351
5.4309523787705132
0.9678359164078997
4.5779119787191913
0.2378822820576067
5.7565610850304765
1.2157833072041597
2.1570942871532175
2.1251699016296821
1.5000271390345317
1.9944835309037392
0.9042114036844658
1.7945797586343561
3.9167964240532749
5.7854603879675981
6.1829425890078742
6.2831135334866985
4.5169136970203851
5.5275293468360944
2.1061906444083460
1.2965010755064306
0.2367721593481855
3.5600120815477845
6.0811776017002410
2.8851604874101318
2.3034956997111786
3.3843534317094961
5.9334418535612850
0.0798294061191560
3.7648073629438032
5.6300537672740871
5.8563972835223392
2.3243607990930819
3.8215892313865081
3.5741832105181759
0.0336585573325831
4.9819429315216874
1.7106743464620400
3.5122060069952581
3.3725022796385966
3.3813958128236150
5.2441263765513160
6.0614304661936611
3.1259988773589642
5.0159609433483530
0.0443228053598204
0.9180222005151771
2.7189251037632514
4.4987078618010292
2.1822228359044238
5.6289299883458987
5.1504392468687925
5.2405289122897019
4.0931646423837966
1.4550972325473488
2.5850980424477878
5.6030149942532894
1.2146419791410255
5.5714366282176702
1.2809327191346684
1.1678888377529690
4.3260955176369542
0.4351523396930331
0.9052008312434662
6.2347110915665294
2.5122600992341702
4.6266418294538365
2.3847941748306116
1.1391452156933930
5.8381957858238280
2.8522433719974423
1.2856387496730954
2.2709218403360643
2.5538432904658643
4.8970323406760317
0.2792433951788051
2.5168849133112268
5.6886054669565898
2.0775248027434015
0.6557510285520016
0.6228001438438419
1.0312450249685012
0.2983918788364563
5.6208809383765850
6.2241590888227147
0.5958140338128298
4.2436248013077327
4.8971824284683878
4.3052495567663014
4.8095295512534388
1.9129407173274937
5.0045027320697724
3.3889743198187015
1.0585897519880283
5.2489198775566965
0.9589527050560608
4.9565324213629403
1.9728012143186955
2.4144932531191827
2.2866919457859001
5.0559820198569021
1.6503666975216238
4.4698190724703437
0.8908135880009200
0.6923426233442722
2.2826659921926939
5.7692585450963172
2.2510319997757162
5.3589405275830986
4.2702595499520912
2.2590007896119282
4.0917296576862032
0.1281002749836984
3.4704376803624801
1.1083862154224633
1.5664995751040935
4.9647715676106676
0.4664626668462946
2.1632829369628270
5.4440905643458670
2.6231883471446000
1.3511151820666234
5.3866940180003544
0.0816705914547176
6.0835790984580971
1.0373171907638628
3.9720087894195943
2.2109944366048593
3.1986256184990847
5.2156314226647416
0.8508425630109291
2.3729924285662345
0.4791870005008348
2.6163141544373070
0.2579322353032181
2.1496440065035087
4.7503675033708834
4.2990644528505637
5.0729552132877922
4.9508192939338249
3.5606841820495414
1.5481392411269468
4.9505055511354588
0.9450880477612661
2.2957334273140444
5.2026215479579525
4.9284004694490067
5.1006316969938368
3.2695886902448787
0.7479236938621769
1.6388491124366988
3.4227785274726541
5.9568557803777615
5.7064503329199221
0.1264174064283023
2.6355704659216230
5.5094572691748773
3.3459246802538787
6.0067708305510470
5.8938462453469809
1.4901920822354182
1.0198227432931859
5.9538548862816505
1.7568664861517191
1.7542790637640751
0.0883672741074429
0.2604812662933010
3.6084049698388969
2.1803494366757108
1.5990044330731989
3.7316369062358010
2.5540685842901865
3.5985014827848620
3.0391595823882698
4.9259179566639526
4.8190333046638596
5.9938808829638495
0.6415015495948545
0.9044393322810196
3.0456422742709828
4.7484144673848432
6.0079693513065688
6.0058649173199976
1.7336835978077134
1.1976762521364719
4.6113345933462906
5.1233308488865781
5.3322476052763985
1.7133552398416556
0.7450584146915489
0.4935843552855467
6.0699833929609603
0.5655099541461464
1.1227464869360055
4.7150207692982269
1.3669961740580465
2.3491549532793226
1.4769833405456088
4.0619613606980316
4.0460684667900555
1.0355309824744445
5.9993755664598813
4.6846428853206774
0.8767217436231350
2.3581567800178598
2.5638710716476054
6.0242732965485501
1.2844207596906774
1.0446110719739026
2.0116612303860144
1.3075629576162051
5.1854999031292275
0.7704339897853164
5.3602478160117411
0.7827821365263350
3.1777907411638862
3.2708863328158206
5.4244904365412774
0.1408921619571286
4.1580876055572604
5.5133729271279730
5.2751196576209676
4.1094332508719296
3.1600153044440877
2.1207110004095924
2.5089308863178670
0.5737183764244426
3.1913013714581573
3.1956519582226055
4.1913452876046966
0.6279329804088453
4.9446567215218398
1.4832173302794733
2.5024034539192006
4.2365386056843777
5.3236932008646294
5.5157572865240114
5.3862429690817546
3.3952156992317821
2.8796401089964037
2.5167446916475229
4.3222164469792963
0.9178512462931713
3.0487989039227488
3.3508765857898899
2.2287038119030282
4.8404539186560820
3.2395626666064254
2.2839177548952625
4.9087902312857583
3.5590952441757113
5.0208077061334411
2.7163401887559160
6.0293379757006047
0.9536310018950114
4.5300352321622714
1.3791202096478172
4.9971614302907916
2.3140709247821811
5.8074982494424532
5.0349784357234526
1.2545041738580771
2.6591646192280018
5.3095348740722290
1.0682868647644121
1.4311429803173474
2.7918816011414789
0.4176982789072855
3.4172938570420346
1.4543243316506933
2.7064188345410911
4.3585585027666562
0.0661681938068220
1.5514280704862649
1.4247791875487705
2.0109378443743346
4.7562564875265929
0.1137535519120541
3.1070453040448363
3.8491601933328505
5.8164926879091938
5.1337152942562367
0.1446184245265500
5.3623049734177233
0.5949912754953801
2.1862247268993809
1.1226873380582407
5.8247991717669096
4.8239433449661764
2.2280230994872645
0.6171843106021110
1.7154022691916824
1.5292652216105069
2.1045880917468209
2.6939939518795950
1.1334742592313247
4.5378861236907424
4.0713319795690532
6.2667896309837214
5.1245363461348985
1.2865480097050253
4.5252421969959844
3.5017293588711591
0.4971965223631806
5.5882971184833492
2.8645839569556442
6.1151499595680177
0.7393480902868436
1.0943807819517872
3.8247093143980471
4.9273573130735002
1.0088393217175904
2.4162759696095293
6.0927557712128877
1.8954471202253980
6.0825101005831188
6.2282045231557239
5.9472405435245603
1.7974195800576607
2.3305994934880840
5.9356349919701392
4.4442686318677493
4.3998863758851954
2.5505961551213665
0.8834942891700480
2.1667268946906075
1.7943249959736407
0.4617909111785689
0.6816128300893047
1.4718661695016981
5.0791187618177887
6.2185078802314644
3.3204197402686138
4.3242821024738456
1.8652089317354474
3.0742663306970068
3.2404285734505733
0.1615073938344485
3.4990829207857770
3.0371523546790424
5.2954084821062803
3.1588747259086944
2.0379629168061806
4.6086164109782093
2.3351180982117730
0.0202619025673712
1.3263277393590598
0.7224190840944512
0.6659177281468629
5.8895109887733579
2.6088399461431080
5.0535970866239879
2.3131863123025238
4.4876225639178067
1.0048660804961278
5.5747566451629904
3.1393960028128407
0.7990041287654757
5.8314248829640745
5.1534628623419145
3.7830295982439539
1.3797221330776328
4.6140775599325670
4.8878668417598368
2.4359189846091223
0.1903981297033952
1.2211422387230275
5.4277094958622962
4.1185047044175631
2.7834823389650483
0.0775821243843824
2.6816534501951943
1.4669376631799125
5.0393698512937855
1.6498466078580272
3.5734417130784091
3.9144442561723110
5.6128681254134927
6.1349056431878335
1.5106387905339886
2.1043553354806268
1.9599964546968942
0.4657810983009785
3.8254820156559188
3.8023780379552998
4.2166380166154926
5.4763830499904751
5.8575973240938710
0.9415099468845235
1.6278611836451355
5.7020735050536064
5.7109437588081633
3.5364295250569384
3.8741282702435575
0.1214379635197484
2.5813070785364780
3.6153305193790075
4.3323095676669734
5.9823218443208868
1.1310571356236900
5.4998592562596746
4.7144047585588895
2.2183509381585003
3.7598906220422075
3.6275189072778975
4.3988474169770573
3.2414961090317767
2.5574913985894541
2.5217046830492604
3.0606685114919694
6.0021672906270007
3.2746913946263003
1.7847907820045634
5.8358924643577108
3.6542840198400670
1.6907292841665027
0.3998776012417867
0.6661413805008359
5.3292704623267113
4.4198876909877178
2.8120276825991626
5.5753147139228973
5.4374523549266369
3.2898636961320578
0.1113826971612581
6.0945553014827070
3.1972921146582034
1.2549476331690703
0.6510577851193771
5.2850033054345671
5.7251015124744953
3.7426458534359042
2.3199501593290393
0.7034854880771775
4.4848781795930579
3.1152419934688864
0.1836108314634786
3.5921527033388356
3.2244539243850339
5.1348010099296957
1.4458730300527105
5.0016543973693599
2.4462815746161075
1.0182294729378414
5.9476475829210456
4.2745861661243465
2.3303278677989128
3.9068321834373023
2.8814347049890361
4.8392744249532047
6.2049977747963894
3.5103072288981285
6.0807164260753686
3.9302070032478187
5.5376724344069119
3.5156663477835282
1.2084206473099079
6.1852685645818521
5.6940671230936113
2.4293602298914387
0.6710524938184825
1.6197359175364485
5.5075610476089158
1.6466629341286043
2.1527625426677388
4.9888405144771468
4.6924171492505060
1.8643305832855825
2.4837799490954398
4.3802865074802835
3.1597971523868238
4.3104022924633343
2.6493452312632386
3.4163949966542644
3.1853439981025757
5.3499424687971091
4.6808083131153948
4.6091138557642450
1.9297096579513848
3.2266401321322573
6.0077663036977222
1.2862192983726437
5.4741291618654371
5.0556693015629950
2.5581870836627645
4.5326786293642121
1.2379907486812840
1.2126974296288435
6.2572122468341522
0.3005443415823256
5.9985892373825598
5.2545044606983113
3.1619841535932602
3.5139127463537170
2.7369940013280676
4.1538116377609233
6.1307035591264709
5.2635505897530379
0.9911136905587584
0.6221624595925842
0.7525394261836031
6.1349432955667043
5.2905510444547170
4.0261796320828456
5.4207900693896898
2.1830796605743115
2.1076105851653923
2.5525365900312225
0.7909042124882117
1.9815746813984805
2.5433329503269300
3.3334976053152556
3.7121994314094384
5.3164639546999739
1.9483468346228243
2.5751275941396909
2.0330678404729685
0.8563553339258185
0.1956289076934002
4.8462728604164003
4.7676364058795100
4.7880597445161435
6.0674344692347448
2.4576996040361601
3.3561930083822205
4.5641943090106531
3.1671540817677704
5.7212263840843463
4.2435805679056600
1.8131635609542851
1.4742210881420490
0.5484773643213742
0.4832242496933440
2.8844722953717374
0.9624912190260519
0.9750991731588486
2.6711884240998871
4.1323410755956447
0.5352188783684290
2.4244526933183623
3.2526345797858331
2.9538416147289093
4.9335041842600047
0.6413312610001102
3.0887683596093294
6.1829202849694154
1.5790213902546608
2.4080870567678314
4.5783511072842336
3.5319228337154236
5.9414009223273299
6.2526956025896077
2.7575004029598498
5.0668838959204017
1.7888477772675619
4.0031504169884684
1.2054320159768981
1.0092651030326600
4.1181666700951336
5.2529776843906362
5.7326776171671296
2.9174364601718668
4.1877720763158841
0.5456547610684397
3.7737156377843211
5.2397707448542903
3.6787647846324023
5.7327710384325643
5.4324407108256949
3.5443511532791216
4.2791002728822836
0.9606958022313213
1.0882235832832645
4.9591890307894815
5.4805441785444842
2.6285925780480994
2.0717784012296212
3.6311340569971966
0.1615928474819591
6.0752508278733020
2.2402381664242279
3.9058206111680667
2.3259462942038245
0.8344320311662365
5.9725916293308892
1.3763915735136363
5.9444153728611973
3.6957730496832806
5.8603988936278109
1.6677506684022352
4.3841375906898090
5.5720731719862915
4.9560210153566793
5.9974830893621842
4.2730293806359469
5.4805395566062467
3.0072304335448474
3.6249475729962017
2.2025685672032171
0.8302923026577639
5.4207519683463836
2.3633501221355382
0.1148914668869724
3.7880276844028242
2.9293810931188626
5.8262613377390888
5.0948192470238780
0.0372056145548106
3.2123756331842901
5.5812284432433499
4.7605334031379956
2.0376274809905386
1.2096476679892991
0.5605356323086705
0.2009353633433042
4.7093124984242776
2.5260275757314732
5.8680770497324772
5.5971234849784608
2.3824302081102799
5.7393987530060127
4.9586120069234685
2.1597964521101720
4.7964961722974850
1.8277905668727079
0.1384966432498357
0.2265967704554649
2.3598826218277527
5.6939055795206865
6.1411325865195243
5.3895696763610506
1.1568322850487409
5.4009447338893333
1.2903315134657412
0.9385391199117619
4.3684254502172806
4.8287109000210222
0.7949380731832071
3.8151809145203166
0.7411141862041035
4.9211026001753888
2.8191745052022288
2.1575416688161084
0.3741382926705958
4.2273552177391887
4.8075321502361312
2.7808582913156452
4.7359900047459282
5.1377662689855557
2.1957596151597438
3.5050226760020879
3.8964964281527292
0.9856013904092881
3.1479658886453064
4.8431545086272809
5.0139283835343225
3.8589380303686456
2.3996330532617027
3.1663066711079382
5.3548320870501005
4.3203983794250513
3.6703875352332878
2.9682593870724001
6.0723916479506412
5.8573426985958363
3.1642791666907901
4.9451631644323282
5.4250474664844788
6.2088933558956620
1.3945568588572894
3.3221306913280899
4.5720978594046651
2.7074051882192354
6.2286848485935362
6.0814881633409295
4.5040444624464318
3.5559499398546142
5.1616977753134901
0.7455142217149515
2.7367638214450807
3.4599185838406874
5.2795924699844452
4.1190974909339992
1.2066049877902998
5.8569258309085788
1.0533682128746753
2.8589657190457212
2.9603341624673787
4.7509150045314463
3.1111154385213919
2.0267739673685954
6.2665740146836022
5.0590164775911770
1.6465135678240865
5.6174207277429922
3.3433023611472144
6.1893120982245895
1.9299420684664295
5.6333467900836478
1.1280412036727983
5.5643244526798750
5.4403076615329873
0.4466979624233519
5.2334039047220111
0.6374702763815019
3.7610253393858080
0.2068799449514850
4.3996888413794206
6.1720476199022380
0.9812810817105503
0.3787328437480807
1.6364813019435600
1.2258741734771545
2.9975017322026813
2.9944896481091119
1.0196756215151903
4.2310538276969716
5.3528958860375981
3.4630965608399800
0.1047454543456027
4.2073785109247499
4.4622382552537045
2.6515847854902534
5.0483256129997240
3.2089838072331944
6.1422074154865332
5.0800627824887279
3.1558772919550884
1.2872372296145529
4.1095265567422743
3.9447688879905058
1.6428147628466596
1.6736286996946215
4.3384091637107334
0.3377379923499648
2.1299578984802467
5.4891184394213060
3.0074379595301384
4.1415544029894589
2.4669238298971816
5.7888353153252394
2.9577505033660363
1.3966224852207951
2.6237712948775256
1.6417755487985961
5.8312871742462145
4.3760171505601839
0.3010585265674506
1.2071345860575846
4.1297785349417415
6.2447895223869967
1.7437946517034941
3.6058113192713925
2.2983657012734997
4.2962786122296182
1.0297225805289876
0.2977043458755974
2.7056303456190109
6.0547670910628080
5.2557689875010034
5.0705373327813952
2.4457297216043328
1.8073723167572624
3.3860199335126833
1.3077189332957002
0.0372050133071665
2.1739291846062310
0.7710453065773943
0.8266631360456632
0.5386421841288159
5.1406196130192114
4.2303949479372003
2.6315626117668871
5.5026938229683200
4.2562743477894864
4.4814252004546358
0.5631152363058874
2.0812359706901615
6.2001605892788785
6.2482354301107659
4.5893809408173167
3.7296408851513432
3.3785026326589054
0.7675462221149860
3.3287366764138051
2.2003468419825913
5.9018252363147390
0.3187487811139232
2.5850409704355686
0.7701036529270137
0.8105821782884167
4.7799578484038685
3.0100649854508292
4.5998194381695496
3.1905341447211994
1.9348878986011475
2.7212249498187084
5.7446735165788594
4.2141377606228332
3.9731695231445476
3.9246433855249365
0.3163996580599956
1.8521638286981024
1.3716265771324700
1.0907910594992789
3.9335780867415249
3.4385477038171315
2.7672183817001139
3.6395835743397322
1.6842397809786589
3.7518453956889024
3.1218534467465826
1.1259755986761306
4.9114714575442973
1.6296118373836135
3.6845919721637634
3.9516229277309494
4.6133246223645408
2.4164582402049914
5.8564260990962671
6.1328812540221458
1.5512793979857142
1.3519619506065585
3.8591592316588512
6.0625526179935889
1.0126489272680603
5.2364310961447353
1.6739407950815213
0.2266810061571964
3.4712674945807942
0.2883596151346053
1.4655645213323447
1.8079808453595809
1.6893199236752126
5.7690940883537962
0.2684752545238917
0.4322767196327424
5.3146384093771450
5.0192870141842434
5.9464081531892967
1.3249034919991269
2.0695073609293870
3.7330678234669246
1.7352291401051245
5.3012701415873398
1.2617508829228561
4.9235057308128889
5.2439131030658350
2.1154144335143568
2.4852207382845757
3.1700453721389863
2.8941328034566514
4.6269609463897803
2.1819600806676673
1.2711951111429303
0.5350539752669503
4.7986817159540989
5.1571913619269205
6.0091975230689965
5.8695296861911315
5.0642640488570896
4.2268447472783874
2.9876668633044208
4.2241472422655262
2.6992984650190208
3.8459515280422369
0.9560541194786152
3.3958441730601523
0.6439600450075026
4.0050168467001139
4.9122627082945600
2.9382930471111028
1.3351412244817857
6.0388216531485224
1.1997429494429432
5.9468179399077599
5.6876709028862180
5.8543431176822311
4.9646279901951971
2.2465038302587081
0.4423044378880433
5.7531581519944277
3.1057617137829188
0.4020898267567578
3.2129865013015646
3.1860299203941151
2.2660487010980748
5.7781555840990633
1.9278733882851020
2.0028360339256994
2.1368415507211718
2.7548188548352872
0.9408705742957767
5.8746028966567074
3.4401185521880917
0.2023631418547797
2.6244981397912781
2.9844872441949759
1.1047893889750364
3.8278539555983704
4.8477345399142155
3.4211556197670756
0.4605260384424129
1.6595355431734731
5.2620921434507508
3.0761565843118248
1.1820217363584544
2.8544313370995931
3.5279675304264759
0.6486966039579667
2.8163447425500512
5.3195468231607475
6.1740009993208922
5.9294486447507184
5.5641670309410358
0.0583252209658312
3.4075131270319106
1.2666822188694942
1.4704675866811567
0.8618735654533304
1.6744205557687295
2.7844272924002853
5.0706082137538129
3.3854069374272080
4.4251576936774235
2.2965271904298290
0.5719348729743198
2.9513590511219321
0.8880374501674579
4.0244897205040759
3.0124305021044133
2.3709878090296659
3.0900459872076285
4.1804600027343559
2.3459579563802908
3.4039342920377607
3.6602332843520031
5.0705550673991180
5.5148745369593817
2.0744599130731767
0.3183384141460903
0.8528830216134954
6.2815034923836537
4.0078278435344652
1.3665440376184221
6.0129959259316887
4.6240118654310605
5.8600151868203385
2.0474467292046161
6.0637687780192655
5.9445034962001229
0.5212482785540414
3.7369665277151523
0.8429694219067654
0.1764688456751755
6.1130317651733179
4.4541103657531353
1.6630623808375804
4.4364668333577040
1.3777910328340974
4.9906445961744206
4.5717806929714673
2.9370297443775546
2.2365994353494001
6.2106902284783558
5.2651518504846058
0.4086975044508117
5.0054123023012211
3.6092993366860173
3.4539224050708852
1.1386355659049170
2.8958305400299795
4.8332244842399383
2.6536827773618046
3.0166025726176460
3.3175877074511915
3.8190519751395446
2.7481187890504195
0.4844668786775399
4.6571242762253782
1.2967733795235199
4.3890127510378658
4.4033749120264716
0.4760365358523913
5.2608772666240009
0.3840541409004082
4.3918873738783972
5.3719685370357588
5.6503153224405969
5.4413520487902858
2.4268345052215547
1.0624029250741394
1.3375317138393223
3.6899758763158892
1.8879586731674465
0.0818630468145699
1.3769990379850654
5.5768768671950362
1.0418759428249980
3.1243056582060249
1.7916750987550549
4.4012551496371213
1.6257610969736123
0.9455605133073354
3.7756381067797893
2.8623810579209623
1.6807572767785661
4.8964692211067504
3.2817798118280526
5.1019393779796509
5.0899593853259875
2.9264567462010644
5.9245744284072943
4.2491813766558186
3.3218719907705014
4.7615315384147499
5.6289732648879029
4.7462449208123552
5.6435401313254552
0.3105981056104546
2.7640372805979476
4.6559710165054238
1.3749951319297748
4.8068990568943732
4.2395133816925314
4.5163650080495055
5.3046187895019425
1.6683411154905721
5.4286338770861358
5.8954521263364379
2.1440244261208234
0.2111251206991180
0.7102566002639925
0.7059462967455444
3.5531068101039693
6.0454736214677025
0.4912575448987153
5.7413626300031320
0.3179909922083500
4.4158371649341905
2.8394807866158782
5.0478038071266953
5.1996761934017686
3.2237972889232620
5.1682694588602782
3.5767838774061897
5.0332703391547469
5.6823193926352245
1.2989327133734085
0.4494913900473038
2.5653227071695923
0.6935096170050362
4.3724837908348562
0.6632872145892657
0.1777644852758141
4.8430957181620373
5.9398679260802254
0.6323084280827279
2.7349063399046791
1.1812201783781742
5.8848072648390319
4.1196545542906584
2.6656706944684969
5.1159214209087036
1.4494851301116705
4.6133552255460915
1.7679156563131335
1.0770743467846817
2.8973617505494516
0.7717750584050710
5.4238031957019439
0.8208236998050558
0.7962285397965355
1.4362142665204516
2.0705790524769472
4.9978965655400334
3.1684818937784498
5.4640963475345607
1.5580639135973482
1.9889264235409838
2.0955227010769413
2.0544074520729092
4.4007350104240750
4.9367176532330079
3.5519130914341246
1.0605170415927132
3.9374112145097646
1.8701713925242018
3.8224730541396683
0.2240013141385541
4.7613348679180856
0.8307699829047559
1.5641557774777621
1.7229644690379724
3.9435737668411863
0.7891772286543841
0.8083238225820782
4.9129526693324461
2.8428384064609440
6.2480989746839741
3.3340244475159069
0.1911140860558092
1.5076572497938878
4.4438355561346032
0.9246576591907758
6.1345047923640745
0.6391177653333719
3.7517005050790329
3.0085980166508888
3.1695834402947707
0.6785273652644898
1.4119590687907186
2.9174583832951031
3.7968001813572405
2.1850396611744074
3.8043850593633497
4.7594373588902714
1.5892402423226757
1.1875605888501388
4.8914708717473765
4.4897791666778826
3.2352386707535894
2.0217904101380482
2.0071332150165260
4.4401861195855945
1.3728026674966751
5.3401231067673605
5.3600511372163737
1.8036170138322241
0.3131887863688914
3.6671856634136790
5.1168203716297356
2.2806314073277347
2.5534106807549333
0.6715944645998271
0.1351692149689181
1.6941035014071657
2.5921136927522119
5.7385708543489766
3.5508643433459723
0.8447964536133505
3.0611767659151576
5.4931255668777768
0.7006378314580672
0.7031200757935638
2.8259787005772798
6.2246876454495901
4.7651244041631848
2.9705056877757721
5.2336933223874356
0.4659811133145279
2.4399475034290439
5.5802616598606631
1.9944541347762967
3.7435770073856061
5.9401560221100684
4.0074581682325503
3.5595545971112044
4.1239291664709601
1.5865477141315056
2.1390204058284912
4.8442340971626123
1.4658966367867488
1.1649042211223126
1.5244905567937557
5.0075259977745565
6.0821848623236470
1.1965441383461888
2.5052771455557141
3.4366252373353383
5.7964989932121469
3.9439978390534445
2.1849248761446391
5.9745807212290671
5.1457938821506657
0.1740419504376297
5.9486308837175326
0.7085713527075853
3.9714251011450048
0.5157325790648820
5.4603313883991857
4.9203844732512838
6.1767893341331463
4.6512300493907031
2.7481256342005671
3.1602788704058944
5.0320516336465255
4.0667795558957547
0.1363063827380213
3.8187647304782466
2.6032845784995300
1.4157345798215382
3.6964698153884301
2.1282524451039326
0.0833733208628723
1.5346849991936973
3.3150952292579290
4.4296688513346920
3.3922749319888590
2.8977146039869064
3.0452685981944678
5.5317918605766803
1.4152406377358457
3.1362572947210818
5.3226765984067503
1.1440789882829494
4.6902294273119871
2.2206713783513656
4.2051181579655248
0.7327871931074831
3.6652892899220939
4.9267668047706898
0.2725028695692064
2.5418714087422392
0.0184708686385451
3.6471142971850883
4.4653852037268171
0.7967250026655748
5.8773140079557207
0.9082105255308011
5.6001800121189778
2.7288896404087155
0.2476326637636261
0.2396499270276011
5.8233305982263275
2.2627302553786151
1.6671276196525309
4.2065906208949650
5.8210174481943922
5.5287185400675432
4.7055369701996232
5.1988197459787715
2.3345930131959345
2.8423895142454811
5.3930486199993215
1.5539776540817418
3.3387500103951324
3.3368797419631906
1.8946802237106961
4.8326580254093336
4.8200278533790879
4.0142368636554755
3.7909773763401438
3.4624246559554575
3.9410147795082922
1.0269250065071807
5.1582193784752368
4.6647508320542492
4.5949367936009988
0.9020701393063921
0.4205053221862335
4.3795695954463056
4.9720007939861759
0.7194498389530012
1.9002157648242184
2.1204497122427579
4.2695301567829738
4.8337614326101397
0.8864149766694479
4.7945694875823053
0.0544483830117186
0.2857099893521552
3.7257740131507697
5.7441949339633460
4.3864579847561158
2.5101122229225763
0.2504072800728722
1.5913127862973659
5.4013407597759819
4.4303646305951911
1.3357494325607071
3.1484815954553547
3.4978984292305926
5.3162828807796760
4.0714465031521776
6.2593587728907627
1.1925181269291489
5.0518423601186644
4.1412164548572097
5.4933753113862984
4.4435116097878664
3.5685126406482932
3.6335468446469794
4.5814713306012278
5.0568785959659595
0.7614062306541864
3.2890043428561397
5.9170133133216227
0.3498875751022312
1.4016784461483560
6.1918807711654118
1.3993488289864981
5.5496907479217272
2.3472386979988520
2.4580161596882326
2.8186357390167500
1.3023498699818064
0.1490084846322401
0.1510645670309399
4.4423960713754562
2.9277743088420323
4.3523206768775839
3.0780468998859458
3.7315368586898425
1.0488676526674114
1.0838842854005202
5.2851672173564639
5.1682006980262569
2.6341535066561494
2.7949706283069098
0.8600677395514104
1.0890289299120253
6.2059667212224285
1.5680595215472422
2.6709960706596116
4.9683614130405349
3.6742976395030076
0.7949321819434292
0.0446327088201220
3.5889820942326347
5.1802502127534806
3.7837080376646046
1.4489530617825377
0.3499912627999845
2.1899848240473405
2.2997857715447667
4.6053770983871640
1.0321117869565979
1.7171186516859789
2.6584819970258335
0.9946609141646987
2.0680448772345357
4.2171845766722473
3.5827645862352355
0.7009658299354367
4.4747255435740234
6.0339074795629335
2.6498464080844033
4.0579141164781127
4.3048062269180125
6.0067836381752393
0.5503179390636763
2.5800750315842214
2.2072456730543815
0.2545566192965901
4.4030257331860518
4.7752846517415204
0.5944635193891710
2.6340765716807168
5.4543260867824568
3.2508067043248845
3.3167793687178051
1.8439412796323167
1.3203564900799638
1.4669391452962999
3.1313113306797886
1.5140543438620284
2.1423886572892177
4.1786155975116355
4.2900866691419326
2.1619943296253901
1.5553807445234937
1.9858298690404741
2.8418145369229384
5.3652576248898871
5.2447336971374048
1.1080198517629112
3.3761797836097998
4.9762443321860363
5.3983409558998732
5.3287845701401073
3.9720559649090745
1.7926938334428262
3.3667987662972303
3.4252994558204395
