1.8062129389391355
5.0982509680821186
3.6792752702679374
3.0186387793019303
5.2898690942182149
3.1556876065933475
1.6432420076093075
4.5082304116507439
0.9349357257217009
4.4877032700670805
3.1517622596000048
4.3664029749183397
4.3819108640485585
1.5786842628948283
1.9022738063128326
2.5326651791983474
2.2967260257651749
5.3145322126605841
0.3399388903745716
3.3068153728289191
5.7021539286472365
2.6376138791917523
2.3108100177875168
2.8859330079548262
2.4275928287113167
3.9215616129249034
0.6551497349489357
2.7878313255555125
5.5127490067727098
6.1281247702430930
0.4921780071197640
1.2248851173933932
3.2651248860933637
2.3938493115843049
5.1366722241235054
4.6686132470061787
4.8734118677000611
2.4696335013235187
2.2220718799010575
0.2385812205693129
5.8131603809685357
5.2185945344715661
4.4459407032663005
2.4339997624755050
4.7482556848143220
3.7373307821485362
3.1617867972174074
1.9057644431255634
0.1179165938621127
5.9004889980407205
0.1035564928075416
0.0953764379137368
4.9016967487716592
2.4787652879412065
1.1323992122999362
5.0923317654371054
5.3273047426225144
1.9108028638397325
0.7927393528175717
3.6353787897268246
4.5984356333219578
4.8567238992678998
3.6423624895708966
2.3707889373607753
0.4973886993368569
1.5760573023160653
0.7441376464977775
4.2572287288513477
5.6085868885448216
1.7091692195751618
2.4046627992152461
5.3133817580079299
5.1020170900611230
5.8395299475833351
1.9977171654577450
5.0931826003357310
5.7998087142199717
2.2937588808878044
1.2847295506386194
5.1453626153687697
0.8153595130628423
0.7210504308981742
1.6368399211825413
4.2477951827560032
3.4755767182092279
4.9495274013215846
3.2409325886854727
5.8553038999569438
4.6784909800702517
4.3611815354872991
4.8804951550068054
4.7192809150466486
0.6828714641164249
4.4974984253817265
4.1627386212377404
3.7023683506384377
0.3507552457404161
2.9540036670870267
2.4639349664796986
2.9718887427372365
6.2635503427660257
1.6665381546440707
0.6882054072966695
0.7248422979225829
1.7165562226677749
5.4744118786088078
0.6448926920210026
5.6385496004290490
6.0316202127790914
0.5792514936319512
3.9628949452434523
4.3098176560617336
1.9905260566683700
5.1285733643562477
5.8456689510353357
4.3004149840354655
3.2036425137407587
5.3179510202608489
0.1660615703509620
5.7861173199706091
2.9434439588814665
4.2859194981188793
2.4581441915983571
3.3061497397880428
1.4858658783151344
5.0365597103073885
4.0989472941265994
6.2015011178310582
6.0150523311880946
2.9197883351551428
2.0743239909972151
4.9552236555652351
6.1583163450611531
0.1554014482012656
3.5673090476014546
0.0069258594060033
5.4767210863896070
1.4789104144562806
3.9810427153658168
3.1581088811751230
2.6086410644541900
2.1322429652992207
4.5074450411617306
2.8848802266483999
2.3151355777730531
1.2712874400426815
5.0671135316023648
2.4227678251321141
1.6696640620413243
3.5042093683841751
3.2973038489622888
1.0817372420967692
2.6242681122975129
3.7324741513470832
2.4816927216260387
1.6699192100153679
1.8548996634946464
1.8541535511093072
6.0873870211213470
0.1179850368145571
2.9628528328519632
2.7805804380375112
2.5426388774093227
1.7032362030429824
0.2640411592462032
5.0847852523326980
0.2634577909807140
5.4903241828177638
2.2633629945938116
3.2310731449975720
2.5731430328578799
0.3084360232445745
2.4690076316414191
4.7760163997851990
1.7108970339078178
1.6676310865343742
3.2918312454787881
3.3415914548638765
4.5225542841467314
0.7409649181420895
1.3286595726963009
1.4403994769955855
2.3435615850171616
4.0292700874676726
2.5248725180558602
4.8234435814859715
4.5068052556542257
6.0767171197483503
1.2508999365698161
3.5383579956420315
1.5227871213407471
0.7421417917680467
0.7833832543350193
1.6661614096152819
2.7360898040239050
2.0859085210386850
0.5430594023645597
3.7350964543657166
1.7271663873963181
0.1186218963934232
2.1053707868735554
4.3002245937152459
0.4520517105275947
0.1531006828882663
0.3814032458328906
3.0187108411145860
1.4806935306051110
1.6762124015847857
4.2203274986555517
2.1057381181975421
1.0166333869003610
4.1177982463691176
3.0573262870513607
0.6368104705133792
0.9869328767874318
5.8820043125624970
4.9316413716820318
4.2178505302734903
4.5827086392383842
5.3544483679491073
3.5208020046001915
0.1912801398362680
5.0821274127078784
3.4200361236567738
4.4722027917920588
5.9782616261956658
2.3367860884572038
1.3354938412257376
2.3218018196490271
2.7579393675278681
2.3180915588686726
5.9011525817409440
0.0241268952066957
0.9578068956855884
4.4676815317380596
1.0372464132001422
5.6290919474492300
4.3066757166368639
0.6529986781391768
2.8917253239405283
5.7855942963160860
0.4206988262195105
5.7232438262891403
2.4918764952162062
5.2065775316655012
2.3667343329809798
5.0543042141954775
0.4560598381624751
4.8979647131701043
1.9187527589962974
1.4507754168974991
1.7028735202067673
0.1513045475522600
5.3736931653854016
0.1640850404000607
5.2583622352055217
1.7024660366946578
5.4468744238695477
2.3120185974029401
0.5504352660089228
3.1484821337553726
5.0005722624806195
1.6841540033438562
1.5442263531582963
2.4469595565892561
6.1802758087555079
0.6829792336679851
6.1502184154736179
0.1320111842059028
4.9495947439534804
1.5971202793494002
3.2280513872809129
1.5364428648788389
0.1468460431360814
2.6231449169027088
3.7137332351284802
0.4382306951681018
0.2138840181119418
4.8334182818073188
5.8704744732660252
0.8790836213954238
2.9168486608566431
2.4842219123146387
1.9841701754763950
0.1304204809788351
0.7591636011686280
0.9369858204277708
4.5825165067545939
4.2463315297034550
1.5303052334306066
0.6511021727604098
1.4512715692860345
0.3161442546746574
0.2666821736041131
4.8742835072216835
2.7396555975833476
5.3168130698155176
2.3114647085480562
2.1942429226664704
5.3234610110571010
1.1596680628179963
1.7348483482215662
3.5159329516682281
2.5167027164131612
0.1963186441935921
4.6421796826214008
5.4286908935621536
0.1465285982409568
1.4971473216563478
3.7121594943146787
4.1759255344136053
5.8991660466572853
2.6845695753180006
0.3803817065467934
0.4888220837675248
6.0997960137122567
0.8844267385314849
5.1765284034561567
3.9378421763580063
4.0975801775121496
4.2588118459310014
5.9035165618726415
3.2837893153132187
1.8756937113139791
5.3779736453303526
4.1386816671025652
0.3174172474211120
1.7446393329940428
2.7390272655903045
2.3221100177536638
3.0860867379693877
4.6952798365611415
4.8560575646450959
3.0762231011735683
0.3484387798231111
2.2046869641931539
6.0766756704316434
1.2242439548695137
1.2633117932641349
5.4630490518180403
4.6556615887635511
3.8594920775841772
1.3642598541757260
5.0071918205793517
6.0791941318783929
5.3826747218006092
1.2040035709637922
0.0488439484500117
1.3847713214935866
1.6698742204174439
1.7307799346575437
4.9023636676869335
0.9964131644585483
1.5562431871238791
4.2613363637069357
4.6983740635577220
2.9247220010125763
1.7182246962049885
4.3495955751138782
5.9504373804866368
4.3034536710779863
3.6884418797244827
2.7315319781244503
4.4767570955176135
4.5652099029458482
0.9816597320295426
3.7054366842135105
4.2274604325184937
2.2174160660715065
5.5180077303588382
6.1518641911542771
1.8955115107635798
4.1995219756869897
3.8637777311367238
2.2382254254830447
1.1496659652215644
3.4867901139859625
2.0850253113778416
1.6020755353615785
4.3632561552518485
3.2843289779266516
4.6242757611486303
5.9102878311005176
1.0180762381787178
1.8204163251988827
6.1451526341248721
3.2391211000279942
1.9399335331414154
0.0736317299032697
1.7185657758099997
1.3246925099670013
5.4556028247550561
1.9937166394421386
1.4958044862367796
4.2896573464386734
1.7100044911175978
6.0884269215913767
1.8978579451587019
3.7211761393705145
4.8179569733364183
0.0772336365166775
2.9726509967518027
1.3653655090356660
4.2093984377624221
0.1998877313506054
2.3241576994892221
5.2046762552710195
2.2833369846215676
2.0121481326605943
5.6165373050346945
4.0402142802970413
4.2586928111625637
1.5204793263514669
2.5934338734432130
0.9200800246107321
5.6689266810798529
4.4328741416334188
2.3709736976226292
0.2623446961293905
2.2093106334987782
6.2078904424879324
2.0758315888806238
2.0313081200505221
5.5780695173098236
5.0062319690606749
1.0996488800174553
1.9054976325560369
5.5358492766050036
4.8409034558590678
2.4753261464334422
2.9435014501555994
0.9590726429782974
3.3050758090256025
0.7869632203684521
1.7580927348774726
3.4176867380264455
5.8004482927954735
6.1941922062519685
4.1845686188506876
4.7884715423156790
3.1145214087891309
2.0089883229800365
0.7698558650770886
4.9455568654405200
4.8749766135015618
3.6875322291783728
1.6106921050859135
2.7795321555496595
2.2359613551079147
2.3260746723549275
5.6113045399101855
3.9767062797226003
3.0718942280667587
3.0052573024160494
0.3678949886297984
0.5784574870828947
0.0027403700497496
5.2806665094943881
3.3698761008970597
2.5827922877172740
0.9116524780348976
1.0236298686050176
2.8680874015099449
1.0488202003540101
1.9336653200906360
2.1054289945775295
2.8255356038493522
2.7183506569790494
4.2305363807857974
2.3863433782759977
0.1833119462442306
6.1471857658455189
4.6691032157362322
2.3053150341871209
0.5818638320196399
0.7550310693135890
0.9367230182337976
5.7124545525954353
6.2402217818695194
2.6604933144824212
5.8583817707840025
5.6689834913286870
4.4502389410211913
5.7838361150432434
3.4502583016159516
4.8748412134172456
3.1105001442917000
1.9261753793988683
5.0525791317203863
4.2716091616346397
1.2136608547183794
5.7790980154623526
5.7191480494497169
0.7037464778737827
5.3425264956753225
4.9949504304778429
1.4810560898180483
4.9332141313904554
2.2463128076078593
5.1297457412773992
4.9839128407138675
3.0983867791909496
4.9290240833582386
4.8800752267904555
0.1340242197377311
1.6268091299322547
4.6096466193007171
0.9843158103951800
1.6067857415662394
4.9403076212686923
4.6359634709027153
4.4810507242095019
0.6324163798522752
1.3244331670710949
1.6378238071028635
5.4921950666695993
3.8852924371562096
3.4450007125763635
5.5895864992187017
5.8611665117216125
5.0444699966940387
2.0515400432872135
1.5234261714800219
2.8531995120617175
5.0423338989204396
4.5067465713368957
0.2629382174912184
1.0452309794551209
2.0653225095296595
3.0861767211288473
3.9507418804810688
3.2368175482638133
1.9923412167914314
2.9156801319865702
4.3324489417468346
3.0164250433347988
0.2307626536112066
5.9345843542444694
6.0541656994880730
4.7436763348069704
1.1062771104834321
1.8144455381526161
0.2107666745164642
2.2266450846553409
3.2491854488047855
0.7181937771484569
4.1330068384815135
5.6403896555435411
3.3726293755664556
1.8778736031323098
1.0273854320872833
3.4268961812612302
1.5311027515560207
3.3519917130441774
0.0391732534743268
0.7041030916409210
6.2539229531055121
0.9939860104743520
5.8510179721149020
5.6670580001861746
2.8256917634406116
0.1884072428746320
5.8568039097710853
1.8903470830537672
1.7924277553065004
1.8128744992469923
2.2549851936141567
0.7880915959258263
4.5520382260175198
5.0451652328895031
4.1890139688122110
4.0957801577583162
0.1922464299804294
5.5410825569857352
3.5751235990911820
4.4699670785126528
5.8009619146332394
3.8544928469608823
5.2914497141211152
4.2737594382194324
3.0600742735648110
1.5926228469448835
3.6129912920872500
1.0355123094859902
0.5208534374524768
0.4701018410589162
6.2230205494504345
0.2609682213370079
1.6641659269749070
4.0574794310473106
6.2115600360619281
6.0325342439552516
5.7025314150692061
6.2777168774570882
5.9699308781997580
2.2012557647596314
3.7896691451437698
1.3564313508471606
0.7092962903023750
1.0543565199284426
0.2642017660623194
4.9271958590035387
3.5695309710901761
4.0365941744201832
0.3012571303442309
2.7508263439956369
4.6544489294457065
1.1365277711425972
0.3729338260367124
1.2919635983244231
0.4295823494031707
2.5267231822742167
2.5355772486432140
1.7752777062606644
5.3999140059554049
4.4196098590798085
5.1910224647581442
4.4330603384667278
5.4208893792403590
1.0625642633869050
0.6544811848564366
1.8555696718171402
3.4627265906570353
2.4604762120625918
4.4289651443024773
6.2381776803479063
3.6305131401054220
4.1723860329713842
5.0893099150412535
1.6772727560613034
5.8899241061412759
0.3807618342209466
2.5455365917416235
5.6494818359750445
5.7311601131051066
3.2124631665661685
2.2993102853823602
4.7751564672010609
2.0825487946177508
2.2894386733181724
5.1836882917059537
5.4622882473404148
5.7563257297581636
0.3553074657637576
5.4489422667934253
1.2754715254929303
4.1854301024874658
3.1646393933593076
2.5776403110472166
4.0639685887218846
5.9367059184582303
4.1590944108238981
3.3106119867690880
0.0447421951141833
1.1375993162165594
0.7652394543385337
0.8364060360077166
5.1853817065566181
3.7436632792917890
3.8836197602975755
0.6230501157412215
2.9388502909458478
0.8744531801255248
5.1820477302197379
4.6398034935813506
1.4696671882629975
1.4244011936619154
3.1465293268303784
5.7101539452511902
5.9295421685828220
4.2587877819526003
2.5941174366404720
1.2813933687595196
5.6829760321562750
4.4477761029131164
4.2007042558843937
0.8764081828267428
4.3453561318275193
6.0086026298437378
1.3454864932952941
1.5647124452335581
6.0409528713379190
5.1896298239026235
3.7190444399280587
4.2148898259971448
0.8087634263188971
0.9213500087168578
1.5935855358471345
5.2783193310177392
5.3794136533900749
2.1849630075855080
0.2807724709907221
1.0608658871591716
2.0165331383884895
1.8200231959944564
5.1225107660354388
4.2072310272757782
3.3390082812857500
1.9003464932976246
1.1606970752190116
1.0634677108281685
3.8026477895417732
3.7607396409036573
4.0510685777906801
0.1488526207035356
5.2484149001240681
6.0752329242246059
4.1577774562821936
1.9429715045744842
6.1548573028159561
1.0127905026545054
4.2659861286293772
1.6917071094031930
1.7976588217213845
3.1997910237727369
4.5744681505377764
5.2946668280522076
1.6005404381990880
6.2407589978293458
0.0555889192991921
0.9357575193284335
3.3007853877320343
1.8325098334817800
0.0908529404689342
4.5078788346785439
3.5230790535194156
1.8065380869830283
3.0334090641353160
4.8038777083376596
6.1150033016226022
4.7278530847315681
4.4107176366428638
5.6714480212451130
0.2303856249165304
2.2956513907296126
4.8344463221465039
0.4847551949867227
2.9340385934345306
3.2489872252297296
1.3719225621155320
5.6297047909200488
4.7464117936533325
2.0641643879585247
5.0739527746984283
4.0465937464940627
4.0809139904880229
6.2399097038570313
0.8464102129676839
5.4961485209489016
4.5891125488719586
1.3852620229001364
2.4580398028720687
0.7180842721291485
0.2545503988865050
1.8948971044289078
4.4555138544492134
1.7446021884608780
0.8758945199403114
1.6891788951245275
1.1226606435119306
5.2362360271645683
3.9861172738095316
5.4846715235069112
4.5860813421316653
2.2016182713582206
2.9803126925928543
5.5150582223341633
3.9662820738398743
0.4628663566662302
0.4893781275565545
5.9908948067738690
0.0018350995386988
2.7782065573710764
4.0961880149570442
5.7916540739270896
5.8710397163635974
5.4382686222303533
2.5431659774760043
2.6949383722475617
0.3102746137672590
4.8656605262773400
5.0523488108818038
6.0907199407745729
2.8058093781181599
0.1900437025789263
6.2319020476042333
4.4057539215043544
1.7907915631215456
3.6650046374895582
0.6390087408558769
3.3547716764221156
4.7287487571300622
0.0172151857624905
3.1123334294129865
2.9603027359856839
3.6231206808531162
4.6699695732403894
3.7042989598905773
4.6124798225172752
2.3270396048456021
2.5522674176096878
2.2191280365445110
5.7156302889540598
4.0786925753741050
4.8801058755499040
1.3993361897909080
4.6924125298019534
4.4451781140531201
5.4187760215154448
1.6033675222565880
1.5807088738209472
0.5587057465636435
2.6374835554823930
2.3875214903741897
2.2720836636071926
1.0416442195286861
3.7871197163111501
1.1481085282261529
5.6751937386046949
0.8695283224527967
3.8192819587851066
1.7836764294542189
4.0049836520038937
5.4489654349591490
2.7143905479737431
1.2180987260196405
5.5694140441101920
3.7345237633243680
3.5110303421070719
4.9115029218992605
2.5229888503407443
4.7625717533637468
5.6790019069512372
1.2201068772263779
2.7628764863040849
4.0989519932669429
3.0991789556145832
3.8007427183127751
4.6913021123776657
5.6171685968017027
5.0766783098128112
5.5914214888360831
2.7385422175172121
5.7894178329217425
1.7924572975890627
0.5861232257856230
5.7191645913282807
2.3159854830127768
1.9008395036815462
5.4936775979758501
2.6974637661796224
3.8867861744340968
2.6040007084936709
3.9258535748298669
4.0989794710860847
3.2293345208885662
3.1066145770034503
0.7677544243514293
5.0970740162701960
3.7503433084319293
0.1214747694747524
5.5571127521975008
0.8465494516593451
5.6285636831948311
1.8470828627172458
3.5904654166513676
5.9684415351045219
4.4989797344506997
2.2340367649593791
0.1493333459804317
2.5667122704606462
3.2576371482284845
2.8829737218092171
2.4989369891958693
1.7714240818481366
2.3777905952253628
4.2528189292614673
0.1740191123048963
4.8127827090984274
0.4284759463504083
3.9659784404068406
3.5174374936344130
3.7917418885530196
5.4329599981923664
0.1431339125001506
3.1929442747327683
3.8476157895381067
2.5684648222334396
3.5227341012681430
5.5409633989527602
3.8631817272372291
0.8348736014066960
6.0547362628201853
0.2907298064989831
4.1013684277577545
3.0310070076713229
2.9952411697124952
3.7370536179203993
3.8239828407043253
2.2670328479298134
2.5339219625969265
2.0778062011886846
2.7132169450983441
0.5913965606994590
4.8302243970753382
2.3068467748807948
5.9901908374100845
4.7965488533056559
5.7538893453558435
2.3424492918808393
1.1216143537259327
3.6474071171155034
0.3930383637100162
2.5437323043700730
0.0625465655955207
0.4280801442365954
0.9676707344531553
0.8398033068828110
6.1841603431843009
4.1712663254069708
0.9335523585569130
2.2599463015639336
0.3830184137860521
4.9897090647658553
6.1225799271611079
1.7746176878466675
5.1031189291602841
3.1788697823321859
1.2198826046361342
1.5986228127141198
4.5428146710474406
2.5881852919929011
0.1627889485197702
1.2217837282820396
0.7277940087938889
0.6018519206741770
5.6634459352168198
5.1480800952184831
5.3566929899887334
6.1373355443206954
4.1705894805453294
1.7584680984479633
5.2585891961961408
4.6749537377854544
2.6025314448339194
1.7004556208029491
0.4421659945966733
4.1043349682496642
0.8880837580249097
2.1630588147264818
1.8976965198229057
4.5062218148965396
2.9883075524172051
2.7713908024736673
2.1028364395193564
1.5378708256408578
4.9674642801363804
3.7994082913366332
5.5236476177613207
4.8686534235220815
6.1124798165637149
3.5232941809833949
0.8503653404036281
1.5463373104164351
5.8768380570688130
1.1574673244912750
0.1967749747762152
2.1922755659042408
3.3248713673946177
0.9067084570359322
2.4021844064943298
2.6403295904870605
2.4106920601547284
5.8696999704824773
1.0764536971508225
0.5754104954071825
4.5322936792436472
0.4884171481258970
1.9985652569328309
1.2099307125508378
3.1045828423760988
3.1897423212804399
1.0082371104791199
1.6208551411894123
3.7337360059191922
3.9438139251572664
0.1542592319745754
1.9165655264679731
4.2290511709169643
3.8600611262935476
0.2971168460390719
3.3113293640710104
2.9662406620007546
0.9314804993413704
3.8427100110205394
3.1432536224208851
0.4898829298103838
0.2577243600728597
3.2458442561931120
4.1491981823405508
1.3991049455673941
3.0246408267444100
4.5325043360987642
5.6514951257617598
5.3457854010550863
5.8046999201052882
2.1188766096021086
2.0518840656094661
2.4127660829431834
4.6985640832212265
4.3995356103190728
5.1224531338091488
1.8849091361166312
4.4211369602053896
0.3619608990584501
5.6834762608476144
4.3693321862216097
3.8894955780227418
4.0848819206111759
2.3176891014207381
1.1427620661574460
4.5763496358912104
1.7443223739874338
1.8856769194991612
3.9318368517119060
5.5701277102897340
2.9992394855598961
0.1617182292910663
3.1550763969541684
2.6250706229035221
5.6754741249825109
3.5445266471379013
0.7247107213380619
2.2057768475252484
0.0923727787500393
2.7357496562578745
1.1580100681240857
0.8062205484775847
4.2226041116996296
2.2071789972778251
0.5944271128563032
5.0368807844286589
4.7735813097867181
2.3073679781013219
4.0811495686862926
5.6534867242862452
2.1589619772321345
3.6936822061905143
5.0205121752839057
1.5551479958943597
1.4109961404398115
1.0109134693397843
5.8906133524447206
2.8205365433101566
3.3248527942615245
2.2609657523906770
3.1108468849036748
4.4836114408156966
4.6180897408061288
3.9649647896368623
5.9356681651531416
4.8673800722899649
4.5442921414834681
6.1389283919499773
2.1827022854073821
1.0780075698371803
1.5770523465567352
2.7242304193468563
3.0393021169271783
0.3427298859253575
5.3959173088684835
4.9642532228156115
1.8541630775325377
5.6380394733361312
2.3724437751791645
6.2302992969364990
3.6218698077844724
2.9214103930553321
2.4006866097590476
1.2632448939506915
1.4847040501886073
3.4982264016305602
6.0331011944667150
4.0078307539297464
1.5957722348127445
0.0345902102387734
3.7247355698242588
3.7698163374974372
1.3069264865976529
2.9352913615515011
3.4667477420809547
1.5439738940589491
5.2523860049774749
2.2847271526465676
4.3138678008421092
2.5482267015383653
4.4786864081599802
2.6566021467125505
5.0867560268088763
4.7618047028540760
6.0595981018638483
5.8324968264015995
6.2703257849154985
5.6416695110897601
5.5256690760939753
1.9575665055268086
6.2625805921076489
1.4188710297956173
3.3319213702003245
0.4258826662104017
3.3292044987011384
3.6700610492807630
5.6274082406269628
4.5691849612217696
4.7508446845115690
1.9629945753052953
1.5924293875434969
4.2064000433145408
2.1298415667392727
2.9261873818072659
1.1088746594718399
6.0074466064862024
1.3856826129192337
1.2229871715274752
3.3317350073867491
4.9861569310571916
4.0214153785953828
3.3004075135880808
5.9905218050723192
6.1769299125913992
0.2409153014675492
0.0927641544845092
1.1272036690616976
5.3978712910224873
3.2361375447650684
1.8335070310365509
3.9975018967572389
5.9858817991437858
2.6868715920952160
0.2393125143992761
2.8530459799386225
0.1969233766342424
3.2336132629039560
3.6107111729244661
4.9757779176246677
4.0064503509382616
0.2569076942923597
3.5711750738397390
5.0849656422678242
5.6639379203067008
5.1495561009360182
2.2083085245133907
2.2168881422275346
4.8572620022859097
0.3718803944996498
5.7477882954201354
5.2699763420047487
4.9361287684289072
0.0282692022563270
4.9978080949949195
1.6001613781794257
2.1259357341285230
5.4959064636590149
2.1564835285586987
1.1203716296308079
1.5817509510391903
2.3822508248711096
5.4959405505878571
1.3329797525461882
1.5349650858083908
5.2714618260025992
1.3654604045769227
5.1553426049249742
1.1774016996829466
0.4238620146996004
0.6597212015679065
0.9059664574358406
2.7336641099961536
4.0127917171322718
0.5371320141113605
1.5620483685209630
2.2222960894202388
4.4471103732703989
3.9976222376350004
1.0608643142234013
0.6300551955556547
0.6122732774299986
1.5035394905300625
2.5018684961926878
0.3372437495448224
4.2416567512896632
5.6375776061448466
3.5231896978682604
4.4115498232401666
2.7394768664341895
2.0344169793212012
3.6623552270445319
2.3253209984911285
0.0696027698168414
0.5351357017659470
4.7638909879373781
2.5143701958616340
1.3118312165738168
5.5009536850658156
3.6777303349265846
4.0528291906449612
0.8979226029306362
5.2645083154532921
0.5266646885177025
5.6261258857913425
2.2542040206056884
1.1346684524785133
1.2692168863800062
1.0448422099337973
5.3337864965841124
1.9611508364022534
5.3000602671775043
0.0557721694420408
4.9712397150720040
4.1999840036460228
0.7712622113101840
3.3697704494116092
3.1924094496843685
2.4461691266091807
0.6314158152367942
5.6081692234186518
5.0263438957979165
5.4559794730512738
4.7881097105583006
4.6007887854378620
5.1124164569535067
4.3982689673912523
2.6234346818243242
5.1310393298090347
5.8479312992258921
1.4297505480794996
3.7729348491312837
3.2058261452847754
1.4389402508221929
5.9479308896319223
1.8023038775913125
4.1420825412376745
5.1735304926380534
0.7839709062197099
1.1414071096394447
5.9607356164226859
2.5883716761632427
5.0432009347411864
0.7931121822577268
3.8016299104728124
1.2475137639487361
5.6780921451465218
4.4000178693589547
0.2376889316808549
2.4007964139725342
0.7842026190275122
2.6171160511861702
3.4718075786251830
0.9433631907395624
3.3807474609494181
5.0539157938880974
2.0791994260341222
0.2664076053775213
2.5126159481507226
2.1408854918145823
2.0318923216027760
3.8406116958783545
1.7169168900321037
1.0256393321684369
1.1191342231507588
2.7321031364990653
2.7419147661213343
1.3259819157216639
1.6111915918157691
0.9996648554430685
2.1336541270591627
6.0708657394081484
0.1496181936853969
2.9446187577781147
1.3422905022114815
1.5429067825936578
2.5068575942098557
1.6074799072227657
1.1191148941405908
2.9329627337615198
4.6668707369968176
4.4435649790698841
4.4306484467692124
2.9694847852092359
3.1075168193694935
4.4890157060756835
4.5355974936502257
2.3383217267976710
2.0520967184874115
0.8677260184884269
0.1945543150987304
0.7175888938404837
5.2134191841308928
1.3667971825950018
6.0179252310166094
0.1913565685576651
2.2386923275777275
0.6624913858356750
4.3832609858702529
5.3048099521185215
1.8733054195953958
2.1797628124181392
4.5514608682219482
3.0618539355426737
4.0475524663432907
1.2965373020640421
3.1753894614152034
4.7047762294732971
3.3348777537494381
5.4345119530157522
2.0795123841219048
4.2430373133719259
0.3604194544114135
2.7108465846341869
4.7404825026507966
0.4301492079761240
4.9553428654179559
1.0277924324374779
2.4962959593251068
6.1706325163879221
5.5211063054426424
1.9733634237820139
0.5607267877808485
4.5338381215108079
3.1522960954881625
5.0921962900966085
3.5309081652800520
0.9613461291402225
2.2425696798950137
5.6333930087446999
6.2784661777016417
0.0803918715464860
4.7964087645459932
1.3521340950116163
1.1753233661764215
2.7177200848810705
2.0649871789769065
0.2960575285903719
2.4556262796982540
0.1435925402869757
0.2445017911731872
4.5797759065393704
0.4196094723061731
0.3648080476699684
5.2671158310737489
6.0629154236139158
4.3450780488240985
3.5006469548935937
3.9458060870182909
3.2155428604985539
4.1879643373086965
0.5967712355415451
6.0950146779051186
2.2546643780877149
4.6731183511758596
1.7111165802392476
5.4501370372063889
5.5619067397676805
4.2720363424536334
1.8261405538754416
2.7680030985692023
0.4176073909442251
1.5828467854727277
3.6723788742438717
0.9593634132061606
4.9257052830285470
0.3465819121025142
3.4200914404930716
1.0424200369367898
3.4492134105467884
1.4990492680384000
5.8689073505468885
1.0044334059973661
2.4837297387953368
0.9318245030943545
2.7423608325174382
0.0311825207989295
4.1490286665691869
0.7066577023150755
4.7378300166691982
2.1603477654650312
1.1002720810248618
2.9373357074700164
1.5889292112928588
4.9504912886719232
2.3628326738196233
5.9802636513873502
3.5672935649589053
4.4755564433545558
1.2786711778683624
2.3120416432933300
1.7355542195425979
0.9309327694391288
0.3051089992154643
4.3792769447515445
2.2130749836140295
5.5684461551217446
6.2143930629420110
2.2271167674794752
0.0279654108183103
4.1452975306121536
1.7778965147631425
5.3643796299189068
4.8446898817367838
2.0025207329001966
4.1092100692030611
5.6725796913525848
6.2118475344370889
3.2087215977210830
1.4700186983206220
0.7669239994284949
1.0833592986814005
1.1057834512058389
0.0036457745848583
0.2332904853125153
2.4859231687448795
4.0044190746245496
2.6289441032206859
2.0327275456129441
4.6651659399117049
6.0435252443760268
0.0904604643571866
5.3425452280673333
6.1582345572565318
6.0773063609156877
0.0417162292238288
3.3399813179960809
2.8533902066334895
2.3161731376739692
5.8976276690229161
0.4348819486206890
2.6276822917140206
0.4693537131723270
1.4065464326969519
4.0087835247366161
4.0826641764150962
1.9198272841873949
5.9140765510911457
3.9970733270417451
3.2828351143411596
4.7604357199751899
3.3907820687547852
3.4880587699078509
5.1000952652998208
4.0403200004701807
4.7362204148494218
5.0229329325991587
4.9939062892937569
5.1410704671732832
0.5193395289195755
3.7294702635427930
5.3094541852129051
1.7730348918629839
3.4764102404473114
2.5626136909675643
3.5291781764393031
5.3200006682530434
5.7215948148474558
3.3757409925554227
1.0662744616838038
3.6430437063239864
1.7145943875299690
5.0691778582629059
5.4928114463592346
4.2318042234614017
1.5535649331236607
5.5861328873376275
2.3878161359174728
3.5198676477328750
5.3351563434284293
3.6147838405036175
4.4678142096726807
3.8397024167931377
5.9567521826375609
2.9774307334097716
4.0305518919745005
3.6280738585833330
0.9711525153449386
2.0271674314494601
6.1902215372015812
4.3500038314006586
1.9522192284281163
4.4945821852110512
1.1311844322403621
0.0838591874453823
0.9865271389222634
2.3840683940338940
0.9245956903256580
4.3356745771887226
5.7630797986937665
0.0527255430116597
2.8427922627991045
3.2111900275889473
0.3689725150138256
3.5268677871349845
2.8656495798277515
3.0513774259412383
2.6397048231736333
3.3181589788368622
3.8703879416266629
0.1593123430759925
0.7702743539339632
2.3742293731864170
5.2035064915799065
5.8272477081293772
2.0284844088043688
1.0094844257120807
0.8405662821844624
2.6627036065980563
2.8104471136079709
0.0131689979595580
5.2129035915841095
4.1032726397269768
3.4523609615749344
3.1736809040699958
0.6791255844356199
3.9122482544758732
4.7350471013242474
1.5935160611642780
4.0428864384899619
1.0919654123716560
2.0926842117707412
4.8221414356944425
4.0258670882482033
4.2052300330508325
4.3722288905660527
2.5754585594383799
1.3569035893053374
2.4225555877880365
3.6603612417571356
2.0101235336169809
4.7726427791059169
4.6503324867956382
0.6326376516032075
1.4230351061203501
4.5873038788167539
4.6753322701820830
1.4048819894537314
4.3205465675749872
2.0302968902641205
3.9256825113802933
3.4434922030170183
2.8322259187427710
0.9928971300634358
3.3928184700487489
5.9699830987954758
3.1666277106352232
1.1991288554325916
2.6592206111878212
2.0030836146732276
4.7804751933370468
0.2121636341383464
3.8498031436212243
2.6065963105094370
4.9214273035770386
5.2747851968702744
1.9168486495855470
2.5004525530500805
4.7034003767546180
1.3388802333852270
5.0976254351926720
5.4646562502119709
2.8167664826297116
4.3606230687651530
3.6917145652664063
0.4459467141585485
0.9484412304533693
1.0569139174764444
4.4886534253087511
2.0402290440116131
2.0326507055264433
4.4556987256234581
2.7727911182060971
2.3575656012727180
4.6817302080205625
3.6878364335624076
4.7386720670559059
4.7526713286467759
3.3887790438871548
0.3196636718225145
0.3083977765248882
0.7940756320840477
3.5030573942212837
4.7587468098313321
5.0093564562526494
4.8862252972171731
3.6483444089105008
0.1586052779200827
4.6362568885788695
4.1256092865550098
0.9361319704917420
0.5371032293463062
4.8385176058644488
2.1816797110652488
2.1706278045407457
5.2860447247454543
3.1894147824881864
1.5928764632395658
1.3278045647536227
6.0329930301356089
5.6361570384565640
5.1054475888952799
5.2885276071648555
6.0431501450676386
5.1435117292445307
2.8565282033685917
6.2235567267634861
2.7163527491238981
4.6812837099174356
3.0390592280256530
3.6501566321071963
5.7199705204245364
2.0034206285583802
0.6795336371202979
6.1263005326561757
5.5414107101030572
2.9829221711256722
1.4045491704472759
2.5379049594125793
5.2625706378160046
6.1179134616421598
6.0912046724741833
1.3327715505714892
3.4823576712732849
2.3195978102248236
0.3238932601770468
1.3123966755771701
2.1903106254378590
2.9582274200125274
0.9813662891945901
3.5727048372277586
3.5041976995079835
5.3689316835227672
0.6887982662664208
5.8878373611681738
5.2967337873646985
3.6041464078152807
0.6265946019684996
3.0362965234409058
5.5112804259514681
3.9582029384177959
4.5635258464501174
2.1150190842198060
0.6714077425401842
5.1116713834709149
0.3838275066910863
2.0841391325076635
5.3389418114119831
3.4878285219344805
2.4213748050930914
6.0746458358872113
5.6611055035708171
1.5070759684375545
0.6203273092386605
2.0587595496107229
2.0066891421267465
1.9911162902541752
0.4660036209417421
2.7556579200876645
0.0787553656828583
2.8349438370137801
1.8353721025625489
5.6459263421974377
4.0737245054127973
5.5735890326735671
0.4006251762165195
5.7558886499180968
4.6813781222786037
2.5419384972322940
2.7791576402254412
2.5054284018138180
5.3777182512983002
0.8539172066313500
2.0217292778630056
0.9049618977890385
5.7899924041855133
1.5297330315309583
3.3532449726970603
4.4086438241064636
0.7909919226620364
3.2455917250333939
6.0519947028930368
5.1896889031150613
1.8051016264515209
6.0086805740712004
5.7319911563251456
1.6130711539935780
1.0396550308901473
2.7786511737166864
3.9877725642669830
5.9826010230146878
2.4028483856262457
5.8586115874403220
0.8797012651692337
5.7598245675373088
5.9416248478008686
2.9662276547421182
4.9326163766756199
4.7611366480854862
3.9919648487163264
1.4699909430654152
1.8988103726862415
2.9439359863209109
4.8314647997136522
4.9993569121819519
1.4388581943816960
4.3380450171084686
2.3591325960208596
2.1280583089506324
3.6930208609692126
4.6550276299160638
5.5565416022898404
4.9177049773897084
0.6999591529936082
2.0254027499043987
6.0884207612102292
3.0400882872522468
3.9826934861125816
4.1313810098434791
0.1261176965228250
0.0471819928208122
4.7132192607573211
5.9307922659112364
5.8846270757415535
3.8785467026695266
2.2521886866405394
2.7838388829049272
2.8606415207040747
5.7360261186967305
5.9732154890983926
5.2758933266527341
1.1482439255381103
5.8933295267977179
2.3569572771658218
4.4432284843401408
4.2361835332092399
5.6040485031964833
3.9280801006652277
3.0708394935874561
4.2244190772351802
0.6280420890539981
0.0297119595570745
4.0435112693032567
1.9516053731088212
2.3463924820479813
5.8969784904067009
3.8245407322612004
4.1827433967488936
1.7562356622790281
1.0076104380457291
4.5445591619827628
3.8994483478010702
4.0104119821675610
4.5057048226409826
5.7233627648957635
2.2220528124107402
3.9886550523196469
6.1221152189115191
5.5813280301986730
3.3907833921243622
1.2208602370396813
0.0518693200631415
5.6993544220950492
6.2185455115758757
2.6915535872778831
4.5405151973906364
0.2630236888427679
3.8040632926286593
1.6743091395474758
3.6102861079392841
5.3458832967894150
5.2277366838489607
2.4099935836038351
1.7894587988737274
5.0710627380401130
2.6539188580367443
0.3815991647216124
0.2188735431954630
1.8057718255601454
5.5017576233887251
4.2060466170271074
2.5269912136127592
2.9187915101332496
0.9225935380748498
3.8415005077971931
2.1965394688194166
0.7635329741956588
5.6181638473852553
5.8881987572709074
3.5490830988829782
4.6075427353529737
1.5282914068074529
4.5755760299737913
5.4951180639432398
1.3222979662313585
0.1318859619762622
1.7262881960470862
5.5461344412126561
5.6992108362904474
2.2008355133816160
1.7910368356243833
3.9370441553043909
5.8410052137308242
5.2671595822460988
1.2668987438219270
3.6665796382593503
2.1808666520195943
4.4914471771109383
2.5861571523575710
2.7372800108496058
2.9439159760491229
1.3759530277159866
4.5370795638338155
4.2324049510999471
0.6110331782379358
0.3478959835860256
5.8772981973405951
0.9991333024199399
2.4163070861900344
0.1216908534047007
4.5407622190344590
0.4562445178631966
0.1017509824538135
4.4439191602816610
3.8182832440801064
5.5045764796887164
5.0351776412583815
6.1781507120844541
2.7259291071910652
1.1862937567739520
4.7687214323560099
2.5486996467214853
4.8293152381461404
5.1661437309667075
5.6795435627183979
6.0337128861483373
1.6586938313576314
1.0440545999274340
3.9172464883303220
0.4479805794196062
4.7835832049442129
5.2456699254670891
0.9171049861326672
2.0005593490011893
1.2485774466329502
3.0396649217610476
1.7486566982663259
5.4484055040918555
0.4935627804261759
3.7734813659089586
0.4584253698714991
0.6570430893233068
0.0774228055833436
5.6738478093060838
1.8134056099821121
0.6909079635082650
5.2287192053208704
1.9271317551495826
4.8316029263737441
0.8195602896466474
1.5214960770974724
4.5713850680900752
2.6268154526409391
6.0406654731313640
1.6224304778278291
1.3521967955987715
1.3286339698596383
0.3757041448711179
3.3235162372345304
1.1768723376138590
0.5413962194950533
6.0647646315924657
5.1294338813911864
1.1209746722293918
4.7154964046621402
5.4617630603333840
5.2724488879817404
5.1249264590741737
3.1393448009460316
2.5853282789585221
1.2053666768782889
4.8797187801825039
2.5486759771713485
0.2660975728425582
1.7939904740769415
4.9358193366165803
2.7201877975703441
1.8424256606038332
3.7381414402086159
4.4810954314782654
2.4957743441909965
1.4554584421968986
5.5231096029502398
1.8031213030634301
3.5009843545595971
2.5015859381913996
4.8410930293291194
1.3723880171663481
4.7595664042154260
5.5914433026072512
1.0521429704864245
2.1300731561092756
4.4679676147811751
2.7854564266607444
0.1679670109861195
4.8299828558268301
3.2692549414418792
4.2457796941312722
4.2794668322095539
0.2344076365278724
3.7227937100408233
3.3200242532813817
3.2475937991283077
3.0583270238421476
0.4519681538178122
0.2587761545002248
4.4111554277313800
5.4946650314699319
1.0529161925400881
3.6393838721408667
2.3143000314752871
4.3532527618981964
5.6995449439705048
1.3145990311917122
0.6465938630054557
0.4591134875701487
0.4097145783850930
4.6957302191281975
2.3416811965371487
0.3455781554319822
1.7094117858326103
0.8688660026336619
2.1437903314672795
6.2011500890599818
5.9921632687213791
5.7428919709929618
5.4030891730496755
3.3891553666339802
4.5544960799648848
4.6329360560858746
1.0154236959218881
3.8406612605616388
2.6381595802223767
1.3838445000778035
5.6745671326336424
5.1652315115374288
1.6769048750238384
1.7558735822331433
0.8732080049321999
0.4507856764502656
0.2247432058279077
3.2680370398254528
1.2461143919557984
4.7542665056332787
5.2700965266612920
0.6254908702455160
3.4825400689582424
1.3639648563512461
5.7617801068897032
4.2044578109726327
4.7868428157984564
0.1490216703940177
5.4277656601886166
1.6155210418770420
5.4373751730015130
3.0409751476820861
4.9488839690907485
4.6378889726374624
5.6267354412385222
5.2247189537392087
3.4627666916184818
1.9495191855769671
1.5997070268575804
4.6230169700272432
2.6980747939896026
1.6975185607414127
1.5388040541652241
5.4314793866919970
4.8014707554662017
5.9669338462375743
1.4206673336490587
0.4961340683781435
4.1039458479084061
0.6921240233971242
0.9027008008461476
1.3544013202668741
2.6499105095684778
5.4474515919121709
5.1127490823900725
4.7623970487786176
1.0244937287401144
2.4956215968709432
3.5570505523130036
4.6114316929055361
2.0931620811468532
3.6979371509991767
4.7832993010929217
3.1964500844054906
1.3312930263843910
0.1761867991672598
3.6286771169527952
1.3872508995421504
1.4658828987946730
2.9951400177010634
6.2608864121553722
2.4192765381893064
0.3025925203068942
4.8595518715697752
2.4120821323492199
6.1563675872507542
2.1976822982042727
1.5095002755471738
0.3089024213522410
2.0511782917762371
0.7227317230407747
0.1294995511859413
3.2634173857248587
2.4192359439966915
5.0237445923494404
1.0216643933376344
5.6033663183363336
0.0586767452089740
4.4153418906527948
5.3123167705389163
3.8761897749243275
2.5224316559805651
5.4208376966534884
2.2188656860060254
4.8970851413576542
3.0122060910070547
1.0260519697986947
3.7293960020119967
2.9444594109547118
3.4324090212687710
5.2666764633096310
2.9170712823773677
1.9859843926641643
0.3073026783875646
0.5938556078886936
0.4272476645247317
5.1666184587343684
2.5636080761207145
4.2485890287247248
5.8685601728535266
5.8956546187952030
2.1703449996175981
3.1195672231906095
6.0702322181952386
1.8735957507978374
5.9119314240129004
0.3350254817844162
0.1965015647106375
0.0471953757351379
6.0959208460471235
3.7228731082966453
4.1667644632113072
6.0198556597861348
4.4309118562126653
2.3511190653176839
1.8817229460182183
3.7648688362700793
0.3610359018679646
0.7310736763217697
5.5484281506716266
1.2805014371547359
3.3576189984571174
4.3301101925989940
3.7365026709220546
2.6748731044532970
1.2966169788819331
5.1781934610736871
1.3618790200013704
5.8344006138944158
5.5823671931675749
1.5103753017066299
3.8858118865873981
2.9062893111571437
2.5840669569509367
3.3171428869677695
2.3375919682302362
5.9202108176315225
3.8379334069752686
5.5752355245778764
3.5493419974707257
1.2041207658703048
5.6170396464448373
5.1621515948834658
0.5247208600035755
0.6533415665973952
0.3559084240662400
0.1079176370884019
5.5436162235724602
4.8869819351752781
1.0787894142482266
1.5167849410329999
1.1498789795425297
2.4880695609509083
1.3877622568810533
4.8955930131614362
1.9450603372203872
0.0204111961913875
5.4350007370518680
5.7834147218988265
4.6910196105275039
3.2766104474563784
3.0759943834847738
1.3665326411922847
4.1636068066468201
0.1525208397638014
3.3008741771921626
6.1314641476507097
4.3659444652759261
1.5201932852028872
6.2458394508320536
0.5165651315663151
5.8287181577910463
1.5092269032518533
2.2779773910012446
1.2864446660826916
4.9505328495552687
3.7611676192044512
3.2189004999594393
5.3351451391146751
2.8759290735257750
3.7325346542356104
2.6635000479244391
1.7890119842914705
3.1943905473352991
5.9313924998648746
0.2899765120526771
4.1516579149010902
4.3041753306018755
4.6691416905687282
3.5942172030161457
5.9609799829623649
2.9926687887945636
6.0409065734086118
4.3080323805660532
0.2007999973744578
2.3879970097583314
4.4994045710555337
4.2386524104793910
2.2312716978206253
2.7546761508560738
4.8088287811422807
1.5142970107694738
1.2538686241276371
0.2702257151776453
0.1602630045199865
5.2298650033990715
4.6813404683332189
1.0438226227850016
3.7426222683705643
2.8937194261268373
1.3108575785050016
5.0258515904341960
1.1265421453010271
5.9883568223730048
1.2946769485227292
3.0327893938684709
1.8647927600922238
5.3530691227802505
1.1601720658529615
3.5850772036543925
5.3123922944770747
0.9670081566757469
3.8195721391454502
3.3335911936865203
2.7274763075146589
5.4840793983377569
3.0591964998559305
5.8212228665956989
0.6176783405398738
2.5430067260514191
3.7812091257211189
1.1717896241482633
4.5515979921556040
4.6877467585090686
3.3018461737967546
2.7275309328056312
5.6424263586777839
0.9564475189218966
2.7224590955285830
0.6594325628885322
2.1749799087844792
1.0266885486098367
3.8723609936174039
5.5449459757691351
0.0635735452041305
4.3373571898899197
2.7683663406036501
2.3470596851797505
3.6525370387990743
3.1745278024970109
4.6850615199346253
4.9052378025429402
2.9632492089507041
5.0858182653089656
3.9784194142096125
2.8094662057956183
5.0981501645942569
4.1484473742013641
0.3548805956846904
5.1540705007222476
0.1157579059204212
2.6334668555993122
0.4286591312016297
4.4857609378567700
5.2266215787261148
5.6441806951683251
3.1667297284137073
3.0786430808032743
5.4298285766943089
5.1044583504015630
0.4937174001895815
3.8125581229833778
5.6654766561474315
1.3350479292583528
0.7941077647140186
4.7990923005987476
0.2515105753898429
0.4590844284778591
3.1528624288271425
0.4267954234552853
1.8656089313488018
2.0835567104974198
2.3780440619136760
6.1012607615876071
2.5921884884059585
2.2521352817195419
4.3881259934496191
5.2876672269016334
6.2720479485622409
1.1216777504511850
1.5248096364615482
5.9271050654235857
5.4228803542922002
2.8490070334757531
0.8027342936491063
5.7496518881727754
1.3656073362407446
6.0869424569352653
2.0160963666319827
0.0943130653214167
5.2738305918161625
4.2147438891845290
1.5456189181465174
3.4655199536611216
6.1337670538945748
2.7880070417699589
1.1021632514823001
4.4995739207908336
3.4592216019909721
0.3280881294630015
6.2461671110557058
6.1344722441352966
3.8469906269467908
1.3503142706453852
0.3630637377027197
0.3138103239125362
4.4915450296866553
5.6921644695949203
2.9243206948052740
0.7036302966818726
2.0584473467863402
4.1669788131771739
2.6885739006014693
1.3785116771338048
1.2666348415480719
1.2929605587711621
3.9699151576448495
2.8568671429331483
0.2936732947959897
0.0207484870346404
1.7271291677027563
2.1479158799975187
4.0195193310528596
2.2821501065440715
3.7512659412801606
5.9503203717931070
3.1450941603767100
4.0579253674197364
5.2150810196059112
5.2504848031340705
1.8142825589602507
2.1686863235607139
2.0271718442117321
4.7991508670810994
0.5050126079511555
0.8889599223737144
5.6771129064084951
2.9013417111872779
2.4093148853283486
2.6631715755577208
2.8465330046451425
0.1555977280049323
5.0665637947787276
1.2739247588075955
1.0872999691356464
2.8400909442195523
4.4437806172224619
1.9497264491571722
3.8612764219008833
1.9674049384904897
1.8823338618533032
2.3185477054457215
5.9402287084649599
6.1223936454459187
3.2858644559390768
1.2175808894384945
3.7315301610734664
1.0021939951275884
3.4163525195729449
1.9061156808087090
2.3964876643797739
2.0165545164041760
1.4219176326550333
0.8602025884170871
3.4061189071538704
1.5981105040003534
0.7105132504054986
2.1728984046018929
3.2321396154646438
4.9453655898317379
3.4586312770177763
4.1931107948209547
3.4306967076389725
5.6560572784935994
5.7820644183063150
4.2062074220014152
4.7104507265779629
0.2554551635551225
5.8660511667340023
3.0328747434966381
0.6855207408456546
4.9945644649352401
4.6472782269349686
2.7911591801823934
0.4047789753587852
6.1703788303017060
4.5365358912716598
1.4122494621714352
0.2148770375667644
6.0761533231660252
1.8495089278885934
1.0963726178588464
2.6289614869120674
1.6094434455536677
5.5678141514173989
3.3243760780823974
4.8142875904498705
5.5962863151896372
2.6047683132042128
4.8861896328736840
3.7020102513703641
4.5035758950663594
4.3671876175552740
1.0324530727206784
2.0211293614602304
0.8268947393850671
3.9494706880457890
3.7348668471446724
0.3891336382457640
1.2424567031143956
2.4355472256015265
3.4085792733648090
4.5878015189643619
3.8449806437182832
1.4888795077062651
5.6306852790855153
0.7318230197951584
0.2498632088227135
4.6264866355000347
4.6261338616011551
3.9504292015876330
3.5010186579960405
4.5426224736281169
5.8802413219269978
3.8951374460749126
3.0429849183678304
5.5327571488497425
1.3379350032309940
5.4111515971785069
1.9403203759585916
1.3837907483232579
1.2618494114338061
5.4550504313223094
4.5992398582542693
2.9798818579711974
1.4380437757626823
1.2652443686287174
1.0247683489246391
3.0121213286639659
0.6202642496238773
0.6245306081874987
3.9329713621346518
5.5256000155760638
4.5065742287848698
6.0916214552676333
2.0933276492839936
1.9770699565267853
0.3288157009480710
1.8875876085859771
4.7118125864383309
4.2979325344638184
0.1913007950085020
3.2818492405458413
0.4788717963923663
5.3457525287017749
5.5715330471453779
2.5380540357239418
2.8730820783775326
3.4367348389130283
5.6956342065834269
4.1973894914356125
3.0942196983811465
5.5196081700380049
3.8715176738573738
0.6597297437978702
0.3944450311752289
1.9355597999268257
1.3889302388407607
5.5011964941062637
1.9381082454270364
0.1941017569345551
4.9095888294692545
0.3372058303509252
1.3078221136858312
6.1133954231737757
1.0853803769725980
2.4262130599504861
1.9999391577960983
5.6284300693240281
0.9991680133579697
0.7327295624331389
2.3527772169860950
2.6176352783277590
4.7479168537561218
2.5430537201501555
4.6761269918540664
4.8618859353393606
4.7168083083769465
1.7993013988123883
0.6590787734229214
1.7583443886805967
3.1510136122606789
5.7037613442847199
5.3711065727486167
3.3762123318722765
4.1237092753506408
5.6776362995721383
4.5809244031084955
4.1058153168692622
3.0492936356844091
0.2587137816699098
1.1439815410554564
2.8579934414877304
5.1295296491889797
6.0177469896961018
1.8267561703759949
0.8719525186002025
4.2574554308333692
5.9831576976653382
0.3235690669196589
3.9972071986959623
5.1544237241740785
1.4006622822348422
4.0065287926085045
3.8125487100997066
4.5268047318906843
3.1226604220557856
5.5999784798803427
3.1567713578968868
5.1826534802882662
0.8578915200509259
5.5944949249423344
4.2731883065551726
0.2892206177562180
1.6474408035482364
5.0108223470132813
1.2103643641673869
5.3659369662653580
1.0668350864532521
5.4949476256193357
0.8460599334083621
4.9101551847933180
5.8347214711525188
4.7215238927194649
2.8946840824453575
3.4684921785420118
5.0141397625952164
2.6695195283673301
4.8640196465415801
2.9600515234261047
1.4649869030433049
3.3779545994800233
2.4954471327778198
2.4289826071934129
1.4343474260735347
4.3733219496263471
2.9623890052609725
6.2079601460037095
4.5064797026902941
4.6129810153978745
5.3445756975698071
4.0691176397241779
5.8687480973010988
2.2483530392163389
1.3380950553071147
4.4715965069871633
2.1306775659978658
5.4874075820344750
4.1147509863357721
2.9895629960320966
5.4870569178852495
0.9812310680508269
4.7313318252030561
0.5270247068250806
4.3413109285128177
4.6603288748854776
5.8285045365821126
3.6702081976561809
3.0603229582858349
5.5264710374370916
3.4403954256657467
5.3908521633786526
3.2978045484055971
2.8644416816652218
1.4825927525276341
0.9549815961474816
2.8879593528994856
0.8695617200592759
0.5568263944702817
6.0241561768968790
4.0448194291801833
0.4035707390942669
4.6284821567719563
5.0418472383739603
0.8691987763521399
4.0250376714482732
4.9006035793713423
0.3791820673040796
2.1998788881119591
6.1222218116378473
0.8325768542673616
4.4431927704537690
3.0935284081981100
0.6785090833095453
3.0845789203106060
1.9995401825937673
1.0808741208054666
4.9296892874630140
3.3968704468538173
1.7838379733141798
2.7224996426575379
5.2549690671591929
5.4101933422910200
5.0399304154865980
1.0686145652074051
0.1927663544995231
2.2872230661805908
3.2047508526955655
2.0002991817334910
5.9478340938675354
2.8796123631401995
2.7409631951471813
4.2748804868478087
3.7486380291355417
1.3171170190017536
0.3769229831212211
6.1117780197995124
4.6922646965805388
5.4780914706514725
3.7270182435797854
5.6582035881965114
1.6200958200005882
2.4955218177888434
4.2160029398053691
1.8821315196723019
0.9060500202016866
4.8184062605270324
4.4385619798489948
5.8684393185430670
4.5191058005623725
3.8806707812147603
3.1382662832276687
4.9938690657494673
3.1858500483171075
1.2182928764908441
3.3753328824637974
5.0943613149212892
0.4240332485101314
1.3926497666466680
2.9508694372993940
4.7958571647175754
5.1022860859262611
4.3733036240154393
5.6227482785713816
1.2135382251953779
0.0546521486401729
1.6389708780222301
4.7652402093079962
6.1782977064520246
5.7804940283863724
2.1873219647630870
1.9422734873579715
3.9458381300241285
0.6801875318512945
3.7807175005224969
4.6226407741217121
2.0092428411479673
0.6387618792002570
0.1811292002955981
2.8030060492669215
0.9767600484662996
5.1347398312083694
2.9097366529695332
4.0382328463905761
5.7931463398459080
2.3441478853239248
5.5671503366385409
5.8127200953016525
5.2380521516071346
1.9126909798857876
0.8845715583969469
2.9466596682112698
6.0329925468807568
5.3014770868992036
3.0559249020355908
2.9059531225624555
0.8330730145237798
2.1444164565341550
3.9128208992728886
1.9536234391847753
4.1914445687078157
4.8301816657987526
0.5605351582689507
2.7463101611877563
2.8722306769137149
4.3273460316024597
0.6622920690773896
5.0840793121246062
4.2494791917303063
6.0607790158890831
0.1159221800815830
2.2977139343186370
2.1472134872266384
3.9324445772841101
6.1119328527984189
2.9362662021308115
1.9560609391625075
6.2571300046062879
4.2413672947909165
5.0146275036252010
1.2722856614605400
0.0894983477895117
4.4333639985177360
0.4600132886989959
2.8330320344920241
4.2313321059406368
3.3725674341874368
0.4524040632762595
5.2367651851826249
3.1590727328291819
1.7732541874062060
3.6665677803679571
3.1530118182778883
4.7078379118875677
4.0958874364651727
1.9662745296495840
3.6628429824553015
5.4526264893860468
6.1065675303480962
2.9527245290745818
0.7262695516884772
6.1360749634192091
1.4673316672446575
6.1054333941008787
4.1894832717767523
0.5506970526450897
5.5615812234111273
2.4308524466252406
0.4313343569754759
5.5827130641937606
0.2979317187478632
2.9672265972413179
1.8893545148658675
3.6251530050100156
1.8020941104710757
4.8819645224455694
5.3773981591119284
3.8449803911655493
0.7147800113415990
3.8065498128691471
5.7983334144338610
4.9420231428767325
4.3131551597223821
4.7973256385080498
1.8948050636570095
5.7887926909990428
0.8861136988102759
3.4006948480662627
4.0377714597231362
1.4335066376692505
5.9204525513054209
2.2823381865534667
0.8420926233885854
5.1601378586948075
1.7862842404561006
6.0618209449884839
1.1744142810701383
4.7947387861830926
6.1632530159012200
1.5414794325941694
4.4470082947403702
1.7895890115024979
3.8409808677708184
3.8637181665156146
1.5692337421511782
1.6996550594282511
5.0806991725945343
4.8137100355832683
0.0664588892356313
2.4743157972239258
5.3674857798454596
4.4510125429394929
5.8336746440107605
0.5796500466380228
1.1587292890019572
3.6331204262135146
4.7443150828437952
1.8243964526785319
0.8417113577032084
3.9398316998287295
2.1287968503583827
5.2143249863898875
4.6410154821746241
0.6729181088082926
2.7030208643784706
1.2413751820167453
4.4136452339020691
3.8354157956561457
6.0504047853312954
2.8191872693172786
3.9194377559568592
3.7058154382867112
3.2383347393975352
6.1132589550890923
4.6767499589373207
5.7563366264787730
0.4637561894698189
3.7364388005882323
3.5232566176665054
0.3461581930365911
5.8097017380486893
3.3475901355338520
1.7838977427723821
3.5597806991008731
1.7085915158455409
0.0828703868440535
4.6741364719369773
2.2597812156052659
4.0206043171847403
1.2498379586552977
2.0758044542907288
2.3071388344528843
3.2413869077248645
2.4691637504219450
2.3184548604644806
0.5049610064255757
4.3234734690976113
1.6684721679970904
5.8186023823936823
2.5350604591178607
1.3406942651907590
3.3897921122991241
2.0709992997361364
1.5912882284823746
0.0624281144170692
5.9566322748848277
0.7327665822968571
1.4073216251826166
1.6310304768283026
3.3778600891661497
2.0319998389693188
0.3726243880422391
3.2799838964885977
2.6477741169830145
5.8989204352484883
2.2347417114209134
4.0507887678185863
4.4695337296693891
1.6996142773544631
3.8910628340967799
0.8563139140378765
2.1337976853532599
4.4975180108257105
5.9101590608149879
1.3383942911532181
2.2684941910989034
2.1329944214906331
5.2534423849941412
0.0396544206686478
2.2889421663786047
4.6562203675614038
5.9045379498195656
4.8685413450761112
2.4865925272438303
2.2056139025603061
4.5039728596721593
2.0720691379188216
0.6156995036242425
2.4999117170538665
5.0048983927932937
3.0077237817031302
2.0292291378450482
3.3869760003482301
3.5916669235574812
1.6517563912758710
3.5958174136390992
1.4339811202868289
1.1915654681665959
5.5429927852817213
2.7474316964865886
1.3271116887465897
1.9289638952013524
4.8430609345535256
4.7188088617836099
3.0544419084882439
1.5350975249516881
0.2410610791228121
1.5016320681808164
2.0673821175964227
0.8358704180749592
5.7539583872923945
2.5912115892291601
3.2546784887089522
3.5735327527353138
5.5345552202085511
5.1970595482053215
3.7955241679663527
2.3535193194374719
6.0648123598328256
5.6707056219145366
0.4543428533487790
3.1423415565079553
0.6232028952160129
6.1605777055112982
1.1439493816704152
2.1823044452529619
2.0587651894520529
0.9084587129871629
0.4767768626576166
1.2487560345262012
5.4571799152508342
5.1375147460902548
1.8164613838463315
1.9028678844701112
1.1370886525159503
4.4437763077897463
2.7938843447609036
0.1644007703603801
1.4788136940945735
6.2684180890765715
1.1940429125681240
2.9543841813606626
4.9238735647825900
5.7424657754114881
4.5640010035912777
1.4357551175578871
3.6182841482405221
6.1226743639044949
5.0615614610834676
4.7958153769799665
2.5789342583717274
0.6973977819726210
5.7536455599371941
4.4900283616605972
5.4842692383025833
1.3811164754913836
2.1049500777243528
4.8919279029791349
5.3304436427242816
1.2052538991749620
3.2702516685432390
4.4678776192058240
4.0898625734626393
5.2552977309332896
3.6061012969229691
1.5926451756185018
4.8069209454469339
1.4703682752681899
1.3771503947454464
3.7034123408003703
3.8339375437547614
4.9602584659322844
1.4624798533525987
3.8525883200684752
3.0534683516740624
2.1041688500318583
1.7745763522849962
3.4438164396600768
2.2381438917730732
1.9222699847659648
1.4159268119907014
5.9314745335257895
2.2937512621737937
3.6784852683635063
2.6684996047677374
5.3601586071086347
4.1550821133833749
0.7786703633590724
6.0306988311219589
5.0937398150152333
4.9109591453612946
0.5253922271028618
1.0266336449187119
4.8548612670110982
5.5043869585897776
5.7749043545135930
0.9467549232691908
4.4651126959881360
4.1255131673902259
4.8220200613709823
0.3325270469082247
2.9569238972534717
4.0318083547827079
5.4825862090827462
2.2774123332622587
2.7260998974545321
1.4574203924461440
0.6812340765626226
4.6422031898843947
2.7638106854712645
0.8908861985834508
4.2696393693405499
2.7644689474063604
5.5647012769531701
4.0587124587194703
0.3122002912332140
6.1141516641600742
5.2183264370195825
3.6556691922477795
2.3374278180708670
0.6732616720581664
4.3067348670997063
1.3212291710323476
4.4254039720220506
1.0497985418242000
1.7341638103307520
5.6650652126726797
2.1394123115117512
4.8666141010579462
3.1673753576444352
5.6374660621371842
2.0664971926411355
3.2695382941222122
2.8653655382168495
6.1370913746201303
1.0660549635064920
1.0980141564249162
6.2820099824195870
4.4280831395159650
6.0907496402004595
4.1016804377701277
5.1080855556248981
0.8094290324159370
5.9252335107865246
4.4525637646814600
1.0445836726230406
4.5856164043406844
0.3207140747998715
2.3559640231480716
1.6825386213629954
4.0818977042719027
1.7785905259838546
0.1292562061985911
2.2061853133620222
0.9121996826742086
3.9159797167786583
0.2078056399715784
5.5002016199948693
4.1781013906628077
2.0675508327111189
3.0765871695976972
0.5133957832872502
0.7204879755167440
5.1966547163589860
0.0203069531546156
2.4916000552419710
5.8976532073934100
5.8729161220132662
1.8861171832153940
1.4786192419177888
5.1676448775924362
1.7467993182498067
5.5753235551980991
2.3014044426202798
5.6343699532197062
3.8387228566980713
3.3967748192540359
0.1691382177174020
5.0268569645144527
5.5925611508429611
1.2342701008634476
0.8757991977537281
4.5255537012106624
6.0072396818705780
0.7312872806360192
1.8367013335970548
1.9186377739474745
5.0168931391885385
2.0601014960725297
1.5014677974852944
0.1265698160935184
0.0405659898139252
3.5579975506274044
3.3880586423160453
5.5001733534878756
3.2908258932264012
2.1937956306734003
3.4516098606240875
5.7438802869124288
3.5508723529938231
0.5572742713914189
6.1607178660363262
0.5978923712530734
5.2156374457205246
0.0466701351150991
4.9892154148777710
2.1957884700733068
3.7367162403376337
4.6632403588946563
5.8154710294068233
0.1936676006878247
4.5649676026262593
4.2720226089071094
1.9133540756248355
0.0169697727512407
1.0617645962819409
4.4735346246353593
1.4095158753051964
5.5987726209182167
3.9174887079716370
0.8849302668916138
4.9211553050933903
2.8797171015500278
4.6773329570410365
5.4530015229768436
3.1763665956609666
4.3812242759684468
0.6699095939474627
4.8495197624039754
1.4812668990621658
3.9941020559626130
0.4177386264555037
0.3572890742628358
4.9888770559226687
5.6427806887584167
4.0384075502835293
0.8323068500663402
5.3169633136137975
5.1966018543409742
5.8397784982286502
0.7405863563354929
2.6271821010702259
4.3307710518657494
1.7108741372002729
4.9441734767164816
0.3269823558032129
5.3372348847304840
2.9057736977122519
5.7926477699491929
1.8537462369340156
4.8000604090870684
3.9802575910587294
0.9886546001740673
1.4987637395372566
4.1955927532929200
3.3354363134903968
0.0315940262382789
2.9826307024510541
3.7755523506402793
0.8617552898103115
5.4475406246851161
2.5354003922742816
4.3170708822365711
2.3917019211669492
5.3745483597850354
2.2190843633424362
4.3482395929454878
5.3334868367328365
4.0781065569961514
5.4297777758061505
2.8532968661163465
5.2191417879742472
0.3475408516698472
4.3461332451757002
0.7376735137002934
1.4676928822931834
5.0302764509205691
5.5076338029239702
0.0133044452341537
2.0613603955058863
1.9043799237730512
3.2154280416505401
2.2763053769056065
4.4614239110471035
4.2273279989693764
6.0567722605484331
2.0673139484322207
5.9728482974435417
4.5486226510074479
1.2365839727860943
2.5023146678186468
0.2665492909012417
2.3140707219894687
2.2289104671452118
5.2181797335616045
4.6670045945789154
1.5143907289698284
0.9452329733163934
5.0175853787614111
3.9943572554817819
3.6415924277450666
0.8483305203395889
2.1031217997151437
5.0965396162608441
1.2204370758461671
5.2603793461969497
2.8965992968578136
3.3015409312184687
2.4945529150659729
2.0228850315032068
3.9300782837778736
0.2614319692419613
3.5493425436618353
2.9951163493303419
1.1421259090611238
6.1538975475051041
5.2025719645811943
3.1706948600120559
5.9716647958466016
4.4313691243034192
3.2770736075392422
3.0479330506055140
4.2213868050847916
2.6339708242151030
5.1955465900510740
5.3119750589173851
3.3810040806464965
2.2822643928197492
2.9963904037970566
0.9448436753200992
5.2337278692514921
5.1172591297841983
5.9056686725513527
2.1010155963003192
3.0153777948124474
1.5077745335331534
4.4143718688146762
2.2306645926360562
6.0969422937915292
5.1083309962994274
5.4642211142398880
2.0232937716960913
2.2083720552919770
3.2481195586356719
3.6093672327808606
4.5339324106572692
2.5465531280386147
0.8168278863186391
5.2270077816893732
1.6584141858497610
4.1856687456855086
0.7046804495992328
2.4689688150994145
2.4598843406025130
2.6255612802314929
0.2235985097925086
4.0202038349806699
1.2171677291540046
1.3232423831707036
0.5500829038540695
0.7983700561988766
3.3938812813515304
0.0765631982885029
3.1650846417658802
1.9706094219749617
4.5588784195031238
4.5831434809823959
4.8193786937717231
4.0848338709130987
1.9342880963860625
1.4333176904521168
1.0237778011153340
3.1372002126398928
1.3405433860079556
3.0323131262472427
2.7366532841729789
0.1584815983205513
1.1966812614669740
1.2708677427772281
1.9191042558647675
0.3473517214147956
4.9740810808532681
3.8154627650305790
3.3501748312755173
2.9329357859926999
1.3247727215307885
5.6519391748617425
6.2226665670547314
3.5320035711449447
6.1828655495029627
1.0450768294842285
4.9210611692519173
3.3369894072484074
1.6123632521228095
5.4912134035314741
0.3368217803434400
0.3497671129717991
0.2134683636467910
4.5507996604412009
0.0668045425772639
1.4614249617845176
0.9414803115068013
6.1059984462559225
5.6840778530900842
0.7084898809836576
0.0493672722903143
3.8199144574788941
5.4843472652243799
1.1638902227204573
1.0863310161269815
0.4797728902239297
1.0992882006489406
0.0436584905080958
0.9563613968846510
5.7171335573027049
5.1494625703940144
5.2635179795812554
2.5762978308186062
1.7562623337836647
2.6143074469873544
0.5776699607347523
4.1818019322619184
3.6979146413412973
0.6200924016422279
1.9715998477567753
2.8233249311123143
2.9044097670351290
2.7265035734843361
1.3237778561241065
0.8414397721614049
1.6971653192352338
0.6712112865814148
4.4073891839046642
6.0978204395440558
1.2234132170329006
3.1288397131804189
1.5017100843863640
3.6175109305299218
0.1518185512440215
0.0283567605602815
4.6518918913144445
2.2022410691042249
3.9099752170824882
2.1565667810481899
5.0102358172039274
4.0898309436079767
3.6523659836108502
5.7319052927495511
4.3881273073566875
5.6893060704213623
2.4892565504439301
3.9039405114651484
0.1231005142916034
1.4145823486668778
0.4583489905091613
3.5873847123690066
4.0721733506283666
3.7718897385701067
5.5154867961060727
2.6253158405927990
3.8380252139423385
5.5329054425944069
4.3349082168308080
2.4132356436778069
1.6708568160415020
2.1048501999388622
0.1239652762992132
5.9262727106099273
1.8763167492332220
6.0312605321416601
3.4832644387171325
0.6557608763945350
0.0971183476438121
1.5595990346476472
1.6436461692936983
4.8221332698149810
4.8434588283593474
5.8065209740309625
2.0579903149301124
2.7228341313565037
5.4332179522856938
4.6723930916046683
3.6636328109710918
0.2020356066821587
2.7936711640237784
4.4897780101316824
1.8567313672976133
4.2945148658860273
3.4318267228922408
6.0979734616029235
0.5238400978389216
0.3821442063222396
5.4244728409971881
3.8032074451405045
1.6207682972599291
6.0919306401372371
5.0174101709101420
6.1186962542891852
0.1851155158183270
1.6117354452006447
0.0869846646581461
5.5682488157128400
0.0536395044398247
3.7409289802355894
1.9371662676098222
4.1431624437509589
6.2364687648453216
3.8241857229966767
3.9206346602891502
3.4523266877946663
0.7327076005823652
1.9427191715196213
0.9794300902935656
1.8029017681449737
2.9372158481830142
3.9534498169536523
2.0456046059327164
1.7890904737908278
5.9256734100835802
1.7658054920283068
1.5733458469657360
0.7755472208573694
6.0363344437303033
1.9440988656540601
1.2659067848402463
2.2638386165732709
2.1635503976190180
5.8212130432700429
2.2497227771331119
2.7110857738135916
4.3925044329135030
3.5987395019304831
4.6872921781395958
1.2060412273206373
5.8838188487654515
2.2420152420751034
6.0701030752554672
4.0537092521994351
2.0377203042994960
3.6815527361601927
2.5658608728255392
0.5322430783666841
1.2162910657561627
4.9265672559822660
0.4741570350511248
6.1440630951585602
5.2541904265367325
0.5347164661135172
1.4283603904247586
4.6415357350009607
6.1154971465693828
0.3858285239219225
0.6733000181172474
4.7607027858188404
4.3043069097166970
5.4296457570340459
4.7334932039158142
3.3717859983971579
0.1727741160582244
4.6435303659376324
3.5050821796697629
6.2515754952941718
0.7870981457483379
5.8836031618608269
0.0763691624262371
2.9625402509969758
1.7336723778468115
4.3705678400112404
5.7518111718701928
2.5835184235284889
1.4396088314244979
2.4704567471368786
2.5373952292269224
5.7932424921751444
1.0967534569861472
1.6069703834326066
3.0666479251210204
3.6944335762247746
1.4425933269867515
0.0194415424826301
0.8509273963161532
3.8032345176863784
3.2210211386413614
4.3650355810351780
4.5503700948070245
1.6677025092433126
3.9811361410730766
0.5158532342090927
3.3204163822790065
3.0456406575947130
1.8072909679394684
2.9523057695877331
1.1647198516230071
5.4356514423313014
2.0996330480727039
5.4718526896889870
4.9599227924296505
3.8182910627698932
0.2896320218628183
2.5250864995037814
2.2226356168586929
2.7676001191204453
2.1631955860866046
0.7057515840143623
2.3306585573219021
5.2457693395002734
0.6533472159177169
3.8619606286255475
3.4453662723483278
1.7318266627157310
1.8210526022014881
5.0602134032933481
0.6402694520277433
5.0925020709395188
0.0671532771905613
4.5578752114983345
2.7314538559273687
0.4986517630299477
1.9176118978637839
3.3139263524343447
3.4925134681388159
5.5546273147973686
0.1366339184166706
0.7471841342385290
2.5215178592428296
5.6259646374715393
0.5529439366880181
0.0288913900278998
4.6175480855648008
0.6091829524146660
3.1160607189668434
3.5947342272298890
5.0898988287795008
1.9603444496439242
5.6625879962108909
6.1226781501201337
2.7163053912330195
3.9951000280101474
5.6323982709720530
5.0409077010294361
4.3602746036013276
1.8088421402211168
1.0860258514329371
2.6945293339662730
4.8257234379740455
4.5043758349295686
0.2401720515791922
0.6272152893985676
6.0042522017698223
2.3199229546966977
4.0362352463921800
5.7172216377559915
5.1925087753602259
1.8752233614033400
4.7241009377735459
1.9465556096125498
3.0062958160456223
0.7003662663501806
1.1969898273445523
4.1368531982295655
2.6800193358420863
2.5798676412974144
4.9774436457796192
5.5664300200059946
0.1787180842318123
4.2461228635126345
0.7799664903713543
0.6090899802072515
4.9559315282264187
4.9762170079204440
3.8830034723928999
5.3919749999136446
1.1509620090549764
1.7089421021789575
4.6264475282938493
2.2425172315998054
4.8546988034951335
1.4584184198284551
0.2505738831396080
1.4200510797989818
1.0493810799870369
6.1161037451357432
2.5484309688299596
4.8668351096045699
5.6862195461210954
3.4385052258834463
5.3023388640870985
5.4121095408440212
5.1372143358856155
0.7699929131403271
2.8603609040812050
2.7353878799812272
2.3914768932536781
5.5445834286548283
4.3146611345061840
4.6665736394326531
0.9459382268038614
3.7178751574755329
2.9051038987664013
2.4270335773627125
1.4075427584472668
4.8396713247179655
0.5424308109712274
1.7890470702511412
2.0888758937652989
0.7687714627336102
5.5951689479032867
5.3803076836687431
1.0912888775903364
2.8804112264449051
0.6147372748090076
0.5685329586868848
4.4868789298510459
4.5107144056667083
3.8096645810617655
6.1465789576992185
2.0132761422359349
4.2548823391820481
1.4995168261739125
5.8564708217155861
4.7148574063664528
0.1378412769639497
2.6675919904642083
1.3688393676201585
5.5194648330018152
1.2184945719857099
3.2371576333495460
2.6497980435101662
1.7908713702729739
1.9450991751609976
4.2234264914085200
5.9236073135876843
1.5181955577687953
1.1713435492188533
4.7571618173903776
1.4820391782674802
4.8833403784916651
3.0086614360627557
2.5185396259498343
4.6980445726185973
0.4393260398518843
3.9109111968415418
1.6445929495107063
3.0688740764327189
4.2303516280557885
1.4873401678991223
2.3916795767539645
3.4805395401790982
3.9925266998897500
4.6291252260483171
4.4247199713134870
2.6847303378054792
3.0359955276871391
4.4863085280668047
3.0823129043591719
2.5803299032033133
1.6162152032843971
2.8880755537779796
2.5785956874592388
5.3378154384505256
1.7017238387354687
2.5211828909030261
5.8007977083725324
5.4555778316157824
4.6294259624588223
1.6300611690844520
5.9910794119338506
1.1209830147804374
4.1047788467967861
2.8506167211533358
3.3817290468673904
4.8806747859081954
1.7855613820039486
1.2923200005724027
3.1835198399371714
5.8587608733402412
3.9642033789422300
3.3633449353201468
3.3050850468455959
2.7897813455353750
2.6480156706953908
1.9658887218749848
5.8176800528628387
1.6309172622047763
0.8512379576003339
0.7470803319341333
6.0152588124559028
5.3988220090815870
2.0429007087754045
0.6226491714427793
0.6413789001009710
4.6000208712841033
5.6155129659825409
2.1766068291830267
1.8551502358291558
0.2085852826553266
6.2424192311368483
5.4376594075837357
4.2221701367996900
0.2589066566355753
3.6954986100526743
5.3052650036958475
3.4089796497584133
3.5172168695917496
5.2309165097203492
4.4587661701151458
4.8644793709339158
6.1470516447118690
3.4251984612514330
1.7099951977885584
1.9727647861128352
6.2156215466311462
0.2997416982895785
2.3074925302635148
4.7920759311293724
0.8442594792329909
4.0481274577432984
3.9311709207532499
0.9344887090353726
3.1925859365320908
5.7886551365354970
3.1343466277571763
1.3275863080980077
1.0613078586570517
1.8882802664017080
2.0906373040822008
5.9315586450005053
0.4707674560505600
0.0701841892184866
5.6132483705238396
0.8804570502240729
5.4167575825112513
3.0138535971484366
0.0666761494789186
3.7662463673241326
0.6290162460774146
0.8901935377252443
4.1372154972056538
3.1505409794061254
3.9539491732190162
5.5177522300440209
3.8340013991765058
1.5707250170641791
3.3875030654649776
4.4557640115056074
0.4910130428633083
5.6454055967847276
2.6165928429518868
4.3334063415638999
5.5114047017364483
0.2226913245467739
2.0153031860807076
6.2734102283527138
3.9501548934148798
2.9462769137640228
3.9772892813864034
0.1795694377867732
1.8834612767655845
4.1234341326948787
3.8239286198565319
2.5836904150999307
0.5960714424446089
2.3676887362097414
0.8284402462861050
3.3861385148547480
0.0351462280657157
3.2702219956521126
5.7785775165917803
1.8962484903486776
4.0738537743537089
5.0948145055787801
0.7359171171183547
5.2788856608057584
0.8935393099602696
0.2254454309407510
0.7918148727949369
1.7692025711649069
5.4555630729082489
3.8441076314459846
6.1620430304368732
1.5894310536383878
3.2273086035924070
1.1565082759687184
4.2727316238587338
2.1423967755997979
3.8552635233950014
5.7024899399456963
3.7407957735633999
3.3277744735199386
4.2115810368518316
1.2181014972293145
4.6920876767734727
5.4901797262415677
5.7480529980736401
0.1278150131370085
4.5562070911978001
5.5600660330305764
4.7088102319229135
1.3194173192168026
1.6785489598180503
4.8253543936518701
1.7595562182044322
1.5430094610043912
3.1875002587049672
2.2999383801778297
3.5168896494093551
1.4308385143880622
3.7054749238199669
1.1730561033699434
4.2394680379850351
4.7250444716601843
3.2763798538356186
2.4590115036498328
1.1704250723776757
3.4811239556183802
3.2501242589781536
0.0940130382735676
6.2746982859527707
1.9702093080161736
2.0591034649435103
3.7275450228349025
5.7348088288295029
5.8181046313267224
1.5151694865703338
0.9735805307129984
5.7943157091086279
1.7412790037814891
6.2002025261941398
1.9136874331466898
0.6411963642901554
1.7656423032786068
0.6010675396298344
4.9272204699027293
1.0076815015868368
6.0337810141011623
1.8261876039745284
3.1444163239978664
1.7463824450769234
0.1158305906157342
0.6831777488447837
4.9882183763650145
5.4274776866628072
2.5985050954128432
0.0166062751726598
1.9005921638679837
1.7666482584743037
1.8727805221515998
2.8802365207869403
0.9820140234350324
3.1940669821668553
1.6678050842789613
1.1320685453157264
3.3134933225465160
3.2843779877270052
5.7344499001319980
1.0506995903315419
3.0357379746579447
0.5050154233950910
2.1771571414884714
5.2624222728412011
5.5021274430319478
4.5929582072115833
5.9144596024902443
4.4257398915519248
2.8393902918432206
3.4440535650575947
4.4427949140589256
5.0258500116274485
1.0380097854917394
2.9320267460535070
2.9388529009475022
0.6484689902156606
0.3121706420436868
6.1661250490096995
4.5241860404856773
5.2458792886131622
1.1988596827545825
1.1825957308260655
4.6155332670944347
3.1306052613914637
1.2721512888265061
2.0895103973931271
2.4737422510870584
4.2393419976456297
0.1075701782710143
1.5016516985850390
2.8927503400019319
5.8550613622489225
5.2723194210251938
0.1486677182000054
5.1909498610950573
1.5063526966703746
0.1891372362510594
4.7329320545257074
0.5447206716631395
2.4687472612242423
6.0218938519142684
4.3604428037970147
1.4985344027013234
0.7039288947814754
5.0336243811361419
4.6658500922199995
2.4189148662883344
3.3082184499117817
1.8733335551040311
0.4442404181492141
1.3833891710272950
0.3575095304208976
1.2043011369402035
4.8937277124794596
2.8051868537766826
1.5950636662053248
0.8352047721283129
5.2511747877510162
1.0365162675518111
5.0812270132164183
2.1313973640895205
2.0160584235489143
0.7704505498506634
0.0739406767351301
3.7379916634240145
4.1411773435547481
2.2660067019583159
0.5488343772691424
0.0494091967229166
5.1541988552673095
1.4679884970720156
5.2834534451813431
5.0413944827867816
4.6499128924660109
5.8442731124597458
4.6628484379111157
2.4014692882474642
0.9616231736310670
5.6387732970372486
0.8575062542686770
0.2134324152139781
0.5592526379570119
3.1439156383440774
4.2071419389725291
2.5098062381311772
4.9714905016693534
4.4754992185857789
3.5520248480666008
4.5453494664180161
5.6938201079429884
0.1698088561296719
5.4635498716053252
3.6591387700213320
1.8182036400157748
3.4682940323306939
0.8665295680809181
6.0951210886377938
1.1302341863390637
4.3958061186983475
1.1952751026374262
0.4394261606286237
4.3484319120266468
3.0122305415363844
5.0120648086236228
3.4839431137476753
5.8180158181423245
3.4307488788960847
1.5260844332256780
3.4837861696468018
4.9771547046526141
0.5797319203319301
5.1853486814429228
6.2818107406414532
0.7922835061473349
2.8424433567517560
3.4254476640705556
2.5635577823703515
2.5217267930089915
4.0112130004645961
0.0462118799013915
2.6911120336211920
3.5829217785828895
5.9431145444953088
2.9347143148094772
5.4244766837987486
5.4493873265476793
0.3308695705365703
0.9731698612329484
2.2398820928627452
2.7328136722365874
4.0615255718158707
2.1244807948749682
0.3144924591715433
0.4641177902964356
0.5912807297064586
0.3593397480350107
2.1914151298909275
3.5217507167120101
4.7786632763845356
3.0022042546023560
0.4140331236782022
5.5798325814974685
4.5860768330312780
5.0742955777381367
5.5978870890798520
1.2817489422042159
5.7001359227174104
4.9029313905270433
3.9407721060911785
5.6086781675852722
1.0343661606449384
4.7978053700583292
2.3810265103282169
3.0694646369819765
3.8173288860188306
4.2989201442431870
5.3942279150812977
1.4907722066606539
4.2299690491752164
4.8178130100197540
5.5686528837964495
2.1454249911452119
5.2913412464257821
2.6550964852640386
0.4544035739552737
2.6176372765407017
0.0829198543400615
2.7538713541978992
5.5119992051188191
5.1240778202846826
4.4360770394543092
5.9666726835061112
4.6042700277605917
5.4780611457002886
5.4858120537659989
4.2847600378054942
5.1335049559778803
4.7409658183607553
4.7841865325356192
4.9750528740882851
2.6415660173541746
5.6239401585719389
0.9444536255337085
1.0652444835053070
2.0797096409255524
3.8731988983980004
1.3153676866604871
4.0764318793955301
1.7655309877722809
3.5782996472833877
0.1915065873603500
5.1075302179564162
3.9273945515985482
4.3177297194921005
3.2566062116780299
0.2985583983820911
1.1877929452052958
2.5924131768623457
1.2968432434381711
3.1652992162997906
5.0037461480362317
3.5555849793157748
3.4440615230463889
2.4416156337914363
2.0736576285204347
4.9951781442296213
0.1440285129904102
5.4850283659808552
0.4492396794090130
5.6387740886623501
0.7078685771736585
1.3385046426002012
4.2255309450499778
3.9079736960358797
0.9005177539468662
2.8216405965339546
4.6035802119955118
5.6152513653305265
1.4036400777607976
5.1442884340746042
1.9224958535591532
1.8474611325112205
0.6385732170851406
3.7406131434595045
4.3982369555538048
1.7171562377196976
1.4133250571296432
3.1853441530150022
0.7967169294501251
6.0536475914163859
4.1160327982357350
3.0662783021798923
1.4914648685754264
4.8132273727467041
1.1872309002169010
5.0802219785009815
5.0878590920020628
2.4625657859151944
2.5950644470254436
0.6826176528833856
1.6891001073533345
4.1740117278875184
5.3778879012545264
0.3122316950066197
4.1128196194069195
3.8334664571912693
1.2854958310321765
2.7319746042310364
4.3416985273367388
0.2335587135355437
4.1014315922067857
3.9015885362616958
5.5682701373830357
0.8164970601846478
4.2654213760383781
0.7879002249715290
2.7443966100310044
3.6519391460596466
1.4713090645506570
0.0572403141088231
0.4950701781841342
4.4070954253705308
4.8542767663118989
5.8796540537325139
0.1940372810267214
5.1486783450155951
4.7150444415334043
3.8462103863238188
1.0362714631470891
1.6098069428278881
5.0256116522536081
4.9226707058058752
4.9538232042817612
1.1349644584900693
2.6345840423591071
3.7631339804486457
0.2913304842079006
5.2694279110709612
0.8081036169820244
5.4350799420126998
2.3027534537027057
1.8317281679043087
0.1333185897427776
5.2440703293665711
4.0947801591394226
2.9294830765164601
4.9258040161500842
6.0787428618783306
6.0598678910205850
0.8144130635671765
3.5029115569584799
3.7727478918676352
3.1488092100769003
0.1022583276962059
4.3633425299231785
5.6625911289548254
0.7218087351314657
0.0768589065186873
5.0415736355494483
3.6719861796484099
0.0013776246484833
2.4084085236093546
2.6887099242030281
0.5415861914513294
5.2227802221446469
3.6178584010713042
2.7288503596829083
4.5875985318857158
3.4860395234716375
1.7484148771045878
0.2633213338332565
2.7555062372244281
5.3112118626248721
5.6102349602545223
4.9043422410639668
1.5531368899371785
4.1050473030016237
4.2727942562335111
4.8277406412133734
5.0846998812502155
3.5577896923133059
4.8796391485621164
2.3833995750314960
1.5048283115696168
1.6439410353257646
3.2932932638603840
6.1741689263893811
1.1083570202666191
6.0707047452611613
1.6140089200009764
3.9129508371770796
1.6354373946088820
5.6192395187631368
3.3157663058537685
2.5553710002563190
4.4529265449823789
2.1362822212065828
1.8791763842049101
0.9351476889107021
2.5529748704310391
2.3599208099539921
2.8856706415091407
1.4773551057657437
0.5246179559374069
5.9028145432401447
0.9596339296516252
1.6255890202395047
1.6181876416802565
1.8984247750312415
4.2038342001535680
2.2474352672489486
3.5886958331254974
3.8243093799360381
0.8173628394939564
4.1809065335083142
0.7733569557377068
2.2022896997636403
3.4196516067398344
4.8556113833491175
3.5085905172262488
2.1294910415740826
3.2283700838372331
5.4843855002031905
2.6817583274158507
4.3897475304281288
2.1265094365369088
2.6051711799007333
4.3118351428938206
3.4147961913748404
4.1956457946188346
0.3224231024256931
2.1683673083821806
2.7278838557874514
2.3349149593506788
5.1719190121326859
1.8523270804422649
4.9715094707213900
5.9507434485509769
3.8996514798735751
0.9695897207733144
0.2276562135368883
1.3359551592583498
4.7082232270914561
6.0713743459201641
3.3895598771637596
0.6393983028779583
3.3491753648264506
1.5808812334718811
0.0992699563318004
3.0372406352489851
2.9199624916173859
3.9013194766704857
0.2906458685910782
1.3630603329294013
4.6606264277831215
4.4387882402752741
4.1193331756616685
3.9000142116651486
2.1984143584963554
0.3766592713324022
0.6153932758170871
3.7859588146479317
0.2118632803714522
5.0787003001722635
1.0310117444630125
3.7698049947271555
2.4841941778736358
4.3936342325605198
0.5526712421195979
2.8307256463857233
4.7229445206437317
6.2354417956675459
4.8719070182385043
0.9593114587916488
3.7863910501572344
2.1850298338163516
3.8034154676292355
2.9949842712502042
5.9260429214868955
0.2088702580774442
4.7492542292547233
0.4711060051700092
3.8867192066009562
0.7965415614084086
4.9991210323648421
0.1140488495157475
0.0355698479780758
5.7529215633168391
4.0227263023430542
1.8412071182005614
0.2197302674310700
5.6971454573261830
3.2707123451690254
5.7746651378418514
1.8093186992606347
2.0303041093472807
1.3876007432458968
0.0949836788157325
2.0834779364111413
1.7311753268940206
5.1868963085564905
5.0601812578486749
1.0774512980714936
3.2723382035068243
1.6258823944442276
4.3185673472808981
5.8336737756503050
5.5063782660525691
1.1570128770420263
3.3023048654901088
5.3995343332309114
5.9141201896658160
2.0350062792168253
4.0668909795194610
0.3619748747513841
3.9174998561339667
3.2514875804897403
0.6912338922661934
3.1169595787806244
5.6260897387999114
5.3292834539919332
2.8462518105951431
5.5056144993888063
4.7786360426871788
3.1142735390275837
1.0636514487348347
4.7209159319001879
3.5422490241600850
0.1410407436068050
2.4669666473647371
1.6675490864775269
0.0706715693334624
5.3532821222979114
0.7512266275218983
6.0763990108492782
4.0253111814790890
0.1755437532591491
1.6937445064029584
3.6966020955516679
5.2099285946850866
6.2308354879378971
4.4909855362423832
1.2349165596716174
1.7640263512148391
1.8757134445319117
3.7704474416295857
1.2892489016927617
2.7270561893415119
5.7487139679217529
5.4263488963787703
6.2033931184219373
0.7948995043076916
5.8057159300029255
6.0972247576430831
1.9864626708617545
5.1947323706628996
5.2864141629903703
5.9077644728576084
4.3874909073928334
6.1244702976821630
6.2103526634304576
1.8255826565430437
1.2677128916216487
2.7856439547724401
2.6521343086594542
0.9319489639871869
1.5057319062677055
5.0087393233399062
3.3983061405582191
3.9875492411470796
3.1508150202458327
5.4938626509517858
0.2137217785059404
3.5417928559856029
2.0390412294352132
1.0726100542284411
2.7956954721982594
1.1819478313747054
0.9346155869527495
3.1317629386927077
2.5462647800761462
4.4239442099031754
1.5596120722926268
1.0893253833048699
0.3542110427635417
5.8866612100128961
6.2438174148613257
1.4555534061414370
2.7121328153909579
3.7640787866668570
2.4707885704843249
4.1890463039458332
2.3784835724500226
3.4700641865512938
0.4699788083077676
1.3546367920078213
0.5045317583948562
5.3244874290030317
1.9126339416987206
3.9967584938406704
5.3864799654162363
0.0764544340284625
5.3418884841230669
2.7549765007160301
0.2438657812836461
0.8373626365891936
4.9980728935423597
4.7829191373683706
0.5649624681417712
4.4729143187859774
2.1960028231926434
3.6736937008605004
4.5765207186345540
4.3469387047723025
1.8706225603206135
3.7945391456632431
3.8816326562523908
0.9807147048773976
5.0249878559838272
1.4025542259895458
2.3262710524762502
3.6876511132597174
4.8646234508098232
4.2810958908581229
0.6272839143761086
4.8618267167893281
5.5787715739782149
1.6750744668553643
3.5965831926794642
2.2082971240028018
0.1549259047034249
0.1517692528797669
5.7695830377389488
5.5172272298821703
6.1415658440525673
3.3621962360025659
3.8583287109128093
3.4448374112996465
4.2479362242589493
0.4050236505967653
2.8102725565615931
2.7711260517948930
3.1637043383029502
5.1734211979955251
0.5154892983645945
3.7043053079327004
6.0428563530177506
1.2413128582774065
3.8185437640563089
4.8565762155919714
0.5739144510070506
4.9193056959517811
2.5489254518409945
4.2063939658552405
1.8716803812167151
4.8276212573227388
4.2772278776947781
4.6263815504715842
0.5338659747652442
2.5759117164906944
0.1780080283692776
4.2787826851286788
2.9436296400280093
2.1288717397192816
0.5301218258223377
4.6482782615223623
3.7356976583343653
2.2043842920930330
4.4341853034880288
3.6387683581897772
3.8348222270063519
4.1254346034985039
1.4573922925188758
1.9757118185315947
3.7675691027593317
6.2225764117224465
2.1899573952337272
2.9068302603349814
0.2608995256534489
4.0064477553509930
6.2154938047565134
0.0746696954409865
4.6002544081970811
5.3182133832279792
4.5616667219864979
0.8518832515007961
1.4815435878044532
6.2315945201841085
0.6242530932983397
5.5009500141422958
0.5520217110078147
6.2136605357014574
4.6866847182773625
5.3610843598384577
1.1574458288257170
5.8499124441535271
1.0894509878523719
0.1883186079233853
6.0141218917691308
1.7746870728731527
2.0591182900447249
2.9157087542399696
1.4512947376894949
2.6058569851840399
4.5576455176188819
1.5328126570650769
2.8212037260043736
2.9063796711665080
1.2583440046887679
0.4719365172897481
0.2218467994606567
0.2143543557603347
0.4051154251878832
5.4937062347365702
3.2989784234170085
3.9578926470889906
5.4767048322412251
3.0431071443799365
5.4183395862514052
4.3007200634341762
2.1658997997213563
3.4485585494156781
5.4849878375755452
5.1063141851953784
3.1955243772073514
0.9228742979135065
1.1578209205194974
2.6411967026519139
0.4298336278952195
6.2601431104383423
5.1623650720634187
1.2476156710204707
6.0306122877931427
3.1824760123765836
1.7220414832744722
1.2934590669739894
1.0072544855714187
2.0542867086255034
3.5655285008232505
4.4715976682580445
0.2542292225864387
1.5583465705267674
6.1733749298233631
1.2011955717952780
3.5688465036473276
0.8440122102891056
2.5031658541946111
3.5726306285106477
4.2747694811315871
0.0141252185630472
3.9591348695568467
1.0874248721497730
3.7716591798992232
0.8707016543253174
0.7217023269926002
1.0849107113741518
1.2943421325516691
4.6530536785216219
4.1615902856374536
0.3245667997018178
3.7450653314485316
2.5923953020353356
4.0170061892274127
4.9075313651116641
3.7541541840440247
1.5503048495511154
1.5790426193335159
0.8499425366410891
5.9193046485720391
4.9720822644276508
2.7194854741783332
6.0437697029333277
1.1273473884174992
2.4644597092046330
3.9355339451125291
5.9147005863595483
2.0045441051955080
1.1414675510859531
1.0533264304790426
3.0241404408521237
1.9534573933987196
3.6346338867775638
6.0112883191789832
6.1642433258572291
5.3510752410471438
0.6304541537532113
0.7332670762014125
5.0265141257236099
5.9718408790455708
4.4999137036717007
5.5682212227172947
4.8307057640877868
4.7542968878053635
6.2633676655977322
0.4244977985858213
3.2708815865816017
0.2110617719968984
4.7283428442674769
0.2023442783264369
2.9192456795289798
6.2136364046234212
1.1288929383757833
3.4728614559113744
1.9388349435729670
2.0736922711606307
0.8690047693158914
1.8705644902214482
2.0675023978732421
0.4083189440194754
1.0468637417468514
0.6719758290980338
1.7491456441654507
2.9994640711012517
6.0435671332503409
3.4533459349056326
0.5069527190541937
3.2788043807823519
1.2392491620685886
0.8605821904717700
1.4539935945019697
2.6843837285349288
1.9210750157592178
4.0164488263922689
0.6951471271834092
6.1512104423388561
3.5200757030235730
2.2721431198244804
3.2954452001823116
5.5249065759235343
4.2983079294429789
3.7577329120341876
1.8265865750131440
4.5261180998295290
2.0652523291023130
6.1488388396303835
0.2896556521912123
5.7398730131879043
1.5850095285390520
4.0691264344540405
3.2790803496454863
0.6313426695584032
0.3766489848821166
1.8168473833718823
4.2172766349348620
1.6655574638013710
1.4852038563043735
2.7094972770344232
1.1401352310234989
5.8626058448317471
4.8371896173609255
2.0140723486280767
5.5464574305826044
5.0091374257124901
6.2120699583131644
5.7374294433393747
1.6393068072270471
6.1996437682027565
6.1664521053982089
4.1816954711653169
4.3077332202617082
0.6971525295849564
5.3452196873976243
3.8759143688629027
3.1428807684607416
3.0422735352332797
5.9938962813628054
3.0253499053972979
0.6190167062531171
6.0847004646541061
0.2494188724910726
3.6360388726426986
4.9132972833983493
5.6493499784265886
2.4282254252099569
3.2330773902648513
1.5363719562590654
3.6245797068738264
2.7132924834357506
4.1747126708439763
2.8065913229952151
2.7460568817096269
1.6449445967753824
4.5067491719633228
5.9708176871294105
3.6110747752432126
4.8190820993739605
5.0565784218301513
6.0696158104283366
4.4202488804761684
3.0245540106310331
3.0208391468736937
2.3319027977964883
4.6502049679536626
5.5215675914060984
2.6179060616628229
3.8985996606015032
5.5916975378781686
2.6234267190839429
4.4018453126230961
2.5641362199466862
2.2247021728037932
2.6120250705768213
3.5999568761299483
0.5668381505621480
6.2215159724337683
5.4640094779548738
2.5939448685841509
5.4847547690740877
3.3896182064605860
4.3713701043707625
1.5086777075705802
5.4332817803271620
0.2418280711519947
0.6215717160778340
2.2004065605720453
0.5529440750950445
5.6310780690543556
5.3402789310275063
6.1585132881506661
5.9176820861925261
3.4629901865947565
0.8002012121429161
5.9044315522018049
3.4389773022991958
5.7583502092561272
0.2594760730483457
0.5828028881980559
4.8028877016791141
5.1232499258704589
1.6440786554734139
3.7466722738676768
3.0548556230196371
2.1778187295984512
0.0399726208065329
0.8893964415379977
2.0866717405642827
4.9014441807202118
4.1060732517017655
3.1962534492640984
1.1596270557742718
2.5280848402141363
4.5097335173038680
0.8175113974216150
3.2213893362241728
4.8089097275310992
4.4701553311464837
4.6346703264220475
4.1752547963943014
0.8600760644079961
2.5638189172803405
1.5724746153592930
0.3563798772985659
0.1514335283141017
1.5492751818053294
0.5615939165756947
5.5163226207711880
2.7928770300324910
0.7879287323102360
2.9506287490725307
0.7965757907007055
4.7545158840498036
4.2347803219300095
6.2816791549451674
3.1166361517845824
5.9639423337488031
2.0477484157726966
2.9100224832067374
3.5879139497997348
5.1115988728492994
4.4472177672435311
5.6368562970546652
2.3752806339574453
3.5440364944650820
4.0529357114548574
4.0057809568020755
6.1542681150531404
2.6804239745629030
4.1071116385110980
4.7283815686245321
4.5153638081556515
3.0269756351510249
2.7878683669874023
5.4224524584507252
3.5025957250786446
1.1183034181919804
2.9675834708210185
0.1963838151760837
0.4471922106160074
0.6282293980280855
0.6667077254700022
0.5435767919929290
3.3605140612961222
0.0627080469782894
1.6188008057159615
5.2073969644922879
5.9554457261234619
2.0819466214958964
2.2769253037769439
5.6045661709723946
0.7561246314280130
3.4470407400685721
5.0554535615545202
0.3848809154783118
3.8038010590270797
1.8933304396335342
5.1215737291943206
5.2259401180181735
0.3653078155336431
1.6052162833972017
3.3479874977045680
1.6250315836284608
0.3741847517631493
2.0458704642686527
0.5028806923616468
1.4668727011844895
1.1267577044065502
0.9073945263717607
3.7038466189512542
5.9333494456950380
1.5135300081585166
1.4516827442307632
3.2418722843132128
1.6031255864640539
5.7615309770290191
0.7006975569889662
0.6822488403539242
3.4724166251743620
4.3116223035169323
1.5646926350129657
4.7736273341543995
5.7897616894702972
1.5116415934707195
1.3787781826866381
0.5385568008506196
5.2089089840747320
0.1025731954730219
0.8712316334945747
3.1475982824669728
2.7585675190138335
5.7646328764677968
5.4382301074182644
0.5660562075400725
4.0256042283449540
2.8259892104772280
4.7868394567822499
4.5141335961938847
0.2505058968977298
4.5694360727880836
0.9608041406965749
0.0227374657181871
4.0428277868184210
3.8312097611031204
1.9557906098326439
4.0112712099524659
1.8242917490242796
4.9065943555957494
5.6472615637084473
0.4434245749035403
1.7074185673558360
3.2398156810727494
0.1317140479472627
0.8505742807865979
2.8104726790195378
1.4794374997353310
1.4033254709259473
4.9952581491066823
6.2210816935521391
0.6726438265790260
1.4803046602645669
0.0616533637290084
0.6533895878966859
2.8944373221696198
5.8309368266884736
1.8870899311571570
4.5072176454346833
5.2234031167213031
2.2121224109028135
4.0743620469667734
0.2332794441219030
4.8861433641902261
2.3118961129799018
0.8661284920786320
2.5418939999556134
5.2622690088422406
5.3387611110192399
3.2008578435203408
0.0406293275290249
0.2512254226162517
5.7014606702726640
1.2973837236578416
5.3038851053475007
4.8061037982101702
6.1598508985205003
5.9370533394307090
2.7709545856216886
3.1647449920993691
2.6311351970570960
3.0025472331593033
4.9702479952838790
2.9961325748631391
0.8301885957723245
3.1897197777778712
6.2753462223162302
5.6518415603775116
4.1568128295900468
2.7654273181045954
3.1098625946218346
4.5010875895985194
2.6730044242848758
4.1644735081616266
1.8364205708633987
5.1227654678992707
0.2372315110034689
2.4687019879556114
0.1004108981579980
3.7632254434344197
1.3635701658212771
4.0422788542844925
5.6376489962519969
1.8249225310552106
2.0073666397139185
2.6094530026719478
1.6696589157432682
6.2560297697007439
2.9561841025198183
4.1701697518395173
1.2646758687849118
1.0815301688022492
5.6025538744491481
3.8793720578875361
6.0231003890737256
0.9758059839148159
3.8297077036514287
6.1793414842721317
5.2671915047154085
3.0598001727595157
1.8055910194120901
1.5216902476603733
4.8603142076098393
4.6739757326180111
0.5852878671770930
1.2891731711069709
5.9341871178437327
2.5913191171865195
2.4218668210153145
5.2565821447718220
3.9254956720987848
4.3850348402900909
1.7954596087392787
4.6163332581712773
5.7838262247193288
0.2334796661176838
3.9316321964176351
0.8082753334002570
2.6082161693922732
1.3232194727050390
5.7126649783933257
1.6424933941835798
5.0331409494180788
1.6025803962748937
4.3814830749972939
6.2236493240674582
1.3784558374168792
4.3808973839185077
0.7350742352188693
0.8401390766845173
3.9122728066499546
1.6079221636095096
6.2455245927588390
1.0850167367450012
4.2048532908116885
4.6528419458129688
3.2567246072462481
5.1560368201458537
5.7927421491372488
5.9929200614652167
3.0494618344159337
5.1433567070201551
6.1144440161429054
2.1689477500235586
2.8897615449240517
3.9465272565504472
5.8998501811228179
4.8493256594550660
4.1806685027998558
0.0476351683593951
1.1852176633533242
3.7878955256793385
1.5044552293199767
6.0664194508854035
2.9073449875106459
0.1853086455089401
3.6596296993680739
5.2793131242006339
3.7272087986373434
5.3477440854298859
4.2201070564760741
2.2123826545162419
3.1668341086819005
4.3491848475125057
1.5725668252483698
0.6747394864272996
3.1182970627352193
1.3028919157916052
4.8443103839843307
4.3330360229588551
1.0777760381532389
1.0096873126756607
1.8264350713552697
2.5612761199393734
4.1041448880879825
1.7690070022805306
4.0983528700352903
4.1659208910128607
2.5615390501235256
4.9458185215592732
6.1364961811728307
4.5430162588826946
2.2248434876679819
6.1719256956236652
6.0097749784143781
1.0098904654462197
4.6318301217163818
4.8251134323260843
0.6671703225258813
4.7539355871680726
4.2147164105381201
3.7056557210222500
0.8141996985335364
1.1168393671465433
0.9206505357754504
0.1900552996433354
5.7968277196975659
4.5716084317588743
3.7290783419191373
2.5834747401741414
5.7424612402761950
2.2062396076508080
4.3057092963307753
1.3977683843544590
1.8446702052231385
0.8074064386387073
2.0981414305229045
4.5360785335952407
2.5596629179100696
2.9451891478282670
3.9340000903994365
0.1078979807067824
4.2872827776538127
4.3502747302192342
5.6969685295928647
1.2377559597728010
5.0963737185166487
3.3732463085254460
3.1526145030566117
0.0856041946288248
0.1427853505420130
0.3885723330687385
2.2187307995427124
3.5433445526112202
1.4876973998027723
0.4060373262003805
1.9452482201359611
0.0726917443192108
5.8612617876406290
4.9045571692144359
4.8195071193366763
3.4704326684161577
5.4702341255708244
3.8823189092646095
5.3921529491091995
0.2782841481152470
3.9605175953686684
1.3373907417222783
0.0201736392112018
