1.6393171058683769
0.0261456735351250
2.1228480207932874
3.9025979435329550
2.8288381479623079
4.5000971242793115
5.5677783763129165
4.5816475840370812
0.9055467024028423
2.6737327857792441
2.2663153049325522
2.5240185153511732
5.0031836501883360
5.0775284178786615
3.7011377659114442
2.0611565563357233
3.7651346826344936
0.8579422584422777
4.7360361941252842
3.6213117376826705
5.5215956264969286
5.9984099008745124
2.9648046428248218
3.4318673018181620
0.2080854563055640
1.2799740405531130
2.9457967631225497
2.2924082577657927
0.2622669522766943
4.3714050923541583
4.1325362451021341
5.8534580066746500
1.1794926503699692
1.7706346233193131
0.9037268501208741
1.4541517284281633
3.4495388050662092
2.6249042351279921
4.0289866099673155
5.2215723607711313
2.1808253951320071
0.1303158409399112
5.4226155931145277
1.5032636927091003
0.8123892236590009
1.1252271124987621
5.9268960602364498
5.1291475826857944
1.9046989955506373
4.6507076339612627
3.0272527422156141
5.2646157150201915
4.1717420798958900
5.9024394878009048
0.6718502707657652
5.0741142466724067
4.8482141767507372
2.2180236612556810
0.8428739189632227
4.0138992930863129
1.1803816044614936
2.8582697258239973
4.9022033515218126
1.6474095047566060
5.9900482947277469
2.4250804612972070
1.1701160500637795
3.6110236985619664
3.0555277035221655
3.0382548239082428
5.0063835714601845
0.9408372275921335
6.1829932890902883
4.8092598397225386
3.8519732106841200
4.7511762880463246
3.5905133142877079
1.7130471161341563
1.2470361618822816
3.6752443087339604
0.9062734853422009
2.8670684019644850
1.6609013357899878
2.9659886505835140
3.2986922989478544
4.2740800117320283
1.3627226975404232
2.6321264470540653
5.9059534952447708
5.8698099717740906
6.2620105019293240
0.9231638666063461
1.2717466481331225
3.1082362138319524
1.2500250702399403
4.0986418707229682
1.6210155277623959
3.5274911808681280
5.5293423978107086
5.0897917295548059
2.5941772107474468
2.9364399809180521
5.8876576602668820
4.5935792550135535
0.0325840710605159
6.1586203874690097
0.7337766888077776
5.3639913047173478
5.3042691072392882
4.9709627101360034
4.9134635999634533
3.4437878889503124
4.9767442173460656
1.2771586394683445
6.2266054377948246
5.7764466880367893
3.7520776282891326
5.9704727686812102
2.3442304263580835
0.7340685329858214
1.4232576500959784
5.5446012924690189
0.3735991087557748
1.6168608048163313
1.3481472193525907
3.3748918931347540
6.0607210201560209
4.4237272181822007
2.6728680333341366
4.9174180271360477
5.8930559413734409
3.7820747468139571
2.2283447652490938
3.2409635789705034
3.3298648850410544
3.9741339048160906
5.5294867651403781
1.7506675174749990
0.1717060625842277
5.7374401611143702
1.5808574164314702
1.1724562279344752
6.1233364385219389
4.6863329764643797
2.8519000965947519
0.6498792906356619
1.4926063847056332
1.7161514212837867
1.5905052171646779
6.1813875267630687
1.4813482027043734
3.0880691359389512
2.2937722155311029
5.4163229583737218
4.6519711102069836
3.6717397991265335
2.4765042471922798
4.6021864353102071
0.5767277455440860
2.1586888621166223
5.6372048070387235
5.3471962951539362
2.7955735757535636
2.3899983388515902
2.8630097864572055
1.7381983345777599
0.1702018811605830
1.3321371527688539
1.8056818971971385
4.0632070118016452
2.0201620438422507
5.1308890807656704
2.1911380180560998
4.9681058616206197
0.7085633201649292
0.8419154930942041
0.8145799389671645
5.1645815751910273
2.5501417976450029
6.2179873075207688
0.9402464369832705
2.0153034932666003
5.3953809617780752
2.8881421628061399
0.2508178216621759
2.7433469551577327
5.1771974065017119
2.4893780212187515
4.6678037288041363
6.1031963712130661
1.2531931506449983
2.1927426528116731
3.3610992043526715
3.3245536778228941
5.5881834039119171
4.2318514944311527
4.9656781103422896
4.4883378894467301
5.6998655531940505
0.5818632749331698
2.2308434121061191
6.2810350323404913
5.7957150014053216
3.7938663662728920
4.9338157353449450
5.5579734753021723
2.1412671913802219
0.1013897787756328
1.8785185821339563
2.3077835105609439
0.8358792129298437
5.6886787403833896
2.5045130933031365
5.5401434959133535
5.5180564034703261
6.0203600632435492
1.6174293107527045
3.6083979130716077
3.1523747019762292
1.1731333617698838
2.9444481283270982
4.4806278330631075
0.5308152464810001
0.8083931605780965
5.7060708771828423
1.2050972548550967
5.1541433403393002
1.1114199361416084
0.9162865284683100
2.5478646737192090
1.1726122016710669
2.9399515041043309
3.3711142119090880
4.2525418491546754
4.8361976051407396
4.1281737587953122
1.6857851801715176
0.9356612125927183
3.1477233897307313
1.9146792877730316
0.3206018284667551
5.8664352617751039
4.5476592851164872
0.6026286827244733
2.0453585310963591
2.5173644238148261
2.1050257328403692
3.5596308272626169
2.6059503320804995
5.8586061995145142
0.5753385596356879
5.8604816733182163
2.2977392640366148
1.9838757339478801
2.9431780130031142
1.1827698885857971
3.8455353141384778
5.0933128486328867
4.9844717306026487
3.1946692562038819
1.2254202413207713
5.1089471524045118
2.0774010707076873
1.9776045610686597
0.3641259515171424
6.1641857772413475
5.7182911114935120
0.3709589004422763
3.4258032073339817
0.8849721267788322
3.8672329045868055
1.6983842703528733
1.7842889922240255
4.6591346222549364
4.9453689889917269
3.5498344595819575
2.8634325644417080
3.5098264403957047
4.8724577668802613
1.1640342123059366
1.5350566414112323
0.1706287710047319
3.1502467476159222
2.8700343084105349
0.0092062158827647
4.1571226835983985
1.8899920660206797
3.8600614618426254
2.7801690736919151
1.6007953327957902
1.4710318622444172
2.7645725281478044
0.4247537305888328
4.6081054423493111
0.9462298599638369
5.3132698038025605
1.5648842692477605
6.1349941882190961
1.1237383832930368
2.4066996847674886
5.4430038557819644
6.0945008539609917
1.7081256432181229
2.7502540198047063
4.4037755179879294
2.7878991001447777
3.1853916817084307
5.7138568335438551
3.6140501846111772
5.0951879126598350
4.7544444434268414
2.8403780579359106
0.4495575509129999
1.8236396110320496
5.9116142408180323
4.0832199014029813
0.8128702884830999
4.9707463577930717
3.9475078466178108
2.7181982959915127
0.4656852590189051
0.6968130666118102
1.5086366978384751
5.7875336141488996
1.6592978040971658
2.8826079191305785
1.2536464691975138
4.8493062565734677
5.5047620146517877
0.6899682080125081
3.1810371769381298
6.1470804199188338
2.9832054236037067
1.7473461286999417
3.9896765233905862
3.8435700043627223
1.6034588075555076
1.2679135182535672
3.9837414351916087
4.4769645242150471
6.2623957554611192
5.0290800365044497
0.0332922691116601
2.8638089381726348
2.6602182484191625
2.5411621609838586
3.6170739257231030
0.5597238571936275
3.7320812896267461
0.3758669039914084
5.4180902852780433
0.4926157862145636
3.6765097976962653
4.2935183990410444
0.9663579026377332
4.7316362187303787
2.5281062197789956
4.7052097422837349
0.8617541041296012
2.2300284683270881
5.3249162980843385
2.1813557298419326
1.5860815645948991
5.7642156772488429
2.0131703174346391
5.5955746971185487
3.4908090033631551
6.0996006033516759
4.2019359077260203
5.2205442957851869
5.6994294411859503
3.1729369947302568
4.9276180072339217
4.4281384431271542
5.8579669384805362
1.9748086371304270
3.7644285502628398
5.0083236692144757
0.0547878196200982
3.5636294348108843
2.5127032139675678
5.2771350367576018
4.7602220632690564
0.2577027974788890
5.2072342575491835
3.9347717301933103
0.7826875541604510
4.2306493084480099
5.5976141098133141
5.1917379688442304
5.8349218734886339
3.8959520929677676
2.0544632954735191
1.4889193368230447
6.2563265825474961
4.6068128202257341
3.9490245537202568
4.5870383436751236
1.3992056292579598
4.4886559633377061
4.2988558385347391
2.9228025518472101
3.0646181207999708
5.6045104774830179
3.2107510683786749
2.5803757425972629
1.6310681632405637
1.0969029041728624
5.0564845660847331
2.3445097058244322
4.6415600926245437
1.5760983624515041
6.0856857218712497
0.4303228293331861
0.1718570846199881
4.2414543586736588
5.2060631958402555
1.5337441415751791
3.7547648352261391
0.4644450406915576
1.5717519270586406
6.0221418421617550
5.2559473069818541
5.0043358973534815
3.3553565014881532
5.9378024315050686
5.6511113755305926
5.6533820578317284
1.9041411144683560
3.5223915984161946
2.8673065817129184
4.0431589008959055
6.1820064853244743
5.9228479018636211
4.0041536776714111
4.8566021925779355
0.0078432413124597
5.0403745952271741
0.3451253631619114
0.6189659295566876
6.2809179593487237
4.5889257347455779
3.6509031553979931
0.2562017618237517
5.3369700816205929
3.0484431041366151
4.4985642141530757
3.1593587411673876
3.5181001746582274
0.1944567967826281
3.5254754566108808
2.0303369376114930
2.1905142705517271
1.8336973140148916
1.2291081528430887
3.8353541077512388
2.6917520121768614
3.7649184385288832
3.1616370657401482
3.8409979543238761
6.0579308439158694
4.8220386648515783
1.2883500297083677
4.2268973536627188
1.0912127547939905
0.0646010786013595
0.8768036554166427
1.0084666165169551
0.2041818318227651
5.9507581213280396
0.5975099731185924
0.5249069979617126
0.8133728876605467
2.7113247673250678
0.9390542153624377
2.9671812532139707
5.6848031860404564
3.3378214917586195
4.0081143574381617
0.6989515677004843
3.5582521986938853
4.9036437031090365
4.7212601653057780
0.6180697941686639
4.1018910218632518
0.9023193244628982
3.8130070032451746
4.0348984503787664
0.7174325483658420
2.7409660544422052
3.6590314381418629
4.2472221179882368
3.9207124202513679
0.2439450158661953
2.7034348961747035
4.4303032805256839
1.6152538271116292
0.2596331219400276
4.8896020845257926
3.2107116322876434
4.0313107084406266
5.3537545929613701
1.2859265778688820
5.6076634449462635
0.9866514593397354
4.0085179244639635
2.5876385953915300
2.6548578875663322
5.4693156840707795
2.6778562167251496
5.5496028952550969
6.2004265191333046
2.0190518657703374
4.2073855111938467
6.1936106607715642
6.2652524570746753
3.0099328896196407
1.4567045432367038
0.5797867101503847
2.9045308907284944
1.6529690832770152
2.7491577935628695
4.9286486299311232
1.2875917876185123
5.7206460331787996
5.8060045954009283
1.6873328742711666
0.7325739585853829
3.7199984009663614
2.1828630023416569
4.4958845190757266
0.7608291442002970
4.8557462239920515
4.3417281464086210
0.3347838346342366
2.9423582525909935
5.8512045014387075
3.8885277892816053
2.9179702255529572
5.4864950774089980
5.5868389010061144
0.1983679520740123
6.1703469468278858
4.4282783348616457
1.0358175988636769
0.2306886961972777
0.9919780630182286
2.5056321933776786
5.7179035405984893
3.7951545753088105
0.6531469061778159
1.3768997208161864
3.8668780499115880
3.2765595659871289
5.3741163070987437
5.0010274952313187
2.5252862123174782
2.9269979530839025
0.9866925720266237
3.6778336012141786
0.7791576527864027
1.9987793677207344
3.3212478221215900
5.4514276545936093
5.9444318274661212
2.5666769516711816
4.3586734191119554
3.0200539981479593
5.7783089416810647
3.7171929628730180
3.3232688125319276
2.2093326171380343
4.9851087405803032
1.4700762086486134
1.8528705521222999
0.6360098719507350
3.0131757946370934
4.8284475764585641
6.0930954123715351
6.2635683394492476
5.9592636326310169
0.4928412436812680
4.4298496752319627
5.5924442745171996
5.7720059189902031
4.0298656720441182
6.1269392210069951
2.0020150497860074
1.4375691218361049
3.7455710446536425
0.2846677253301486
3.0207863365091825
2.7899454055732469
3.2492268299756684
0.4604149875010585
5.2106569164442682
2.9305271594818803
4.0957134929407522
1.2061534405113674
1.6066112641927850
2.2508560692754536
5.3052230376690011
5.7510151231177513
0.5566326724869349
3.6441460660811886
4.1930005739358434
5.0602129951278929
1.6544691418296422
5.1342711293277912
2.7748243112503395
4.3371019190709168
2.7557152697881695
3.1662500978490837
2.0040114845851851
4.7887649069901199
1.2250035921840643
1.3157471639946121
1.8967255155987051
2.2352604189624556
4.3260227825414423
3.8708259045302960
3.0573158131150526
2.4683747630389190
3.0287838441618846
0.5451631506405245
3.2187851480503045
4.2697087794573010
4.2307859720043854
2.3003782658942700
6.1161310418016424
3.4598330351799409
1.8101917584108451
3.2969568163078264
0.5355382742517438
1.9362587650722745
3.5473996033828263
0.9952754527653662
0.5726645087436639
0.3384923038397152
5.7472381770258432
2.3705118621717549
1.1168877504722412
0.3982106639087128
3.7597285765408390
4.2685602265786757
0.1228731013192556
2.4744034513726070
0.0322527302547468
2.5575176765633301
3.0961691940172145
1.9151937371613954
0.5718323531017143
3.6824484917034979
1.1408730365051380
1.2930818004495748
1.8903279870489704
2.7644132219056319
4.4573308336150861
2.1034172834218290
2.0394650122813269
4.8674001838801848
3.9603160079248050
2.6751926360745073
6.2243864997255312
0.2881495171585726
1.1210031905719164
3.8277007321989394
3.4745802727316968
1.4887830953880616
1.8602554891476148
6.0188351128226945
4.1144667600145128
5.2974770232845012
2.7947932459614364
2.4560741727338788
3.3360675772667441
4.5322095653044334
2.4173348941994921
1.2686088553794521
6.1095245159344582
3.0924142737883149
5.5619728534748791
5.8838500916548098
6.1743675478903297
6.0879261549448476
4.5337303097637349
5.5940699351791956
3.2502838067087803
6.1728027545584832
5.2806316234330755
2.7349633756131517
2.4541614417464501
2.5049401023190327
5.1784271666493229
6.1432091599439103
4.6585268040305827
0.4832163119837333
2.2517712283022862
0.5595372872101162
4.1169611713634300
4.7588248364044503
6.2203382918377566
2.9221340709800603
2.1871141807817334
0.6691986959194376
4.9494231246228351
1.8024287426294521
4.5692209093892195
1.5018641131916173
1.0823933288180181
0.7608191201584914
0.7674837720621700
0.6732573844756569
1.6661309707967265
5.3400760193716437
6.0053980847906274
1.0363498151504673
2.4454880326790485
5.6610438112460377
0.8931392326565238
6.1944902543257996
0.4644597524367290
1.2458028749737824
1.7323139293408101
5.1281736780023275
3.8921484067853709
4.8825717366933343
2.1739404493612731
5.4719445043084916
5.6798499007436858
0.5939551156833611
1.0865247743756794
0.3783203595226345
1.4542673280473157
2.9226584414335184
0.3796114059538361
0.6659489657247333
1.8939512945424339
2.4042865764358452
6.1157310380708978
1.1314289869716458
1.5869531581816461
2.2259329857490719
3.3747898320982528
3.4502628998257121
5.0148047532646682
1.0026542917035457
2.0673943633693042
2.9455945049306904
3.1829883442841558
4.4501087846409657
0.1116845071803359
1.2733537190996733
0.1680165876850468
2.8452573413655373
1.3600916585144496
3.2543324900528257
4.9663493136105634
4.4685540395601704
1.5829713897935789
1.4720619679044831
0.0703856050485818
4.2634138923423395
3.7334434980471860
5.6222105397295001
3.0647559195482277
2.4811414448417097
5.5441090636468564
1.5680539824122615
2.6685597101530769
2.5285594215738252
1.7360298973596531
6.1861274606786969
1.7750599888375476
0.8282235919506078
1.5212189373973808
1.4692918700644191
3.6766350872743452
3.0371278402109971
1.5352220118339157
1.6479334662518197
4.6769803743387790
4.3334593273730828
0.3959288081034032
4.0625838749264682
6.0524750302550396
0.7252538898280242
1.1666999725911225
5.1129457343366624
4.0925556144278463
5.2363373910292346
2.3894789515170411
0.5214711226731645
2.2450877506690339
4.1209262777283620
3.0405757756164205
5.0529842119454438
1.9964950671653545
4.7613088115483952
4.5537305719101546
4.1842128148462558
4.0147327451394963
2.3248747913810286
2.1076531961418916
5.6909813992825926
5.5083363380723567
0.8154763325165967
5.0815074311134794
4.7783507504034954
3.6126181317854162
5.7421504484128940
1.7188925122578851
1.7720591939108796
2.0242354086995213
4.0867026408140870
4.7366164592882711
0.2160859545037712
5.0174431384384421
3.9875062899409390
4.6462099590293526
2.2027217181239318
2.4746151827128227
4.7296887370683685
5.0954216054339456
0.4337090498595629
5.5834967378687130
0.4497202750250758
4.9485891338143642
3.5799555580177125
4.5543924255736563
1.0510022050697283
4.1683638854401703
1.8250529534379971
5.7390806345068270
3.2549132232341198
3.5015317361717124
1.6920333826771123
0.4160252941050732
5.0266964184632812
3.8667908427885567
1.0118481929854213
0.8887969711968287
1.7133628723551895
1.3399443794310095
3.6428106148109918
3.5592354847221745
0.6312762601340647
1.8194941739488639
0.5087308497356929
1.5323407950549153
1.7946030151494388
5.0969918667702450
0.8053057648857027
0.6727645040878324
2.9536843827880284
5.3879455496283200
3.6483890403480275
3.1263521274191017
2.8542461008467241
4.4717976036017681
0.0844128499851515
3.0418468938273828
3.2197718562401185
5.6052878733942624
5.7220334201732932
2.5507575225203838
1.6892527492256064
2.4704468345619524
0.3435948460119065
1.3992312547824144
2.9589121245678016
3.5489479494220939
6.2672229527868799
0.8947364494633786
1.7994140841967567
5.5983242576499048
5.5112818631984961
0.2958213432969765
3.6458043186933788
1.6508342206878939
0.5879084090108750
1.5286230516148658
3.8027979659107767
4.3122709007542177
5.3608728272496000
1.8879723229016989
3.0298414412986805
4.9287966255425983
3.6145196058614610
5.3771728310762326
5.8105355737720705
2.2229108819141632
4.5324856957346764
2.8272366057376113
3.5737503700646278
2.1576553317088960
3.5109479403387329
3.3925791914043608
2.6012842672347714
0.2447357197103232
1.2498983020318577
3.3580932271345887
5.9554086807567135
4.4982118722091409
3.0954351933605260
3.1280530157215765
5.9781726532988086
3.1436564902956574
2.1243994923567251
3.5866508134203285
6.1603109086944583
5.9876550890548419
2.6775075659744623
4.2160598424267910
5.1990272508725930
3.3886469241591497
2.3057755269935867
0.8905675686050816
6.0402159119935748
0.3319131383892441
5.1855229501317330
2.9854157190412050
3.0060184898276767
2.4328690690596115
1.4795628878389226
1.5509850320078338
0.1362098204974124
1.6081759549924768
2.6979782561461323
4.3717981229834306
2.6737201102452404
3.1450563991021063
2.5425896626450384
1.2904030311412287
5.3262533078738752
2.5658906279075229
5.6609924249914600
5.7480398073967720
3.3764316126423162
2.1910123970908839
0.4208274024684284
0.3514946196689937
0.6209804822752173
4.7993246750568392
1.3866265435795488
0.9465032979185136
5.7048471755077585
0.2553423617043863
2.8850182775945181
3.6430934807455668
4.7988577571480420
4.7401239912882334
5.8668147484264512
1.3005732555988165
1.2371711100311122
2.5009171899464802
4.1758827632383202
2.7790966841065177
0.3693352663551104
3.2213630246592215
3.3186597976919194
6.2662224415791270
2.7503495713106463
3.1222382281601555
2.9129130666736582
3.0167717444332212
6.1470545013324749
0.2934915442478952
1.4233156145293806
2.8400269436944461
4.7956599680588567
1.4076352757129711
0.5973984168993671
4.2375220541584859
4.8490330018978165
3.5692453601575278
5.5918216536294958
6.0772501281971074
4.5807323947739373
4.2245720777297482
0.4422956010196321
1.9466916504209457
4.5765199400381142
0.1265995903410365
2.4521700534674107
5.9647859395564753
2.0318700832081862
5.1341966863907649
5.0005297540021498
0.9013021825116745
2.0005837160407083
3.6127247090895001
5.6400304277536248
4.9760376886659916
1.2411779680202908
4.5350080490791216
5.5905652966464947
5.5629819535011240
4.4931675446748089
5.0089752808303540
4.4088643448899356
5.0929237940389802
5.8594018533551768
0.8726831635053472
4.9530344712768386
3.3372731529790136
1.6860144699829129
4.8426965819810954
2.7054131933990710
4.3860001447411365
0.1378024494402303
1.3772583042839204
3.2876345702194572
1.7015895058860107
1.0210247497811680
4.0883118070229587
6.0710175914984799
0.1440946066937133
2.5509194065881733
5.8235780736318103
6.0293530062344782
3.3824744138367184
1.0853494306729530
4.5327341777578685
6.0237588449531945
5.9730795611830443
5.3447404217761783
2.0127232916460427
4.8637951193893665
5.9084521068370854
2.7374864379749182
3.7229998657546854
5.0891868233991939
5.4773607056836191
3.5099487264053759
5.1507814448090308
2.6992168080727637
3.6613325777059522
2.4176605609524970
1.5567467529253234
0.4818251333009268
0.1207538924818871
4.5540275270430728
5.0177356962675628
3.2553335878898770
2.7830282331767515
1.3947786540486726
2.3588766980312941
2.5720905890586514
1.7462631542139129
1.6670330065457981
3.7457105686202365
3.6016193056194221
3.9359631643005795
4.4400491931003376
3.7002343932719173
0.7577920561824049
1.2301427118278718
2.8470318849944349
1.1356564466021506
1.7468866702751515
0.0886518588235009
5.2152161722306234
0.8599280699505276
1.3623977817079964
5.8060387238014695
4.4995808087227100
3.6203080964989796
3.4631124424876298
2.6657763806649384
2.9714877104070996
2.2254260356700382
5.1308995624265838
3.2151946100165967
4.2018519232720974
2.6870850438931617
4.6250201496464154
3.3529117503461285
5.0374696732155471
1.6881440162489831
6.0901078000545121
4.8456164519908276
0.0152478167598689
4.0623500672357737
1.0263801702887720
5.6951146186537178
3.1444186538305678
3.6653416592451276
5.8495149325542997
2.1882775623116903
3.4993344867786136
0.5531388213153120
1.7513644129420625
5.4859559813265220
4.4818431542577812
0.0450020127367125
2.7079934333416040
3.6434115882328948
1.8644516021791309
0.6429675536038475
3.1863771898253628
1.1234132941040988
3.0972368807832167
3.6916411340320763
5.4093827715922602
5.5422054566502146
1.2746191024916189
0.0507442782260510
0.3802941638313217
0.4641548836015464
3.1305348489454241
0.1695576609968097
2.9817156791236106
1.1335037772045309
4.7680865063858411
0.3631432828395775
1.7967461012393302
0.5888620936277900
5.0105274100671062
0.0328758740154539
0.5333145195174936
4.5417898519920037
2.8892770408343322
5.9448267035255968
5.2442564885791043
4.1877489807221604
0.2705527728083344
4.1359615203598059
2.7640414317764894
1.5524734084911895
6.0604845121841553
3.4611542936712136
1.2290238202365584
3.1640936698851747
4.1260514522436571
4.6753156464678201
2.2601116641067120
1.3380249014122687
1.0709048090145605
2.0585270752373774
1.8743362930386198
0.9790788504437707
4.9015341328305277
5.0066816033373760
4.5652904774154450
2.7348132472150231
5.6941364020480645
6.2451159253007242
0.1992399011907031
1.8423240146109146
4.0668132770782561
0.5127306607111120
5.7469888467869783
5.9124267880765204
3.0910964274772832
6.0716521120604972
4.9222317894829875
1.1935660729269426
0.7145696094708298
4.2685122768350690
3.0055464004801329
1.8859971782906169
1.9923336196357668
2.6657647371533533
0.7250136588620428
4.2069673622415458
2.0085413703733570
4.9032776844409875
5.9178211431101087
2.3863422760307142
3.6438315394762841
4.5052547682742095
1.2315529169895538
6.0377760303389936
3.4305114598891877
0.6329473556849070
5.5659823510658955
3.3539266125765042
4.8152646517982305
0.9017541089278092
0.5792929672122985
1.3302660133537731
3.6257016391775796
4.1116261271789325
4.4015838643249561
2.7209129545256507
4.7942251196526744
4.6896791677847016
5.3985933127473062
4.1325876272829660
1.8285153508768650
5.5575011341066540
4.3379837987318064
0.7068287821928798
5.4871747038491785
1.7099762823633273
4.2461637082247323
0.2433461958658663
3.6962002959469324
4.2534023876929030
4.5343455654350615
5.3981859235839638
2.4103093619586389
5.7499173639746584
4.1442357023643330
5.3845745963764209
0.8185901093249932
4.7032783243769298
4.9737728180630523
5.2696475356527559
4.4825080440741107
5.1418358973536273
1.1444673974488135
6.1523624267432000
5.4465854675076155
0.2405762915237778
4.3963757457443196
5.8681501248759638
1.7702140776025621
6.0546037786054887
4.0966082932525669
3.8969767217443958
3.9572725602633119
1.5319680661855655
2.6608709515938549
5.3181286152813581
2.2466748302700426
2.2139198679024803
3.9420312732633112
6.1073023127750803
5.7082416031496033
4.5686775206497776
5.1404799367100393
4.3840026626777471
0.9760482169861557
3.8532973070572312
1.1111781349770140
2.1689595599368157
3.3535204360779667
3.3396273682595536
5.6584094575043435
6.0201842928430649
1.2815561396163733
4.8900588561532858
2.6203965862940342
3.3276915814162207
1.0250403523743985
5.0037728416355760
2.3385908148014365
3.7389217745212395
1.6911875294688803
2.1082722657994188
6.0685458456099983
4.5971749956218861
3.2805449970012650
5.0567184261580325
6.0899808638858568
1.5624259642637992
3.8210780524215693
5.4219383684536213
3.1104521272226608
1.2100377792894463
0.5400345062622643
0.6327652215257582
1.4794851884565030
4.7159261050472336
5.4191140888501463
2.9987364931698086
1.0612029892449770
0.5573600402634584
6.1554528687646863
4.0887183200920667
0.0551924093875135
2.3208653686249563
5.7679957078748769
3.9847051846144574
0.0589079902148393
6.1949523754453928
4.3914037115501756
4.8581123094432188
0.6094306634493170
3.5375426351748023
3.5714927034912436
1.2392448070432858
0.0417484182452342
2.8936184700855123
1.5664088118916710
1.3905885502826141
5.8318076903340996
3.0127078599190091
2.6091586951100103
4.8705566264612639
3.5446398912518471
5.0060778552495941
4.3501534208328243
1.6770299331670349
3.6294979295467038
0.8828141263148869
4.0004711831874875
1.3129198129589030
1.7606294653467018
4.9605545807480649
2.7951292248100628
1.4668101928752955
2.9308404709960159
0.2802297693574594
2.7408195642817326
2.9515411141180987
1.3481934848309809
5.2269522701706697
2.7413150190939199
0.1945644808740151
3.6896870461524109
3.8710927527832584
3.3951366103696818
4.3457618621293488
1.6307109925634797
0.9745488661911083
5.5797411025756407
3.2768495225541874
5.0077334818149701
3.9680047131273959
5.0044596676867776
0.0136095941453168
3.8453630283475082
4.1314722011396361
3.6497998447839217
2.2396896719307793
1.6526106879665174
3.1273795775652529
4.9431371249423162
3.3803350640876828
4.6676614451978446
4.1914242292926138
0.7406356837609295
1.7268739487273541
2.0820663961227144
1.5895810556523633
0.4680516817561217
1.6965136009969888
3.4865185160372181
5.1161224467056137
1.2787852220161655
3.9630313792013498
0.5716891083606042
2.2568119075744879
3.1706619459980776
5.6596894232908816
1.3564919593571019
1.8887803663579894
6.0252408625379346
1.2301068323934392
1.9275638160139745
3.9091784373503451
0.3643075867723102
3.0402778251532627
0.1608052335953545
3.0032994183505801
5.7445778025617686
4.8142472766950970
3.6862118960360517
3.9440996013524865
0.8125168804954328
1.2625864804299316
3.8969524756495053
3.6464627133048371
4.8360516676434555
6.2086721839901546
0.3335924335667517
3.2614054393969640
6.1705316843801610
1.7621481483682153
4.1370517655895451
0.4529880707572774
3.9726507042336219
1.9146427727192485
0.6249244107341824
3.8178007570516419
1.0865913434019541
0.6508357437100084
6.2357303410747411
1.3836155884324495
4.4979533806285854
2.2681272791344269
4.2644281820075669
1.0522829606398565
0.6613880384432168
5.0215629881493342
1.7387294120025545
5.6803889239517691
3.9609259104997512
3.0955476729207230
0.2931957948077213
1.6054608850597740
0.7648087812038358
3.9726336042411412
0.0023078141102623
3.5997853762425249
3.9055945705152779
3.0236777536822692
5.6962300514580271
2.3815255635285286
3.0694595325304146
0.5554271919966812
0.4194519040114197
2.5340860736602853
3.7897694758229261
0.5878102933055658
6.2591580140391994
0.7765684512245763
4.1214788014377222
5.7658958753284102
2.4263849757185785
3.9465503884964503
2.0910941333327910
5.6392389006235693
1.7692982515711095
2.9243735639796227
2.8608038053126594
6.1186232627766008
4.9024453765585596
2.0603392916169061
0.7593537236693102
5.7793568359473664
2.4940546177983478
6.2043545661638575
1.3826061094278828
0.2174816294587985
1.2824116435652519
4.3627715912721818
2.5052647402972421
4.8105850774942240
0.1060497921486442
1.9237221664970832
4.6608989405580807
1.5460429559756863
4.9159863103543850
4.3500050987818382
5.7883214306683097
3.6443586125347713
2.1424857186097901
0.3879609973994400
0.1370843855085679
0.9091717244929940
0.3045651249924949
0.6001356485345213
5.0608324114746166
3.7450189255443442
4.3139199441777878
3.5136266718945990
5.6314912440169556
1.6902768179736667
5.0842823324316297
0.3492328581863441
0.8524732753466175
1.1534628623843901
4.5945238895469291
5.6873172283923523
2.6186088086511625
1.9933189064065522
0.2197598427843338
3.3090573336198887
2.8404815122873313
3.8592475774453217
0.3658596723084636
0.7170460185338680
3.2535129511373739
1.5155180696815651
2.3097989289514298
3.6331160406095186
4.9934317705906803
5.3293162996564805
1.7308163499028224
1.7450569939279894
0.4086956000860966
5.4156559587858926
6.0483263055583603
5.6912182668065103
4.9358608178105801
0.5403308867697096
6.0323741072343573
2.5417015673089742
3.8711918004946719
1.2780682946927193
0.4625167379132888
6.1939314488267971
3.3771020026379128
5.9490883716544367
5.4095328338442945
5.9649586706988771
5.9497717008518958
4.6436823900692108
4.0346860875015746
0.0105097639256356
1.3919174032577777
1.2654454250633471
0.1461745522627352
3.3180974351827319
0.1712083337213281
2.8483145558600387
4.9793698141209592
5.9727018265255971
5.7621429432900113
1.0173732579248078
2.3340673290739344
0.1376913541154508
0.5379218660395861
4.0830094737005735
4.1612565207207419
3.4125136585978737
0.2118075520263037
2.1027782211474064
5.0369816829388352
0.9193762592527319
5.2766629338660342
3.2170570073989451
4.0971972309943361
3.3970569550715122
5.5819901619818157
2.6955304607713089
1.9823416047516447
4.1177983257595931
4.4621181434669497
0.4281869674341777
2.1734993729255252
3.2796744945440257
3.8145602728048353
2.4147414191189260
1.1973184690121905
5.4988371592598346
0.4651859347683989
0.8755149059985666
4.7984747173536331
2.7633556485173276
5.2682749140908030
3.4626308066386042
0.5286675891897616
4.4879852104324964
3.8078278005914616
0.8020434032718720
0.0754655385457665
5.4762122268205893
0.4540507898793044
3.5834799576751153
1.0530834924511712
5.9559324322600231
0.2015028361871268
5.3717488750256202
5.6082848208481186
1.6558899862007106
4.5257509389302077
2.2240046998311858
6.2744143560651162
0.9206520269613534
1.4548740841814183
0.8485615422024003
0.8709893282476893
3.3840934397051003
0.7869222811313376
5.0752085126525159
4.5402986364980604
4.7557949141748965
4.0934219831939025
3.7304789676286019
1.9436786504304902
1.1520526936029618
3.2469081109388624
0.6948529167718970
3.6805615964321952
2.6547903513430247
1.9528490413395738
5.5861170958310176
1.2407513957089018
0.3196669520493033
4.2923987604290872
1.5294762205605761
3.5528493218976571
3.4693078700241973
3.8808154980523311
6.1335816585675884
4.2003356006452837
1.6580271560148936
6.1501813133029719
5.2067908963312606
3.5483390786168072
5.6151172095720678
2.7744651807249823
1.4061927811385886
5.6308170469126448
2.7245933562292417
2.4623092807125468
4.7931370697183455
1.4495596015860117
2.0202659254080091
2.5991414174408360
3.9759560792140385
0.8255180113870516
3.6708669168988775
5.9942134237692359
5.6187869526247951
3.3649061503023354
1.2421975895247011
0.3496549165797104
4.0192330065123096
5.5953521704748930
1.8223357113151648
2.3452205523205665
1.5884610992819961
3.1233030531563619
2.2348260292102906
2.2348013358506593
4.9956464241538816
3.9869015175525275
1.0529216250218834
4.1037840510769517
2.9367856509972157
0.5428273492195516
1.1673787986670126
5.9652704560068823
1.0324071501946994
3.1734251747235227
5.1369032444899130
2.8015853362698167
3.3799873797078139
5.0029235934147049
1.6591550506749271
6.2373605539549946
5.5512809183564125
0.9937617487809308
6.2614981378741099
0.1198448950296999
1.2071647468568989
2.7636293291309211
4.6303146329262646
0.4980408598043479
2.0572760645397112
6.2093295133823094
0.4162847702359064
2.2034298080715753
2.1618199413027201
2.1229616535742135
4.2516581290098783
5.3922303443451645
5.4480442652920047
0.7339470862557453
3.3234224524542930
5.4605186102189593
2.7798530045276748
2.4082590197955307
3.2183189420640583
0.1607364735299865
2.0266437223769196
5.4238505907945989
0.6841777080260286
5.0814732598988392
3.5375301153018568
3.0865757975438171
2.4487699775389085
3.8679529754310891
2.8534619548193447
3.4283302404086702
3.6617371582558538
2.1316230414109323
3.3629336296142567
0.0381537757288144
2.3802886923450344
5.1394179026499662
5.1888547603076338
3.7386656641609690
3.2066302627131811
2.2734953501384707
4.6506984863025425
2.9564568257528547
0.1636760223296955
2.5914431233204911
5.2050830947714042
3.6747926166723448
3.8376882704638677
1.0375293284948184
5.0559367231733878
0.3747624104783219
0.0854704396303986
1.7546006403577676
0.7453159192286690
0.8988509635839257
2.8068799516381007
0.5204292247670220
5.1074530414954511
3.2659453755098773
4.5931294749656777
5.4563720468144892
3.7074511921312210
0.4180586371575589
0.2877723054558912
5.4087432138803981
2.3443423174284423
3.0570950067889577
2.2711159543603903
5.8039879416386109
1.7882684406761402
4.7813512466497903
2.6316165802658822
4.5894586596644693
1.2344213018108734
6.0785288352930573
2.0177025021374262
2.9776780719292661
0.0925828159799744
6.1986339224584475
3.7776887547179792
0.7307582880504081
1.0934197582198097
0.1086898971609174
4.2196018938202462
5.4346621973545952
3.8477101475850266
0.6618280640591307
4.8543915269408764
0.8659861416924002
2.1583731549336287
4.3871512427211190
5.6494004636750974
3.0243436584001118
1.3384632006672792
5.0070921055620836
3.2089966182220784
1.7203185248953925
0.6379736022506719
6.0315534664413226
1.8743562588661633
6.0068989517830458
2.2112607397169923
3.2906391752016759
5.4032548716205389
3.1538117010866715
1.3116223975282324
0.9410526276124432
3.0087225746634774
4.1039707555949283
6.1310181771953474
5.4993544164148265
0.4400959496954180
2.3475747542202718
5.1355501423070100
4.7640193719300221
5.5609594485589682
3.4308389025624049
0.2022155083383294
5.3328251480410627
2.5339266686522950
2.2416100946063904
0.6605303876411714
2.0705908346439843
5.9169975890021629
4.2806894451138717
0.7480263686266898
4.0498957440164336
3.3883455834983005
1.7688198186383142
5.6991814130787439
4.8039072713132862
1.1201799632877198
0.0966956030641764
4.4984853815758887
4.3289194011592738
4.8895652038899069
4.6368485585011312
4.7445918500793258
5.3483661989001030
0.5040869775015795
2.4649150893289673
4.7047212508672338
1.3693489277855577
1.3203681169183106
3.5340223152910797
2.2267996035218101
4.4888213364757572
5.7098663836522725
1.5382943957078756
5.8636292462399409
5.7895626217480194
2.7630993303131501
5.5618345813514569
1.6403841152414251
4.5002689755861454
0.3435326161997195
4.3313584486821242
2.6902381834348530
0.2493912526096785
6.0775356098996420
0.1719539172435149
5.1223971522750968
1.8869504441821920
0.1743433585506452
1.9672795385733068
0.4175005368132972
2.1543040859917739
5.8611461804252896
3.3675080758145564
2.3063328274741668
1.2557292755444207
1.3352353565773685
4.4878875374604874
4.1950394740542762
4.3414362806881055
0.5905239400182427
2.3204982918087920
0.7373642426356263
6.1261892208597137
3.2459113288535613
2.8904888091119876
3.1262549848132015
3.3520539129258675
2.5499493837431300
5.8716007099773124
3.0094051326691216
2.6012737309092344
2.6886769825616019
5.8635185831836365
3.3652574459780329
2.5880878003401606
5.9109309834375487
0.3263902888956386
1.2577672198273742
1.5026332394894433
2.5175938218148195
1.0879142247869205
1.6383974851993555
1.2289773769714911
4.4463395035422533
3.0644151803964590
2.8294938379305123
2.6648818472816265
5.6140724195549625
3.3690645065679723
3.1460540039140006
5.0579895792073675
0.7815849556195845
6.1601527085976375
2.4692520233889308
1.1742546194507322
5.4212610599788338
4.1580313676003282
5.1778928689691437
0.3294336417967149
1.5191055390374026
1.6805660533849214
0.0223867454756366
2.7507226767893149
5.1571954079677882
5.2866131344245018
1.5657141147231006
0.1356029379154730
1.4321712187855966
3.4061368392326132
2.2064288859732057
0.7330156353442595
3.8456277225803448
2.7657255160609813
2.5319888338336662
1.5313238245883924
4.9174959433353633
5.4796336708008750
5.8603193006512617
6.1059159107081156
2.0879451325393421
1.1540097171267676
2.0234893610805504
0.1031030447186474
0.8377586329230288
5.6827988358921884
2.6591902121445514
1.5128624969623023
0.8774072539005286
2.7863938213488200
1.0540837814867585
4.5873786897323772
2.2054022345391524
2.7359410416367131
4.6081363402470119
5.2433714372162310
1.3640795254685416
1.8378397474022734
5.9052902774654656
0.2537421892187139
6.1624306628833594
5.3173054607245822
2.5725194120943566
5.1060282924369265
3.6583833997868918
3.1690387390606705
0.3640764947787776
4.5685530739742504
6.0867050957537590
0.7646238418340586
2.8743285782075456
1.8627292872768721
5.8036467045436444
1.8649065034688781
3.9247372452889127
5.5545619814621148
4.4956708189962580
5.5883263144908959
4.6900325205256213
1.0712015862659383
3.8329770986184259
4.6025917151612523
1.7134157576600040
5.8820430030502067
0.2396603890049483
0.1894527717497289
4.7496404450026803
0.6852409646462119
0.5426074545109444
0.4632836162615530
2.3847947035738235
3.6803247583376186
3.7195143014020831
3.0064665295785256
5.1530244861115762
3.7708543482045327
5.2961682918343769
2.6648662116048314
1.5904299445322707
0.4712527636688452
1.3475601662135512
1.7734738919160773
4.6269206102162723
4.5801297233699385
1.6144290426663241
6.1578692519497080
4.2566879279617016
3.6944312393746537
2.3829721874323506
6.0466677227031935
5.4401260586686995
0.1320156084931135
1.3669532345353059
2.1383893413361679
0.1437882129166786
2.7204735602400172
0.3660813224181039
1.6437543015126794
1.5373412713168682
0.0357552434014943
0.7656346697062244
4.8618036418268238
3.2616414116244261
1.7916728860010365
2.0276554237729565
4.8823506814463711
2.4763602360105792
2.5954438959597157
0.8891554404558420
1.6370362808416883
5.8470623759740317
5.9449434467651194
5.3902536504625616
4.6891336548905578
0.7493355839900268
5.7219438226307338
4.4139346323936461
4.3446575063481401
3.1544299016977866
1.1731708371481422
2.2485130038421444
2.1912451396811967
4.6608280790582350
3.6206952387204883
1.9749057672981940
1.2029609083833293
4.5162367009676290
4.8627891371607186
1.0178680591613549
2.6298099878584793
2.4895653198096994
4.9425586440943441
2.9476641885894632
3.7414682362965874
5.9981672057241617
1.6126999409679013
3.4480460289722892
5.0965446641446688
5.4200524699230117
0.1825727670027008
4.2264708703842917
3.6054770681436619
0.8754642439064282
2.7335531338165104
5.5791461592357452
4.2544665089060887
2.1924496367496196
3.0816374872841434
2.9715026217789604
5.3489188132693002
4.5490415589726476
4.9179700015131926
4.6058304469757383
4.9686569293809209
4.8185934091761427
5.4556193224982010
5.3088469425079614
4.3351275890946397
2.0500264674325321
4.9079443593216281
2.4367341960932074
1.3224747403424630
5.7177280317087202
5.1211319490402722
5.2359052893458422
1.0184991100645053
4.4381382096723243
4.3172433303824764
5.8147742475412167
2.7029291674937537
6.1244398549004444
1.4457963835300207
1.1977175663518460
0.6921628917619519
3.0624406579607251
0.7085602208516409
0.2067766607668287
3.0238938255303243
4.6007989150097899
3.3922315073471236
5.7108537007919322
1.2324271244031968
2.2359459490121405
5.4075909769579535
1.4223845257804544
5.2506654604408292
1.0498306129530564
5.8171831523356365
2.3324408007630653
5.7357733608133641
4.1285398828230191
0.5573057438311063
2.9440767248579922
3.2314392815917339
0.4248645567930818
5.6081115100919794
0.5368606129746036
4.5831471612281689
0.9893048369005283
2.9403347363687158
4.7752313648373148
6.2241768582769481
3.5908325411854300
4.6955044752243156
5.5746992683643528
1.0473683532093838
3.3667834104205636
5.2799111652773911
6.0027063242251186
0.3164789141296981
5.1194018517690845
5.4733112439056368
3.5687169586542624
4.0276190571878860
2.4272179187347143
5.8360862158562075
5.7013041924681982
5.2952516182821094
0.2766010223964661
1.8874306410506645
5.7880203377482546
5.8461628752624071
3.6714768531302839
3.4525876710633203
1.7340461487988978
2.5956062787106151
5.3418520013224597
4.3511509765455685
2.8031533444492380
2.8549490019104988
5.6368059878186738
0.4364289235888879
3.6053010613725323
3.5868653710335461
5.5083736441905042
1.0979265984491220
3.1066650336970096
0.5903109057310847
1.1277330213072012
2.0863642307811467
2.8400879443823932
3.2759841256262070
4.2326376922241717
5.2289634025161424
0.2718127383790661
4.0192233409365175
5.5679135568435107
0.2777792805196014
4.3796408849880715
1.8262960067457181
4.6225230356058029
5.1205028565636841
4.7165997016268619
6.2815060836936061
0.2102663983730950
5.8595957813946580
5.2892779754097266
0.9882730091537835
3.7537955108499892
3.7952562982313918
2.3709817578484502
6.1847766010684051
5.0988382265070236
0.1050284093994252
4.0375772562539840
4.9846355327923115
5.7409646092061992
1.5455517469904554
5.8776952156932811
1.1253092354281744
4.7663702419938332
2.3359676880513440
3.0448055668789462
5.2949383239034837
1.8712745288214128
1.5957542499561723
1.0785869739422451
3.6623081275069920
0.0709310382273836
4.9728911016190143
6.0916452585705034
0.4341491666225100
4.7257465752268031
3.8830133445190156
2.7746072159657906
2.9597571199829380
3.1081537031209234
0.1245427618415621
5.6860233303725458
3.1487236785500285
3.1938925304323762
0.3741640311032879
2.0297201158114420
2.1982441209140178
2.4345082612797886
0.2088413819348246
5.0546430030782767
0.6817489642541624
5.9893873662883230
1.2099459813272602
4.3148580802120362
3.5518301784049724
0.5107035666778968
2.9710636499894543
2.5222203974951629
5.5862641884113637
3.0527470387837496
3.9539645490008839
0.2520913167289403
4.3394971761356249
5.2925858557540808
2.4619849755924457
2.8962221764561562
2.8619653772525191
1.4722848477236674
2.4324781252592955
2.1151859998224487
0.3242811764597562
5.7967000816732073
0.0139822185822188
1.3822682557035044
2.9253856624130998
5.3804436170566756
5.4709587722357682
2.7186055792817156
2.4707846157623088
1.8010631587738737
3.7216969033926390
3.7969961783322570
1.4587464208186134
5.6795574380919875
3.1836900911928234
5.8029335894806646
1.3552183086846141
0.2257365026097328
0.3944802324920359
1.6160999186400955
3.3189508950820081
2.7648869914533760
5.9662186175852954
2.9346353618545136
4.5398345632658170
0.8512784909394125
3.0646372072460659
0.4043242366961410
3.1705862937750289
3.0310049493836324
1.2847354014746049
5.8184206332611224
1.1952937234447916
1.7754764311344606
0.1280129443248952
5.1333165262330462
0.7663612543059486
6.0130195534721249
4.4850813131126195
2.1721878713364755
5.9189675721255908
6.0367253618425165
1.4932958425924270
0.1051261501084120
5.8016782304176830
0.7995921786932203
1.7616354521341526
4.8258922399135455
5.8180828940209173
0.5387097760429288
1.8936284044842604
0.6818383503645314
2.8011651229566557
3.7139674471011199
5.5662354031152219
5.4486195755065436
0.5596035631147950
0.8900179958375721
3.0849701765169555
3.6575842500305145
2.7112588921848890
4.5725079620004268
4.0594105703440881
2.6896542645637562
4.8258468732570039
3.9478574267416127
0.0598029527758474
4.2295886641640843
4.4370769746390151
3.6854372061535212
5.3204862390823031
2.9149455147484793
3.5676903480897546
2.7954126836426236
4.2543316501295765
5.0912713973992503
2.6637112787850485
4.3409278082448646
1.7067948806928885
1.5219792659918414
5.7542192861834458
5.7908995271144272
2.8358949537527871
3.4963438693968776
4.5778599894171563
2.8189259770608488
0.0374740947455554
3.2989105117739532
1.9812806003168517
5.6707796325919020
0.9838698543957058
1.2300183906439957
1.0799727502902752
6.1220689318762789
4.8719290983280237
0.3570617382076045
0.8807859173508554
1.9864744411349167
2.9177585670601105
2.6484799545027227
0.8217754688996863
4.9945972034312938
5.1833891008650923
3.0120748304402238
5.5267549247369994
4.9134908774720252
2.1755226969915715
4.2375930495780185
5.8399147917315251
5.5142147166739308
3.0282579741393905
5.1582684095134432
2.4300598916754028
1.2045267430608251
1.2691995544936419
5.1627964737173562
3.1834784065444568
1.1138928684095031
1.6443496180904607
5.9180143335706941
2.4104966388678082
2.2665748354611002
5.0756525974326259
3.5698596446209914
1.7390177144277006
3.1508084556960338
1.4738013391410920
1.3687343100027778
0.9652563351809212
5.5841590433617752
0.5190199654849754
0.5090044967988971
0.8726237142013435
2.2433891274749853
0.3346783441278288
5.8016173653574858
3.9957475499199546
0.1481966503965055
1.6149415090982302
5.3959136600577491
1.7146793825903948
5.0718628002421546
0.4152834066531993
0.3172444433010774
3.9537669384203831
1.0445215920407374
0.1012654892748427
2.7228489757205008
3.2113365403728209
0.4285205091768918
3.6179553070418953
2.7081592185368581
0.7145961316573690
3.4851445256658025
3.5145231431035606
0.0250965393826733
6.0161208437689284
3.2607891822850088
2.3729948500141589
2.0864078335450831
5.3197807831285164
1.0718715895851874
0.2013276040021394
1.4479219113674391
4.2112877049243798
5.7128764365937634
5.3413344894700412
4.7069501901889899
0.1427749661944235
3.3039281087323400
2.3911123871225857
2.6878506013505676
3.0199822092570598
5.3470922347409271
1.3764395458302463
5.9403306857633051
6.1330742717614068
1.3561493680498080
4.4725811251574106
1.6893256442379507
1.3241165775192154
0.6976285834682622
5.4686733133861098
1.3000983056555269
5.7833957406512617
5.9531271608590366
5.7002769885541644
3.9475113338418875
5.3625422295340908
1.9046572673223106
5.1746615017309452
2.9756587410997448
2.1120458588797582
0.0201749429364454
0.2755753533993145
4.1772572468330766
3.3082784752722714
5.7077974351115044
5.2000641074874538
4.2557645508662008
2.8917431751054989
4.5471087387960196
0.6162625325571367
4.7846980202472968
3.1009144478854616
5.9590632666481778
1.1243471274900290
5.1442468799474463
0.4356090447352864
3.9316180526794131
3.1727373871948563
1.9462807391027153
4.6242707005024499
1.5185305794897910
1.6752626273269959
5.8739020323016655
0.2765943887432455
1.6239828919900825
4.4773294047839878
4.0458805627694101
2.9863262614210746
1.5352944414818568
0.6224481251233053
0.3552976567119451
1.8252786673192167
3.9624812689680540
2.7186927354960462
0.0399186223767682
0.5019561454152053
4.0639455217110587
2.8363915616757041
5.7413292790925352
4.2186281961813705
5.9896593454622833
5.7365900246736130
1.2533034565741277
3.1955692159973754
1.5012230403443880
0.6326018848719273
4.5593218989395634
4.5003188058505073
0.7506997261112438
0.6965503246644089
6.2388131421423401
3.4673499647696127
0.1582651863278551
1.3663923778637475
2.6314147953265623
2.4771216180426099
4.0615046365616276
0.5059954025914672
1.4273448528829404
2.7174347520556767
3.5649863558058765
3.7073870627518586
5.6407405318191959
1.9321726578595217
0.6869888729666486
0.3306636543706050
4.9756510256645141
2.7126795561148764
0.7429332375436698
2.0124426478658894
5.3254389954578913
4.0692227029384336
0.1573255368608423
3.6406774782229663
5.2953252779031885
2.7789786665952083
1.5066583050029771
4.0212902214814585
4.1599947496558478
4.3426971459029211
1.6918241524584461
4.6703594132779127
3.2809257131193226
5.8541004034826472
1.2889029605234124
3.3873063308291447
5.9074885643486406
5.4017629777502307
0.5578747728384004
0.1702005894851124
0.4827131151045254
0.4161430022544838
0.6515612299907828
5.6769216407365981
3.3798783703445019
3.3316986494588345
2.1086368329944496
5.8198445521088091
6.2653942728910668
5.1398347663948227
3.8225528491978431
1.6404073297370538
5.6151574707287120
1.1026912282740069
3.9802830076120248
2.9766031961013324
0.0137624887408341
3.2565453591771876
5.9825931603790012
4.5052150519128444
4.0583571218821932
6.0225405345330820
2.7474136050606610
3.1797861637906562
2.8585555333925443
3.1850681149630797
5.6089285887612830
1.7176916735408696
0.0907040360158661
5.7986447582781944
0.5512259080761372
5.0948984663676962
2.1210645193736091
4.2980042243308842
3.0504713644997596
3.3857829388141569
4.5805855390281955
5.6167574331810073
0.3081389136589386
6.0723684063476187
3.9657483667665820
5.9991043834406481
3.1536292914587047
3.4517566601840519
3.1793447660595007
1.7131820362448962
5.2790499367081765
4.8093214926035053
4.1789234212733781
3.6078278692552295
5.6070306348510872
1.0142633381463955
1.3938954192200772
0.4061418964139153
0.4446039636716001
1.4573660383688141
5.8615442796634536
5.8687824756018170
4.7122517432878128
4.3975372429368242
4.9093673774609741
5.8885023921127662
1.2293009590263329
5.3681251782443447
1.6054465005004306
2.9598701119940403
6.2452322861397143
1.3812040510425234
0.3380065858670122
0.6953443979125009
2.6413699829401147
5.0401511031970188
4.8015723972915962
0.6532945103056307
1.8941217703183302
5.3944369039967945
2.8743362097514127
3.6433614207140637
0.7236272419104053
1.0796552729630267
4.7430715022890979
6.0294436331163173
1.7396976620828752
1.3988472834064236
4.4351456771298023
5.9886841186182389
3.1320852848260263
0.8705727561985738
4.8414848481730894
2.8063231309768115
1.6169107517232513
0.5140802639154406
1.2225121795720970
3.0800584787961602
1.4519820444445566
5.9207965509913185
1.0226689858650095
4.7870299149905309
3.8180945861132374
2.4852824164064997
5.2005054134294211
1.8865404854912922
4.1714449818607395
0.1173835816902681
1.3040902696812855
6.1141123942923139
2.5785442474993965
0.8922958890783704
2.2867701519728643
4.0584119021069665
0.9437146707660762
4.7352106541151855
3.6050356462966855
0.9525245560165657
3.6669683696002191
5.4065568402749999
5.5022348428256196
3.6693351335838749
1.0031811457170325
0.2160270644498509
0.0216078908556854
3.5456053826093670
0.2128494754543366
1.5661150832495980
4.0655663703325020
1.2395879311911362
4.8607310673618729
5.7200656363352316
1.0631021988182350
2.2846039108095071
1.3395993578662664
4.4278524635851682
1.8423369431368244
3.2551437129614409
5.7494547262367925
2.3947087992745710
6.2661303632106380
0.6945433009684372
5.2698162467876539
0.1382260413534749
6.2474578665030887
4.3525642993274030
2.7200726863407030
2.6101158938026976
0.7666413163416279
0.2857133818412541
1.1402135018085220
6.0752656211624521
5.3316942726117276
2.9177920620393034
2.1764055873780856
4.9520567911502305
2.5121622285530880
1.3121447770725794
5.6935791413153076
4.5243829071024821
1.2378627867178804
5.3943908711194961
0.6406398269317467
4.3801336793494352
0.3685773208324429
2.3963418077461807
1.0802601488273598
5.0388284881192185
4.7292106912942149
5.6463497703614207
2.8282745246506291
3.1687913869518987
2.1340869861867149
1.8806331382422479
0.1130339437362114
2.5533944026883617
2.5175873647954430
3.7181903071162279
0.4555442730225738
0.8169037876104537
1.8260681067833211
4.9767645868932506
2.6710228324211567
4.5073600762900616
1.4615434760131114
5.1507608948796086
5.8348284990270960
6.2413206270029900
0.9034855197887809
5.4892354512756700
5.6818451400109256
2.3906680503418221
4.6322335271129873
3.3204642322453215
3.0864403612908800
2.4561940804554481
3.3697185607025539
5.3552950184658412
5.8697224084374762
4.9258081132178901
1.9858025989044477
3.1350359287875875
0.6234956173874626
3.1574442416453206
4.4289273166449536
5.0056735243577073
4.5138758301998125
3.0643587756354149
5.0290911448030906
2.7379919123863683
3.2001377303348497
6.1905916103471901
0.0788670449629280
3.2057328654011554
5.8154755439685761
2.7730944893632552
4.9794317127383145
4.2131387179685973
2.2987014665381724
3.9477622638600844
0.3070820686405676
3.5649121507951449
3.9358151737199356
4.9722831885232024
4.6772127846808225
3.6168279156917236
0.4986025545535478
5.0246757441419687
2.2025023149473180
2.6395771655812670
1.6185486587205509
3.7967758523711908
2.8903476235070280
1.8724312824074514
4.1742678643778532
2.3659981770991725
4.7489583560298465
4.8086059273648072
1.2414434638194478
3.7455521577893935
6.1063562555017130
0.5534533531305229
5.5389068638250158
1.8446473969313810
1.3510954942964855
6.1232245079346228
3.2460004774321423
5.6393713382447430
1.9874401523330234
5.9832929187489521
3.0079403780119267
4.6261481789160657
4.7850724974595416
5.3470507065820776
5.2276788890072377
1.0487932552921955
5.3897839792940614
5.5658012848918910
0.9164329644116804
1.4424785592544527
3.6659264430740190
0.5532755250499346
0.4476439992869653
3.5952528927382494
1.1675952860767349
4.0309286204926318
2.9594239553345805
3.2426781281884365
4.3800361071780012
0.1565103134613015
4.9913523430554347
1.8714689067384942
5.0875964635807671
0.1590261036914267
0.9750361172852411
1.9716093595762099
2.9549802284239708
3.7844527320881376
0.9275642392951918
0.6464274081117871
0.4937508192348318
4.3328830651160368
3.1914676192988973
4.6536508463704092
0.7662809722766538
1.1833295271226261
4.2684141730913385
0.8133401450934772
3.2222202853613160
0.1573250056244933
6.1848589404368868
1.2805153839244701
2.3203287582996399
0.6150584521336354
1.1119990922386334
3.4733787828682172
2.9715494414242936
2.6569216496407475
1.8580770965699789
4.8826662882857370
4.6572738512356606
0.9475463017587208
0.5216673800929413
1.9902761943190985
2.1831498981198689
3.2442619904326158
2.1993227510588502
4.5522517241604934
4.4934609887491259
1.4715457486711245
1.7185734599812201
3.6167255156194660
1.7285255959689383
2.5774439293633908
2.8677164699107647
3.8464501275092098
0.2213966550950978
5.0434961926881474
3.6245794454823561
4.7795102465800134
0.7670806105285641
1.2055454599552751
4.0607775822463363
5.2466112118011869
4.9177304732255216
2.5285450362423108
4.5332517443630804
3.4779167670082924
0.4820362790792012
6.2431212807748784
4.4806070814948207
2.4490030691460225
1.7121242766869083
0.5777828378463976
4.0253684208264682
4.7555818164236312
5.1472744223577971
5.7821067085885147
4.6202966973894473
1.7697725180352704
1.8067635811393092
5.8751122190902541
3.5455757913634058
4.5259698812330837
4.6198273138857475
1.0034698983757144
1.2451255356443247
0.6416567207603026
1.0155986320254751
1.7927434110122815
1.1333935068407703
2.2156035112351700
0.1092011331119911
4.7835369382489530
5.1261103910739045
3.8165733163362332
5.9826476893822989
4.8163486489042029
5.5897833177325777
3.6871765171594157
5.3779492256684254
3.6609728442068752
0.4730664466472970
3.4264819521533809
3.8792689432679319
1.9375688207535708
4.5715092178278418
0.3895446128826175
1.9120472418620655
0.7725452110471495
2.5754487607494063
5.3073433832562227
5.9217205623841700
0.6801761208657636
2.1354880941128358
3.6766635950978896
2.7699095607964686
0.3772905851608069
1.9081538830266556
1.5430954252287175
4.3320641254051866
5.4619460305429355
2.5281801358093907
4.2820361618757978
0.4933737916535432
6.0557268843762442
5.3052380036071369
2.9014194983959962
4.8297071759503929
2.6969463321240861
5.6396991441639228
0.3299434228729963
2.9725768613319059
4.4229731043088263
0.3672377813417383
2.1450724912737140
5.2564270898974410
3.2919206546419812
5.4395219166057531
1.9192320834488914
5.4888802721846623
1.4850041640088230
2.0283447824689844
4.1802288547778952
2.0748897005803024
1.2356334873088168
3.3716274865826175
0.7196406496400271
1.2740354666902585
0.1501663757384632
5.7125551983124145
5.4805728118072734
2.1359672381771189
4.1845714653983368
1.8564485954679240
1.6109489238930501
3.6448313046320990
3.9625471039989097
3.8360166852327127
5.9884293073134023
4.0852281801053252
4.1506976355354999
4.5497945011609291
4.4452356157096267
5.7045810878377647
2.0957403361833116
4.6144181114400027
5.6732266712191066
4.5994705099021287
5.4379064843383436
2.9847004122982108
4.8326403922429195
3.6854438852647040
3.5400219813632647
0.8205415012966945
0.0873495981650666
1.6882664961842686
4.5982036383218823
0.4591575029686547
5.3209700280843002
0.8199151816110354
2.4655165603286404
1.1953267045099267
2.0215688433623811
5.6116977223241884
5.0736239913936778
4.0513502079229822
6.1393147900723717
2.6477399124058816
4.5993692163586166
1.9913512211995164
0.1916443042416253
5.7069895685007337
1.3821047954592205
5.5735778165026311
4.1209687604904275
2.6109747872987166
4.3737255660402434
5.1828840875270714
5.0530689654079461
2.1868407850238283
4.8056296683652304
0.5667195840802414
0.0366238242076631
5.1469939070340907
1.9429185013488390
2.9720331371315942
2.0879537101131667
2.2202310614141969
3.0978258392940221
1.8384723874192410
2.7334939517592960
2.9781423269972196
4.9434818068880535
3.0733433043838732
5.0353335846057874
1.4668453143801186
4.6741100248806298
1.8897760291257495
0.7093422807008171
3.9707409075342981
5.9445502573069060
1.0883009125100989
4.2328933024925375
1.4084818938359145
0.6887133240975173
3.8360158717467630
6.0602393272215824
0.4463768333892255
1.4589607033960421
4.7663074873814510
0.2689028879351963
4.0662964656693079
1.9675477851590246
4.1750232662413600
0.1617577713104590
2.6908839551454271
3.9200206219426170
1.5782476802303189
5.4436277278400373
3.6897211411728468
4.1795222200301039
3.0235630825293680
2.2478021978299991
0.3237750006948266
3.8529603130239440
1.1157205139619419
4.3185484199923128
4.3963671768053496
5.7263951508504292
4.0208778999440700
0.3677474217810595
6.2270190781856645
1.1694629563297121
4.0375267715806107
2.1775903790621549
3.1653259598887842
5.6997025823867329
0.2873580069917511
5.7430340607161279
4.9972659340079204
5.9203983525189274
3.7491027397821992
2.9741150325062562
6.2035475511303524
2.1882564257124404
0.2667697116019197
1.9419790048183299
1.8822941099939359
4.1106353351515361
1.5553874941204577
0.0192154040364943
3.0801697971088009
5.2539972491071820
3.4253150776711858
0.0268000539129385
0.7154239696256030
5.7118704463985370
2.3388093673971362
4.2483094205888756
4.5478376687760482
2.6190493167080882
1.5522501771882433
0.4335852999052307
5.5172591169336167
4.9355621852249358
3.8888224059924297
0.6115434798104299
1.5428875676781957
3.4027347482968380
0.2296813515498417
4.9406707323668559
4.5069455147718882
0.7636479873394285
4.0194663681590663
4.7303640593938656
5.6771045864520202
0.5730800129102962
1.9622557638079272
5.5244687006782707
2.3778692696263524
5.9649918174881007
0.7493154318846941
0.1552633021239156
0.9260451246944074
1.7019265331173496
1.2537826920157937
3.2801358360441917
3.5476163233807561
0.0620684383593678
4.0269472114561387
2.3003083091258345
5.5361112201394995
0.6960924151948051
0.0546635569762409
1.4972195206165313
6.2317640436408945
5.1841779112890407
3.6551480673512953
5.5168750081208415
1.8095743789924712
2.1499041964198895
4.2718827918698574
0.0115119963038968
0.3564806866055374
0.7874069413117106
5.3039654622648840
2.8697758124771129
3.2275450000986305
2.4501362029554468
3.2421226373689955
3.8368809827279002
1.6567733107018967
3.5332549191699689
1.7526799921890772
6.1529070505252470
4.4975971025882746
3.4982854427127581
1.3929645027911881
1.2291696144400950
2.7795092514434421
4.7970253612582363
5.8320529367718335
3.9337233132269795
3.1146889580816062
4.0212275175852472
1.8133562718965774
4.0093105841906693
3.3068034682339693
5.6645122410869622
1.7799423896322499
3.5856122428728696
0.9232857128384767
5.9434571189315415
5.5813462053717213
5.0050554556180513
4.7599238061825639
2.5516112600615188
5.4198857884619400
4.1216716945254355
2.2989548266756969
1.3460831367442496
3.3695738395759056
6.0242131272392001
2.5588763554958547
2.5910676250398970
6.0418748979737229
2.0888339076514288
3.4014569463422690
1.7538738554979874
1.3074907097425990
5.0139350886834846
3.9954331884325587
4.6093852064163050
4.1833336012069733
3.0439085038127023
2.4320536825598298
5.8567773620185442
1.2619629378320818
1.5076243189827152
1.0264054309631514
2.5627031274063943
4.9804380867284817
0.6570405077575209
2.5709803854760755
2.8624408430726103
0.3197503019743479
0.4529002874859080
3.5231545904104120
2.3867781508831962
0.9235684233094014
5.5717880642944184
0.2251169840531793
5.3428792963152434
1.8747191337179387
0.4630971207756440
4.3631228188620019
1.0250107119520793
2.2071475071580049
1.1826281034341852
3.5633325107269402
1.3918461985197519
0.7762339201003177
0.1004252477465662
2.7301509266742041
1.6672764119491708
2.0015536093748030
3.9678638722045427
1.6086093750141814
4.9237313636855884
0.3462721728696727
5.3879015615882837
4.1675851585291577
3.4726432990615366
3.8867196494150700
4.9870987055009115
0.1372432473024406
3.5310490039123321
1.4495739567516865
0.0319606757469938
1.1974979665828576
1.5626068642900786
4.9735059943019859
3.0696424643836728
5.1183111790435722
4.0897087821506126
3.0812446232859947
5.6283577660843074
2.0917590584092904
5.3283703886230960
0.0850628585240384
5.6968216872282218
2.6218184627743768
2.5815837616605180
0.4076503267081907
5.3874454533737666
0.0395175821249604
1.9870121030399377
3.4242557998392411
4.7097090499594723
5.6542284302713997
4.7659057148930035
4.9028371198400533
3.3418958428078054
0.5827434601267865
2.0128599340204851
3.2624890104927338
0.4751757210234280
4.8697492351067986
1.9954843937533300
2.2631413923706325
0.1022128533606745
2.8573641925165560
3.7478453392855160
1.7988984797009331
5.1933518880877338
2.8080854471823260
1.7754842634906518
2.8982918855613886
0.9600405324618050
0.9169849740091096
4.2414071659460051
5.4285816278940784
3.9795600087647185
3.9900216202870280
0.0017165975288833
1.4873261661350381
5.9886984403570960
1.9601374947369197
2.0952037395741403
3.6401283083732783
0.2658972873711786
3.0776441666265386
5.7223152346953396
5.2327426680507978
5.8518520992649252
3.9581951392865529
2.5513836224418616
4.9220966206081629
1.4162263434290796
2.5232503424446606
4.9918777813838053
0.5048076547311336
3.7547734874831171
4.3934416366763402
3.5442669196535843
5.8957036514727408
1.9463625213723115
0.3185931813181684
2.6773679887291721
1.8963765671931947
0.2211476057005352
5.4981647981713726
5.7395459674771976
5.3455479115733668
2.9127042406463213
2.8637500876672632
4.4418447097560287
4.3629108259987213
4.0351460457181112
5.0020920980331463
1.9344230080544402
4.7837515820141361
1.7253965077298288
1.7652256482589848
1.1806161365574777
5.5005950813415483
1.0592193748426726
5.7769619307741324
1.9997300716106545
2.9278390155843219
1.6562098951545516
3.9568897695479608
2.5108073988980593
5.3579557071633399
0.7691923767116494
4.5690237662155289
1.3506283244802924
2.1273084608726527
0.5080952919399547
3.3579062976896981
1.7909663619517200
2.3015376591937518
2.7660059231235135
4.9203782668442466
6.2127435775653463
0.0509254567265151
6.0850692312208334
5.6047819988286181
0.0583783161499364
3.1162456608262254
3.4219873885441419
6.0128197357631423
4.1454660117674704
1.0080757322253771
5.4472122159267000
5.7364120000882703
0.9322248221026082
2.6881314619305949
2.7531892834273779
4.1944378204738779
0.4604036005893728
1.9533260907771115
2.0754480885424491
4.4470326384696222
2.8908167730212395
0.0536353260325379
0.7666941211225025
4.9210203531016292
4.5577960702814000
2.7159238073586964
0.2734751852310435
4.1795068498776589
5.4114705060764567
2.3535884529061764
0.5409142003605143
4.1289494202907191
5.9672257253521153
0.6753423540747282
2.2342776740492680
6.2329351237862456
0.5526935026404283
3.1681598525100960
2.6137786356876083
1.9512628636037934
5.4060816528711211
0.1134418158004571
3.1197288151902667
4.6063443426485380
0.1220121122815514
2.1293237891163104
0.6986523775351927
5.3684056408272722
0.1858016337291294
3.0309901895981857
2.8418235776313239
1.6798452812477775
1.4421187506826643
3.4255670021118858
0.6187275391998877
1.4781959702328085
4.7656329651694938
4.4594928386598953
1.2231108529201664
5.7714112965996343
2.3689970275765782
4.6734484728300210
3.5061606700737893
4.5140494257636723
1.6727907600227587
5.8434804075449174
4.9500206111650744
4.8811994810153498
1.5193508864680776
1.4171991922132707
4.5967069123122828
3.4957011581005135
4.8484008339057105
3.1767933293584645
5.5734845551607144
0.9429158502864319
2.3980076211898891
5.3102681366692810
3.1741196553194846
3.1010061147173160
0.5438823781329302
6.2660274927217534
6.2389351638277084
0.4168611087712807
0.8037642927745094
1.7370969809370083
0.1810133579729357
5.8238047709830871
5.5060164741819895
5.4872735930771590
4.3599202754434945
2.1721372281411253
1.6202465937209607
3.5511475826758265
2.7485226319429015
5.1894164709656261
2.7622410323254680
4.8630130275690009
2.7931845565651896
4.3930177808749855
1.1075374042137571
0.5514979739357995
4.0542064807924652
4.0699636259493257
6.1460569047525091
3.0825136295346192
0.0282275362173018
5.0110878167956354
5.2560779541860816
5.2106834414822849
0.9783138109402366
3.0726527964355839
2.3599369806262076
4.4406454934252722
5.7338169015821201
0.6272611671137690
3.6177154525483730
1.3142547253334316
4.9980392882875257
0.4777435016727468
2.6110164300026462
2.7374351764596998
4.9408868235749210
5.0699112882679067
4.3706504741602723
0.7377266426113274
2.2839087292155806
4.2299035422233962
0.5742573378156161
5.3482363416744843
5.4217758700266092
5.2417744648361309
2.7612643456860706
0.2993869328772490
3.8595035120738546
6.0347998758791945
0.0797703316192988
1.6362562123283164
0.6278422468864416
2.9605116565744387
5.3862491674105382
5.9020921274818026
2.4947846190094287
5.6428881541141624
6.1820790732744637
4.2643856102876843
4.3891530255881799
4.3437741883940326
5.6308850538626718
0.0525025326707335
1.4997840386625152
2.6183374347874162
5.2448629909188291
5.1133305807548926
6.2262454688702284
5.1626708850157081
4.3155236155645413
5.0033250881431028
2.0190961141785393
1.3633243312579464
4.2293386806363502
6.0715542456212530
5.5497181814176271
1.2327849290048369
1.9238666313948953
6.0255458214873157
4.7766232145056593
2.6069723212021061
5.4463354489983171
1.2538037482158566
3.5170681198192635
3.7171698520792935
1.6418645544257742
1.5344386722358616
6.2760482367976120
5.1243111476257468
3.6194329006180022
2.3438106827690435
0.2542843915797696
3.7942470392140182
0.7298724626118435
3.2612576001964810
0.9674798070858424
5.1845766494613628
2.6102621417310510
3.5631450305066865
1.1333978858443647
5.5314066018085173
3.8992267524052431
3.6043556915040771
5.8556707257306622
4.4410951827974721
3.1695423039211543
3.5338051758165605
4.9417257199112381
4.6598113787994073
5.2706434246353107
5.4157514938811913
0.2092140351940564
4.8980184824289044
5.6378715570470987
6.2802094119820460
0.1854746690225272
4.6286062334125511
4.7874848029563415
0.3795003589162584
4.1438056503625083
3.6812169770538978
5.1353681463468952
1.4250548595023274
3.1154610180469189
5.5087094348545174
0.0157759451313381
0.2947324241669650
2.1580104011382613
4.5345386861641996
0.5390531992783698
5.7715638425979128
3.9194787474677666
1.2411010882597224
6.2025267849206180
3.0152514905699270
1.0975779334470828
3.0299284598885836
1.4618680753293036
4.9784106144607501
1.7523155234984915
2.0634874960162457
5.1379087779213712
5.0439640043531595
0.2251855815290363
1.5414936794979317
5.8215065204823429
1.1023027650595298
6.0186763482297483
4.9225879018665486
4.8739156821341414
5.4994931318555711
4.2123501800141092
5.0956410108433223
5.2278395464924783
2.4077426343541699
3.6425914280263361
3.8068602154809943
1.6508578290801399
2.8714985470188079
5.7862233919203616
5.9596925447475346
0.3330269088800542
4.1654310774132384
5.4802977797209200
3.2701473092947939
4.1198048300271486
0.3461892933085963
3.6535200787766802
4.6844256741137604
5.8201772578988100
5.5281502180587845
4.1176692066831606
1.7035542835563848
1.5106488949299297
0.9179485812726810
2.1838789709821680
0.1207887664383080
0.4135834772656186
1.4362405711504473
2.0661759740688450
0.9350277311543072
5.2506077505840798
5.3268085150730613
2.2472590147561333
2.4277800830560863
3.6245104882347574
0.7618293551706657
5.2498353349913121
1.4069785650125497
0.6149502311435096
2.0599861281747698
4.6883402099871212
3.5481774558068588
5.2937277942219323
2.4937452385518322
5.5973303455290626
4.5251196892865488
0.5823893944579143
1.0693352366672448
0.8596288280983037
0.8696785413120610
3.8134751517763457
1.5277906635031129
0.7529213000037269
4.0599734293405225
0.4379343066283736
5.0898259854205934
1.7391542863741154
3.9842800577268362
1.7686205585118790
5.3126456695718360
5.3875839244446420
3.7300072813445220
4.7132247710787256
5.5942345941879594
0.2826345190499888
3.1186081372676613
6.0518200981795847
3.3089249052442060
5.5942981646436065
4.2377656026719608
1.2931361897460278
1.9187121399894385
3.9717551638872131
1.8712941354356174
3.8097216637295621
0.1909692884171463
4.3593163486585942
3.4483424926874173
4.2917171935867442
2.1364016039851990
1.0047056369000420
5.7312228136933712
3.9439151883095920
0.6415646237584098
2.4814561117433733
5.0310070232682369
3.9747740545250432
6.0803930934422272
5.7490123117968803
4.8027132894424751
4.4909809266070448
3.9299543086725324
5.1951456472784363
4.3739400111606193
2.9721858319519416
0.0138266098195657
3.6336456688146721
1.5349687302223785
0.8593287374071702
2.4712135446043222
5.0815294024844881
5.3233456301040780
5.9299858831000281
4.5726928615299611
1.1043193208780548
5.5005404767945567
0.3618187556779168
4.4300725904036122
3.2881700137342449
0.3200925697191965
2.6981478727412820
2.2487538486404151
0.4576148115962864
0.0775940849439095
0.3689882633454186
0.6540450522985798
5.8280275405391677
4.2953603813401369
2.6301002518557910
0.3142054986674331
4.8340352005326173
3.0291263046264656
3.9755922727301631
1.0459074330157501
5.7316910629316355
4.5315760719081233
5.6954345292876196
5.3284315175187764
5.5717948412672005
1.6417725646417543
6.0106402809924022
6.1398381650481184
6.0293170552429309
3.4665406662835481
0.6931897182430568
4.8282364602407712
2.0631546543704982
0.2206084109754830
2.4626803979331955
3.0798422301775719
3.0566389407842625
1.9122473636272497
0.8981183202242022
2.0521096564289123
1.0842037072737742
0.5547562076484412
1.8651124222786464
0.5160824425620785
3.1045048307667851
2.5176729793241015
1.6458568070549815
1.3794112046073783
2.6402721143522019
5.2331192538543654
1.2679169348287558
3.1130859068438901
0.1691643990216352
4.7502111990285396
2.4196222380287842
0.5520818973769677
0.2445715687178424
3.6969843251433772
5.1944090269433518
2.7885282022160993
4.1499571341241115
0.2685063036079570
0.5224981534721850
3.6692127132181183
2.3986272215099458
3.6585651364671858
3.8186159436192706
0.8737967598164766
0.0758614089640198
3.3814000813950971
5.1971155394365365
4.4042079027273617
5.7392667684777576
5.8935508246065877
5.8294910539985239
1.7987543846596390
3.3646655839439270
3.0142317053968326
4.5498652607710213
5.7414190566662686
1.4013580616108590
3.8383691955290153
4.2527737932841765
1.5269539022013447
1.1904595075622693
1.2313200904941586
1.1209318412477851
5.0403534687494211
2.4395647593753695
5.8971235348882933
1.8957237844587842
2.1371461999020682
5.5872528609576388
3.6645508388720338
0.7695374890169091
0.4070309956042620
4.8852750209911253
2.3861776858522923
1.9392863091286909
3.8218829900535036
4.7375390510345490
4.2647679669963097
1.1444687022671425
5.3980666679527554
0.5101943381714360
2.7773249743791197
1.5900323897285700
2.9829748356519681
3.6472250060470994
0.6490405463173596
5.0359234417673937
1.2170446105185364
2.5305612366442936
5.7687771673325496
5.2885097468317142
6.1363772698743713
2.9940720283466660
5.3028496617728447
0.7698436410449957
4.2072333801385877
5.2347410346967225
3.6761226817706008
6.0510585971015027
3.8510507548582424
5.9207507003357831
2.7843451520444633
0.1937880567472688
2.4563593764094516
0.0680255740439940
4.0953913615519228
0.8771849953401170
3.3328266157754016
3.2018470812020059
1.0396323708324362
3.4216079578379768
0.1859819932821761
1.7821525225355463
3.5172032215250879
3.5461993249611159
4.7079120422701779
1.4539548098204012
4.4084663742814385
3.6593099749745646
4.7680947458182743
0.6095501820252349
4.5871328628689234
1.8236313522335872
3.9967078869349613
1.8164305829524110
5.1305741895908303
0.4026449532343747
6.1365968059811768
2.6974709549850822
2.0669025035031736
4.3652959070809487
5.8171306095186290
1.3429944136710084
0.9938591805307361
1.4267777774694754
1.0887745970666163
1.6568440208392394
6.2141871376228588
2.5904275574069637
2.6335533619381457
3.9293971139310377
3.8154650078891055
5.1196401515284968
4.7888779197825233
3.0589646272246251
0.8961798773671710
3.9411818053533456
0.9457729455293836
0.5142628907081620
5.0129201529137069
5.1881237586257773
0.7251204073018356
2.9388920222625137
3.2456246545337919
1.4922683196411710
5.6906205412005697
5.3409968518183977
0.5830222157846787
2.0461655403940133
5.4552900845006143
5.1961920104203703
5.1610892452387143
4.9161380430264741
2.9576843323710049
4.9817046140060466
4.3246961509478616
3.3575879130429209
2.3589296271689819
4.6744488677770830
1.3466469990599412
5.5448398585966343
0.0268580620538456
1.7466451217520167
6.0000063286099543
4.1255416391585067
1.1406874943770275
0.0445830700655392
3.1670636613706131
0.2270300781559724
0.4475670802221083
4.5070954771150582
4.2087894903459189
5.7620702108316770
0.5233030511520904
5.1256587239031965
0.6662551531450180
3.6824933065024563
1.4775072372794789
4.8623853514475845
5.7063118433421645
0.2746608375908615
3.8639408039625360
3.2037685565276002
2.9488440040116237
2.3086432843823546
3.0823819834200590
1.1742742680319722
4.1278011274557738
0.5270234778310406
2.8831014275163320
5.3221990866851225
6.1283963796596650
6.0320168600697981
4.9446882762681437
0.2862804846332389
1.5854155721616809
3.0015940544596655
5.2917521779554653
0.8452475094615597
3.4049247809366285
0.8947525376000899
2.2200587714557987
1.6124842014050778
4.8065305082531502
3.1233648896201287
5.1554681674505023
3.2419535395979926
2.9267525801512311
3.9868492913606355
1.2882381923624979
6.0925406326689098
2.2593113309219510
4.1472513213695024
4.0422650229543748
2.1197301297446507
1.3441180182205528
5.5910705207796090
2.5927189840869693
2.2088018641321541
0.4196124819828914
1.2170211455237967
2.6879802540167348
5.8001424905982191
0.1825973349342890
3.0539621404093404
1.3115053329771285
5.3043879497303497
1.6309576449071890
5.7941304384571115
5.4987019862577746
2.3581660366746275
5.8161268310663345
3.4537703853007984
2.1229606143529542
1.4490616515331585
2.7501418808278166
2.5932648618209142
4.1443139581680057
3.4994357787196742
4.7178579937207372
1.1494034231940224
3.3628814828810421
0.7690417502734832
5.1071435446021543
4.3409076115293193
1.1952077996642536
2.4322759241929899
3.4822115221714940
5.8175700057371404
2.3302810962148230
0.8321440805082642
6.2748561589995928
6.0204854278380910
2.2119524627745903
3.6648975539747068
2.0866009188256180
4.2350106589671679
0.2794265597193946
0.3853043001260214
5.1037103810014042
0.9471461223859097
5.9242279674766003
5.8199896581160253
0.8242679689354795
3.9891920924308253
4.8114435806873947
0.5683547843517055
0.7597110572064528
3.1214303239310781
2.6074693589398552
2.6654672991052606
6.0562381318162393
4.8984317850897536
2.5062125574615104
1.1773936138660193
5.0998936074047201
4.7026765486202313
1.1137140940609263
6.0628643207366544
6.2538153938131948
1.5965501722267323
2.1046976339856704
5.4178473746140368
3.8546152552948416
5.4946171493678007
3.3524098197840368
1.5083457683766088
1.0967466744262220
2.2106669957095160
6.1495964793517786
4.0558710674411866
2.2956167227918636
4.2420943776320490
5.3701483727459705
5.3999155871429805
1.5528005289053073
1.5178830857807448
3.0224140044702583
4.9260823353603049
1.3360881422854853
0.4970694209278005
6.2351898868022069
1.2976437244661938
0.0016574284811097
0.2249080889064485
3.9070974091487050
0.4181044367977692
5.6757535268800412
0.1895822133810802
4.4203097569452403
5.0100268903093284
0.9390817822862402
1.0889511413020392
2.2020210056624405
2.6242367128437021
2.4770543594862966
5.2421914890355845
4.5923013764498553
3.9028190354007450
2.8185787536306122
4.8612933568196022
1.2296506225309074
0.7152973881763215
1.6404455223210119
0.1300481928173291
4.9714341702098048
2.5889283030679247
0.1664594502133283
0.1183595115709870
3.5371195370770434
3.0809772572366345
4.5547921028335230
3.1382946280693389
0.9675382413525706
0.8818354937413054
5.0971703950423679
0.4578487502670636
1.1370946192099460
3.7076056392398842
3.8827043005966284
4.8398789463054070
3.6542845542653799
5.9409462735367713
5.4368953887675495
3.1118635439362068
4.5347352811068191
4.1477321204195237
2.9629551418980915
5.6840206966202427
5.0400343332748507
2.3912501093104970
4.4329970384721653
3.9593932555610714
4.7131116961811443
1.2011269766616042
2.3645668539799964
2.4767672421370928
6.0326136687977545
1.6334740707137028
0.4588864506086718
4.5513974091165723
4.7933175831835966
0.0010554576246200
4.2648578710581218
5.2987990373889859
5.1267004738749984
0.5044296537215432
3.5464352529607686
6.0582551303537286
4.3001938980238767
0.8498705780706935
5.2831426000160056
3.1958779156564638
1.9979451041373946
3.6887064412680122
1.0380160462433605
3.8958790453304561
4.1988226965207396
5.1915411438686538
0.7231121353355362
3.4592975325342952
0.2205343002270805
1.6542948725189455
6.2799830523938338
2.9487825350715466
2.8813188679705997
3.7730916347169390
1.7010842528182963
0.0514504239649956
5.3113116317232132
5.4162308526591367
6.0190657741644573
0.7695232715164182
2.8413492026922178
0.8451871472586636
3.0053087975503532
3.1123245030916014
3.9074805620584496
4.6915707899273507
5.0696631448447498
5.4210235918620269
2.5036802362101276
5.2554026654570354
1.6717709698084502
1.4466440208584399
5.4988049063073454
0.9007051228197921
3.4766864140562461
2.6001575482479993
4.9861833541393983
1.0310860774134536
4.0301918526991427
3.1629708063628899
0.2157560391023647
2.1195919424690848
5.7119070703145045
1.9220147573329271
1.0423543315806743
2.4169614756337126
0.6574063273110196
4.0135660821017947
5.5033576414900596
2.0155812029612816
0.6205941614203931
3.7925719666864484
3.3321554916786043
5.6130785039574382
5.9072385366167053
1.5697647098454799
0.4987718389715863
5.0297141256323625
4.5086614940643228
5.5294800943405740
3.4580695671833839
6.0790456686708758
1.2332691068565198
1.5217366484166519
3.6827414590846321
4.5482904054497029
3.2702125135158151
1.0190296329915516
3.6713798384386163
5.4021338879134033
2.6206047947568893
3.8829870608688730
2.0802255094771440
3.6169325537144998
2.8110965552045197
0.1375583964951459
4.0390994097583715
4.0425465935667564
1.6023349524588395
3.4461514064910319
5.9519849150016189
3.4163367980745556
4.7731842486841058
1.5732778829487422
2.3224857935754466
1.9404600185660572
5.2670475537834500
2.4642339950207326
1.1807280792876198
4.7384374945341987
4.3217437498344271
4.0794947462807754
3.3566371091139255
5.2529255471833904
2.1810757158172285
5.3383234473162107
6.1850870455708256
4.4105487360358389
0.2595871941240563
4.7032076193605823
3.3986232264316336
2.8938532283804803
0.4900091515397742
2.3436364525799345
0.4757428502240805
3.1075761274088980
2.9465516030109833
3.9273521180094146
0.3132431614491491
1.6012006394089286
5.9010834407110506
0.3223847840750786
4.6370739704640602
3.5724299592080588
3.1072184577675173
4.5728811757512107
2.3031980847465015
6.0506361446949501
3.5786289784191596
0.8840473414699592
0.8370402091402611
2.2282962845880006
1.6834844450222628
3.3711426376651850
0.9741685679090053
5.2610742417257441
3.0481705001545842
3.7924350251965624
1.7898503036697648
3.9119980604170292
4.4116846951635758
5.4289977870857316
1.3391213091258809
4.6219250281559594
0.6263020070880628
0.8942583569873245
2.7626986378604488
3.8713675236909233
1.1431511081071346
0.1588041206075630
5.0652560045108741
3.1257314077105409
5.8306362704472194
1.2186642782836168
5.0882230555221222
2.6766823300872482
3.6690491092178297
5.6045245593072108
1.4651576028647648
5.9503065085727807
6.2418900139335323
1.6438791626452505
6.1994025786565903
4.9637861615576870
3.5723537429527474
0.7680113905756654
4.8923206744487802
6.1084109573693635
2.9573879669034260
2.1583944271043594
4.7180456642429709
2.4304238346498961
5.5990550157408707
2.9293727282943860
2.7127358325237831
4.4669662734147835
6.2368801720147982
4.8849757316053539
1.2140707595748506
0.3481352872296874
0.7954369564246089
4.8515823449134698
3.5044902437935570
0.7444364732805505
5.7937577156033466
1.1307176232240104
3.3688468490725825
5.3412970598298894
5.1925935684933737
3.8888267886873615
1.2246874133740042
5.7204733707884774
1.7059436891462043
0.4612255351191909
4.7095684456421081
2.2024293388566454
5.6305597144420529
5.4944196441734494
3.2604910079502032
1.6102517665876259
0.1048194383035480
4.8707195158601539
5.2200302680736561
2.8584329641203010
0.0231997945618330
3.6998958333129268
6.1771115791981934
1.5024926892790085
4.8621972088130248
1.4754357790362775
5.5680085437135531
5.7643430205313564
1.2877633460183924
4.2819437739096555
4.3149663824887501
5.4669122052045092
2.0665453382353642
1.6105560720443972
3.8060049669790597
5.4825287940277843
3.5899382903292492
5.7212164937305525
5.4159357637384451
1.2868441609655339
4.8733959463708425
2.3260035983275191
5.1392800743533389
1.4000965043055711
4.3205833596229652
5.4330673850012499
1.5877973368038039
4.2085485977184733
0.2657131793385635
5.2308575433702629
5.1662177008458370
3.4674084162490542
4.9300134012689556
4.4033775080516584
1.4169895215652681
1.3047986599263777
1.5622570111210259
5.1329349009055791
2.7296399416879473
3.1653170916660818
5.1608843502338591
5.3574270542428239
2.9515586443815214
4.0084180794601370
3.5151579243551492
3.6252950627459022
6.1374688279844856
4.2856677991905698
0.3224717718396031
5.0366542433216468
4.3668427981731543
2.7035103974343744
0.4403088323523734
5.7189543582007918
6.1641263254845313
1.6961828709655098
3.0797908122068818
3.9713150479816148
5.2475555827535771
3.1703026253591324
2.4201156527868743
4.0856228964184744
1.1385020774075756
2.6561239393729119
0.5309358899563130
3.7837836490104677
0.5773753229330757
5.8578258386369031
4.7356389294130796
5.9537027532481384
5.0158242645705231
6.2138295192839861
5.3405069450917946
1.9399282174871413
2.3726352321450705
5.0684404178078717
1.9914674968326254
3.7376417874117549
3.6197702921830430
0.0265698162293224
1.8102782159589446
5.7994707466965041
1.5197955158794341
1.0532017239561351
1.4508622173706542
0.1872392725986882
0.8936737079901388
6.2145833743350112
5.1589820291727664
5.5750352554865659
1.4994918916149427
2.2697716728418222
5.1111392147430283
4.4430038224292971
4.2735179358313786
2.1990146327865716
3.7960674519297486
5.9565874206533671
6.2169466030157823
5.1874963951569182
2.5919216504395410
4.1841593757379334
2.5410632816733929
5.1654700127507960
5.9901641610636656
0.7385771850256302
2.7430455565596734
0.5347733704195305
3.1874144530904451
4.1848035321909434
1.8706170879034305
4.4016198592250539
0.1031283201631710
4.7723902958003013
2.8897336907896656
1.9832171949775546
4.6806349685686950
1.3540792434049334
4.3027911894908693
3.1926778068666866
2.1105964951001139
3.6484678979603742
1.7945101805313972
1.3678775174277902
0.1742349902441939
1.6132812397000886
0.6427673717592068
1.4711291160855073
1.9809380459421335
0.2734750823413699
1.3150423504010738
4.9512545889142823
5.6151524355560127
0.9624043329054782
5.5533985459939972
3.0797794801523035
3.5948262550019634
5.4265541701740752
1.1087248013846693
3.2448954032132091
0.4574978558892232
4.8135630441150710
3.9578205462106224
3.5932995453770529
0.8273957455407395
2.1357192503417868
0.3242313935726386
3.5628122581981740
1.0596206652581686
5.7025842378159490
5.5007148496176166
2.0691097495145727
5.9115532798274186
5.9900477653462447
4.1336999635457152
3.8178078484981648
0.0061337698243353
0.1958596305645526
4.4371382567833493
2.8991135809335238
1.4484303966573113
4.3005105995027400
5.7957103906038556
5.1065293489007066
3.4840189194850564
4.5716589737638875
0.1857724128170714
3.9174320224838839
3.9551464228014712
0.1661624701956731
2.0781117232292905
5.8541250409583752
2.5280004885600147
1.0599580864583273
2.2400319153648125
6.1218727401044113
3.0261079995204310
0.4824433164151943
3.1580916835317443
1.9520953897833397
0.7892941610438975
3.4301507633531556
2.8207856120026555
2.2443228198381480
4.3334952399502917
1.8604123887239548
5.3510733734688758
3.8903442430128616
1.4673647988742211
2.2606450267055140
3.4586345404292813
4.3035469768141539
4.8072919189544141
5.6824355862333835
4.7746870046485954
0.9510789599446026
3.9569596784101089
3.5441568106586034
0.4076508937366988
3.3044629877552683
5.2247211204793746
0.5203661589467613
1.4406444722615006
3.9544562451801908
3.4158788653380547
4.7038101367015059
1.8802633525780286
6.1812530966562793
3.8446067261899808
0.2144833501767093
5.7024628694266353
3.5007146300389866
0.3061539460580046
5.8784034144659163
4.2230961747236844
0.3781511985617064
0.2340966668837411
4.1211506389584551
4.7722954137392204
0.2670283914850450
2.7437291461905686
6.1828442390152292
4.2946868384455312
3.9335096713599609
4.6977542681683850
4.0029309759389902
0.5830593894192622
1.8283989158827989
4.0497850994623494
2.1595812999717610
2.6572900754079760
2.9291428041239382
4.7843675159887020
5.4726621218767262
5.0045318934612730
5.4412174010798893
2.9400599194061194
6.0226131040197037
1.4448249122377390
0.8919773612072567
2.9674027796247637
6.0778497041320598
0.6808642652792153
2.3337673766267826
5.9882720668709242
4.3554921995936420
4.9739383286456018
5.9221079963817722
5.0534424968751637
3.3196757771629231
0.5089325421027394
5.5937675433045682
5.8343555129161642
0.1382954814558572
5.7450823053058775
3.8395233005898213
0.5296065698112078
0.8114467795515400
5.4779685978322306
5.7649547647483876
3.2780306141832716
2.8249775663248742
4.1521122821143441
0.5364567404145957
1.7986299977517488
1.0614838998330827
2.7334952491021034
5.4796707762182493
1.2589964794942727
0.1001422181354019
1.4277105397638159
3.1163019591768784
1.9391143207804840
5.2725689336202066
0.6743475677662923
0.5216647384983268
1.2268522106766973
5.0368127381989289
3.1537805074831091
0.9298199338028710
4.4019548511328637
2.8300660865116063
5.7280652213701373
3.8470610313480389
1.6052009235971196
2.7618302323826058
5.6890602144480988
3.8705674859606845
4.4099028302703802
0.9644479722777385
2.5731032030564007
3.8828125833855793
4.2219267827645828
5.3337422309064602
1.3807584736814809
1.2209695873548412
5.1075407152527230
0.8185340807950563
2.1570757931746236
5.1570224042479440
2.5961964741753398
2.8261633974039899
0.3322034369735098
5.9713009893503264
5.4162044409058616
0.1751494326188613
0.0939707167145009
2.1649262082337835
3.5825482401683435
1.3668873236372772
2.4409836907816267
5.6984805432527184
2.2464181478135861
2.5892313044078472
0.5403750168590993
4.5037334498148383
3.8097036875818380
2.8778942728164534
6.0465599264449041
4.5853428771177311
0.2477131712721623
3.8899864009386089
1.1836038916547345
0.9707365578910204
2.2010742093525648
0.1171284417197695
1.3359077710514811
0.0470319527271429
4.8580779716107303
5.2089389627501541
5.4396620407373888
4.6034995711643498
0.4525432720566762
3.1104186320889791
2.6482704160514290
1.1579408837067742
4.3910314940268611
5.0596840979890931
1.4669319336611937
3.6325500242203481
2.2087927457297165
4.9795030023715974
3.8055960265926156
3.7104069878949701
4.9213985790645447
1.7031504572415810
3.8528909726008145
1.7397877848265548
0.5969022836768679
5.0054105936784321
0.2955433500637832
3.4465499071161347
0.8049107271155729
3.5893517103000483
1.4742266658891083
4.0371079527598619
0.8433631101565069
1.1233090609978815
1.6662033901285482
4.7255870735453875
2.8252410012003857
0.3637139587918769
2.2390266716478573
5.1267822367910760
4.9000660565938094
6.0970431075121976
2.2902357434140588
4.4746712940296369
0.1955660600455525
1.5048584015326463
4.0148028278968830
4.9364480668893913
3.7138707337987924
4.0469809219713051
6.0545123508340941
0.7223240148487547
2.3123238614726493
5.4666228637402154
4.6302691934160363
3.6991634847255179
4.2949326194418393
1.5182944421580968
1.5013138575231628
3.0111031877805727
5.6973466416535619
0.5903359575991101
5.1875813463414691
0.3133623176522733
3.5692200171595347
1.0436291826433082
0.4968282807280901
4.8476070060167054
5.3404486005942564
2.4985721817627287
3.9279545534846618
4.9664061377580628
0.7410938044343320
2.0455329232848607
0.6551353370939198
5.0534988664241203
0.8734875263961497
4.5713168438322223
6.0050410357782518
0.6926224455794865
0.1367280872257497
0.9687486739757482
5.8068172175008836
4.3545421037011014
0.8554441468981696
2.3435283550831545
6.0306649767760154
3.6147640726240695
3.5829854148300564
4.9102366478852302
6.2100021893932125
5.1490900993988902
2.0901746852914744
2.7401274050455431
3.0382084499005741
2.3371588874332585
3.2294080500282747
1.6572024640331751
2.9904598083720777
2.2802380169088310
1.8412250562083130
0.7907077643750475
2.6701981032065505
2.9561747377566912
1.4506044794771691
5.9078183604198866
0.6619620404130767
6.1906445741712455
1.5495055847281618
3.4231999127051953
4.2627313159526965
0.2192027893393354
4.0193482752114100
6.1979148190409807
3.8157248318072123
5.3015269498559165
0.4089078146356970
5.4210021325980815
0.3986312966719147
3.9456354222004353
2.4568432172174779
2.2475188236613555
4.5448180717756035
0.9445130886507841
2.3225409649819917
1.4858718536783773
5.2967381068474007
5.1386552638286815
2.2290516033355168
1.6088101756064759
1.8073338832805133
1.7706470587211158
5.3454842113133347
4.3044231331865497
3.1791599213772836
3.4014534077678951
5.1445030271596552
2.9617974432260423
1.8599800448701864
3.6519066093829156
5.8978940499761521
0.6085999842842892
4.4229805912193534
2.6323594291681252
0.8808586727510458
0.7850679937336469
5.0944613021578640
4.5213037006030756
3.4563899608881110
3.8515445492986378
2.1459963145738055
0.3694128380878518
5.2123241871421717
0.0306061245281390
1.9875133090996442
5.7632928702562785
1.0851056359518381
4.2950413135175873
4.7749721510594556
5.0296530389462912
3.5911560904870243
0.6594739693037375
3.2107047456906286
6.0706140440435883
3.0262582110925567
3.8949752618473856
0.1616024696336148
2.4268054965848087
1.6464911326617768
3.8112338931434371
5.9435194484159695
5.9288356433490970
6.0951680791406435
0.7337402011501363
0.9537558232214796
1.2188281006591295
5.3425802386457493
1.5629042738429855
0.9906469863087976
2.2221486940557593
2.3208148822119958
0.2570724291192258
5.0622861248884732
0.0399601573047015
0.7625850960988398
6.1622835681444430
5.8213959553666355
2.3005280164991837
0.9936679266741665
3.1687019348495702
4.5164704759049394
6.0983153117536277
3.9619357287189771
1.4100046082170210
6.0231313761440912
4.8033936681348131
2.0764652982964655
0.0638450555956705
5.7448546869665300
0.4749947379712111
2.5588126727047276
1.3264547847749530
5.2089335611258143
3.5546320996715726
3.8825206254330724
3.2152209365879614
3.0202919525736736
3.8680556275289124
1.2541441333502870
1.0682414312932238
2.1038678915003750
3.2036883833045438
2.8897750562289160
5.7824621746603020
3.6798582443146342
5.1538780728500013
5.9758828924236234
0.0141851580718150
4.8208219052537915
3.5299858106821502
1.9691901429074015
5.4943184932697990
2.1345011829100988
4.4662161452495157
2.6879711995000544
0.2133995045177967
0.9217627058052045
3.4639721281145084
1.0263368548808627
3.2166385795844876
2.3859781319694533
5.9985760106689145
1.7474650995371874
1.9540726763641785
5.7967529943811034
2.5814604117867073
3.0519333237174360
0.2484408159276960
1.5888162765917415
5.4193981088363454
5.9743998245569969
3.0780405607427794
0.9333004522647553
5.3113924562614079
4.7324248402134961
5.9961348652362130
4.4256564377506864
1.7733694124593395
3.4672584775103350
2.0409054524689663
1.1685092787453075
3.9361331205593335
5.7801355757605313
4.8001864895506783
5.8511662178449644
5.0345215493386428
3.5263462364132128
4.4451553468579670
4.3783833745618184
2.7461914224043209
0.3629159755414298
0.1881835261635181
4.2210239625340851
2.9947094072443452
5.4397247434518166
3.5860791258659375
5.7600085115911419
5.6802234407593426
4.5280662315544182
0.0585344430903596
5.5574199158909554
6.1028647222987020
1.9395383949934812
6.0263497900753276
3.0436765693398757
4.1226646561285492
4.9424784455610746
3.2878867090760329
3.6293801688569243
1.8968078553317445
3.4111476226216784
4.6300070842230969
5.3639808199253904
4.3652213991186848
3.3107743811657473
3.4175899424855385
0.9803157965626345
1.4714872389740041
5.5352487173656808
4.1179435742862394
2.5075560586629071
1.0627337708962727
1.1232384650778235
1.4431534642800545
6.1847547909111302
5.0244197269909474
5.9421496403389522
2.7095857301525670
3.1032263338393147
1.7441524384744167
3.4045738262834622
4.3671018046950909
3.9971470902157709
0.8499026372488752
0.2902765485012847
0.7403966765473997
1.2748887599726539
5.8162024025664598
4.7414798892207362
1.6753311696216133
2.9140751079310525
3.2889819578794106
5.6118497669617007
3.4176294209132596
5.1658951960583313
0.2257036371026610
6.1269972531173291
0.9491203755373101
6.1075152075440196
1.7425841357011271
0.8352294699603405
3.0059935270932709
5.7722407939883400
0.9830207309747411
0.8275786157707418
3.2073649342443802
0.8152486668359589
4.0250223657248014
1.3614413454930456
4.8619809645759622
2.3737908846200937
0.4628991377642943
2.3138825781746930
5.0742756041232173
2.3363242962596793
1.2836906864819333
3.2884166753723965
4.8080165689770640
1.3393284140938451
4.3328158106158323
2.0870570194940687
1.5767795492794239
3.8251732378243402
1.6731441323988723
1.2968730824231571
0.8063706027568736
1.4937687606364030
4.0484119926023387
4.5686280754146518
1.5363251950614616
3.4058274220914937
3.0454286807179440
1.4579808564015069
3.4378473872667059
6.2080610425734122
4.0368647200812404
5.2268644306713528
3.3569030774456743
2.1212378379253587
4.5787373677010370
3.5392417536538852
4.7236356697714230
4.1261477798540032
4.4394489280599148
1.2162606349329028
0.4498033597599552
1.0553135903058928
4.9577836244835538
2.4396384818609360
1.4567609773893178
2.3692363050328300
5.4695617396835043
4.3440447093298102
3.1564182774388501
1.9426438866117735
2.0133334423543303
4.7346339543117821
2.9643170362835396
0.8396424995435794
5.4711342051287444
1.8062504533347064
3.8588168885630796
0.3318924504806549
5.9722302899290547
0.8377012655938015
5.2262445785610456
5.2559795972941590
4.2188080944926112
4.7079297002633904
2.6409657157902595
0.6211694847767534
0.8837925668119414
3.4018642137013293
3.6161170335365420
3.6478196614728384
4.1792790096000356
4.8091356450513505
2.0226478395754235
1.6962866301112371
0.9439363315034953
3.9978767347537887
2.7018253514941928
2.5850603478738923
2.2663859461940978
1.5112838560593089
5.7441867230467922
1.7431357392406044
1.3168744545511486
4.6232646767523375
5.3625377525933153
4.0639032525867478
2.7981521231740438
2.6848809250716599
3.2124134311156149
4.5422559191166547
3.5275516118177612
5.7624716621508494
5.0611260292149201
4.6595350254707419
6.0007920602602898
2.1628219857238848
5.5876416894019538
2.5977260397361186
0.1733313881258778
1.2569112405248397
0.2342511963836861
3.2640412882448633
5.7815214833018826
2.1636125961535884
3.2058496330090045
4.1128653038134484
5.7368192003315324
1.7308836526458347
6.0127129939482771
2.8932149015775179
3.1561651247037150
2.4878907053391686
2.2647429452445009
1.0022857429113634
2.7833523741268280
1.4646110243718924
1.1170829098127302
5.0695872542760974
5.4309037577839865
2.7532853674673632
1.3201584523993495
3.9645544282710721
3.5560295545124978
2.0919924557792284
5.1004818285960720
0.2558555130888204
5.6166452295266280
4.0735906877566883
3.0059653855161792
5.9498690372656355
4.5908623898361887
3.0937977625284176
1.7791645877850091
1.0380669904397999
1.9967446033049527
2.1097497650922854
0.0913720026349192
4.3204294914430603
5.6770375932610442
4.1316588956176590
4.2351583954501368
0.2673213468062252
3.7791439385927226
5.5476433893052883
0.5740837475924785
2.3384590233078133
4.4289558929059609
2.0210251165957915
6.0600793829881781
0.3684836366214699
1.8246791258687143
2.9035752875206873
3.8934481912649526
6.0745495738318596
5.5483548794127557
6.0127236680451244
2.9714978805026879
5.0253298365011458
0.9543375151213016
0.1260928073688018
1.3570486542492948
0.8467801754352848
1.8649653019716077
1.2123878246609239
3.3315419535806763
5.8842583152917038
0.0852675879580590
5.9941942097461478
0.4694972063903665
3.6533085821518365
5.7232791525633600
2.9004581340777480
6.1257434445769023
4.8565036187347772
6.0523728816168774
2.9363115415041650
5.9203138712748951
3.6523542302555425
4.3599915788964658
2.2681699077933688
4.4946873924789301
1.5478065889350912
