1.9167864813226021
2.4667044865288230
5.3107117869395140
5.9476959139417067
3.4736567242891421
0.2216129059098163
6.1204284220327869
2.4626402196923771
0.4267514925348679
5.5923742529596732
0.0724152105764330
4.1565125602913700
0.4158689832567837
0.8893219021657607
4.7746459603395790
2.9739840323249362
3.4058862428656109
2.5910852235600048
4.8574418588702617
1.6212035831117519
4.8086041679237272
0.4509256869541540
3.2300438623752870
2.4426873806037248
2.1208722610644926
4.2520413703832745
1.6759218723179892
5.9740358659973838
4.9177993683215764
0.9249868328418099
4.9041987591062570
1.7397043064414335
4.0273255730693700
6.1222070140138083
4.6967270438438131
4.8122337565740168
5.5255488891029847
1.7206771761669442
0.2468401894199735
4.6955534080661838
3.0412127724904034
0.3780279775702000
2.1501853426772635
0.1893224662028630
1.8622111406090351
0.1177582618030665
1.7619596352850551
5.4176623752243289
1.7472963542034343
5.6630178090329180
0.0085105741827094
2.3836581620647452
0.6988669594319705
0.1807196563573400
2.6417606676502108
5.6062379931074178
6.2788559402030639
6.2732353556471736
4.6936025485203876
6.1833322803434676
2.2071302150418126
2.7910611813609392
3.2842835617899464
4.4363540570208340
5.4592086990422786
5.9827629345826683
5.6577374481254266
0.1523675024880074
0.4663792927493181
2.0205983873601343
1.3307282086955703
0.2164887926151614
3.7237230314142415
0.3784787385776681
3.3833691132555623
0.7939120039127544
0.1914653442562094
0.1692548818227938
0.7508858526345059
1.2638071568297937
5.7624786661619227
5.4616442285950848
2.3249389135154250
0.9596107807838419
5.7092382726710733
3.3002711529034183
5.4035849716214415
1.9027875967038281
5.7238869024922083
1.1000236912736077
0.1652973601112731
1.5695435221436158
3.1528833602051551
5.5647704814529728
4.8153316301574938
2.4477608035854481
3.9036821854365051
4.6156836059481350
6.1508009951687166
3.8935744506596173
0.3816547887102719
0.8862864117203645
5.7776791683211171
0.8978413258891698
6.0235278768186165
5.3617634787688964
1.4288417247760794
6.0758349991307501
0.3812638797312494
3.7685478159527164
1.3470871880406832
1.7699361931733861
1.8940789639645232
2.9916695477386148
1.6643805021581852
4.5156017285503172
3.9234089480503163
1.0544277275423617
0.6385160039022204
5.9588381408365532
2.4704675687182340
4.8074663120000602
3.6616740912895009
3.2775906503213772
2.9484328636220130
5.2612492597754077
2.4951442245551032
4.4936919381296629
1.3302168684965070
3.8114792534236579
1.5817631690721152
3.2159736615904624
6.1329749208355047
1.0071315429118388
2.1388364746294002
5.5671533842465601
0.4408384020713840
3.5599104528511991
2.1587280139237519
0.7813776144303272
4.2441714636068379
1.1194905115514304
5.4713633079784785
0.9314317824742512
4.0170720540704581
3.7916131410524074
1.1415972101735032
0.2595257393047339
0.7577903302300252
4.4847486219584338
0.7106586296536097
2.8782946741652036
4.4280585394009986
0.9821784565928043
3.1314937169723973
4.5383664054894419
3.7210734924946358
2.7776140402522635
0.8821297989378534
0.1809659763249256
3.8948105610709893
0.1618343954274694
4.2826896060855404
3.9033041700259101
1.4616617841114368
0.7993199598763246
1.3033160288014232
3.8859172969564799
4.7403590047826096
3.3547777679425748
0.0334969576119646
1.2326161211233375
4.5128709546809134
0.1338502799877464
1.2032095384300108
4.5725733307220047
3.5044995604682843
5.1609275618230974
5.6303841761028073
1.5462201324593186
1.2617329340009633
3.4986093198654031
1.6063792394558309
5.7994280937142371
1.6965143053029434
1.5541721895293013
1.4301259725135969
3.2881620858877598
5.4763340047653344
4.2038129328731513
2.3486351732132369
1.9429100450164949
0.2810535788309128
1.3388582821236616
5.9437675977329132
1.2492798489071804
0.7916668099770331
4.9072832202767600
4.8683584806192419
0.4163448075980428
6.1930258441245218
4.4467415807900412
0.4224187708269753
4.0560645464389520
1.4113269789376757
5.8942486154478440
5.0242319964365105
3.3907766147848428
5.2035797186336330
4.2848654880102446
0.4920712799546898
4.2649570102624832
2.9593282127983809
2.5725551309830643
2.4492882417351769
4.9718524753149573
4.4258120627454938
5.3466802353502327
0.5384571393838934
0.3489809395785709
5.3275692922515043
3.5161498571075831
3.2592003826665725
2.0885590338331412
4.7759069120432907
3.1052782437245168
5.8509728264172356
0.4792511380977929
1.9156334535174162
4.9653034535159124
0.4065582924223867
5.6520219658825157
2.3904854510848947
3.7762771297229683
1.0132559218277626
4.2047774315006405
6.1770542559210151
0.0511540340294532
3.1604651863954580
0.7372834115538052
4.6817937236328309
3.5369994385267192
5.5009623326676325
5.8276917760381401
1.4132558468027792
5.2087033399542131
5.0973497838000279
2.6425425942512826
4.0890689733523562
3.6137896587516853
3.2759314069299581
1.7125760558209084
6.0425497113739608
2.0671789961912865
4.4391288051418911
0.4302988981082902
2.1832120038886860
3.0609250638300756
1.8489029694687757
1.8885928371795921
4.4784893570904210
3.5319087568275163
1.5031677048216134
2.3513990421314332
2.4714725175472192
5.2062857080445637
1.2879961394387427
1.2410140784499033
6.0767259667565661
4.9202040597164256
0.3705246831049007
5.5127282043859731
1.1188045155001300
3.0234551991135916
0.2640674794726118
5.5305971013233881
3.1301276855951232
1.6890649508611242
1.5612113141577095
1.6173713145082702
0.8046074168187053
3.2246423723571631
4.1597426653204597
1.9919258050621964
4.0962253056067031
0.6358409374615498
4.5226027392615258
2.7843069772189786
1.4176770842081943
2.1412347910944503
3.8280611291344919
6.1084207917415236
5.2426450229824049
3.2098623821234109
2.9045612402106249
1.0895192951868480
0.0220620631007383
1.1600268242352325
1.0358087402363283
4.7616646006037309
5.7390531061340448
3.5461508542789737
5.7212848455013328
6.2348369208313281
4.0092046038380822
4.0656845431631314
3.7107192561411488
4.3165968563057389
1.6278018198416213
3.2007790391844884
3.7299801246298205
1.2109676444916933
2.2568710621681793
1.5029520657514996
4.1447951127448448
4.0069960620954825
4.3015960160697091
1.1843295979280855
0.3362267470412265
3.0230565877051454
1.4698028870168085
1.3441369406465562
4.4250282130956338
3.9526792115608078
0.3756253448173424
5.7985273143136027
4.3519927960355123
3.3019423812887623
0.6165298610651709
1.9869182086111639
0.2259590553076887
4.5749453783491800
2.2544394430881787
6.1684812859430025
3.6932663490976068
5.8750784663886275
1.8853918943313659
4.8592588981297755
0.8160147777280465
5.0358719769434144
6.2360512781703106
4.0412850182142126
2.9566624878502057
3.6860290729975151
6.1863754204675354
3.9840752823919781
5.1961927228200890
4.0018021726189215
5.8318211738913002
4.7523384650472975
2.7998215234959267
4.1592827880525922
5.1519986889731060
5.9600900231043488
0.0998093511319206
4.4359247510653397
0.9220960537306008
5.3914164314903985
5.3770560946049182
2.2298295976422118
1.0615447750785370
1.4089660213473176
3.8069392133468076
1.9938319092579242
0.6576964738983053
1.2681901105314966
5.9289147660690578
3.3941131223684189
0.1346799111156099
2.3232817065749343
4.0685304635725013
1.2816872183216867
1.4347729878297233
5.7730833362035776
2.1166008819599758
4.7397467985450872
3.4303506749745782
4.7647022480352854
5.4452356750525492
0.8659712984501219
1.6624601561064003
4.0825972387835066
0.3313948255927476
5.6629429142886476
0.8972868038683088
5.3680410347075993
1.7025216264138283
0.3825029838079150
2.2481378567248087
2.3901159000119994
3.0567698031247517
2.1333209150145951
4.1433704736421477
1.8486967136874002
3.8368641392361988
5.4733173332998444
2.1505405210472728
6.0501143022462847
0.9769918327770286
4.4296998566075549
2.8760051519164356
5.2004008345965582
5.2911224989733583
5.0422137995383220
5.6089014823234278
5.1564433996599650
2.1755435333197104
3.2837402241776159
3.9963511590736132
4.0710806034467417
4.1608340553544414
4.5553852139605571
3.5120064216294793
4.6314923283708902
1.3811984392629548
1.9734516345431892
1.6578865371776097
0.8107490586923284
3.1981954513919875
5.8232083762784805
0.7881211007130928
5.3589084505400750
1.3210316938029196
5.5005536610486221
0.8220775444891169
5.9599487248338292
0.2793783720705799
1.2790159551022482
5.0527238650843840
3.6996002964621986
3.2905098816675529
3.5375793158813087
5.3992125299973415
0.8243233380626678
5.0094628237847560
2.5784429674848313
5.9620943758208691
6.1984419197834768
2.1374149970700991
1.5263465940803889
4.2746480606905441
2.1621109024032510
4.5123243778563236
5.8033735621580744
0.4760423404839759
0.7850626231603393
4.2588605536422408
1.5997751102153852
1.4564654124152672
1.3430923790424385
4.7905891831973921
4.4196728718224119
4.0360994313581715
3.1230094291954891
4.9115524580229186
5.1524759953746111
3.9055450176552138
1.7116941392091807
3.0400165957774306
1.1027442855498897
3.0310427901958601
2.4133319351268656
5.4179302271231293
3.2083187889253169
3.7322595633572178
1.6672394712103660
0.8900433929364328
4.2759883343947473
0.1783719514327586
2.4737653161537980
2.9540113254223361
4.6428446174215949
5.8566195250187478
5.4170870980413195
1.8306812322648534
1.5527839544653841
2.8761588146718320
2.7556167209178231
4.6440639023090409
2.7871006621349945
1.1403749244621264
3.1504316912615269
5.1603822343958869
4.9836055347305441
4.5302020695256573
2.6408837306447985
1.6544551983694753
0.7740811956353646
5.6507263358882946
2.7997802653349004
1.1589070980525467
3.3110285773447368
3.1753530290282104
0.1774476974544404
4.6692326330688596
5.5406023594272176
0.5803319981764901
2.4109182659235424
3.4033446166167902
1.0722714891221645
4.3585886631284039
6.1081087646754328
4.7118548084686926
5.9410066058603359
0.3222772097125592
0.4638589971968581
5.5084283127970712
2.7457205368542832
2.1435190033009763
1.2333049184244318
3.2446545338896504
2.7951054023846651
5.6255748990578613
0.9691343190271384
4.6249656181090497
4.5448367708937916
3.4523954245810002
0.5358768993954361
5.0437834940750621
2.0097600059020424
2.8751278284105890
2.1339863618219650
3.1693277352661484
0.6894634353131849
0.8431781731707109
2.1237832073707303
1.3201619335214114
2.5318674966618580
5.5663046258164499
6.1346578290863691
2.3453558782674180
0.7967964753530764
3.8043944990312024
1.2719938722161137
3.1110753966286646
2.5557529424645007
3.9266350188952175
5.2095969021318504
6.1158972143654200
4.6851331972062544
3.7276461094058950
2.7496750010218936
2.5208816723553564
4.6692247798234359
1.6135861446073445
3.9633290780733370
3.4368996828947767
5.8452860120801695
3.1883226507766440
2.9817759189768309
4.7861645765621077
6.0414469274380753
3.5349813494516060
1.9544811981474164
0.4511723595699306
0.3254791732936721
4.9886321701989713
4.2897207798588486
3.6812016305275712
5.7340202502510955
4.2664145330739540
5.0078505117942553
2.2260223661309411
1.9947782849565374
4.8726694845968908
3.9557187451906213
5.6317226586798004
4.4344091210843173
3.1605454493202894
1.4048948489924575
2.8042232922530617
4.8506508647514988
5.1329219728168081
2.3202833961032980
3.2291610330711507
0.6893919583253624
2.3755367535426894
0.1573383901378393
4.9586233256744752
5.5273000071887894
1.2350685283034362
3.6331207590024528
6.1147033049880157
4.9948727515817790
2.1004521189458565
5.1122024931340864
1.5229942123684488
4.8966617979910749
1.0279167736715926
1.8354975869334673
4.8748734905218365
1.6974285684762840
1.0654037347225067
5.3846572551278449
5.6700384194781481
6.2782462663069909
4.1619403257934380
4.5878353344634153
3.2114393062550657
4.9166205040839976
6.1211932317765214
3.3651520321724897
3.5988472344334901
4.7197366441996405
2.9663166191269474
2.1668485399904420
5.4941935576724230
6.2170713555044035
4.5774741511670047
3.9127077199900504
0.4518561003439876
3.8547301779273440
2.7630228125625536
0.2310599243602967
3.5367852461040119
5.2710438075448298
2.4915943784293302
1.9950087143896744
5.6223122938050158
0.2451990744440041
6.1359463130198000
0.4260382374856129
0.5406094519293279
1.3134909477808407
3.3697540301336937
3.0459805488438412
1.9437757280052448
1.0006215399592562
5.1812681866281665
0.7162674148439463
1.1824722888215933
4.7245827573346038
0.2184245321164481
4.8887132233775370
5.0109685622905697
5.2180697498872846
4.5168331985961396
2.1538937755476124
5.9872747955713734
0.7303869274095460
3.5514392855118695
2.9886533924825165
2.1355354134240812
0.8292308043024698
5.2792322211574714
2.5523101245486539
4.8609101702906301
0.7763578734419945
0.1868164466920496
5.5119881048908637
0.3048641262057089
4.1283272709497174
6.0451918944337901
6.1224116728367806
4.1539754348021640
1.9869451654685613
1.2891796360021246
0.8693156352447805
5.1736457673225313
4.2337573677950138
4.1010828973972622
2.4316776082704847
4.7660161563910766
2.7128721612283591
2.9212956035903308
1.2396071489469536
4.2961081946028603
3.4938380574049588
2.9108552178208384
3.8157770544253600
3.9478484369206792
2.0094562766056097
5.5322821720019721
1.3008432379832575
4.7651512936134077
1.5125996875045324
0.2033466655436505
4.2993711130381893
2.4307698428859941
2.0237352692265680
2.9535445408356473
4.8939360039062487
0.0403787985516277
5.3193056551194431
3.5073909715729683
4.2135289667580853
5.0652630241645937
5.4233561925468790
5.8750892452770982
4.3003838898715490
2.8323441532901339
0.1810469914657681
2.9143239925272897
5.5798518988194745
4.1454762108475300
3.5192285514775055
5.9806017693749309
3.7533779121611910
4.7236755692209940
2.2748492230768815
2.0562139235956938
5.0287318369241722
1.4906450172975019
4.1222216356923171
0.0006588608265229
0.2053712418527386
6.0224241750863250
0.0690420194259921
5.8870678756918329
2.2178776347131026
0.6166070267179666
1.3440104420786658
0.1788226123598909
2.0815199237624222
0.1236443126206994
3.8077404840074394
3.6043344417380374
5.2780094749923760
3.1228261032089240
0.1143622821013500
5.2113766582207441
5.2873970677300210
4.4702693704777712
0.4375860627915988
5.6004495800341827
0.2771229601500664
2.9774881900318140
1.1830861491439402
0.2246861818494249
3.4782950068900536
1.3493835373560972
0.9719558000434465
4.2272696829237555
2.9952620508449654
5.7376444006293310
5.7332878611206661
0.1850177484509481
4.0941182009556822
0.0743873799065599
5.4578082452150349
3.3567227178338936
5.2262471630168648
4.4291287032733999
5.2127501627409591
0.2147466822173371
1.2556852491852923
3.7017755709898288
4.0720024845640639
2.0094721109601452
2.3629805244311570
0.3751535891472695
3.2904294749337577
3.4913493643423150
1.0559715426687228
1.2663012268660478
4.0622383146417960
5.6286419837419874
2.7475792219761410
5.9599299179320546
0.2610851336797173
4.7231155474766497
5.1040462742070360
0.1692886163407830
5.4859607585307186
5.7493505932407389
5.8512812059737547
0.8486722255437286
4.4418612697295723
1.1931075129229312
0.8984755204631494
1.3109001736182435
4.9492225187584742
5.9854408941710844
5.9780139757698993
2.2346154172361161
1.2092539176757489
2.5522829695463400
2.7525489073969465
1.5809686214944569
5.8558547688274363
3.8746662444712157
3.1529742781541379
3.4813599086261209
5.4931766842838670
5.8221493614092630
1.3986537749832777
6.2219548251065673
3.7468744463562786
4.7485443871137365
4.6178669458902322
2.3326010518825444
4.1538904533648422
4.1093701360572421
0.9797567782125218
1.2902652038450604
5.6870559166031409
2.8858369416226246
1.1112786004432311
4.5897299471954156
0.1504182634192359
1.7512233079030748
3.6267763028156361
4.7475498647799039
5.7297330596155236
0.9501120018131491
0.3873389446385782
2.5097869673394455
3.0389988728456316
2.4574357188685161
4.2852814070543639
0.9001323663324247
3.5310992188367196
0.8892554724616063
1.1898595692924567
3.3735419504936579
4.3671686365065394
1.2584352796837350
2.9953035112201936
0.9565162017806691
1.7214353608673583
6.2228125222255315
2.7690930616680678
5.7696955645513768
1.9701965100817482
4.7595424127939534
1.0036143982393657
3.1013601488404126
2.3205923863066849
4.2499870711234804
1.1212352219722124
3.5411281238039907
2.8528499936595924
3.6863540799169403
5.5111035142831710
5.0874927292657146
4.4252712616309191
0.5667846203557657
4.1045570757417789
0.8493611461834265
1.1547434224405200
0.6207350879513942
3.8204620960241322
3.6692118517551529
1.6931521965589145
6.2589535419853073
1.4533250748556581
1.9603187223459382
2.8360020248744355
5.2903046318356681
1.2370413382049399
4.9599610710482223
4.7857387463056984
2.0027201043695468
0.0511179417019997
4.3764507900086516
4.1174363303301993
4.1070989500349846
3.1498894458606146
2.6642083889131922
2.4600065268828555
5.0794529695917161
2.6344271662409655
2.8371709647777150
2.6870221324601848
4.8619417028445771
3.8680577295007095
1.5406061493451684
1.8639825574972311
3.8167824756459856
5.3854448666205519
0.5699508663373423
3.4493726453358913
2.5008855946300925
3.4932581001528535
0.1054721255424231
0.6937356120824782
3.4410278149876370
4.3777909473198457
4.6691509412141619
5.7478139942575153
5.0352739059456999
1.0487001731814154
2.6609931786295191
3.5687292919021050
2.2441507211466405
1.1416951419772152
1.3206866769324777
4.4413551498921935
5.5532673373513264
5.6875230128639345
0.4152112923139458
1.6771434296444234
5.5024290045086151
4.5213475522558220
0.8142550160349867
1.4846626005514698
5.8739910942784359
4.1169211716112537
5.9387174157444926
6.0458945707185681
2.2344836476769125
5.6122883097553258
3.6725081504251289
5.5783634243978213
0.6248379212146467
0.9080789895823317
2.3021705564757498
5.0426477500768749
1.9415079071600736
1.3148243972460660
3.7341039188722633
4.0816801375116221
4.3138387938283707
1.4338277419858962
5.3039329381633307
0.2369413658338566
3.7551196155419109
2.7246797983700435
4.4401370065092873
2.6818978495768757
1.3023755976550735
5.2158752813823783
5.4154435817396269
2.1081836496703406
5.8873762942472636
3.7032666144519171
2.9640932178263837
3.9493672962661814
1.7341328115307002
5.1075889239204821
2.6796823345526617
3.2735190090400894
2.6313958601496932
4.5496350232832947
1.3542221536018237
4.5745938926876795
1.0390340109321288
2.6305372639068856
0.1755375636949932
1.8918997941380837
3.3400465398533541
5.8629648001847219
1.6277064471795335
5.7075743860703527
4.5177194397752549
6.2739840319815299
0.8602285501243139
0.5673113570897275
5.2453097516476905
4.2226321214811238
5.5348622201956426
1.6776156037943208
1.6478182690498044
0.9317117798080313
0.5307724934619342
5.8416447316606517
3.6847245273771039
1.1939792320224256
5.9151319000159512
3.3331863257819956
2.6273313307635888
5.5043048941224333
0.9198051424430306
0.0302417211369648
0.7106908859219149
2.2438731313617502
3.2328367527821920
1.4333173931624721
2.7126527120628277
3.6936481067506128
0.0556549758008564
4.5717031849172329
2.0963443538767477
5.3839529524948526
3.0214291108526838
0.8813753559844928
1.7770635626981555
4.6910160239878236
2.2466580825269902
3.4292984779158067
0.7252921924391116
1.0094378529629982
1.7317162434395839
0.1270765728258711
5.1131057651491059
1.1060700546497977
2.0261140684869337
3.8235496013122425
4.8350553183461065
2.2566673553812819
3.3469209738548007
4.4941135018640210
1.8169979103563754
3.0433913647629165
5.2600977781150764
5.1309731000054475
5.8654266540326336
1.3027631458999471
5.5806453688507442
4.9524577654669395
4.0038723658444386
0.9007051669210285
2.2678291324990796
0.6027204217825388
0.4650745656869952
3.2208996010994624
6.1342304449881890
0.4544183086659448
4.1925162575032298
4.0294051535869766
6.0810104022896878
3.1031556380116849
1.4101750613722730
3.9720984581699716
4.7069089807954887
0.4429540040040267
2.1985564830951820
1.2317165392335276
5.5148080110294178
0.5403310236144884
2.4316970086453202
3.9159789538848919
2.9128487089547770
3.3666116224109310
2.2604053184754171
5.0551461636647828
2.9913756638565645
3.8404102567192551
2.1374501358924167
1.6209632181839657
0.4654377654154211
0.4218376634900239
1.8490599575774480
0.7665729688002337
3.0691699310750908
2.9648646116470454
3.9306612672140560
1.4715849390232336
0.3493757908748139
2.9656478831453565
3.3647463349590430
2.0255888770698687
1.3604656937346475
0.6508944899517035
2.2308079338892739
3.6146942675057776
3.6454995276332118
2.4379188864351362
1.2447730813432600
6.0197205488647914
0.5879029280848171
2.3962871639989363
0.4354087012575006
5.0173149570480575
1.9080104925137202
0.7538641077196742
5.7720060437839429
3.3324125283193045
2.4322663943093605
3.6937442226224455
1.3717710417020017
1.3818870649286130
0.8344389882792522
3.4130547364618495
0.8855828783273579
2.9802390945362212
3.8764780750416614
2.5434008410574376
4.6103463077336606
4.8616164554630226
3.4815139572601632
2.0280142179310099
0.4334233465310983
5.3059559644071266
3.0484708158216947
2.6270321497010412
1.8564819092144389
6.2085860659552310
5.0617129658536202
4.9096037407196107
0.0862785997056336
5.0391347361340539
0.3894153995520587
4.6584654641485033
1.7397689811565453
1.4957087931860875
2.1125411413443596
5.8152366522654555
2.7944029626887366
3.8809563341367079
1.3065889460316131
5.5064463879772090
2.7404815572314449
2.9070018386344669
5.9654419548573427
3.0001292033859683
1.3628502178504693
0.0358111435874635
3.0332988440077635
5.6153812309414510
0.1316636940132965
3.6514754384408525
1.4381178653325777
2.9126373501196956
2.8812732400648429
5.6479558918924457
1.4504540331172147
1.0495814789858644
5.0428100499326183
2.6931577326312288
1.8429013391259401
6.0073884355847049
3.2178024328304953
0.3218353283666248
0.4883965252621963
3.0089547984801976
1.9827086030407539
2.5960882516565627
4.7618577449481787
5.8767313664980296
5.3130612920057105
5.0159157043650078
0.5125784564580368
1.5589300878110302
2.7373665736245956
2.8335163491642343
4.6694157678820050
0.0662388285971604
4.5600541388956071
2.9020235058216413
2.3951437951022365
0.8803299446155196
0.4195822192758082
4.6450793364259200
4.0686344530021836
1.1614579174139961
4.8723088345370451
0.2041463924524059
1.2540338096744188
4.8950303572528444
0.1632277856694944
1.0962571318580716
2.6848711856216445
4.5867081223369546
1.6507746184205438
3.8561512790383317
1.9365615178554325
1.1225363468963290
1.2191080931463183
6.2315384606193716
1.9179106303887901
4.0951877816969775
3.5380073435073744
5.5346223936323797
0.8868142222276260
3.1166816275756912
0.8590467244032630
0.2603259402977688
1.1632999538097843
3.0361129364643986
1.4988552207315398
0.9982425824697244
3.9204217426515120
5.4494137254665311
5.9735674681074968
1.9251677165220076
5.1914367696552128
0.7302200745693571
0.7800619020752162
4.3294163826843111
3.3183089550366911
1.6048424686767009
5.8273011607622465
3.1615848054602194
0.4144605666969501
2.0412477724930063
5.1031426257619348
0.1150884278154400
6.1783205420123961
5.9551042626620951
3.7207281797959642
2.9101432119733297
0.4260061826137743
5.5548271803606832
5.3145882025190030
5.9985613333334635
1.2583424950325734
5.5528990492395920
3.7812744744901963
2.9962181932150904
3.2270853553384886
4.5525554764858329
0.1643676932271586
5.7974075575702040
1.2579523137896620
2.3952732428039076
0.3987278154443263
4.1789459934408324
3.2797502125366225
2.5998511201249075
3.1513265786541038
4.3989319130463791
3.1239576202376527
4.5999955476654595
0.7097955377086744
0.5869408132431941
2.8265534953599145
1.7834079121528112
4.6140338948323452
1.7623988986506001
5.6278331392908960
1.0807065591825042
1.2029372270065735
3.5002020862064009
2.1209802774012783
0.3339207994516761
4.7452745365588171
1.5991289222193914
4.4873404811358801
2.6791782235151298
0.0980354151337231
3.2211207886341988
5.4111252870119104
0.9585730083923080
1.0675480714978891
4.0069960062812919
5.2929804045534885
5.3547812075395944
4.2075669668486659
4.9682729118118738
1.4775995961051731
3.1913676559314781
5.0328090736236346
1.2505570145526272
5.0853861063779373
0.3592442075787789
5.7669429296157011
1.2355484903907501
1.4887023227624512
1.5604129147851038
0.6572262365076216
2.2435135548093834
1.6728188298602698
5.6432437609450279
0.8495101523571225
4.6851640564149779
1.6480354914442954
6.2437748658963752
4.0220390672396000
2.2683979817329778
2.8566505719411874
3.9394240451447029
5.6408836105434492
4.7744521980809838
4.5432819185003188
3.3105404669417706
4.0613539788745614
5.7202311508333974
2.9552806770563529
4.6968354647887294
0.6447859449154982
6.2622460047186870
4.4920211227635773
5.3946824966457818
3.8802425408935837
5.8807771037272278
3.7467467016304883
3.7050562424088054
4.8236786748334293
4.0110942068056197
2.3807640072846534
3.6821065043559993
1.1764255274042625
1.8326934832509796
2.9382285118543652
3.5232757309609224
4.8047707696422544
0.3069445669110911
2.5014176524993115
3.1701797279448725
0.8014977325884883
0.8025258843367287
2.7007584111984753
3.9942054272181293
0.2780102936323448
5.4124743312252255
5.7142746097913033
1.9524898180179999
2.2445583615738611
4.0680982898331033
3.4512104188782118
3.6276124015864788
5.4876066242303425
1.4318215121788296
5.6411338510708022
2.4050542289730998
2.1277485448599593
5.9398595875069375
5.7517191120987192
4.1308283291469516
5.0257077202795495
2.4186170990295350
6.0772417171135960
5.4401909305470451
2.9768657533622118
2.0604303253455996
5.0175933326435782
1.1226406773230679
4.0877520486956751
5.2894035997290967
3.2430795408684938
2.4876921428341734
5.8209378256039788
1.0168466058304082
1.8804054484203450
5.0706489700582900
3.8679019325382660
2.4309430335448425
0.5803933804610555
0.6240255747770814
0.5574782598631964
2.6280588986867919
2.1442322703378669
5.0598348726626554
5.9405903162020293
1.3948432366682331
2.7148503661563819
5.6361155141745458
3.1498997051000059
2.2950714387949462
4.8981677958663754
0.6078755405546498
5.4343241240361797
4.6608061570220105
2.3684275765137484
5.9625131371394513
3.1374330683501714
4.0689729837567041
4.3918264700939496
0.3793518171348547
6.2684440216073352
1.7542496974856214
3.0521712122147235
4.0119944806810439
5.0648706625230071
0.5683589785384442
6.1304233273616626
3.7128708520719664
3.1838779893222964
2.3668511915404644
2.5896183087770219
3.3701977754151433
1.8845493843291947
5.1034793087389199
3.9781881480539023
2.8782464471924323
1.0094406877990234
1.9052089012621833
0.5944917561723253
5.9437993691512760
5.7046289984475180
4.8378226731816421
4.5480079084697866
0.3116545712234236
0.1515909749971299
4.2291344672330808
3.2463627126008703
0.4286361859937080
3.6520095373499877
3.3762884922036336
0.8375839986086308
3.5435047584482917
1.8329916735432656
0.2184510357735672
3.3541813429945067
1.8742519168640150
4.9036942998327850
3.2288534482178783
2.3697898628102956
1.7220796904087525
5.4806586966315551
0.2952677741304974
0.8941806876320911
3.3201909747090759
1.7250474505793876
6.2572098273917787
3.8682478536862512
2.0421136499996364
1.9493834473340985
5.1714448990056878
5.2258065361917261
0.3369145915238381
0.7436844531532395
2.4340178557150152
4.9736191648638783
4.5721351366586660
3.8798764265292447
1.7210888080987785
3.7756628344793914
1.1538802179170191
3.0590000348122288
0.5818778355504634
4.6463627478599818
3.0143565045022567
4.6353760184256005
0.4227002202126908
4.7813835240484588
0.9075198923751802
4.2095769507097778
1.3186543520618850
4.1205272851010886
6.0373875869861742
4.3823893581785978
2.5833018354166137
0.5252183052757764
4.2325076972362226
5.9502274371465615
2.0742236961325422
0.8693663890375816
0.9487074302810334
0.2759250202229099
2.2861339221322061
1.1226335107842165
2.0404155768333596
2.2506106491546989
1.4707900336181361
5.4064835921599448
3.5386868562202980
3.4625429334363598
3.7657886877721811
0.2023405273770530
2.0212055991705205
5.4156340456745413
1.1665192483706113
5.5790084862329579
3.2838086190316749
0.9593841105710519
1.8044264146360398
0.2396376807090880
3.2715548853060494
1.4705398234190550
5.3224144433969567
0.0519874364372774
4.0785965798861250
6.2199373206588575
3.7705518305808909
2.8241425857895996
1.4354572963809908
4.7695126357269322
5.6038564437991880
4.5495588926375454
0.9938300073804799
4.6305734746640779
0.5528900650110513
5.5978078953645554
0.0930353904964157
5.4487192520080550
5.0128997675941003
0.2535776949544233
2.7795211365098687
5.2080233450095337
5.7828265452156256
2.0223825858227396
5.1326357436533234
3.9881395565610718
1.1723827518692671
6.0691699510426700
2.9447866841424091
1.1411381547549320
3.6938262346008441
2.9085928728767390
0.6485840217030948
5.2142009958310753
6.2323367310792364
2.1324772682243767
5.2815912292649179
3.3171897010030791
1.7952621056673261
1.4862922546396677
2.9851379872365498
5.2091734211510339
6.2031534971848972
3.6015818143865208
3.0932228340655801
2.2626328791364214
4.9626150263298285
0.5813081619349544
5.8730355096562974
5.2081271886802831
0.4877260944566196
3.6956296709544088
0.8895524726703250
2.1810315793354831
0.2414707873710764
2.1673184452136618
5.9424470312435229
2.1082164823384861
2.1884809959880696
5.8265259223659767
4.5617017228649539
4.0584632340057212
5.9803174709897835
2.8311657220529485
5.4765606761929542
1.1279577576369539
1.6577405731783663
0.6546422123077525
3.5208470824022289
1.2761058607965798
0.5778676141790637
3.7865475513806115
0.0866944710829286
5.6824481924849595
0.2045648497448519
1.7988060535623940
5.0353007440151636
5.3270141606567964
3.5334456366473694
5.6770981752872149
5.1175772519854243
5.4191619231916990
0.1025683901853436
2.6053840904063703
2.6958232967036886
4.0601572969021946
2.8693120387480606
4.2992878897374593
3.8777846304990087
1.1906662889254322
0.7427656651785211
5.9500034455759385
6.0961801884716493
2.9342926038830828
4.4056254274972657
0.9801230302440691
4.5243905357268011
5.7279485579716569
1.7117151812561393
5.1717797707267303
1.9508238829397737
5.2830050343711088
3.8267147807584019
1.0422543428799880
0.6559898197837817
2.0040039303398709
3.2490951271828252
4.3345509199135401
1.3357311952987025
4.4345791159633219
4.4015835978451188
1.6807380245511361
6.0992895770075091
4.4120919498880848
4.3269326226506850
1.2682659724404339
2.3474400136379385
4.4226352244806790
1.9793424591645292
5.8254186400180625
2.7308398717245010
6.2756592730386425
4.4230025283656147
5.2922895800094727
3.8734164215495355
1.0765787064174484
3.0868954566402058
3.0871116802213576
3.1609106470282722
5.6866440697125942
1.1757157977585988
4.3684781935758243
0.5397500946476265
1.5865543933776298
1.3075851401656096
0.0842406072742434
4.4161708356166010
0.9403490461723104
3.4373169820249232
2.9501680358681912
5.8995284248425577
2.0556890399845726
2.6866718078314347
1.4851822624931592
6.2511851547996855
2.7555811335387581
5.0867342487609806
2.1931927134791547
4.5145761241136109
0.2776367868792572
3.0659946989682156
6.2129301416393652
3.2276984880348274
2.0187232138849529
1.6076421926852817
2.9121346238120212
0.4512229702041269
4.5133632475304353
5.1873000961781237
0.3245258689734811
5.2342163635922017
3.0869099595239908
5.4522727982899841
0.6148153599763437
2.9769750879482735
1.2679127561724288
0.3904400989222394
2.7342107093076242
2.9738608255630932
4.0188181945238428
2.2738540549522157
4.5623969144371452
4.9578545263348177
1.4626313580177093
5.6298000177367040
6.0339119751115691
5.7802483633407808
5.2831267261927026
3.6395444781417106
4.0360522055621786
3.7173740446876229
2.8323664700446356
5.3292155489851938
5.3690699784283158
5.7965902618220770
2.9755071760969125
4.5297403050360616
0.1624318903586377
3.9727046423532237
2.8141089241641311
3.0778506446384841
3.4472234468214942
4.3567992770277115
1.7288687429204581
4.8111207350102205
1.2503603251196851
5.6861886279144285
1.8111749286188243
1.2116715247626575
4.7494907334044871
4.7850300373131605
6.0036375031020262
1.0645648620321546
2.7350364843155721
3.6616111096140038
2.6934168289382630
3.5111134443354102
0.8721529917653037
5.7291601416225859
3.1935715437792553
4.0184800216115795
3.5600345792846069
0.1785702787841435
6.1647127863632170
4.8978734622860216
5.2471072604429283
0.7574992729935481
5.5971919485906207
2.9436946746078481
3.5416517570581276
0.7978344781958355
0.8773450677022516
4.3079878273288497
0.6270906584676879
3.2252198251220099
0.2413694936678508
4.0534013695877738
4.0427046558153235
5.7834019582329992
5.2157957903393957
3.4609637739681118
2.1868580421251815
0.2237623749905570
1.1534503935555833
4.3499662618369737
4.4131439290388386
4.1032186546333458
1.0523566837153948
0.6051283789626448
0.5966235135882875
3.7061856035342191
1.2897738311099471
2.6253860052392404
0.7395574756383397
2.0937540705691173
4.2389292062761665
0.7692619571421557
4.6619854058422723
1.5881933709538578
5.2997995509204072
5.5580101356450182
3.1477307133500960
3.2366474184599792
0.8510042118606728
1.4087798865190277
4.3769127115707551
4.8973206235542985
1.4477875999827812
0.1436752334603190
3.5661183326472736
1.3075117483995720
5.4190022369326529
3.2611113188010332
3.0987413845912077
4.6697425669813644
6.0970868178754172
3.1439085776159192
3.4157919573489202
4.4568784371727741
0.0904960825908604
5.7618183056678003
1.7768550299083159
4.0583540689679882
4.3158042790212541
1.7133139195299714
5.9988503273343552
2.5110059247784600
1.8992934115056457
6.1145732794790080
1.6977719095667807
5.8819943235835375
3.7343148875552634
0.4747899509384018
4.0046560250071135
5.5090321092762808
2.2394407286915960
2.0726875539016625
4.0981334242230663
0.2836705234720273
1.4157867212913018
3.2530950954445799
4.4554978491692969
3.3595650787108267
2.6100372397016973
5.5830885841342770
4.3681529929140517
3.3174403070565432
0.6784751790465761
4.9641496125496554
1.7747210857719056
3.6724071940260190
0.5008230277805102
0.0390397792316794
5.6684661346380443
3.5275912250053940
5.2869891879975395
0.3363059582775277
0.8955678961352226
0.6100136711848507
0.6115068613358154
4.3670050351787175
1.9693573646530085
1.7288535445879689
5.6562863656309581
6.0227536441868406
4.9754797559854103
3.1059317989753201
5.7272381512526698
2.5078317599932611
1.4017626042075768
1.0805603519696401
0.5935159341289422
3.5685025931017718
3.0483527830767905
0.2531372810314114
3.5668699944635534
3.2806253138716617
4.9646551863927684
2.1417063006285457
4.3271087955307426
5.0125348048974434
0.3925637271025788
5.9769841760082523
1.5322241228082121
1.0841519199737397
1.0837021773804505
2.1951887703983588
2.4734806779511249
1.7083419027983828
0.0886302561646358
5.2095879726391017
5.3055115077532973
2.2907043979578199
0.6488257083217642
1.8911657670839646
1.9630191704920674
4.3757101138423584
2.9708352522096275
5.4708943996950659
5.6986160687607823
4.8152912501362399
6.0239927516943359
1.3100360468995194
1.5426097623617983
1.9594621724400663
1.3538653851125180
5.6416178227550224
4.7676925428984696
3.0754394889974064
0.6215178686793101
3.8156330893347468
2.8564733587702515
2.6910613211528509
1.6946153742991887
1.8972400320592440
3.3680910921476941
4.9763799712766055
4.5297718448026698
0.2573058757945275
1.9788943875885623
1.5233858921336909
2.5613953333219479
0.6975381202986070
0.4596170372234693
1.4768783866373134
4.7445512522124407
0.5409707005387718
3.1199635233360814
4.4385904203733739
5.7549061768864176
4.4616746563884053
2.9161163195336597
5.4260075358127695
0.8019304349831260
1.3885577327000740
2.8274470039857058
0.1343206530982164
1.6538441663332086
4.3865096504168193
3.2222788049018889
4.7606115899473878
1.1936960091409816
4.2070615384567489
1.1935534440540529
2.0230874997127786
2.2462116336965767
4.3057993352863120
4.7127270192624806
1.4618783296950371
3.9438938147992317
0.1856893874141570
4.5289619811796769
3.0934276318602656
1.8590937107750449
3.6474769980619492
3.7848967134071096
0.6649299146981931
0.8604059003878570
1.4571169668475317
4.0939067977259356
4.5301713531606103
3.8069573087222532
5.9783121642542483
3.4254339110811647
4.3309035045330768
3.4753144392563722
0.0584057602615990
4.4051103108956466
1.3020171558852103
0.9183937969087589
4.8040563038745718
2.3905069265277654
5.5548372750676993
1.5063346120021155
5.8707271265029339
0.8971059942356997
2.5520993148987161
3.2065271639176958
3.3406593566744118
1.5233676517122343
4.8609240334655412
4.6755969283959207
5.0584475874112931
6.0830505094935576
4.5891332236626550
1.5982538164405167
1.2576709373776522
5.0604075421277468
2.9141224242862180
5.4867549954770531
3.2936860927191227
5.0893682573316008
4.2454441885626997
1.6178607526169300
2.8111068020635175
5.7712701753727842
1.7040855918698907
0.5904788074447059
1.4785912566666255
4.0997640883530870
0.0982994859332028
3.9863333544930368
5.5265265424444969
1.0545056555454635
2.4907795667725487
4.4405989998294846
6.2200277693483637
4.0954335290484778
1.9868608857551597
2.1573915922574853
5.9390283271958983
2.2465247665894990
1.6784764735751079
2.9391243064552124
1.5934618843182986
1.1186537409345680
2.8173512248832027
0.2100056883591280
3.1985114690471237
5.1758519357073016
0.4857621372075384
5.6737100580680728
1.7533377246266499
0.7769366440911831
0.3226088379071721
2.5003135316930556
5.5639351751670532
5.8258263409052784
2.6002300363658071
6.2360799358248631
1.2370984771031990
3.4818686933665410
5.7255983465261462
0.0883588882177471
1.2834374069837320
5.0139220136414044
0.1962832454578225
1.0471558821223175
5.7784237885908514
1.0400880829627093
4.1417149318570523
5.8910667973756849
6.2422683949948539
5.9680973593856690
2.6293410071984540
4.4030245275833444
2.3125425299491154
3.7556011802873743
0.7143244312414593
0.5753631844409063
5.7115408805792320
5.8459569147102464
1.8378964442817394
2.5958252895779532
3.2936477301602394
5.2307309841790000
1.1302304227344806
4.3586878908987066
3.7017795969056033
0.4091756140711869
6.0742776715800533
0.4992042460903413
6.2304923193485742
4.9583405770481210
4.1629283597896061
5.8294714034670028
2.7392653031162935
2.2393564152786825
0.1866350670271828
3.5727120107381949
0.5590834861805328
3.4467192842636591
4.3449727160523013
1.8719122717848216
6.1906590763677052
3.6953635954616746
0.2405600284782309
4.3264988813650520
6.2479262016389816
5.2525514295960427
3.8336809573679025
3.5701935940863918
6.1720386596649943
1.5547828358531934
4.4763166694182983
0.9067962833134610
4.7964018122702186
4.2099981470407464
3.1942860298723725
5.4750390485451650
5.8885865134131068
4.0595960622143403
5.4602705293578921
5.8049416283658015
3.0871452533025421
4.4526466565128517
2.1911589237344575
2.6568195535206867
3.7068642456290939
3.4309641730448051
6.0857245924539196
3.5049277665692893
2.6746840435346542
0.6954188935304182
4.5826882281630770
2.4888139805224752
3.8829461845612565
4.8513626853498302
1.9564659592050819
4.3874349318053714
1.3225166459883104
3.5273217503017062
5.1111465262122930
4.4858819982240901
4.1706799413543605
2.6149612127330411
2.9011938972676621
4.5770125148895495
5.5687825894020371
2.2914454544590184
1.7837478219907257
2.1675442075002804
2.6316240134673357
0.7296541665328991
4.5996879012809417
2.3075202686574920
1.8916275574725736
2.9304380218132393
1.3974702334239815
4.8222962073160502
4.3701007846391544
0.7000615188570063
1.0443143601781866
2.7933507683386773
1.3662442616215549
6.2418145453319385
2.6412447682370090
4.6687779829400826
5.3818002665838458
4.7753850958457154
0.0392257613398963
4.2356087058266905
4.7362755591333618
2.6146914476793333
5.6809710992901978
4.7884534226681206
2.2984054826620728
3.9058837400656778
5.0541098233313120
2.6049600535186701
0.9757951507720478
0.6000130030621265
1.8316959767274423
3.9907699325971535
2.2779193676539804
3.8287146889335339
1.8117758150548158
5.6035700226761636
0.0743357265973513
0.7602877425153348
3.9706343569021176
3.7703228545149177
1.5782749665542175
4.0518571927775051
1.0702663879351912
5.5372790632317157
0.1819686892080950
3.0850488904033835
5.3757664525977296
4.5970468054854132
2.7709388031321787
2.5531958182515204
2.1667484390172640
3.6892567812770780
4.3525474828764690
1.2999586951119702
5.6887724649260507
4.9313877567683937
1.9150757766738713
1.7806317920279922
4.6673578736411665
6.0837288315351223
1.0671181395354450
0.8112734270427727
1.1429227889536577
3.4587467796014151
3.2987007918142002
3.9164542907019233
4.9443347174099701
1.2629194156271903
1.6427590890424493
2.6893855320246236
2.1200920717728486
1.4480611869586109
4.8986738873568463
4.2861383112309799
1.3323174379842735
0.5762081321691798
6.1799559910811803
4.1706794009547172
3.3115545758137714
3.9200992474968896
4.5360186027594809
3.5072972223251706
2.9836183644204337
0.9687476367159140
1.9505206804237929
6.0370599454790064
0.9872631637669018
5.3287954941633409
0.6021402493714378
3.9489406279407553
1.1285985633674847
1.9160097332107611
5.9368525976658839
3.8684493925939774
1.2173094768545443
0.8341162181785720
0.0941200119550989
1.5412689170700926
4.2319675371143752
0.8400493008599261
4.5967048763025797
2.4920701571108301
4.3183590353294408
4.4386591814864644
5.3807280112699090
3.5785546804425881
3.1535462928510296
4.8589135330222089
3.5905668961155603
4.4186200040293127
1.1272130718269129
1.8313172991914284
3.0061366552261610
5.3380332120411591
0.1627672127316711
1.7814586875949519
0.2446668021925023
4.4994045760373291
0.2893164440931469
5.7289894343373184
3.4260052360017723
6.2488682032067464
2.7585659257474671
4.8969474408937712
0.2419204184476341
3.8328379939776465
6.2743941057677590
3.1380698663987863
5.2605504725624828
5.1124545086977120
2.9034928600314012
5.0490664524381037
5.4362903878850970
0.4134352460655586
4.8320292721559568
2.0904693642472796
1.6806871986346088
5.0435106304031576
3.5655678762289376
4.9792564393567993
4.4917778584380761
2.5580970738063624
4.9322990895940269
3.6193120094809230
0.8388779097975880
4.9441189867991868
4.3111543094023146
4.7361618395892764
1.6469806207585087
1.4535408006178001
3.6787901434429395
2.5773898408317035
0.9967063003011082
5.0440252196540944
0.3274687670133126
3.6954528885993767
5.9267712390946352
2.3714753637014905
2.5455329146418944
5.1130447621422892
3.4099238571411439
1.8322910592297648
3.3714877485280437
1.3131164754411404
2.4496683511993211
5.6433057509046582
0.3708128078543813
4.9424483265242261
4.1371247609337667
6.1630477826133614
3.8735937157780000
3.3556875831475872
5.4499647223385823
1.0429324238564393
1.5133564269190989
4.2676565648950211
3.2547107623032137
4.6275809733215665
6.0930559541271796
4.7253599415243963
5.5829495357716024
5.7745110726428415
1.6264745923024462
4.6242088974313704
5.9543133352284592
2.5004801243443922
2.0201480755878034
2.4849855388256086
6.1059643639523129
5.2679677349015543
4.6099876101398207
3.2488426858797310
4.9808282115865694
4.8213773157792801
4.8029324568973744
2.3300114012504847
2.3150734205173582
6.0552421109799974
3.7702188140374022
3.7605347331875429
0.4826245498868014
4.9565426466293330
6.1612273205182913
1.4945032643981084
0.0724354799925248
6.1135725461860639
4.7019631044832444
5.5428268434265000
4.0141488633294093
5.4295603692523171
3.7161959470214665
5.5948190392321813
0.6316015621236249
3.1736670452144584
0.0162304042320786
4.9198261846049354
3.7714038715767320
3.8531687239701511
3.9197371992301413
4.5703350588509117
4.6780315340217680
4.3273912756667299
3.9930661164640830
1.0945279238117054
1.2411648792659999
0.8895486197158580
3.4157624255448797
6.0157026902171307
1.2531189911305340
5.7665280588204171
4.1142016371452304
4.2185547760724260
6.0083602632989743
2.5167860087345892
4.4251105446704573
1.5865807599879445
1.2207090454173277
5.8162124944786688
6.1353807812265782
3.2135885162279960
5.6638547436638094
5.9137144725919306
4.1111164139326597
1.5298979369154939
5.6698945708424171
2.2551341843236190
3.0389100855848836
3.3448782000852058
4.6656892953786109
1.7426849676999305
5.7891332024370001
1.0829738430443405
1.9569040054431750
3.0710408451996272
4.5446736762467612
3.2918208507202182
2.4712149495623605
0.0167984614174296
1.4236473688927680
5.6950027802450931
2.4682908177067993
2.7894873461210299
3.0704762936782708
0.1200479717296738
2.1820125564096866
3.4440212876796119
4.0448861267092049
1.0306758190302951
4.3823807552815977
6.0799878466233181
2.4474584178643335
1.1732086882903816
2.8810795363755073
0.1646804756996265
4.7934047644356514
5.4873801182152429
5.9569071945998751
2.0270172636589137
2.0179847561283517
3.6782354606926000
1.0042058537281291
3.0950930010162976
3.4551499556197793
1.7998633830922994
1.0211765849348549
5.4423616588775898
2.0674584346722367
4.0106384556775962
5.2073856066915596
5.6814317806261103
1.6023336184047503
0.8766883146824642
4.6841074962477043
0.9338231008139474
5.3333308226758840
0.6224253462137475
4.3465747076500136
5.4895786649135889
1.0498293469774962
4.7563994439387072
5.9107407239669758
1.3004846609493679
1.7959632336812084
4.0559305575069358
0.2767344184822935
3.9071815218076487
3.6121590608059431
3.1975096796918070
6.0199456257153425
4.3915965241644912
0.8804107020198968
5.7381272420643441
2.4074343684967365
2.5848066059657189
2.4695072347593303
4.5267888573043900
4.6028609127468991
1.2686892764622302
3.5256840734281742
2.5310101337958506
2.5569061081866828
4.9847249420351689
3.0322201192842950
3.1887999116612824
3.0507272328750648
2.7933670472686116
0.2443090365355584
5.5991460117043363
1.3461708226695461
2.1960400625905820
0.7619616489367650
3.6677081485036789
1.8333498218282045
3.1558326453884300
0.6902135816517977
6.0277134146004316
3.4385149397988761
0.1809904920592056
2.9610246954919686
0.2523062069951623
6.0867657982371508
1.0631823026717528
4.0973609461271705
4.4068185299714786
1.8306063859527146
0.5854862356791282
4.2482234552559408
3.1587800383626718
4.8791625759238046
1.2015392816091015
5.3785286153167657
3.1828593157019371
5.4471815576987499
6.0805955093473045
2.5859116045707817
5.6388159451248017
1.1950226704980698
4.7528716402209028
1.9738699789022089
5.3877500234815363
4.7098952487250676
3.4455948597968304
4.7574303974909649
5.1005644016468956
4.3911366842162094
0.8185378094566319
3.6210903429390675
1.6405052192707483
5.0236916665595110
3.7960854784787870
3.8229949492448996
1.4616573627194061
3.2099823949575645
4.8253152320431818
0.4935525990226237
1.0262395237347435
3.9438036111610439
2.2422284181025307
5.0003622610759262
1.2032260979595542
2.0105692199183678
1.9436199584091214
3.3282651317895899
1.0742637775903154
5.9505131661353214
1.6260122450947847
0.9987783415230719
2.2862925956229465
0.4348336106014959
5.7544856133091171
5.9694457831448107
1.9531503721504193
2.5587024977287451
0.5755910629065201
5.6050154876689300
5.9566669783541233
3.7313047759552611
2.4134944565529648
4.8099115135655550
0.4482212599173006
2.8843476200353368
0.5362821118389977
3.8785986661672349
0.2138509242704015
1.3771993362127311
4.4951125711907967
3.3212121724831958
0.1769555451560112
1.9448643127573124
5.3773852315730455
3.5463995253177463
5.9857491417736330
6.2726693243088976
2.2437336817526079
4.6224193198335444
5.7855334558729696
6.2414890126026554
5.7618643765792843
1.2466737419198686
0.1807960561279609
3.1000348304697911
2.3833068476663057
6.1661747434173515
4.7883559683592898
2.9633565019278265
3.0951862401710719
1.1953950667406263
2.7795798428805121
2.9277726354400557
1.3120522984760647
5.9841790300119193
5.1845579071910262
2.9965765404699725
4.8585350970907122
2.0751077122822026
1.2563963793366604
1.4737056731986922
2.2598477076444907
4.6303249828028559
6.2176758899154949
0.7136504915117990
3.2403708035177554
3.1341491180515328
1.0933283582598303
4.9252679070772496
0.9750879365500587
1.4748198199534159
2.7983917184964651
0.2042088979904077
6.2244582907902011
1.0426617402537153
3.6466439658382370
4.3589467653679614
2.1712077462128412
3.4016326011224032
3.8817749255150251
0.2956599055339231
3.3245819529934280
4.0778780490541058
6.0986508098082162
4.0268014017839295
2.1780172619272289
4.9049879677553454
4.1089633596488326
3.5009935068754161
3.8844912971811483
5.1342850972520715
4.7622496133252579
6.1958304387869561
5.2169273349691627
6.0653453429129423
1.0704670133597030
4.6378146625088883
3.9825820038637034
4.1044084134510834
1.5235752745845585
4.2361458089881792
5.2100843652924427
2.7235650375708862
0.6639886254653328
2.4218206483391782
5.3796372159187964
2.6487579485323218
5.2042460594646833
1.9889693116014762
5.5479680330193881
2.3514777245684995
4.0151462337046047
3.1254150093549971
5.6269132869428899
6.2275532384164176
3.4856092741311513
5.5414313763160719
2.2819230991771144
0.3931540443924585
1.6396642873657028
4.8261469585295611
1.2395800790268006
3.3673713909213232
1.8668462090991780
5.9267902541518955
6.2769620303527596
3.4960105348405981
6.2527492259445188
4.2387849524244610
0.2160533385810276
5.0050237523496071
3.7903713067116653
4.3990661204133108
5.4006761895636552
4.4939319792236345
2.3090248800701958
5.6328162785894085
4.6845655563344764
2.5611322153772038
0.9210827091006528
4.5489396282051535
4.0461954876624944
2.8474979662041444
0.2171818119711335
0.2856824590828267
2.5612150930483315
3.0628424683353592
1.3923441724174397
1.2164112626590529
4.7208296726751966
4.7843023464314358
2.8050679887940739
0.7416941402934940
1.7356553006017743
5.6441114290220638
2.1258281591732402
2.7978149714258551
5.6286415902624301
5.7509705249270899
4.4418825044689783
5.7859824449457085
5.3436468011854084
3.4979967568608519
0.5643018609004837
4.3410201759095584
4.2985464113619543
5.7334772703013703
5.1509315172530910
3.7024118237569432
0.3616140654922965
1.6178102385356785
4.8405113441829650
5.9374092161943324
5.6952450365698795
4.7512770786284753
2.7443708453263125
3.8468872918217696
5.3848487200119690
1.9394391291649893
2.7062265961409144
1.0890115743452919
4.4952523841145196
5.5914708811023415
5.1358005364229191
0.2556992063374866
2.0704616248052803
2.4252722280073962
5.3207074001514183
4.2200829756080056
1.3079892017902597
1.9807700971094282
5.0802223105508801
3.7418020971927839
0.8202794566806250
2.9562633153622051
3.8020783401075344
2.7124287753317660
5.8963312709525528
4.0608926585711744
5.4027197536953482
1.6723743710361256
5.4490150290065653
2.7320605469864092
1.4272329671004709
1.3021221606774758
3.8250012085726972
2.1934852284207289
4.1708797623945557
0.3015342485572484
1.7731869353564207
6.1788200466470098
4.2209949871594814
1.3608236322854534
3.8064661703437044
1.2463399370228252
2.4761151121333471
3.8927687940472913
2.5304294199228399
4.2220961635735366
3.0971029621654864
0.4329434518201623
3.8875687868192017
0.7914340482694001
1.5495254461666652
6.0849119759410026
4.2708455677111106
0.1596525019634032
1.4347789219541627
2.4206471556257423
5.0813463017790204
1.2358422548249719
2.2964796575767568
5.5020163016196113
5.1432636493382837
2.9821119534400413
5.4670640172706211
1.6922100441490426
1.0765063974997593
3.2411198629113516
4.4517186548467498
1.2258316452946227
1.8582139223707457
5.0678742111465418
1.7703149880345175
1.7218107121460571
5.3712080924280254
5.5348990991538463
1.8624805991875328
1.0231928950122344
5.1961687823879412
3.3138758088174298
2.0716256932065629
2.5518624112461392
4.8257103726906143
2.7803195187011074
0.0315000998548915
0.6110578672356034
5.4790753328597530
1.5646093183025391
4.1712772583016289
5.1703163267825252
2.7727941069710500
4.8579044145524399
3.1974732678363176
3.7244846631707218
3.7193810139141061
0.1364230210343296
0.4669209305638468
0.3137571676473536
0.0336778805957754
1.2313727212897181
3.1976080125359716
3.5259549589674988
4.7099686039190294
4.8649740368645364
2.6817633158063838
4.5582078783235689
4.1180455182112388
4.7590205728757216
1.5409599171644388
1.5595183268756465
3.6900077326078593
5.7367364226521698
6.1184622959148394
5.7295128745471890
5.1017217480815580
1.6378546751830647
2.0311003746740286
4.0260627016742943
0.3456031086337897
2.4140294213468314
2.4688433802125300
1.2889647854526127
0.8291906948730736
1.5472860313515069
3.9021692717312684
4.0636340394455628
2.3720472705435394
5.0975134289308199
5.1853076771284190
5.4162412980213617
3.2680740461891395
3.4581792352785063
5.0316055113664220
1.5482536333856318
3.4962808166969563
0.6840436090863626
0.8725327414720626
0.9823449243388624
2.2293320248011019
0.4574331291285116
6.0371284417880036
2.3725406505824984
4.2931127524109298
0.0200277388679524
0.3318945584907562
5.0258554664045079
3.2580037479972326
3.7227627231935871
3.3025351975101378
1.5421453583846478
0.0064679546252451
5.8693715356763549
0.0505801646517988
1.2431952375240314
2.6799685454861559
3.3300977485163177
2.6572145188022982
0.7312601871071385
3.2939804926704239
2.5030365468953963
4.0888334634560382
1.0985293542131738
1.6797951368454953
0.6495174911053917
4.1421752272207106
5.3931557969579424
0.9064976792143218
5.9913701510571400
5.6969738396995293
4.4796285062481731
0.4141517368983728
1.6656806000741049
4.3188596943323008
0.9158166877414279
4.0460985161934051
2.5163680278618901
3.7786426243768139
4.1451029710587788
0.8333537231499546
0.4843072443153671
5.5821887152823608
1.9040494479131271
4.6898864121460049
3.2675356884647266
0.9314907451646449
1.8439800194198599
5.4433213490491843
4.0506006016657485
4.1431726988621023
1.3629243677412408
3.8723351779403350
3.6967510575189593
5.0436940588978985
5.9301142747257645
5.6207821214929812
0.6454801048389237
4.7600879282704192
0.8483709135476744
1.5489520592285435
4.6787426040736424
4.7466003928911169
0.6894407936522982
5.5182419198362291
1.3404400679393449
4.2978578363548801
3.9789024209286263
4.4799918713306957
1.1042029919215250
2.4509389724342787
4.3319407414952744
3.4244208569936609
0.9145247332228228
1.3632807228835433
2.1495324635667945
3.8252197141619333
5.1116576032618983
0.2630207602440829
4.0949892737873004
2.0567443172346480
2.3262490552608379
4.4741415280418542
4.8670558715957322
5.2574107551220601
1.8789973950838301
3.7178844292281519
0.6154044660935084
2.0966152847221626
6.2324689457842295
5.0615802120334559
3.3323961358390242
1.6886120801052618
0.8181393622093595
2.6712920349449876
4.6545617958575258
4.0650816840914921
4.6735536890526204
4.7169020895209943
3.8843824399000977
5.0497330236592415
0.0816026781344790
0.9054619443761235
5.0965288155905606
3.2698107368566003
5.8659883897537766
4.7747624392646575
2.8639447325854022
1.7801971943810648
4.2987277049208741
2.2661742241339984
2.3815354761836631
3.8592037742003207
0.4014419107780619
1.6902864108925590
5.2055239473808346
5.2027834661679151
2.7830082931214926
4.6144946864109153
3.5302044052581776
2.4038992077685708
5.3221378815189686
3.0216812520209722
2.2274330399895206
2.4276003210766515
4.6202270478775587
0.9151337031755454
4.8414418366865668
0.4992968494522663
4.6347605790209050
0.3285878940901443
0.2586137845953627
0.5680616038094789
5.9273687646681639
6.1297346804890971
5.2956503111696600
0.8328192100766587
5.3192096551000976
3.4373527650220357
3.7002874376401484
0.7066897042459199
3.0779874036338217
1.4330309755078174
5.9040800561850286
4.6701135816133146
1.4497187672281373
4.1911384931173368
1.8149417011017854
5.9230232137642194
6.1292490865103124
4.2182570392824230
2.4412652448800096
0.6832825445849657
1.4364419994499167
6.0425196499184963
2.6773963900149766
3.0143541613597145
1.2668072921572178
0.8480323505008565
1.9243959393446659
1.2349426039693052
6.1847926508717457
0.4049939502585709
5.3830430304891195
3.5665904023384027
1.6418877516140515
5.5315118243102992
2.6419344784140582
1.9890894201861284
5.2061858800435123
2.8055910736073515
1.1709668497800230
2.7148043505656489
3.1808570946221759
3.4959044989711283
0.9652387755979707
5.9762002573388351
3.6297668172617232
3.5745983036710918
0.4937461177534060
0.6331289941257997
2.3631993692044957
5.1130452359649654
1.5297368489911540
0.6650713285618742
1.4128741487628165
2.5710309670832001
5.5990826742136388
3.4011661564578253
2.5561495843289213
2.7337417749424473
4.6583550921150341
4.9041696998807254
2.9213965571702007
0.7033508672704247
0.5633038291888538
2.6704631703569603
0.9838457344388253
4.7943739776436214
0.2495931604558206
3.2186125501515570
3.5181760535144688
1.6042574277284609
2.1549564287175329
1.2867130559961744
0.3267031584486919
3.6035819927599748
5.7958589927672284
5.1148768434576546
1.9049746722670964
0.6531089877885162
5.8405746589393495
2.2427019324946338
3.1109071563537833
3.3325159859948585
1.6039784242952884
0.0786394714650418
2.2299253175475702
3.1966641697782157
4.9370739135425064
5.9416682699226184
1.7783500993036740
0.6495489508436272
1.9385887330281697
3.2823286100815579
2.0910268329283612
0.1806565834568025
1.4144051113090135
4.2070507605272054
0.8589207766155380
5.0908856308164951
4.3741821171308199
1.5141894615972793
4.6951604859521670
1.0649726376721174
2.5923527592013960
5.9416389761940875
4.8621661268430429
5.7309411225448139
0.0910963694930877
2.4370886567789611
3.5502551568891736
5.0919189457993541
2.4777016318455165
3.8581917693530809
5.9226786207063515
0.7136135940517391
0.5018036583773690
0.6690262002250208
4.0160260654362343
1.2749859853205303
1.4807842432111971
4.6586674474260157
2.1036001270159224
1.1657148489707740
4.3076025088044112
2.6133831528646199
1.8184304040442003
1.3268702908839096
4.0876905456901600
1.2033615158060045
1.0764164382398607
5.7288144686849698
0.5249965601718102
3.3091997349529993
3.3454972218630838
2.8225202422582210
2.3895346637948762
3.1051765835521681
2.1943637777749387
6.1463894372032337
1.3871000809893343
2.4737406252286855
4.2842631361945402
5.3605542202511032
5.7773550499489286
4.8029130533808502
1.6184957149285824
0.4344247258776219
2.0896150133714029
2.8760640001130588
3.5680114250357375
3.1067228636283408
3.0077434374736352
4.2874566726115901
0.6321344329991780
1.9319589966449753
1.0128341053035732
1.0397464221730151
2.1512461911028296
5.8965065281741325
5.1398474029675691
1.8901424579917538
3.1970372705106311
4.0293454647070703
4.2373161541339890
1.5558122997959531
0.4257818335412377
4.4140414776814634
5.8578251569438722
3.2114171090054393
3.3340601507595786
0.4294522207769081
0.0489935747705696
2.2685295718461931
0.6458810477005678
4.8622272420000829
5.0755148422967329
6.1179203861528988
5.7019052025824299
1.0125750234337483
2.4499619219611208
4.0717263938233792
2.5170248295217150
4.9995964253767076
5.7175839746124533
3.8444837884195620
2.3516681682573122
3.4609482202090898
0.9952527250766670
2.3683742851282772
2.5236168757698230
2.8661619449506839
4.9971955279490841
4.3408617202442965
4.4350466466480665
5.4407927854941560
2.0173426426508594
4.5589059483042114
1.8070321580641175
4.0645219619928650
5.4926041328258943
4.8930872551887505
0.8404085089329353
5.7271560253639420
4.5138970304062456
0.8715811177321884
5.4405397278277459
0.2876632935821724
1.3608683766781264
1.1660697462871275
2.8891995728045003
1.4706666782371669
2.8461899477342416
1.6969609429220751
5.2741124222004823
2.5132543845105073
2.7233062959073315
0.2229177059349649
2.6288917850257514
1.4520688714309331
2.6029580555489988
0.8113104991704668
0.0934768172837925
5.4236580183877381
0.9942270467890746
2.6915455752478152
6.1827118750721759
2.5938891745034645
0.0055948931831590
1.4574330861834928
0.8476842570886426
1.7139947011567802
1.5860908107170915
5.6163346643203038
5.1475890638298454
0.0601050479202484
1.1744085038326120
2.5491691500919562
2.5813155465177009
5.9997258213487665
4.8807215850888612
2.3637534264876390
1.4071146436431015
5.0604626166138864
3.5271336903640442
3.5346177414562621
2.6287222220117572
2.5406602572623607
0.4154470639678452
5.2551684679721786
2.7900212705287410
4.8078730339810400
0.9432912489393360
2.9522260363802730
1.1756909699674036
0.3652469875233519
2.4736788818358182
0.3717927214804315
4.6497326397159746
4.0227979349635232
2.7439923183690840
3.8215261503338716
2.8537671021372928
1.9861007249489424
2.0013679183762934
0.7958228834769826
3.3478686856743360
5.9183351636633272
3.1344712602699123
2.7784537954932880
2.4920050584569280
4.8372640234132103
4.1149182415943493
3.6824565911164409
0.4303331628081725
5.0213108332329623
4.5920217841112203
2.4111376905874842
2.0241321951997806
5.4596874425002078
3.3367681618242822
5.7316481111037385
4.9913227733295340
0.8736108950947943
1.6030762865334429
4.0738716983649477
3.2051316297673114
6.0863525747240423
4.9156445708845133
4.7915577256070279
2.7857032811770157
5.7857709496605434
1.6911679827440229
4.3771966117749095
3.5737185183669364
3.8081636417018712
2.3716253721082881
0.1716752001341298
2.2085389373136257
0.5418813950723517
0.2357199886497377
2.5942107661962215
6.1704600059160786
0.8348430007431304
3.4195841697934299
0.3870480123146257
5.6181206746085337
2.7598952430669628
0.5605535510956815
5.4306655091408675
0.1370808665902128
0.0513765469075159
5.1940499106537388
2.4715953152452736
1.5394884530005599
5.5166286826138284
3.4041908020349525
1.9492356436440363
4.9800870809072535
0.7688393124657537
3.8851670313426450
2.0352568907458641
5.9801677166431881
3.9266779120411996
0.0309153113948395
6.2301910745257567
4.8029406805141068
2.0066625747396594
2.8514320233755006
4.1089899938291445
3.4934297096804192
4.8259143690713762
5.1127756633422994
0.2895025569114429
6.0262061976497519
5.2337753799378897
2.5037656471403920
1.0827574042512820
1.3334926021296352
1.7589207725708207
3.2116993457507954
4.6831854665166635
3.3707968987594010
5.4036414226738003
1.1623078663704198
2.9942030803749899
5.2338652441174780
4.8828570007148748
0.7109108147766912
5.7153289877538640
2.1220552880981129
0.1453370740561729
1.8200638809059408
5.3078054192508999
0.9887012092066317
6.2237986859150727
4.7768441605864460
2.0121763804945982
1.3529899371405343
3.3750119516601482
5.8007806014684968
2.6117730330923261
3.8802202081615347
6.0332625497690771
4.6740997170622594
4.6147634663378749
5.4452825647128389
2.3722789684468792
3.1992553062984883
5.1881345595684527
0.2740430411950148
1.0688263472920991
0.6438902046751798
6.0646582361607191
5.2512518145442080
0.2691020574528221
4.5379595192750060
1.2777494748478282
4.3258960311702328
4.7327681353235311
1.5097397978399441
5.4131902069165543
5.0327110789697267
1.7626153627984660
4.8291880079770317
4.9471169277945082
0.3650543615203810
3.0669140394817629
3.1292402368915360
4.7163546816530468
1.1170340281317670
5.3496876497934487
3.2455692932337987
4.8212061330990199
2.2390329509118616
1.8636114578058156
5.8447647490412660
3.6673813829539235
2.1302070943786147
3.1721221186471649
0.6992870428749005
3.3623192486641842
4.8522716769807888
0.0140391198200254
2.2751153669723285
5.1466688161503491
2.3640838759545337
6.0560639061616266
4.3211199676756147
2.6020038613856387
3.8415014060676986
6.0142688818737833
0.7987680039728676
2.2330843229372288
2.6239900535126419
2.7582934180331269
2.3410592256707536
0.8540192045509144
0.4054646744895370
0.5596820801469650
0.5327229330687870
0.0670789946760895
3.6333046417491897
1.4118647637110793
2.3593698163515717
2.8749991345907659
5.5128504027582474
0.3700589801629610
2.9414217827028564
1.8216674130739536
1.2595151114011331
3.0304326161068991
4.6056333488939494
2.2072826883723424
4.7662298430690662
4.2571952158039048
1.3824677906882696
1.9544572602978534
4.7004336832619913
3.8752584289544205
0.8429282034094456
1.3687030633315145
4.2922987762560085
2.8179016090343927
1.3012841069793921
3.7302697344801174
6.0639408133148516
2.7831774517325290
1.9218026636708225
6.1228696591491811
4.2301364630404832
0.5622677766277244
3.5430373742035024
3.0586122888674172
5.3227308517893235
3.0068215689141025
3.4557323222485223
0.3855124716738342
2.7215296533519475
2.1095576751997913
2.6108339132628284
1.5146314319257155
4.9976057849754962
0.0534973986049499
3.8700575267766184
4.5472781623797198
1.0896414071296461
3.2910755625471007
2.2445448304882825
2.7510927964002940
2.1005414110766161
1.8138817048088176
5.9534735645059413
0.7074902387531874
6.1360407930316363
1.2692892999338032
5.8473854320717953
1.3810075878417987
4.7322806336221594
2.4066200907994291
1.5004518795416202
0.1512685386922090
2.0644656658843363
6.2713378560590236
2.5372156203981295
1.2808439129835476
6.2555850169376246
5.6535578178134633
0.4486803594937567
5.2783085179898084
3.4795495755741865
2.9499174126318968
1.3190312619893889
4.2905442046274986
2.3946000071994664
2.6330283925192597
3.3506061227608641
1.7069100479834467
3.4365979946282974
3.4081377948836034
5.1919514324092964
2.1482135175565094
4.4897929821666125
2.7822675960609149
5.8011280869863855
0.1872862423990096
4.4764917189623867
0.3824521377945629
3.1682797964885867
5.7796732351248012
6.1852163248013303
5.9157814868050584
1.7564927733343179
0.3259287568817917
0.4763185142187180
1.4606094175651756
3.6550445233291309
6.0953883556243635
3.8459204826597295
2.3326249062266222
2.4200543388108287
4.7615836770512230
1.4580233437555963
3.3464294399749104
1.7611876193970439
0.2160152735221176
0.3818120246785758
2.1411437049779756
0.4876300749641457
6.1826608010751531
3.1389134029417547
3.8614686522519950
1.7999399994053211
2.1560956376672298
0.3318580767484492
4.2951240874899259
3.6220586487577751
2.6413667385937400
3.3023596296080462
6.1315167608378802
2.8933887591854126
6.1481621104686761
3.9530361916600287
0.9861071243423504
3.8742158805394546
3.4620779019349976
2.3269101635325811
5.8939753788272213
3.9839317722118248
2.9283263968132016
3.6855225228805466
4.4609636226090590
1.5082894758131313
2.4644287048998090
2.2610786196120727
0.6072127925126498
1.3651240694551858
4.5101708303532266
5.7579462183290389
4.1444884741687771
5.5576093330696947
1.5574974883242549
0.5214466247943715
0.9538318578731118
2.2060198748211173
2.2680671349418948
6.1144492739375877
6.0608813739023146
2.9465794047278937
4.7876514507585002
3.1631895421290168
3.7157694511807398
5.7807215255545792
2.5956658038777811
1.5336779940181764
1.6397700166259046
5.5170486332207131
5.3523948367949092
5.7498116126711043
0.1555903765825058
1.5371857534208593
5.2305153517977789
1.5487932994794187
3.1383040565680642
4.9655261322704156
6.0714408646055542
4.3651662847846744
5.2182679385204302
5.9798725585476378
4.8935273852121242
2.2554732988977051
1.8782976903599780
5.4349093165733855
0.6691590685064656
1.9505063406588494
3.0011824218104270
6.1184192867965850
2.5976607445158733
0.1311106600714764
2.3443011004016174
2.7220851714539016
5.6280241589739202
4.9268096883551120
3.4947416760843968
3.1648331126204812
6.2657854307584859
6.1661733847465756
1.2569929719552047
0.6151931206346327
5.1773134391014271
5.3307306000123837
4.3314166458962307
3.2965683199259965
0.2502670824902272
5.4453977130113129
4.2787183605260779
1.9537256017922306
3.2631290274854376
0.3344630162832836
6.1253943031496387
3.1368590963210479
4.0457132732334369
6.2368655212540665
3.0074260822082532
5.2568382210203595
1.8159972058612113
0.1768457506099031
5.1440269327782158
3.9038310111347836
1.4851224522985629
6.1465764031921735
5.8593160915356002
3.7415862842423810
5.5943918959941623
0.6502448361297866
5.4649131470859844
0.5707619317232129
2.3316879637761585
1.5701057988471980
2.8732426742385391
4.7911672450894178
3.6624023978126097
2.4987435462780301
3.2158795918834162
3.9565897268479540
3.4989435697260416
0.2842058659360049
5.2372648078961985
1.2190852360281903
1.6261848022511611
3.7432454102533885
0.6556078223640404
4.0866626492474243
1.5897894885610273
4.0083309306417103
3.2372484262831955
5.8553549969620633
1.1190342613260671
5.6340935819264510
5.4957809981051309
0.0416943701422347
5.9593448149689214
2.4538907356141846
3.6341694985595843
1.8875347704475467
1.8053054181667092
2.3943723729984936
4.5472003044415565
4.8937919728895576
2.1458580490788921
3.3180944256034981
3.9197117776375139
1.2233905799716804
3.0791282473943218
3.2073011930302235
1.0681664777079574
3.8184716178860296
0.2684489215616324
4.0713504690046580
4.4178199300758001
4.8765883031454109
4.3512783108532851
2.9282010821565949
4.8671882109468427
3.4588306538651601
0.1343091246784174
4.5868233675880123
5.4423751402013352
6.1375722446578624
4.5445302441931874
5.9965809237598666
4.9670639712193552
1.4447970812378663
2.7547028791712163
3.3826952992438732
4.6759122863138280
0.3898051992111410
3.3283306514635784
1.4211214501489626
4.1729432412848952
1.1288329263830825
3.4903367820190287
3.5842468258693803
4.6392773360265895
5.9992958197330095
2.3814126286767014
1.5687288119181013
2.8850551739610255
0.1765684826360813
4.6243181067647656
2.0592684079818437
6.0060525807197358
2.3896867235458483
4.6026351183033514
6.1337983080440450
5.8192175087787721
2.0314656280828287
5.8151285192119575
5.7938216513921095
4.3732220475100467
0.8986864029430066
1.2212549897361580
5.2206306755633864
3.7737568780055875
6.2494237101208379
4.9864930660533702
2.7308294952703274
4.2892155709483459
4.2124328570083458
5.4991240802794454
2.7114008786349202
2.8420163168159660
0.1253139583191085
3.5987660375063357
1.0509932489075826
2.3779344004911440
5.7090955100464571
0.8310289991326001
5.1766921748667620
4.6830517382967036
4.0017271131218992
5.5849634196599407
4.9299772726251474
3.3146405177662954
3.1865347130348041
1.0877203851897810
1.3155668453469900
5.9778663036938982
0.3978478997284070
1.0818744125512596
5.9908030071536711
1.6432379105298314
0.4731305823057592
4.0851376709419798
5.0534466421356337
1.4854717761620069
6.1787376643886045
6.2125126253900795
5.2037282837638825
0.0107946078185956
0.8417066076720232
1.1555175122559984
2.9656142357415924
3.0329887365180030
2.5890220779741981
1.1745388264787140
4.6143296951397357
5.2855158735092420
5.9289286403788966
3.6636246302621034
3.4696778119921743
5.6850568819179577
2.6952233957772802
4.4511560437956534
5.8538908816760875
5.1947935330151012
4.7875667176489021
6.1259070416661752
0.5239784829869442
1.9989041946098318
2.2907757290631463
4.1042118401490306
2.3947725740814860
5.7131251573674451
5.8887705689813403
1.8111706927139095
3.0288701274634708
0.5259890315446735
0.5984487602338289
2.6675886312848291
1.1219131400576114
4.1016756630180904
1.6279465648844904
0.5008327166884498
0.0902904593822514
2.9129311238250772
3.8781982176951351
1.3740330617166634
3.8656803768807895
6.1565916060960522
5.3465222213539798
2.5379886151283895
1.6090905983636965
5.2613411247126960
4.8621536502443581
1.3858560438545859
3.6064117859539491
1.0042917001176241
1.2563037119980700
3.6252451494836841
6.1323378141461475
3.9206719065280744
6.1685674067151783
5.3091323594661626
4.2324356855358491
4.6779595302791304
4.9443702836652221
2.7841303408271529
4.8300666795551956
4.2140811779379961
3.3613139921176796
4.6466379002536620
0.7687873839947376
1.8642936778823394
5.4628916868466568
6.0651227177134501
1.9241582922809601
6.1094062070533859
1.1547823259654952
5.1192836720444017
2.3835292765846714
5.9783346031056874
5.1769769853440035
2.5809719482490823
0.4898759015830819
5.2802658783495584
2.4513606132511621
5.8719539448598175
5.6977965478687258
1.5303579839039003
3.2600096412253325
5.9669413061834380
2.2047434796115302
0.5826978939024429
2.4047542057383198
6.2780943784605263
2.2574120903021786
0.2379866699855011
4.8052232705839808
5.3238863470390987
5.1704476087902282
4.8817493977005242
1.6976403897302268
0.4778452209947174
5.8076073517692022
0.4833456313351167
5.0702030690012458
4.3653297130285802
2.7136176759110833
2.5591511544254253
2.3198945373869058
2.1225111639795471
2.6684006750921077
6.1200956582969637
4.5894148534466863
2.2201711076965540
1.2713334106596816
6.1852799403237313
1.5112375531723128
4.6061483205875069
2.6203928534083993
4.8443048187892224
3.2739028729957740
1.7925650072413937
6.1945492022529196
3.0590664209599163
2.0159026757348797
1.4093313080089729
4.8088468565480698
2.3814813531935504
4.1317420370464886
0.9034092595617083
3.5449746075429633
5.9083866784267087
3.9389564201359346
5.7280662002847293
2.6825424515549501
0.9759084585685329
0.9014671609223398
0.6998002011764929
0.8101771283000024
5.8137359004500828
2.5544555518245255
5.2067869631521848
3.2613512707166032
5.6468058528798055
1.8463314208839092
6.0747391131768902
2.6568115068398259
2.3895987537841528
5.7276090104589681
3.4993821809392642
2.7278393843857165
6.0010245130767723
1.8694773540436502
1.5109498196985520
5.3158728672831908
3.4910111704412281
5.8840397446468389
1.9814465571237017
2.6147121899800347
4.9618469573382686
5.1036491428497133
3.8351482370090699
1.4516374182427545
0.2711033630184874
4.7502484015427919
3.7982994631484148
1.7736658823198610
0.8809076016774774
5.6546117933290221
2.2167063553316622
2.3620676423094458
4.7790844569825337
5.6874196150285821
2.0251938313726283
5.2213473958749930
3.2691382294476230
2.0028235050474756
3.7279348457972383
2.5007161817429910
1.1933655954656663
2.0019339442665189
4.3944594452851335
3.0164686403229508
4.0800309240786055
5.0319280205250259
2.8109672770270167
2.1040077632900527
0.2970313615336270
0.1124447935815288
0.0208885052356923
2.1116131722062308
1.7479131329098270
4.7458519402435968
0.6026091773740716
5.6845667992748830
0.1947207346915968
2.7935788665949892
1.7168747010537924
1.2041287376727468
5.5208354342099204
2.4125448996232950
1.3855584016821110
2.7557717018269150
3.8482303225865606
0.0991373951682299
0.4290624456056015
4.5468265418737355
2.5742795442511155
4.8555014347649799
5.8875870730932824
1.7458638577967127
1.8263952591475558
3.8837305290410535
5.2769202918170324
5.8889574706321079
0.8034469317638556
1.4283383241162528
3.3649761089617196
6.2434482905710373
5.7836343758323094
0.3056176074579183
4.9785330358183195
3.7387068366826752
1.4769371663518440
1.6808393735186014
2.7154797961086659
4.0389832894361035
3.2522386534699672
0.3373349126140784
5.5541596699067366
2.7092850016894787
0.9213522828358439
1.6886365382075075
4.5566062754686874
2.1048495492291370
5.3264543732940366
4.7615549610718091
4.8584438991516814
2.9888999773640501
4.0684274464696815
1.9345592041852657
0.2324040495729656
6.2189984777298797
1.5258067250105101
5.6577498532359325
1.1000498811453865
5.5552316281864371
1.8051648608304391
3.1250995238741659
5.5761657900916539
2.4703228589969832
6.2251073122686318
4.3798727360033034
3.9610933262756269
1.5473744754386645
5.8587582192739927
5.3775250334649130
0.2870343202558684
2.0241547764323058
3.3282538639146559
1.9627946004072381
2.9512576136375186
4.5129574122866236
3.5980887132726616
5.1266384292570910
3.2657634254967616
1.2082353282760177
3.1011424997914165
0.9834427994473783
3.1024642616704714
1.4237191831591540
3.0294551183495169
4.3875665568763784
1.5138648305904590
4.2382286824384154
0.1770682802763158
0.1659355874076794
5.6912572482622474
3.0127798115312534
3.2906975063774504
1.2360212207122527
3.0260231763696503
2.6720913039299949
2.7215832876360504
6.0664090569662372
3.0105415509683415
4.9187926003630338
1.4814325713292631
6.0845692921128398
2.0696030764591078
5.9239199589708811
3.1109024180032812
6.1819647002693809
4.4482737425454797
1.0144541474811390
3.5211614187443527
5.1445820810331027
1.4043147399662312
0.3044168310200616
2.5315670951145219
3.0063928123264834
4.6559243607308289
6.2353851402882343
3.1223227037592296
2.8019828617021258
1.4010053441105388
5.8235869492343868
2.3102156753580836
4.3543685202269602
0.8242415065845661
3.8465033886949569
1.4537283949815054
3.0687151779333126
0.8961960131273112
1.2274840124427200
3.3845721685437042
2.9202476555617731
2.7492963823549244
5.3940212712719502
0.4133236288101945
3.5595479192865240
0.3421000474644157
3.4612685354802428
4.9843874431767015
4.0389963969529541
1.9926235862683963
2.9135517800681843
2.8414124346580651
0.0718759274202587
5.6931530878332941
1.7101830286186055
0.3799470589637473
1.4767994456571349
4.2397811238979806
1.0328707521973470
1.8831871549654322
1.3991954347461606
2.2849587891192038
3.2934675186898792
1.4818490352212366
4.2500502684830641
5.4287413167822782
4.9874215292151280
4.8841362221785420
4.7212693189904043
1.4356914539706700
3.5498812735622707
5.6749234624539735
1.6631311531658652
0.3420785780397249
1.8341617133636843
5.9508849578079568
1.1993887393427611
3.0512007872690239
6.1381775562670819
1.8878210865752727
4.0472559419010858
6.1155199851663058
1.8033981772205327
3.3823376050209557
2.7624996935255357
3.4941375056379496
3.6350830361731035
5.6728206237801517
5.9601838783851653
1.2090860250970163
4.8675651054478966
1.4627066930315924
0.6781030386191215
6.0682735996442041
4.7221444552306719
2.0573887282864542
5.3412289542644817
5.2915268196073368
2.8489400430685228
1.7897682687599101
0.3437696627271117
0.5914228696135745
4.8001054956870082
1.9743619203116565
0.0484147826746562
1.0220410379998646
6.1876294430666432
5.9885102695444363
2.1465550842439507
3.4649555749031853
2.8026361167298841
3.8693726965077802
4.4652871245435861
6.0047904104999059
3.5382636795341775
3.2919922327691191
2.9246872667699715
4.7158229671243710
1.6741718567912960
3.9461864473805188
4.1104834070278438
4.9363321514008591
3.7573584464819603
0.4374427661577690
1.0443480707069888
2.5157768865830201
5.7573968399160256
6.0788006826719414
4.4428543746948996
3.9329289546595567
1.1930986720005439
0.6931806096267643
2.7278878252890832
5.8815015505550363
2.3087882105929349
6.0267211503901521
6.1867529259016232
6.2539523865948423
4.1916081283720761
0.7151318307347089
3.3394243173571052
5.3339660082499840
3.4773595936988411
5.8202871563372511
0.7406420944004429
0.6099628498206001
4.8726095518670300
2.5631847835217454
1.4775637048615406
2.1116573466486890
2.7300623034524896
4.1625630781001073
4.5390727417730776
5.5045156220048348
5.8262251668321774
4.3858494729656217
3.4911437647509560
4.6289363101935894
2.6358500830562703
3.5050509060762929
1.7426083740700369
4.7295484020929983
0.6735899634017961
2.6142557258988939
4.9651703665176594
1.8793767770662435
4.5097150149849510
5.8468773389281194
5.3325846934657442
0.8627842986542980
2.7871832367568388
5.3354443343359312
0.9932257306683528
5.0961654016090314
0.0219508150467106
0.2025619808293172
6.1507666268194985
3.4115082069205593
0.0782752774439636
0.3510976521410465
3.2061457700772995
5.6069875568656053
5.5511703295909509
1.4927163755820336
0.4882480745248808
2.4289968100405122
1.3844706061128966
4.6581343164476969
3.8278339803974286
2.8845992369996454
4.5739792648542617
5.4647197196545365
2.7340798233657968
3.5786742951287414
3.5047179622154472
4.6269127962053993
3.4763502221078144
1.1002419240585839
6.2195014553082828
5.5270393267323454
5.8854664850851801
0.9838963671604239
4.6532086390180769
2.8409527278222546
0.8523090357473985
2.4983227033596571
5.0109385706316756
4.7511591561509423
5.2329079622500529
2.7187313002291433
6.1333180433210703
0.5985033257183981
5.3418529321394859
0.0882488538182036
2.7339846357985333
4.5429631046485586
4.5919303581520490
1.4136685051956943
0.7474107253519264
2.5965930478525774
0.9735031775933712
0.4277320112551148
6.2626152027834667
1.1840759442289073
0.2656433723866120
1.4486598399040518
0.4437643811251248
4.3581900204782986
4.8175944365426142
2.4737344283557867
4.1964555603866707
3.7040624480537083
2.5875368962729488
2.7736749153658762
1.4848316717252317
4.6212717964504240
1.5611937804687679
1.3874059577292395
1.7826375475714562
5.2793856908487058
1.6011403448810824
3.5674012870241691
4.0520725707619700
3.5101479597236884
1.4602907673793073
5.3528043574178330
0.1768503879938569
2.3350771367815524
0.4676992203357009
0.7776899402273550
1.1960931545648905
5.0878680370121971
5.7772248701216293
3.2502769104501628
4.9825827455675347
5.9325009475909223
4.9904115516906939
3.0268903416244726
2.1311755832312858
1.9734915624794829
2.0355104296917688
3.7554467685068453
1.8451123237628821
6.2065666641844501
4.4972480076351049
5.2502433170717264
5.4074650109355815
0.7493681345800670
1.4039951221654450
4.4119406552238809
3.5930171870835812
3.4392685756652122
1.3599930618676939
0.2690795608911881
0.1393028222400687
1.5621735885744630
5.6924341456614993
3.5879425381812968
0.6327523448865932
4.8941924566380264
5.4457339286122837
3.4786137662698859
4.9588334420346323
5.0462301101142497
0.5867169948164951
4.5775703519542521
0.4318961530089401
3.8165892441494957
2.6504513040501330
2.5884931182990587
6.1721092829711885
6.0698666835058752
3.5026895484267797
6.2645667826949429
1.2098691591202282
0.1221429088109321
1.6634370058994914
2.9373944675027128
2.4421063300498727
0.4454852833079201
6.1754725358782894
0.4973404092849081
0.8346966176908869
0.3573934914987081
2.6809454164019537
5.1603312943231714
5.2820468900547883
2.0575398527322597
0.7661789816773092
3.4453975110076906
3.1914226999173803
4.7455907411738529
1.7887960559400451
4.6409538673582391
3.2689494673738801
0.2987874568235604
2.3646499536808880
1.3991628186590332
2.0466586782424683
5.6946389144915734
1.2329995074725970
2.8419882610248770
3.2895689263542018
4.3270698395493481
3.9868640291184314
3.0238474630230865
2.6492726833332894
0.3023799372357437
0.5529018512450108
0.1525722073152706
0.3984109028764834
5.2268532218334558
3.2310715471241878
0.7873367115782786
2.2455671509366155
2.4401606410405412
2.5533169737302739
1.8360543439776869
4.0714426247281672
0.7281344633862286
3.4807712333668492
2.6026488195416708
1.0022606296454881
4.1147414536502396
6.2548829146070597
6.0789464104199533
2.4041153893696672
4.8896192084779360
5.5853469101771029
1.0992705453049993
0.1443347676332823
0.8650221088820440
1.9028588049854334
6.1660085377948768
1.9448786963740265
2.1566385606808209
5.8045836727143927
3.4367438330609885
0.2837638419188439
0.5352917057580304
2.3562014997542757
1.4850067486886489
5.7867277509210249
2.7927595267438310
0.6748733864770349
0.7642281190900941
3.7838607192750202
4.6757342298025364
6.2044586081089932
0.4756043997984059
4.0742532787104890
4.7072820364887473
4.8828559197258494
0.3087599292685486
6.1171311221503188
1.1928736008401071
6.1936284099262382
1.9385208718206925
6.1113521092725955
1.2581076086286662
6.2663026484716733
2.5872308773864852
3.4500546740325269
4.0792379360608644
2.8179384051870708
1.4905953308667885
5.0101791391907460
2.8449593063599909
1.0479482492589660
3.8347120825100904
4.2367443010447676
3.1813965371423576
5.1601828810871933
2.9402503967210656
1.6968073431173059
5.0259194766112456
4.5001557266595755
2.7415065457731935
3.1570236300655830
3.9785879087312024
2.9070661416875234
1.9583463491422215
0.1579632980364935
1.2441678871601427
3.0896333341996982
1.5536593623591923
1.6642530492646741
0.2981962576373207
3.2991677846683509
4.5315606357830616
3.0405034227507266
3.4436118969383007
0.7409866890098675
2.8503238061531166
0.1035905480322705
2.9206673033041763
1.2961325967539372
4.5071349696949961
2.1602920700482047
3.9482791197265428
2.6037778449318574
2.2909207964530975
6.2292569682954975
3.5880927448794382
3.5832570850127468
4.8646341313949755
4.6556495940398186
3.1029018015380636
6.2503164585987596
0.8989242085517888
5.6367921811252719
2.0253224799060807
2.4865936755187761
2.4348641220632996
5.5122330967627402
4.7455720306686642
0.0401691203429705
6.0553201005837103
4.9569875750214996
0.1727114173431331
3.5424176788283748
1.1016360925028938
4.9509252125724412
5.3655791352138804
3.1194382212715892
1.3323852411790991
5.4818908647206159
5.7046820010014150
1.8656471263593071
1.3613230573572754
1.7041674811947192
4.2443081245944789
0.1413255567798337
2.5637319086436356
0.3664907337811404
5.0209481966887459
1.0543589657143735
3.0411474460702737
6.1853702596427542
3.7708760844795730
1.5434228900021674
4.3492803954408723
2.2170070577407390
3.1458410858259458
5.6125030614083586
5.3342784177828486
6.0140708683566384
6.1611072689576831
1.6385887961738603
4.4819808958040852
4.3096882516732444
4.8336797430792231
5.8498592312398241
6.2618451910867261
4.1693469709403148
3.2449040675881218
4.5136105898312922
4.5175365193310721
3.8302547612678048
4.3263312797165376
1.7375219634065846
2.0901901800566098
2.6285007092294874
3.8836033642519578
2.2111973835831908
1.6960717305524509
4.4091238222250801
3.8255781529161133
2.1718636702116263
5.0103476432223726
5.2289123809513631
6.2667297440681926
3.1417854701581254
4.6540484269229188
0.0748481693474025
5.2180933661651077
2.5272593409937292
1.0097559014119002
2.9166818684950351
5.7183861558274103
1.5145015285076437
2.2980238365567858
6.1471323648505560
0.4108826213569366
4.9303340137794036
3.6755768192361908
1.3517479076039696
3.7791455404005330
3.5388262438416844
3.0020632718670006
0.8024452457895144
1.2951476048308923
0.6378199212291888
3.9442250652504258
3.3102351936003296
2.4823905820720302
2.5974202120762415
5.3042847809912814
5.2446024258645485
4.3781107140111146
0.1762145872955051
4.4140017767215953
0.9577757081669467
5.1928714278642056
3.7280832066914296
6.0839572485564339
3.6421226995975902
2.2432486114856705
3.9725249729901644
6.2290344840273324
1.3836715174454550
2.7366982263870514
5.8336179955616059
4.1097422642037520
2.9446923477311255
4.6124873458861595
3.4498651666871676
0.8480440012717877
2.2081469584101168
3.3295302970274352
4.3626965265027096
3.6144222940483113
1.3491599276280277
0.8151199947731860
0.7598957963780750
4.9126796935091530
3.5922177182520185
0.2943613636275229
1.3407634550001017
1.5789368664458272
0.9423536463619197
1.1423999638078073
1.0408554763233842
0.9951769064589335
0.8511074896142149
5.2936903180593138
0.5134282504286471
5.4994703997757499
2.1355002311694826
0.1181670414426777
3.0909921283502317
3.0344449317709490
2.8199977538241132
0.4742479030102577
3.9660969992810218
5.9682817495940350
3.6508698100828556
1.6200572217648095
1.1274792277285817
0.9399722921500876
4.9196005327652896
4.4918928833256722
0.9510231619269537
1.4234576678967428
4.5226799778127482
5.6050921906802618
6.0132762534991260
2.4052316698847083
4.3758945428316176
1.5192540308750162
1.8530920226109446
1.1889327470149564
4.1622494220207118
2.7128453224639082
2.9860638339457135
6.0751211624278216
4.1776989527888304
0.2703032848485221
2.8282941201143141
2.1635216223776017
1.9781971602902513
4.7987268978859001
2.2383334102068049
3.9196398637417045
0.7202820002437554
6.0124557389027933
0.0611670146078252
2.1041976924069461
2.4423814122419438
1.9250325387170537
2.7459769213840266
1.5976356328301371
2.1489019045327433
5.7374696151830280
0.5337695037553593
1.7825973995975681
2.5453390057243177
4.7478719920762655
3.2607447164105756
2.1082264845125329
0.8119398128998067
2.9023501549253385
1.0850141189080420
1.1096793620323226
5.7408656147623205
0.0355389315937727
6.2776602585055867
0.2401817142807318
5.3181208997053613
1.1533738712620560
6.2320423129855644
0.5085585744734413
2.4488495119547293
5.7860113818638563
5.9983573672579968
5.6559000862694520
3.3810875825838669
3.2131959105290244
6.1519912788440205
4.7220585100985550
1.3448000154057478
2.4017524316098129
2.8123262877251491
4.6090169559964860
3.3641944344773700
5.9543038658066472
1.3321040791565693
2.8503353948071579
1.1175073482430353
1.8308123647996690
5.5314930805319795
3.6363535835896714
4.1725341777837075
4.5963257814386882
1.2298592097578673
4.9485038149593583
0.6498749978356908
3.0161360290363670
2.0362332725711352
2.7794346440411979
3.1471934818371210
2.4952281638755753
3.3076047781725451
0.4744246033621172
4.8339919473479291
1.7356819209360448
0.3558372387389440
1.4531727067877962
4.4434810380235827
1.8650461143787942
1.0684090903940195
2.5836471460470305
2.2228141166762483
5.1023762027000350
0.1233003680495757
3.4410387376109526
5.5043905132097137
3.1697213689868859
0.8969293746315374
5.6310975060082669
1.3127223762869882
6.0862395657575830
5.1375902964778577
4.8053445597398259
3.9443737997130222
1.2702527133578008
0.5568769944887108
2.7127614895922449
1.0684367708325628
5.5678893442111512
1.3299992095955147
4.3447931400777460
5.1525159938571754
2.6137502170523308
5.1651799809632619
5.0126952302542529
3.1222855952963617
3.1834849717064029
2.7457489050739632
3.5110795347571839
3.6412135447443608
4.7356935271275358
5.2532072031111312
5.3023147529312382
1.9564260259505784
3.2927614171010631
4.4282269375304226
0.3232999186964680
4.1622504045640145
0.2824344620973159
4.7143378905175481
1.6221352107494844
5.6090397809558787
2.7156903704957571
2.7092330909378775
1.1333187010815393
0.6527489754482813
0.4436682764948990
2.1039613115611067
1.2957037050243243
1.1081002876064476
3.8764546216487625
2.2664083276867872
5.3078294064582554
1.1997049186226463
0.5618571126627485
3.2069683881656399
2.8640553304487653
1.7430554189483207
3.9021124452397760
1.8985937962755248
6.0581002490644442
3.4622421097976783
5.7336067314203261
5.0326937523668915
2.4842499202364370
4.8790076312419464
4.7261328008512997
2.3591300691478936
1.7588805330757828
5.4879194363332049
3.6760468172744343
3.5699890184379917
1.4965285477079133
1.5098235467140952
5.8576539736504536
2.3119669107476848
3.0491216971254769
3.6388777755888739
1.1884331381613698
4.0428641819663671
4.1018120608747743
4.4958492586089971
2.6512071205877303
0.2981671970743155
0.2085908789191799
5.0732281388829525
1.0717007712784279
2.9038841876005748
1.9903049459986271
3.9401630722946357
4.4049901586363047
4.9524418656267715
5.6477171329316080
4.8029993814247716
4.3913109832133754
0.7815473665522230
1.0511566348032757
5.0828590229346933
2.6255598531427737
5.5194086840604593
0.0900947088070396
0.4919208733897524
4.5311364031401560
0.9448399339712339
2.0997308040928058
5.8498950856400018
2.1044247941776013
0.6414455382515117
2.8708391342611059
1.4217200139199788
3.5487996272255340
4.1783368087229693
2.9552784404494012
4.9151372710226626
4.9674564836895181
0.5053677289406672
1.8682998323252622
5.4402509560710612
1.8181454122363019
0.8390525853798734
4.8443573621766545
5.2563965404752633
4.5337951735542390
4.8123961978866641
0.0948305457117753
5.1556781328782977
1.9789867256828892
2.9453854628702412
0.6287503779224715
2.7161294394913909
0.8915549495084434
4.3911300309181041
4.2142892167014496
1.6260779431391230
1.9783689250519472
3.3180597415420494
3.9499619620379383
3.1155810144015006
0.2314919128992235
1.9701228987498474
6.2371221930679726
4.2079663165638452
4.8904281964104790
0.5385010648418009
0.9599026104244807
5.7908361114740998
4.1262701426546347
5.5245496705521910
5.3820761184386221
4.7345010492404391
0.1493694280481457
1.9291646277407737
2.8787016811255444
1.6480116456052449
2.5726311485281474
0.0707987745431651
4.0914642167602269
0.7997342763226989
5.7892630355036889
4.3233466986047286
1.5052886738496085
4.9153148536033306
1.3109622642200538
1.9397041036962250
2.0134499205879646
0.7160951962577993
0.1334639567195112
5.7134465060639021
6.1309517582690853
3.6523771105169036
5.2005122329092233
5.6499407004496982
4.5298432498607628
2.3386101049219064
0.6849131567723336
2.3835045839940432
2.6508376876376643
0.6422173279970946
0.2468076277167680
2.5475624405293229
5.1763969800834939
2.2267345722293834
2.6617277678417337
4.0383879236497764
2.9034299161517927
5.4718871659085542
0.9172038954679645
2.1413813343577477
4.7589414107559671
4.7443744155279912
3.0235223044292954
2.6096893827632472
0.5152253318967646
0.5089925098395447
4.1099139220221241
4.7259269273513906
4.8847521479956040
4.5073615970075469
5.5175872622908715
3.5890637265869167
0.6174011207605343
2.1605783852296181
4.1145106253020840
2.0769085944546850
2.5667576882853660
3.0713053760114235
5.1022630259726487
2.7489975530241950
2.6765449312750791
5.5079966273848351
6.1649490990262095
2.6219982254076135
5.1964490019259353
0.0509470329743910
1.7862382045697427
0.6002467874265599
0.1455138476951295
2.4218717747158602
3.6782128289396154
3.4772081221311644
0.3899380924057804
4.0230066183674502
0.4935949469049870
1.4790095999609232
1.9406689716938867
2.9386788439129536
3.2590360662558360
2.3442529059804293
0.0326060122151701
3.7101170734354860
3.0020563442441532
0.5911717854229422
0.9694379849743058
0.0859622982658185
3.0683941728600912
2.7444574280304490
4.6714662612822400
1.5954071943678967
2.7060201598780171
4.5928854307309237
3.1076252230794945
4.6151839098253751
6.1235810389994203
0.9764018574626701
3.3555605462943063
1.1852859033724064
5.8940177356688377
5.5283723296642062
1.4564951439117662
6.1445850102842909
5.1060266168693005
6.0741673500246591
0.9179366066692632
0.0054798251831883
1.7531793131111300
3.8572335280988792
4.5166946889350088
3.3649618356971991
3.0477028720478567
0.4686993796673526
2.8615208955151510
5.0652238716240490
2.7818402517992893
5.6238969303041664
2.8280099536621477
0.4316553133484790
4.0016078553931314
4.3976207118720438
3.1937143112247881
4.8169180623094343
5.9425593449004150
2.7226199537350504
0.2497447382682735
1.3381645941029203
1.8633041515689241
5.2512540566965455
4.8558412559311357
3.6406669653319161
5.8460464931814498
3.1666173089154195
5.6194118710226180
0.3312382742749851
1.8734750379352509
0.8142477461015258
3.1581992754532258
3.5139112241747110
4.1055716402486757
5.0485173195085853
4.3272233738151407
3.3617483250978477
4.6662578761840070
3.6270499341152607
5.8145581283264249
2.6925047807516438
3.0445979357742448
0.9711840266333340
1.9451922596687092
4.6048919341561341
6.0418223346035385
1.7356007579130226
0.7015403483661096
0.0203127846966578
4.3930348462925357
3.7930192212603160
5.1477929900223547
6.1706009501248085
5.6563433591381589
0.6473395691910890
1.8246548470859352
2.5880541826404002
0.6490969657371997
5.3862587621893727
1.3132898345009374
0.3770148001750647
3.5335333161097893
0.0843799146709400
1.6999979563533978
0.9732394061449718
5.5013411637610075
0.2902560099526411
4.3293283715108180
5.0740709344422825
5.9091914206331042
2.2782500927729061
1.1197684514829895
2.5233793905613142
0.9258661480044577
2.7901047536136754
1.4369299584137729
1.9233121999757115
0.2456433123588293
0.4011680102822175
3.2571968098824780
2.0741438902842750
5.2859337184332080
2.8184219748777481
3.5199072401101419
3.0390460540115312
5.5332329873428128
5.1854623213704656
4.1905843888799108
4.4526513259933527
0.3342572357824259
5.5392922637488464
3.6090995764053408
0.9450666981842584
5.4648669816363800
2.8575612383749145
0.9916041130739495
4.8112148903354743
5.5282444554534980
5.6428170189934859
1.9637830276460617
5.7783655672533216
1.7470131944999727
3.2073532686497908
3.5075178233706850
2.9557285984906372
1.2711845958135148
2.9384499660382013
0.3555532262500963
3.4531611411445531
3.3220871302365764
2.0851870101879757
3.0627785542000803
1.4014414797674484
4.4305518965447854
5.7609529936906565
5.1329077705365131
4.8516832646122303
3.7932501863794794
5.1132584289699219
0.9874899393048296
3.7914627038215722
0.5954370914311016
0.6097800294460862
1.3283940852793481
1.5756398087264247
1.1167745302616925
2.5158687275167164
0.8479770310786263
0.7760073607617560
4.9833291194838303
4.5956213298183277
1.6173143717286105
6.2512378035476628
5.6804458665771529
1.6148450116643065
2.8080119730169875
2.7276152462180709
2.2150573772720583
0.1907201405083532
2.2373758145331291
5.1284064737063710
3.6963116117966570
1.0568477112685968
3.7841263393041076
5.3064782071902146
0.6988408560109718
4.4415530467965647
0.4802833930441634
0.0604196766211796
1.0161780093156658
5.6065073003961512
3.1473114912965747
0.8796091569611133
1.2159537194871184
1.4679906664549649
0.8486339951271118
1.5063174448936756
3.2430634842577875
2.1624271068706848
4.2465551184622674
4.1588985548132378
5.1609669437538592
4.9236098459410451
5.6809176473516523
2.0722761190263865
2.8973755263023655
2.8360265862047123
0.1771269324234994
4.0359112160635586
2.9550044535397566
0.3240078741862181
3.5188447817592108
4.2166381518996880
5.4932356512089271
0.9784787898281163
0.9264538682117487
6.0064628748443276
4.2627157779183813
5.6241288139249619
3.9899702092256648
2.1019048116990415
1.8225348902704026
0.5182719331911558
4.7698504755421904
6.0444950232650534
3.2807193237511747
1.8513176228962127
1.8801002966594063
4.7429895070595087
0.5570498793444214
2.3013937519809136
3.4825169710384851
2.1941996815950899
0.4435580010995122
5.4937943186231672
4.8637220228829161
1.1085502441072512
2.2415155439277297
2.3168748382650435
2.5684699026704223
1.0879066397406716
2.4187464425655185
1.3058505093474271
4.7101130639161157
5.5157063874995318
5.5574955281492775
5.8189673102808657
4.6016344929186461
2.8978519612571341
5.7340221473383108
3.6348452458663014
5.4398629055500614
0.3351490843159223
0.9199168114373607
5.7434142283807663
6.0788309369050966
2.8718780194865037
5.5786428473148364
1.9577194007819878
4.6815837682481991
5.9097386203272730
1.6790342077420486
5.9401410401210537
4.4725476991861246
3.3161946298956200
4.0339096436545594
4.2397150626806859
0.9525381037870623
1.0545595493416937
5.3204763250626854
5.9935160279996254
