4.4494838776916303
5.8789599287464522
4.1228162111894910
4.1484761853336876
5.7497073941311880
2.0505013161325403
0.4019362522401604
3.5429418571058027
1.8667872132229277
3.9323693954447148
0.9964911908112037
3.9132241957851894
3.1799346544940685
5.8435477015264521
0.4856952147753614
3.6486502473495270
4.7574071431976090
1.9150198412037538
3.9243060685242299
6.0451003894451096
5.2265276679229320
2.2266371000615215
3.4163406713838755
1.9760858708895321
2.5286111041594901
5.6911936323063452
3.1693622738518434
1.6210027809744405
1.9113589707566268
4.8446621355396484
0.4894030667708067
4.5741326641802713
5.4187439399010984
5.6545563612400347
4.2479522877460054
6.1646779596455685
3.7703398956343968
0.4032165346969661
5.7634028269019231
3.3505157778309491
1.0778576823785520
3.0162947227573631
3.2899281982653079
2.5272378917793707
4.8069317339925206
1.5486047184594895
3.4213616730589322
1.5449551179619248
6.2567286837415725
4.2887281807866353
2.5155549899123066
3.0874134908322493
4.0578402482530471
2.5345439327926633
2.6117110565291082
5.1324168276702755
1.8897345281180369
5.3570828077997810
6.2719998818722189
5.2418464958295603
0.1694348712803416
1.7962574990594675
3.6580335109112370
5.0313600656165978
2.0774827328248575
2.7118494657239669
3.2809485553148532
0.9503134396572241
5.7563973993971960
0.2663292096358695
4.9167910568679041
5.5271929392260448
6.0859147372043987
2.9445116675658221
5.6880264451272273
3.8819962861576847
4.8722870894626169
0.9664674290387896
2.4699458983136715
5.3726849097098226
2.5526040586650742
0.1045002032569033
6.1078923565413445
2.2113854499829846
4.3681272595291842
4.8838516691990348
3.6233792979410748
2.9429761979655509
5.7120255957428352
5.3208345509022825
1.8550287010749464
4.4875574179722868
1.2311470091375571
0.6277742168773323
4.1981590083825280
4.1591319129373652
3.5529359166010250
2.9465482865542061
1.5978681367607337
5.7957473377892139
2.9743291345653442
1.4950013527738792
0.5192495455875058
2.8756530252435724
4.5043825550683092
0.0147445603718129
5.4704237687065236
1.7163458089804595
3.3174775189712258
5.4986129692978425
5.0734186462204578
1.1748979683798186
5.4460174862954904
1.7719503254609936
4.6857661443740346
4.0449841053106432
5.4971548924871962
1.7952665308735043
3.6343770017323411
2.0442929673368413
0.7036483804054698
1.3922291389539725
5.7100985398231856
0.9856016964448656
3.7264609118181671
5.6378236892342830
1.5233897780025507
4.4704667020042965
0.9661453931064548
4.6980447292089575
1.0261417427628283
4.8477359474718051
0.5783605642035982
3.0310071261531122
0.0899275368139062
3.2394757307755175
5.7075280128846426
3.8278931002100820
6.1728808924203697
0.5125431354654733
0.3771821551027133
2.5673880170045318
0.6811356762526585
5.5481200915577471
2.6910580287352097
5.3854555194732017
2.2397968847176393
4.4493159307292443
4.0569036314819291
4.4750813186100533
1.3622826390622296
4.6043948529876513
4.5333726039579458
5.8303025389901046
3.4746426612581609
2.4156999402856276
5.4637949257952236
1.9542571202213379
4.4142225029148454
5.1103465917713775
0.6180344039922875
4.0358850072244881
3.6955678033798613
0.5477420775925614
0.2219602797814633
4.5954321086666701
5.5403372928121790
3.9870396188610320
6.1232883311246873
4.6628958636605198
3.2648908371025613
4.6858468532545192
3.4868469863528992
1.6537962417561400
0.1466493117462877
2.7426603805590108
0.1106465686484259
1.6723264991874016
2.9856506953793143
6.0856073690758148
1.4588864013481246
5.7232654561378800
3.6402014483464051
1.4232448791682955
1.8033046422142742
0.7596327616737596
6.2210784206170935
5.5126675693322014
3.5386851119814073
3.8326813833452920
4.7782886181667177
2.3857197558169831
0.8765501645489144
5.0361765456170193
3.4864898431724880
3.1088674990528382
5.1716027333900003
2.3588195327053576
5.2253177297744333
4.4685788499930155
4.4376481647108221
5.6229075844052954
2.8498946673962360
0.1389844864792485
1.8826965811206418
3.9086019333465911
0.2032199156020884
4.1024695660441584
5.6104410615970792
5.6999539137128261
2.1276767022184999
4.7281271719639753
4.3535385872044925
3.7711695483812666
1.6534430849708366
0.1475163734903429
1.2707305998242957
4.1135900601416457
2.5918669123057159
4.6610359625519493
0.8329639241355594
5.0878139807121183
1.7283574933523049
1.0894528501896541
3.3011521140596174
1.4673632509694818
3.8565118310107236
2.6862983270569445
5.3922486375372802
3.9650088525131144
5.3308530094484636
2.4390000735117101
0.4197910684744721
3.8128707080309630
2.9736402404019202
0.8468456741516344
4.3521623751946645
5.0610913087509717
4.2117474467385092
2.8569994660499276
1.5589111576536996
5.8770035230298019
3.0739739741901557
1.7350299781462371
1.5128320497754171
4.8158053292718135
2.2429546531639848
4.4142939272867716
4.6863519275945800
4.7600159071472516
3.0699931243520484
3.7531102173755149
4.7979208227277921
2.5847042529134181
3.4459162820738380
3.0595949562686773
1.2042603654671347
3.0008768987647279
2.9759428184146390
3.4777071664796280
1.6364866570680363
1.7391199346089610
0.9092509158080748
2.1906255750356682
3.3780625258591690
1.5774358502831320
0.2251456804864369
0.1409212577389292
1.0250472292210100
0.2101955601789275
4.1111896151997351
2.2203019982222814
0.0355357784862187
2.9780163172488638
1.6485181171777195
6.2156282015544457
0.7533045577947910
1.1564707679152666
1.7760011387245169
4.5054760895049339
1.0028641757613856
0.5673189631153038
4.4136425879454322
2.4047134574591644
3.1718455567384858
0.3684832052838440
5.2633986248827123
4.9152046368317039
4.6110662008937240
1.9377521555066801
1.2194525549323314
5.9136957755240154
0.4665622618937099
3.9381440172809654
5.7117218216574495
0.4879735147110174
0.0879560160483463
3.5917483456140658
4.7535746779382402
5.9758893374871116
5.9227313495686102
0.9409713411239350
1.5439975150730405
3.8345282155090006
0.5009042105045840
3.4643328107449523
2.8322108221028670
5.0979632727077320
0.2579106794219028
4.5805645000614961
4.0208656148406492
4.2454280420283892
1.9345508809313361
1.8676524363682829
2.1306228402723160
4.8996118163481643
4.1295900316158880
1.5198339779819996
0.6868442672606945
3.0044536154639583
3.7098272092503799
4.9499563122936072
4.1554308809092317
4.9113079351092042
2.8370477760269837
2.4749776723021180
6.2660694686669425
3.8828941393825813
5.7193742278634749
5.7465836132350212
2.0999239207754745
5.0268946128180749
0.4343396943619757
5.2498847861398463
4.4758331862889236
2.3939146328945178
3.7984822309853441
4.0574634638661253
3.5336435655665097
0.4263461546858037
5.0958927454595617
4.3324692826763824
0.7052426069604660
0.2784452340589917
0.6996071042342827
4.5703864934436753
3.0676767885490959
1.1601778102859128
6.0043554311319554
0.8445188566670387
4.2331064430417547
2.7890414640090180
0.2726454257971004
3.7806774324433183
5.4998271891607216
3.6538939278863549
4.7134645675295843
5.4808820641215670
1.9313790120692960
2.1576127099647908
0.5535718863769284
2.4579490839438853
5.6085619432462330
3.4161135446292676
4.7445772735580718
1.8073631454618260
5.5632867021668773
5.8274926728864971
2.4059153356531731
3.7260472687318944
0.5385925023110896
5.3936822478177158
0.5636618598339044
1.8138184314203321
0.2915089756330409
2.5854810784128919
2.7050843628569874
4.0509321410207493
3.2729612941316617
5.6065337846210808
3.9444871726921527
1.5278097740555490
2.3444941962287018
2.3422752767675417
4.8039100196757758
4.4555575874763678
2.3281373559327685
6.0052769441659537
5.1555880529243741
5.2630626424326419
4.6346438063053546
2.9356921015355901
2.0739739871419340
3.7093345642722246
0.5612819208812146
2.0295913739908196
2.9505422332292590
0.6275124447988756
4.9281424232210513
0.1158083855741303
1.2045020524046810
4.6121396152272913
0.1662731099633463
3.8694288631069162
5.9334323196972072
6.0656430375386154
6.1564299334723422
5.9768206070946661
0.5544157363526904
4.3071691991523497
4.5827274611200934
5.7618704430220680
1.0366418233670671
0.0156450495952741
5.0887326610512531
5.2975642730492343
0.7752695577175588
1.2514918729607316
4.2875896093192507
0.7226278369581941
6.0698502247196098
3.5806708869065389
1.0709453672030043
3.3309753043039749
0.6815427322546501
0.7614891989806504
6.2430673028037713
5.1907405821266135
4.3337303554150495
4.9509737779981133
2.9941675445540250
6.0641274131254548
4.5290899956057826
5.6109425727729265
3.1943782778691059
2.8766236527303328
1.9647748765864317
3.6364798452780880
5.6299901009567224
4.8164093137150443
3.7650110682974720
6.0971200472945331
0.4491564168825921
4.7963650230512380
3.0273765013780092
3.2414637632547634
3.3685239209974118
3.9123551783955088
2.2347690142358494
2.0985300865822722
0.4998571375748278
3.5022205560191915
6.2615612695452914
0.1912758486878397
3.0690469568010488
0.7876996337750605
3.2763076115546297
1.5243865278606044
1.6109467379327138
2.7987881692884100
5.5876964610371287
0.3590926546781477
1.5749080178646135
4.1273248677750987
1.0915799572830369
5.3536786243327663
5.0867452793251964
1.7445621143579471
0.2291932558686820
4.6505111303363078
2.9647917677434372
0.9250332807118696
4.1023725397106441
1.5057648532835513
4.5346712603946315
1.3910432076875165
2.0951126980945056
2.4379302318294771
5.6377843954185503
6.1033890414649941
1.1340545109669735
1.9379359779416874
2.7301269170864053
5.3661803626239193
2.8467200607906622
2.6243112542514444
2.7461255896843229
0.2796388399007201
4.5446328524118407
1.6521774581911777
1.9104709578529542
5.7188373133600825
4.0358308777763998
1.7616076132097234
1.0834185567519998
4.3365022283682366
3.8728532655305825
5.6275025616080114
2.6865602879197010
0.6650314297007106
2.8287754291129810
6.1227082284672401
2.7555914053549095
0.9756622438642878
3.5039460032957543
2.8802126864071909
3.4297299560654846
0.0540506070519022
2.2124814293877573
5.1608376827134048
5.8615716654553971
2.4311155917434832
5.0766260171461539
1.4263692184303993
4.7707242867937980
6.0312923265339808
0.5010353109096455
2.0084155845118414
1.8540603156427540
4.8923328723547135
6.0466065918015852
3.2724483978774033
2.0341602396913072
4.4181359729752927
5.3829940834451673
4.8587317551849996
4.7216080616640959
3.6321379221468426
1.6796877791446745
5.4917894146830246
0.7960838209486126
0.0002975882135561
6.2482465870349886
3.0216969052678269
3.3722584424496724
2.1732212956159223
5.0121470971615150
4.8004040873826899
2.3705819476031516
3.5981183019719589
2.3984961221380829
5.4958228787910128
5.0544115767572562
5.8070271344629454
1.9966185047472269
4.8662461470151044
5.1195957166644659
2.1567167531155422
0.6478369299529219
4.8997898693229116
2.6360735555267674
4.8513522298231129
4.0817882481782641
1.3210308711275274
0.5645397058023465
4.2450057988669512
4.6441876873845001
2.0972714267829207
1.3869389501354985
3.7855666508578145
3.6430234224425662
2.7419201453807607
5.2410866699471041
5.0505776475095558
1.0156180477415648
1.1518263501483006
0.1052215389535797
5.1862539446154710
1.3210509807325364
4.9084368782825312
5.2479165944629376
1.2423011121022629
1.0618121080290015
1.0665341449996868
6.0264286366304241
3.0800990261987482
0.4901841346167813
1.5669030498017644
4.6640558159528194
4.1206578669316949
5.8740982923115705
2.0352445544199065
2.3482675203034273
4.4433599501536314
2.9353241112618624
6.0608100799277391
2.1674412492115067
5.7239428472876570
3.4531173489810056
1.9957168676122152
2.5243171488096863
0.0424661315574432
4.6048775356489866
5.8502669586212503
5.5254645138501282
3.5456564594266160
5.7364173403061089
4.0293330115309480
6.0964303463250760
5.8063920098004100
1.9433687686439556
2.9591685390362406
1.1018190640526180
2.8265631877831043
1.1545019306989894
3.9834735461675614
5.9956422554925197
2.1517644430565372
0.3206956445042362
1.4994762073620735
3.8849250622368054
1.8481604052036940
0.1789143730262358
4.5320037165995384
5.8819566494816540
4.9077542909544540
1.8519064551581847
3.0461122906002909
0.8263147731847934
1.8460303121397261
1.5989840865819254
0.3069549608075278
5.2873591342916741
4.8222217470778599
2.8262985400889011
5.4375674614550071
1.6145479554966937
0.5177392456378189
3.7322114637621122
2.6422273731971124
4.6371674417600728
3.4321543150747500
3.5231638134465828
4.1602841548082257
3.7380545452236795
2.4499933607569173
1.7782192305102480
1.5756088872287126
3.6693128985490380
1.2625718010283897
0.4493041162941819
5.4624157786467666
4.2534545336691769
1.5816038327968958
1.2113305730937391
0.6927108864272141
4.5649060089790403
2.5693641221735790
3.1741104307272283
0.4798324549618369
3.3698170710649391
1.0787748480862469
4.4903524936299393
5.5518905807092054
1.9938628465473762
5.5716210137941014
6.0501143152013528
4.8707090186539848
1.6504778547968522
6.1226204927275836
4.8580680095930404
3.4667215089129590
4.5754476523546650
5.3729378111342436
0.9771231661553079
2.0097211252469545
6.1491024146242790
0.8338328847476687
1.8471214014114001
3.2294482022156195
3.7472082294949081
4.6916720881419911
5.7384897178573562
5.3856687877227118
1.3701538435909153
4.5903632056328174
3.7060184166690009
4.6627533235722982
0.8928335291514791
1.2895143668258637
3.1206947969488024
0.2222274099105681
1.6391710651973794
0.1090924208134454
2.8710148178581041
1.1411805175944969
3.2748064530213044
1.3396479423835193
5.8734118940339570
1.3689979515077155
1.2525860992596469
0.2883166604645716
1.2721283338348419
3.5762403543261754
5.2445853643250704
5.5281427689201790
0.9475321046185026
6.1030514082776453
4.6932243777385052
0.9175033655104519
0.3935731254230258
2.4382231746098588
4.7659919516440619
6.1914073031484635
4.8285830361275597
4.2550089506552924
2.5276742802395549
4.8748071232704806
3.7971310352386745
2.2905998659003002
6.0588982304465153
3.6938403495286423
4.3968306985047727
6.1089113388634555
3.8657829429186856
3.3810095765004102
4.5999879931351693
2.1629688300490697
4.7281166888147093
2.6530561896812186
6.0024096402518330
2.5406467354316828
6.2092487544475308
2.3499994771472110
3.7150518871167284
3.7607280886809331
2.8847463652235263
2.9806390731642050
2.5112560442219318
4.0858478443351540
5.8928678512772104
1.3801104406628846
0.3148098269694553
1.3698537878892723
4.5195217877094800
3.3431063067953297
3.4964998232112947
2.4150170633703580
1.4467390184578841
0.1096659939247358
4.9665626777178211
5.9042525851920278
3.5039274890383747
1.7682650820562327
0.3690689561342164
0.4436818132402320
1.8750493365979821
0.8906432383672401
4.5028010651149861
3.0780467460860232
4.5590402775440104
3.9423798445120588
4.0517852924180993
3.9618675440674740
2.0367733050000503
1.2104940700963069
3.9226865149479320
3.4930071329019685
2.7604315391456873
2.0976556009066898
2.2046642301221309
1.1844839606637227
4.3896373647108433
5.5541969908482587
1.7891571627433276
4.3032717271070293
5.5429024265215547
1.4870447545305832
5.6802152076515595
0.3349305280544375
6.2436523029516744
5.7869582235710375
2.2065811067940637
6.2564572853849576
1.1274797882622756
5.4567984627855415
3.9024797100321318
6.2240349883942532
1.7783782726233679
2.2568056283177063
0.5166949206986611
5.3278206547623901
5.0276241734047353
1.9840870564246376
5.4798934891891777
1.5603975513762625
1.4929012927407110
1.2739333000257269
2.0726805314666228
1.8439530228280925
3.4931973232840838
6.0663233229685281
2.9713057306247563
2.6098735992225728
2.7751407752427122
1.6057263773512520
0.6621275657718818
3.1543674552814340
5.0721503722982977
1.8940926377740051
0.6567198192650260
6.2735573323929685
5.4870074156384785
3.8791418917972731
5.3424192074315151
5.2873101972217951
6.0686776155075313
2.7116616178827360
3.4808266740645504
1.6857156115644305
4.6673343995614083
3.8598258379416595
0.9999702048473235
0.6703590807832697
4.1230956627527640
5.5410623978966678
5.3704188730798599
1.3955753879384558
5.3651665897354412
0.2391937900575956
1.7879819726440662
0.5716477810439030
0.9610293173819088
5.8114075644405974
0.0396489326710042
3.6918975626221395
5.5241553571168174
1.4964621430497660
1.9438875286058319
3.0222689758735650
0.7036959892010952
5.2738764513959504
1.1659774908360747
0.4457814899107150
0.9751818179319106
5.4724346681016778
3.8141830232447793
1.2760940854787524
1.0482444124397061
3.4045660822461556
3.5081742354280627
1.1205259705756185
1.7887918891395196
2.4425650357747579
4.8394525112259386
3.4786204106569056
5.0211651379750890
3.5303320090557042
0.6325457907660154
2.3350727637261057
5.9012231991909507
2.5782694739735521
4.8911948321090888
3.2317978727262808
6.1632066376598917
5.6650424634437533
1.7839455964437898
3.1006661325755527
0.4663686174979951
1.9071518467290438
5.3742329403138331
2.3618537757808498
0.1846604326211572
2.6593720786635604
1.8773143834135770
0.9634285180656239
5.8684536724430476
4.5418731268917760
3.7692861773924786
3.8756139477926177
2.4206736595971794
0.7097301509224512
3.4171343832400760
4.6220917383336477
4.9874493462715606
0.8933245781393778
0.8380013702401968
4.7348481769410489
4.0251370211392956
6.1261435515047955
1.9605866155515506
0.0492063400693804
5.2952016938807223
1.1413916681195866
5.1034011534002675
1.0031474801490912
1.8490880359973065
4.3015676533213139
2.6374503491513086
0.5008631010624492
5.7960507355853625
5.6811943922816965
4.2223280033964672
5.1426326419958643
5.9676956094372517
0.7765252540231189
0.0082383855393070
0.3641582879039035
3.4669446360657439
4.1611077913255468
1.7302913217761318
4.0535169105596367
2.8266028765483098
3.2935180763944758
6.1636365288554256
2.0899615725664518
5.1484447549337053
1.0606728656837301
5.7496956088217281
6.1786193638242022
4.2742645492882367
4.5888221518589090
0.2161879973413931
0.1955628416566303
0.1702385450596837
1.4904462103233167
2.7997193497519488
1.5330161124603123
3.6027746901356443
3.1325305315357457
3.8761841404279793
4.5756884945381193
5.9821344224576167
3.7443440896999594
2.6659616934291508
5.7425634691407872
4.8822185930989059
2.2567957415132964
1.7792961321474088
3.3958240710249887
5.0152338949675377
5.0518436630651378
4.7106552896255458
5.8042386919346134
2.4659286803512912
5.7077289703339167
5.3681344626929643
4.8027935923822369
4.6979276337028049
1.2762963561293601
4.5539518480911712
4.3629109396222692
5.9015552043244845
0.4797626558762427
0.4863965626619157
4.1879738912155933
4.2799234199919178
6.1378536745068200
5.0474501267068685
5.3956993967983511
5.5023873790102416
5.2334350347547538
5.3438275928705190
5.8965832031760854
1.0855590243145021
2.3539686992800477
0.5985758469512682
5.2781635166539926
4.3044267245152179
1.6513463819913856
3.5747426527997512
4.6542900481203411
0.2613301291764086
0.3127585741788624
4.2278004899947685
5.9905505320648640
5.3301517495712316
5.6562359710640688
1.8844904544849683
0.3407695839920547
3.9232000064087842
0.6996554880781846
4.2239598274950252
3.5088573979729558
1.5675633421935233
2.5230019243358175
3.9372793106180146
3.8780282066258933
1.2316867083782519
3.4049805737159899
5.6814887859212861
4.4377143738914873
2.9525041390835449
3.1323673350717489
0.1492717370759307
6.2784070653658306
1.0562937300158084
3.0818105264392628
3.7978954909340041
4.2383044262555130
3.4731134564466246
4.5443079250378338
1.4364778898354547
5.9881725135779380
2.1486052602169510
4.6750521474472650
0.8965716585435766
1.7183558598718982
4.6595342374872279
2.4304811886935798
2.6678418222096121
4.1552561482120227
2.0546651553322404
0.2276724807514285
0.5262110671906833
2.8636561185635943
2.4104416024905926
0.0430806094147895
6.0243755687816769
5.0085545674576410
3.2944280025700370
3.4161341453190310
3.4413459843763916
4.7451895598863905
0.7113217880997986
0.6602681753802311
6.1217834027317855
2.8952253851520786
4.6214973588926433
1.6469511135248507
3.9957307492260807
5.3548643320570646
5.1502658558399572
5.2235077810331019
4.0249152514406896
5.5021209739346686
5.0068948997886764
5.8317101423454538
2.9016458799615417
0.5878819491206647
5.3526380869689971
3.6307258758071721
1.4005782433462208
3.9301601610706740
5.9442116380174603
0.0818622692138015
4.4175572887776147
6.2763264712000053
1.4664723154940047
5.3027177426703211
2.5498312249632074
0.7544592283064797
2.0158410994377460
4.1307441741676270
5.2264640611490254
4.0120268556660790
3.6741902959687511
1.6718696809648228
4.4392275967126338
4.2124458540699816
0.2901709297885915
0.7058605018569734
5.0565575528300553
5.8617641309440920
2.2358178720999247
2.7659134182522283
0.1441338345002305
5.1725672011164585
4.3581452504390086
4.4198155574502529
2.1530297135846084
5.5678596439366146
0.5518983382125304
1.2788584694631691
5.7569930994516172
1.0237773567333095
0.3418662117131014
2.3075985273952386
4.4003658971937645
4.9120573237934524
1.1275365447787045
6.1925716893570062
4.8642990866381250
2.7496534980565523
0.3301644734055469
1.7900161967450969
5.9837853656137785
4.7120011801231163
4.7460360598414884
4.4413842823618852
0.2445247241562185
3.4966314799011928
2.3852912206195507
3.7591274173132603
4.2716068694238354
1.2374037249129801
4.7822652960893173
1.5817034112218220
1.0002288874294243
4.8668758491735797
2.3610819812481214
1.9524126970685205
4.2195750190223924
5.9969093954627324
6.2490963108224573
1.2951809845319828
1.1757678930857107
0.5428249243379115
0.5462958734347222
6.1901219559842353
2.8948954572466477
6.1911596334415053
5.5770975185621703
0.6849674660982460
3.7527833519369316
1.5229553674410425
0.3268688743428931
3.2655695899845614
2.2110012944302300
1.0559018751137432
3.6347161272389856
1.1127123438439244
5.8837592491209234
0.2640308663228097
3.3586690052684225
1.4090752493051433
3.8575557836483663
0.2824812561467591
3.0558867054897427
3.1972759384403560
5.8632105922930187
0.7300814552238820
3.4344269792180611
3.6466893186388769
3.8730608608869339
4.9550662471447771
1.6965001386746128
1.0306728968415966
6.1546066587745809
1.7703580036562363
1.9455738724817939
4.1910920992191967
3.9038757883186865
3.5266860159194064
3.0266728435010744
2.1897646580804144
1.2980497111855911
4.0254825182852887
1.0826170796003676
2.7440533461194452
3.9278474054658257
0.8394022557329901
3.9782899465560924
5.8393177989105007
0.2661521768788805
5.0391399309632536
4.8478958905310545
4.4276531985648262
1.1148891225913971
5.1332535342612697
4.1172524595469895
4.9361868092946652
1.4280843090783035
4.9583553618445650
1.8842792314721004
1.7999978336347708
1.6890504572230525
5.5576962035149560
1.1819990326666796
5.5726634898706964
5.1516876179277160
1.3174540483425450
5.1152904987487320
0.6617030601648926
4.4420129451578934
0.5944661052769959
6.1156798545619804
1.7083245234145574
3.4196946348076351
3.9898224305881125
1.9706775739227140
0.1851414786475523
4.9728222801138200
0.0210719318172227
5.9685398521597248
3.4743973275747253
4.1598845629960559
0.7291187092230592
5.1115536148954437
0.3441838677325884
1.0453538218060299
0.0199726681292262
5.3316358806872772
4.6171066585474403
4.3077076154347607
0.2024930101086462
2.8164083821247865
4.5707826175700079
2.1895753399484672
1.1458253824686946
2.3175978366421939
4.2661602423477385
5.0503808091536166
1.9793362272882356
0.5064935806387503
3.7893958238829950
4.5417885786254182
1.6021432647667129
4.4475775755439768
4.1815880064014284
3.2146571941856399
0.3035046777355034
3.9503253501927351
4.8533263828587518
3.1034747558217877
1.0468730248056073
0.1770599954193209
3.5104041940505524
4.2583636572234882
1.7349288658885780
5.0573879736585834
3.8688854638203050
4.8016159975475521
2.0416765957383713
3.2595141516615214
3.1796007575488647
3.9480167484708075
4.3684098952000445
1.9478364190136870
0.8866047510158227
5.9142668437481829
0.7277894691734702
3.1244904848439483
1.6287843092570566
1.1476325423743048
1.5218132051074309
0.7378835931224667
0.3119428963743000
2.8547827542411004
5.5160280263450119
0.6967118225065853
4.9569644091839598
2.6009133933302957
1.3587783351303704
2.8169680401749990
2.5494526613381492
4.8810229571226627
1.5064353897923020
1.8397559241643799
2.5367591857327874
2.7037300562077404
2.0961119632331648
4.2190557523849064
2.9622456125310448
3.3854007964263828
4.1627622954374868
4.8060458493552511
4.1211699926690732
0.0217604762630531
0.6588069704107041
2.6934907820211924
2.2036570144054677
2.5746524749794855
0.2509622970680338
0.4413333605751775
1.9566209773675858
4.1245901651504164
3.8091114991028903
3.8840887916507185
2.6590896828196242
4.4783537588609219
0.7225520018668204
2.5535377542253914
5.6474552461975271
3.1715840442756273
1.9383275805287030
5.3147388351424656
1.2304234054832828
3.2074744275294540
0.0862806940518029
0.8783651611462920
3.5494366017613213
1.1484322294570046
5.8151202989142217
4.1631197306898979
3.7426920445015313
1.2904215552490257
2.3178506480584278
2.8298575452531409
3.2822889404044173
6.0985509652709577
0.6578699802998326
0.7497071806351732
2.3422617883772920
3.9385586506486936
0.3056358134847524
3.6078352523364767
1.2991788562999778
1.8018420656728147
5.7020665612598567
2.4134836441731542
1.2154054040039859
2.6869834170304627
5.9178211794489490
4.0520004675702470
5.5037566048892286
4.7034078481028070
5.6328983678109612
5.6967636929551126
3.4914577746575435
1.9229973947951378
5.5936680194746957
2.1447014860022953
1.7164529232172385
4.5672440882800363
4.8297127272517484
4.6674587054500245
1.9496160015052582
3.8291152112656097
1.9528125521600890
2.3521308983789844
0.8461985790034001
2.3137637203520480
2.6447273802115729
0.1797622659463798
0.6856003393436958
1.0367324918336842
3.7173189168919172
1.0888205089139873
2.9849002259123720
5.0678793409625564
5.3787862644205129
2.4001974925813920
5.5602668754754347
2.0056212770659800
3.3926516709018695
5.9106234744167230
0.4370482426381313
2.7081988398583885
2.0349662337033703
1.0183169112241759
1.4815057710490875
3.0679841411433251
2.1175644570935077
5.4713144341421875
0.1392271797559297
2.9484032086526475
2.3292517692942418
1.8126319112624416
6.1342177528869373
1.4151244330056072
2.2348643452886594
6.1098209827157053
3.5882455749949926
0.7670820441539891
2.7687895608221855
4.6775445983324229
3.6590479348236462
6.0536346532381078
4.5256278678416635
2.1072301419186328
2.0188413830651339
1.1007608855616133
3.6097154907971354
2.1441758259387020
3.9506143843021153
5.2427126729281177
0.6921831533729312
0.5056309879532092
0.0289079113729642
5.1061863727602708
0.0801977112118738
0.9868436428457227
2.8106419740673250
5.4052147436549625
5.8163655225392557
4.3472921505803921
3.9571370201992213
1.3054902364811580
5.3124659488661266
4.6379810936348589
5.5644657182233495
5.1566625464318214
5.9362450716175204
3.0137036837552236
5.1923686858681233
0.8067506670848641
2.5543132580812502
3.5568079528010830
2.0916339573640879
5.0478313147074205
4.1210835371060126
1.1484431931992354
3.8477537281043457
2.0664298649536956
6.0883929173757156
6.0779110135187064
1.0269648673566083
0.6749554082919439
2.9822046600052281
5.3384864213312371
4.8347848635344777
1.1341894647116952
1.2108820750718534
4.3232299723122294
4.3001172897850948
4.9103463379002577
4.6042953820181634
4.9943547208743846
1.4696793344891264
1.6023570064266421
3.1152698950192277
4.3269491164201419
2.5811130369866397
4.4940707597974283
5.9736538499495326
0.1896992366238485
5.8300323194624664
6.1217083210120400
6.2814978309597258
3.0689031335194943
6.1225767030871578
6.0905552502461173
5.4387871602353774
1.9209683590242592
3.9465235941003085
5.0932990790545043
2.0182548186271148
2.1147356254114169
5.4162436208450409
2.8342979182588657
3.6847285891546173
3.1234783170849285
5.4602654250857992
5.6752059952296605
1.4285933975718457
4.5923604916122409
0.0504493887190593
1.6010850985971332
0.9740275148457219
5.9402651866139466
5.6116015300427131
2.8356013858106075
4.5098169382569289
4.1470981225781518
1.3665343608246168
3.5115556581611056
4.5689520410364066
5.2347272713412192
2.9477949371529024
2.7323167314344574
6.1734005958809517
0.5060309179341365
6.2817070356783180
3.0218081824081153
4.2786726118196761
5.7555561833499684
0.7864956384075714
4.9816357896910848
4.9734873425199710
4.2591094769770592
5.5185295072374272
3.5248919143239319
3.7995830609792831
3.7369293762437574
4.6677292255604872
5.0833190962317483
6.1132845177477062
0.2066962827523890
0.6160811345051488
5.3470144435445830
3.7558857570684872
6.0537357316758600
5.2794425814812556
0.2286204455064924
1.9150060335262968
2.7544789576008073
3.2082402797255503
3.5631951155376038
4.5941272533056416
5.3272133334421818
2.6155154969699019
5.2055384463528815
4.7692718067210702
1.7222901309921539
1.2402516789715803
0.1560136902222967
2.5342818950351984
2.8181484202548615
1.5673913426850627
1.3297548769403207
1.2574190293642775
2.9442153125687764
0.4713639099607980
4.4901034946792091
5.5354765370614087
1.8333392266278730
2.4774586539910084
3.8265510533972869
2.4499920915770295
6.1365285908650140
2.0282985358394101
6.0716873598478891
5.3305925420256131
5.1647817835003300
2.7350136330365968
3.1295067419087736
3.1604133575685185
1.2296625157968970
2.5736156209610379
4.4308239999547983
0.9078442859204212
5.6411913447737154
1.0422033933923522
1.7363836436572890
5.2127668732586772
1.1075464217348516
0.3472830622220117
4.5995329950339450
3.4311863999061138
4.7463009887803382
3.7900237730447182
2.1418609803590396
5.9465902816383398
5.5195871856331138
3.0981175462885382
1.9865564380830938
4.6005056540721583
1.4689198812646440
0.2993651110171942
1.7399995118594600
2.6814132105935364
4.1458944459847373
3.2195429982533961
2.5490204268852645
3.2736246957987865
0.4500646935469961
2.1118528468842386
5.2475407402353547
5.2409908080772114
6.1751143412197882
5.1763315816148889
3.5300187616508945
1.7472628133231001
3.5616823311279378
0.1197449379487530
6.0750510393123864
2.6491912754488260
1.7232886767783222
2.5806265091616774
4.0633571505819726
5.3181949043522145
0.6717646260695357
5.5277469440516649
4.0603920037104970
5.8906593256436448
2.7114332024604826
2.1595663938739587
1.1678416369437772
1.3475409718709264
1.0528288551852358
1.3827418654087495
0.6362829233920219
5.8023528325691291
2.1248556431646275
2.5374742763834179
0.5111160334184365
2.8879248804251119
3.5841999006881391
1.0671332567918916
2.5300554698585733
2.2889637162413634
3.2667468399238193
1.2742837016802318
2.8190181255303974
0.7076448449098731
5.3735267647504736
0.8556071810552730
1.2107188293348166
4.9181141424752877
0.7151736206548618
0.1086644655475771
1.5926844911821831
2.7303905465495659
0.2207849686149087
1.7733335225991380
5.9507624630822047
2.9141951909474977
2.0564627149995727
4.4507508035094796
5.0963883424499334
2.3334890345950763
2.9031650140011371
3.3043269176030581
4.0437548066257083
5.8892372837841291
2.2671631394954841
3.1177452710031219
5.0909526836687888
5.4202609765988266
0.1116215862815742
4.0287779043798393
1.2760388177681636
5.3356801857341125
2.4552287223153360
5.2292359381624065
1.6474251522685524
2.5315164884385473
0.1995649912825634
3.7411910264277775
4.4790663399567281
5.8653809904646899
5.7436228313940685
0.0714944948169391
4.3202671118359355
4.4027983300395874
4.4876396316966902
5.2873126887206565
5.7325246903685967
1.9905053760229956
2.1104375019052295
1.0358726363720010
4.8507256609069920
5.4864353281896117
2.9225573798150006
2.7141126534531890
4.6481513910272687
4.8992265899173075
5.1268196002468569
1.7134147727300533
2.0422869192418971
1.5198493627148206
5.4978659186562204
6.2112899902408429
2.4757781160941223
1.1399222765006720
4.4999801782670481
0.5979116193156876
2.0747310660838783
0.6945545092024871
1.8312317258185875
5.5805417051256638
2.4947279358444745
1.2030877126524229
5.0147540498804455
5.9237281112550093
4.3594856559576138
4.0790688217183373
5.9082147088307142
4.9932088673791268
1.2190960375178939
5.9107430737413358
1.2371448097946853
2.2589216585427971
0.7625982116239083
4.8213111299396809
3.2482270106812257
3.6119635059808251
5.7434095634210784
3.7650700290163956
4.7896896990149100
1.0801924057729013
1.3456796994194991
0.1735797206550709
0.8137762422480617
0.6710887327911794
5.2868190497665122
1.4813374702231372
4.8317434712920360
0.3743130848286292
2.0156302418862975
4.5273499305764346
0.0154849641147715
1.1020706652026142
1.4294357611283499
4.8126951040435095
2.9311010071144663
0.6330075724782982
1.3322770684637861
2.1606360925276369
4.0727792382218659
4.2903852747409221
3.8587773245404713
4.0990649710770164
4.4084597095236688
5.4622589465972808
4.4549437557373635
5.3731438562770721
6.1672429617430700
3.7439327991835438
1.7749977300375306
2.7487919108828947
0.2512258980368773
2.8696619016872229
6.1295615552911160
1.8336655146501724
3.1571832162021720
3.5601808050301136
0.2549125568586519
1.7399093226770419
4.2120837258845363
5.1206970462638912
2.3274058254869359
5.7723216330482154
0.8896425181383507
0.4961654956863382
4.9177580475310139
5.1970893054702874
4.6427708536174723
2.6922453051408182
2.2239981988923243
2.5422445429574099
1.8335434560250208
4.2297689874280016
5.7684535733095039
3.3142636170554232
2.6099171160587811
1.3433573950563418
2.8109827558321245
4.6454792790222434
3.8053437519046915
4.6084303919174783
5.7404824681364657
1.9108810595498651
4.8909227503525390
0.4774619404657685
1.5774180183008342
0.9877908399307764
1.3610297930790241
4.8272906899643502
0.3589788341934732
3.4420250909869359
5.0671786956832312
3.9956289836186429
1.6921276190008823
3.8082691409374756
6.2563187406940761
0.7076226406285249
5.2368048291102500
1.3457340033603420
1.2114604550025285
3.9002324197973248
6.0184957137816415
3.3001217820308928
0.4988070519200392
3.7813462928187960
2.8975339173926304
0.8300574199984219
0.7210085244848374
5.7689656776038101
0.1713596235837043
4.3240114995009948
0.0505985397645334
2.0976067169836048
2.9526473823308961
3.6745838359911764
4.1281352540570060
4.5097774401790778
4.9033351351565306
3.4603357959249945
4.9241127027609446
5.6953348472712859
2.2962290150409963
1.2324618029159395
1.5943272180188832
1.0616399927803244
5.1154456719206909
2.6538551487092228
3.4556555134403997
2.1410484103041276
4.5432680651747406
3.2577868609653331
3.6716838718808260
2.9410386371915838
1.0816261914652334
2.7297159558305775
4.7504355502399376
2.7666860974211938
4.9388877914172307
3.2382375326476609
1.9727339243950579
5.1677134875454342
0.9018553530873143
3.5817959251710407
3.1016204086903536
2.2164933497241632
2.9797812961184929
5.2167748167542660
3.9904427882268694
2.2359464973830896
4.7814432957343875
5.3164658749931144
4.6541317507727946
0.8096275382313112
2.5399501401256419
2.2323697717790481
4.9181930621753160
1.9615954782621154
0.9590018579343139
1.9546430281385605
4.0639253844662786
0.9688767624617916
5.4466620254799016
2.3080396004799466
4.1887324237016834
5.6301493936901936
5.0535987686023702
5.4701257675693418
2.4663160816539991
3.5930329649795065
4.5087245648751759
0.8242746395137550
3.2448707268512478
3.9085061673765087
0.0099558505596672
6.0919111729551174
4.6142834735053224
4.5204327038569430
5.5573746192424087
5.4649002239054649
2.4062310078890281
6.2718381867341213
3.1951620591120520
3.8403293837001482
1.6087009825572500
4.0952735161713765
2.3781817446937605
1.1618144463910824
4.3466737808308364
3.1229963914255947
5.8093474896088795
3.4089098625795260
0.8132735301390123
4.4160138912954245
6.0347096035976300
2.2594191386316198
2.7293839813095109
5.8984625713050756
0.6034548382374142
0.2232478372388537
2.8785671428637878
0.7019978691507808
1.9204088954595162
0.6912449047243728
1.8211756575069216
0.5523812485445536
2.7437574741969906
4.1928255450716323
2.6607498853010227
4.6308850437798528
5.1963945569232681
2.5863129958548243
3.9901013302614459
2.2289371024389175
0.8154462527904955
0.8604582202504190
2.7751756528912606
5.9849558034826726
4.0556002829230584
1.8408647095228174
6.2538636670277432
0.5183670350477504
2.8208146968687320
4.6529674006091000
3.4286487986970533
6.1347802593303182
3.4291806037562234
3.3607421549831553
4.2432863475982341
5.4079588362123348
3.1833364834073272
0.4967165606823547
3.4002342714204850
4.6503862317342151
3.9795081001215906
3.9677101607045406
0.2468401247487487
0.9950952820820756
0.8855449632654548
1.6884983263167646
5.7279382018317762
4.6475361132751294
5.4548664745318005
5.6547416622307543
0.5437752484457985
5.6993764480394766
5.6307814074078140
2.7420710743985315
2.3552800637745377
2.5833727018492301
3.6171374450535616
2.4812291915883882
0.6995771716281113
2.9082521985985150
1.4912298354660614
3.7545785410315866
5.3781323614850107
2.7698048133388982
2.3939189590120189
4.4625305471156924
0.3157411109430571
1.6336946414216476
4.8067562234557757
4.7374280905849826
1.2958237367440624
4.2647306563481102
0.0779862105249679
2.5296794075318281
1.9051474073446546
5.7984970002811034
3.9179172651015861
4.1893056598026064
2.1172732479176921
1.3610669613158053
6.2557047537642836
2.4642505994443331
4.1984697168567857
6.0955520670018801
5.2176681848125446
5.7873812174138193
2.2872069040679928
4.8372578427907200
3.8447677131643672
2.2230863019050804
3.9383803409360065
1.0555744830701004
1.6189873115215589
1.0805169119684681
4.6489048187563764
6.0550441882284805
2.5797544456733110
4.5077450429609414
0.6232959942391584
1.1555983307074635
2.9097404948933905
5.4941430549702153
4.0059452638522677
3.1757733066354259
3.5217361303990860
0.1868084022200872
5.8169721691371867
6.1898248501468114
4.3868950156479016
1.8782492561366304
4.2035639394477835
3.0537733636874855
2.5683145455496592
2.2404991452978469
1.1349978566259420
2.3661515009506640
5.0269609541762277
1.3923523187441156
1.5295078198909320
5.4455314827463637
1.3622192837491556
4.8574284874551399
0.9676464356753343
3.7554258896559833
5.0483605377834353
4.0577144813231243
4.3239219418671917
1.6637276265438470
3.2687765790322101
3.4443222076762714
3.4585031043240813
4.6609289546049446
0.0015912347622182
0.3904647897209928
1.0747012039701356
2.1415082441065421
4.0837950370969347
5.3769116985139638
0.5204200397510057
0.2485567090049599
4.5738620529521041
2.0381075690880115
4.7063397955353263
1.8505742880499649
6.2653529054687596
6.0497782041309582
3.7961957982300714
2.1540208289869791
3.6587522820472818
2.5534820228127937
4.9449227162117797
4.3807150744923806
1.7983360237969428
3.0591509916721602
1.4911456906224461
4.4489412560102926
1.5935703354662496
5.4375619044050625
2.9612712471930314
5.2918917629450473
6.0127080008605756
0.5471767646657427
0.9335075636586051
0.5894532616000837
1.9149958071684725
0.1951472320682819
6.1105014932529569
2.0542348966338837
6.1474184533792711
0.7943428471227879
2.9214074116166455
3.3372630503646019
2.8099387413077870
2.0922573860036229
3.8659618645243268
5.1809829157374425
3.1202515311941776
2.8689602365527573
2.8188829087332592
6.1699494758699780
0.3488267168983900
1.0733577074382268
4.5564110992086011
0.1536923150931785
3.1423318836294531
2.9655705912252261
4.2958834906972543
5.9085352209064688
3.2170966320678147
1.6174476242419780
1.8924357973835741
0.4276668727540306
5.8994228869614664
2.6578614737713249
6.1900946636650689
4.1660091432084032
5.4532878833539753
2.6218627583249545
5.1238861711043047
5.7118213096091219
3.2680728468849214
1.0075747733273288
4.8821385449463834
5.5200640042092823
1.7865465426075724
5.8568495723831777
0.5135165039325780
3.6544325366371573
3.3922942842166766
0.7827842784684761
1.1903722285944851
0.8186323164904041
1.7366167866298385
0.2979304244730488
4.1129627381997489
0.2464884029525821
2.7131011405822782
4.6472810379686953
2.0024117397746384
4.8215744322330396
5.7319593750688353
0.7239876448355564
0.5334122481249454
3.8375708830701738
1.8242589197225874
0.3815602126196869
0.4519957193384619
0.4925691369742606
5.4060573549885991
4.8048545973578873
2.4137201770905468
4.1825542138069913
3.4600938980677833
2.7670157400404807
4.8517765753521136
1.5816381257227983
2.5509425479501808
4.1429496293178998
2.4950099961194656
2.2531876499436931
2.6853097504091554
4.9904696740389394
4.5173444811604204
1.1915152585508746
3.3586260283031129
1.6839799308094985
2.1520179449763961
2.2438778938472557
0.2568920310857683
0.5127151922597876
0.1526235895254880
5.2056525391430055
2.9854855140198304
4.0944415009714463
2.3547629526264897
5.0865070214039951
2.2225611184682870
2.0125187203682802
2.4899306162200627
5.9103022976008450
6.2665402114062809
5.2059481057800223
5.6612372953221630
1.3862903273487825
6.2063847968938850
2.0943056615532201
6.1397019609947883
2.0323834177661966
0.4289420828444752
4.1276346034360909
0.0336827371062675
5.4632186028117049
1.2356990992121990
5.1743737140689170
4.7315733296604927
5.9673825471011472
5.2433543400757028
4.4388465692009973
0.8083123290415278
3.0830635608354537
0.1900698608662164
3.3386714634440557
0.3607944585430873
2.9198367881431055
2.2452182871281940
3.2751228777945300
0.3036840323683227
3.3137982983279120
2.0683692357812666
2.8560504876703625
5.3644567238206493
3.5121570003747720
2.3871085534821126
0.1698141803411593
2.5966900683343170
3.3306807211573881
3.4473005171327245
2.8129092462987049
0.1084773976619931
1.7585426270167634
0.7313678286948466
1.1207274907263161
3.0930811222688441
0.1829494579459520
1.8123235747293747
1.5220388989225824
2.0459126620371322
0.8669635497163483
5.9390822089676378
6.1619002978456319
0.5882542166108576
4.1902952128995912
6.0750397317509339
4.2569249104494853
3.1281362334004763
0.9828460744925516
2.6782649865474135
5.7442965660594565
5.2532734428741108
4.2407086761454700
2.0866175889752365
2.3643012497404983
1.5747754258385116
1.4918733493082927
0.1854579452830940
4.2943412571745450
1.0441905378960363
5.8419282992735386
3.8803956485257816
0.9945675820848492
2.1676222753470018
5.7068845198698890
4.6126074869307097
5.3150418695793817
0.1025355475331489
0.6252050220843207
2.2447717195317844
1.4960551276681737
6.0952047278825026
3.6514042492616867
1.0272439364089170
3.9792369697512435
0.9143534301443716
0.3824727805462718
4.4486620984403027
6.0500364920696645
0.5692868266066967
2.0423675102679497
5.5424410400527053
4.4181796021687578
3.1438676028228953
2.5221973391175485
5.1139003453112455
2.9471600249298766
2.3423539406118903
2.4193469369354670
5.2289128896804691
5.8825583229442273
5.7910259452508175
3.6644478601780643
5.2533010597946568
1.9735323043910677
1.7635374958936216
5.1415234596921273
2.4225224684382947
4.1849129001562462
1.0553622220593668
1.9570262307031387
2.5323618922034434
0.2911785372266802
2.1382128542303169
0.0984654824159304
3.2584955872792287
4.1861850569661634
5.8092316666527246
3.6855588966408139
3.1114975073145557
4.0653669767620482
0.6569921205660326
3.7551591143660348
0.2643713455753500
0.1853689061415722
5.6143593622125509
1.8260200512855607
4.0967598893858002
4.3468771588950395
3.4743089260583151
1.6801541422418842
0.4442679302130557
5.1082339801932113
3.6513609457024212
4.6505847402963747
1.6547001232428369
4.7449282673839344
0.0196682225824901
3.9851047724247284
1.8632726433543880
1.0924994492539686
5.7477922839595523
5.7797519343636825
5.1523950174199333
4.0396790358924912
6.0670669360994030
5.0503033142712530
1.8509142827478475
2.1915732952767066
4.5726386119671485
3.0527342350028808
0.4551144236748483
2.9296627502056021
3.9699511415812152
6.2653061492878468
0.9456177463559657
3.2328131825394126
2.0352739238995428
4.7583078555733644
5.0802533371993510
1.7050146724403672
5.4139737383196902
1.7784690657237745
0.9375773711499202
2.0893876403038067
6.0719191058300295
1.4284340278409282
0.2096497628008901
4.9221558166240111
1.2016122853694389
3.3896460162678066
4.2106645758577219
0.8833695068048679
4.0667639541522620
1.5349160188644977
5.4835166384503866
0.0957347568114206
5.5978021938399989
1.2370171851593958
4.3217845483073081
3.2055739599202622
2.6495982130363460
5.5483103610985864
3.3626216715620076
3.0104900303834561
3.4986392822845898
5.9228613897882179
3.1425208848407720
5.2438828848671930
1.1778380356854377
4.5122915702133461
2.2851783991809604
0.5247268644446493
4.7385682639226667
2.0082794341909578
0.4491480669430063
1.3523804209734094
5.6023165461492832
0.5825698787442886
0.7609969708822055
3.6828197028389047
0.3275804876848790
2.3831131864229285
0.0525765743551207
1.1790033207561097
2.7815429473417184
5.4223040989998257
3.7765597287354753
0.3633022935535052
4.4342412267729401
5.3307777184246774
2.7147183528455341
5.6824397260198927
3.1106791079069542
4.8280587811117854
1.2944701704849091
2.2020074269849967
4.1181829984310170
2.2941914379551531
5.2361119202528856
4.7809718171579867
1.0295546114916805
4.3177134709319036
4.9369371892452119
4.8765025863305631
4.1501136090964144
2.4488646947699979
3.0580110107666214
3.9299994862065182
3.2500076681314169
2.4328715096733280
5.8158914593170525
1.0178645522990253
5.1446584476562736
2.5900679976068917
5.0043304633470092
2.5373885311453583
2.2380624942257414
2.2541845926421979
1.3505921742156495
1.2130052529315209
4.4081415468183467
2.7566273311644638
2.4255104569344526
1.0946737574025831
4.4174744187325024
4.6065574860502840
2.6639693451404294
1.7601255556963051
5.6982023809450233
0.5448643781632020
3.8358358353418125
1.3016320649267357
2.3869870670074791
6.0249039389768777
4.7917786439256362
2.2298231058914131
4.9311748439518945
0.4028438774050133
3.8043202442601847
3.3184997809921253
1.1421501242051451
1.4668573892656656
0.2156658816432407
1.2213457910965679
0.7721977845869998
1.9160417064502897
0.1139145807571390
2.4304371089826491
4.9655942437833831
0.6902202277242925
0.3927433894398942
0.3513363517006068
1.5397437373347094
5.9125346454828973
3.9595754546831561
0.7820582838156135
1.9976307654433612
2.9377011773888895
1.6069858232820495
0.2293228001509958
3.9818309509221472
6.0966913067685935
4.8342912689121302
5.9815785421194896
5.6426013924111311
0.8818551174674631
4.2962867179885142
1.5973207986493068
3.0697509882651670
3.5783434038852953
5.9681677664360757
0.5488125801952692
4.0582645045453107
1.1158955864667206
4.5652278801234782
4.2557482845782548
1.2661607362985923
5.6779581388763294
2.1204188208789843
1.4210530805313153
3.7515426201790025
0.7574145042087361
2.1721976749564602
4.6716542195272943
2.8053060259230920
2.1273188190968013
2.9200118569372933
0.7108869585084345
0.0089964733657069
5.2929450850654511
4.9864054089897012
6.0171373001473833
4.4943695384134266
4.6108512370007499
2.5626580326303063
2.2241153576764034
1.6153475222013924
4.4823631945246190
0.7919464649696092
4.7844333042738514
4.0165327254161500
1.6062518514988124
3.7700444639237918
4.6264796577152465
5.9487875897866651
0.1785137750836716
5.9733014211311852
2.6442678158057329
5.5427990894320409
1.8200049151550695
5.5792330422534260
3.4193316455119822
1.5806792828337648
6.1507481676071363
5.8480548740205753
2.4270097573694036
5.8231906886692446
2.1958386920471371
5.2943892154477989
0.8561607443433229
5.1262245117315439
1.5848000588169671
0.3758763681049068
5.0536729241949381
0.3275628962703458
4.8292896490782713
0.6486740841751770
6.2784225660584427
3.4201719593972646
2.5343001937663892
1.8428720326481820
0.4923195924189575
1.0315549137610489
4.5229924875570662
5.3709313226083095
4.6500823008201158
3.7620689079662331
6.0551075733812043
0.7142711414823785
0.6124630589461545
5.8462243122400164
5.8475624429409949
0.3972786304550180
5.4088311117549130
2.6460046508587429
1.1120622619372953
3.1720849599297205
5.0339949804775195
1.8058818244736698
0.2083717875349181
4.6742464610276331
0.3570348062022062
1.5323418379052258
5.8321498727324368
2.4169802105826586
0.3581190249687278
2.2162962475063486
0.6730716594467790
5.7570226439246310
4.1536863471673353
0.4029723372422344
1.3071223826076097
0.3810190004603278
5.5773206269930293
4.1192915925658182
5.6777264812724439
3.8721799921377027
3.7315111113871997
0.1579311315889700
5.9906754026153566
5.1259118052671857
3.6401288846153914
1.2241657313264465
3.5607693056102119
0.1428859229949870
4.7185419817045702
6.1285306689186498
1.5884986566600641
3.9083707117582764
3.6118140679291324
2.5501709798834753
2.0144753863850320
2.1519339028201907
0.7179708408008744
6.0980469733133109
4.3748346980779820
5.0816004177372447
4.9480978381879037
0.2180888748644286
2.3663695891678365
0.9757319266068830
5.3200824439899685
1.4343473848548318
0.6673415453132152
5.8350567131236204
4.7303978857055187
4.6786434497740661
1.6530191480657412
0.8891244826992555
5.5137315308131427
5.8785093438121248
2.5817071497004416
1.0876691325140873
3.5506862259670919
0.4321488574409290
3.1980685010880627
3.4604867695152239
2.2534800856197563
2.0437733178889110
0.4519389329443677
3.1537256307889083
1.0631865192641488
3.9297707908262933
2.1142888816849794
1.2995118571496873
3.2270123637571904
3.8925756758015768
2.1582638884866787
0.6820556465792382
0.3588588751664206
5.7900221495407003
3.0952703974371718
2.2334181992502331
3.3085010727567754
5.6012919494112214
5.9758795988983699
5.3361462567533140
1.2699850098482695
5.3788707296876934
4.6766929507189809
4.9747549375667557
2.1217485243889835
1.1410702209274979
2.7993763589185710
0.3746862477375310
2.8036601897723923
6.1325848656268018
2.0299385574995612
1.7237345430152369
1.0966834372666761
5.8838690297539484
5.6625576862252762
4.6291570021147530
0.6245582729949063
0.8239964014994490
6.0074078637809167
2.6861964820596032
4.9380247112006002
3.9482824819372269
5.8487689799559535
4.4558453146522377
1.3286062468828805
0.7323820241595999
1.9555232264359870
2.0224590419601443
1.3566009979898426
0.9256286611546792
4.1761323400175927
6.2020677166919418
2.7961923927777224
5.2720647667932568
0.5717201715607939
3.1594363800129566
1.4529727951252343
2.5340097006072995
2.5218795446991851
4.7383864694105853
4.6465798694973000
0.6627148382238640
5.3955838408028924
4.1249023150419486
3.1777261809718822
4.5277724002552446
2.4251347375732091
2.8318725737751609
1.2390481615337428
1.3480056270461518
2.2071270527781373
3.2579671896510654
6.2310689164215178
1.9236298658173079
4.8814822660522230
5.2668500951498061
5.0840013411941651
4.0204935484531097
2.4363902223195666
6.1731375281237675
1.8182791323933123
5.4926291906390086
5.3218030565577221
2.0430737769295724
5.8154194114521971
2.2032280802404083
4.0198912483044724
0.9631690942212773
5.3086354482684559
6.0225335830629110
4.1683530076372461
5.5526410928994832
3.4432553184520622
5.4246133056302979
5.9284854076004949
4.2503543272899140
4.6220919563032021
1.6165059250963687
1.3841592535492457
1.8999114828349271
1.9095453824472237
3.1464984337219679
3.7923355844217923
0.0007371043145287
0.5490397499300222
5.0619029504033106
2.1424624616046231
2.5730679911550980
0.0802445000621488
5.4973017755360214
1.4130469981586036
2.9082178874955171
0.8290958382579081
3.8623936660951266
6.0451618170783075
3.0219521362953241
4.9828861714409429
5.2839228571923567
0.7935139166535148
0.7936573440069120
1.7583640995587664
1.4899978943272676
1.2392313950087621
0.6885771925757955
3.2870408962597129
0.1451848263241151
5.5280834090997137
2.2955005473290893
2.8252389626901464
1.2653383450549049
0.3048019976109494
0.5901952674468948
4.4562155067594329
0.2035642237964137
1.7097900620464395
0.8120183880417415
4.8048569203873148
1.8356706295357039
4.2670637588546745
5.8692349697904636
4.4479316031524414
1.8856037857789147
2.4708510662761722
3.8460613212824484
2.4317131282308466
5.0474950428644476
2.0747367333610871
2.7189682899654608
5.8000987181307311
5.3318268071066699
6.0516724643681199
5.9909866722977716
5.6547704168928306
1.7417276485315298
2.9916745520263994
2.2910035738092529
2.1638886673690609
2.8197585219601473
2.8325457258771682
2.8822822905172183
1.4254665021354049
0.2340037722640004
4.4672169483332560
4.0937483100883236
4.5912947339702566
5.8497368462273487
3.7718532212665719
5.8045086441344695
2.4555379240604673
2.2174109406320652
4.0435257372275242
4.4515131200944440
5.6652123977702891
3.5009362412335929
6.0551405182291029
0.1711367296645311
5.6960764994890409
4.3066916018463370
5.5183176773916669
6.1104126608154870
2.7036905315548454
0.0716133934438613
3.3383438278173974
5.0880822118509688
1.4742645783533852
5.1185697554689948
6.1565379222793934
3.0461343092200046
5.2221663605766935
0.3788282447913242
2.8981978763752059
0.5471743960051791
1.5213978975488220
3.3825575241968484
3.0857783941649539
2.3186325390379015
0.3637581978187701
6.0648372392890462
3.7506255439136069
4.4583268963900675
3.8695407607531651
5.0397814248365460
3.9633548435510928
3.0833797827494909
6.1681193273783030
4.3838895224103309
4.1901272391258848
1.6668798540772083
3.4720845811560737
4.6225864465628064
2.4743790687343781
5.9031393128411231
0.4646385311138324
5.2507328892499485
0.1366677963787229
5.9403906036228831
3.3866152360663495
2.3254166998254293
3.7713867658201781
5.9923809628268110
5.5196158545312235
5.4622366423157365
1.6636325525179911
3.5074597313281028
3.8748819261842784
1.9693570058050747
3.2880994306148996
2.7184382385275412
2.3398262803876055
4.9723676933267207
1.1631222677719975
2.0937574825655068
0.2502778172673060
2.0048578082334103
1.1290279975559165
0.6170479985479655
1.4117816608349050
3.0751210381964524
2.1907230033982530
5.9657535375391273
2.2628037945941899
4.1515430527649508
5.0041142079502974
2.6840301577849379
4.8528222977060551
1.3690373280610306
4.9305837150025580
3.8352294068042068
4.9765258546541968
1.0374518559358221
6.2412424489857417
4.8880049972580037
5.2029516669467579
6.1538561863101116
0.0611252123995370
1.4818158404399275
1.2695238418898449
0.7439459585372433
0.4471456069173642
1.9699640018937881
6.0085200503294711
3.7330344398578479
5.4834445761561330
4.0954000458635118
4.4662465395885000
3.8349992324698841
0.2609421470734359
3.2520431305786217
0.2266597484140301
1.0570422915270175
2.9584326413946558
5.3749271040694016
4.8541409937088718
1.4192393590674073
5.0839181442041550
1.7640303880748334
3.2894818504388561
3.0321083698177351
2.5118356342361494
1.5167279620835858
4.5608483686876520
2.5646382454621803
5.3973616029212232
2.7981858568890159
2.0587482169608009
0.9694054271983474
3.0076487711582325
4.0536798175292947
2.8028957093327089
2.0500903336653442
4.8501249163209499
4.3987722610065587
3.6010943515794094
0.4596249515254267
0.6210698177702720
3.1363593738565125
5.8478763888354344
1.0523691114459273
0.4031611806321435
1.2679957604181806
2.4296151428215964
5.6811824522029370
5.0874837991007924
0.7225387845745121
2.8579923168995496
0.2198740529943267
0.5368014935987059
0.4389853724584373
2.6770586933189158
4.3190805622969837
2.9186418330033264
5.2690173007405861
4.4425838496090204
3.1432284832027371
4.4101505145542470
6.0759716679132598
0.8567891509407525
3.1863333553666244
1.8737164577266436
2.9276194550038932
2.9402716344988225
6.2746921800388753
5.0195238567015394
5.0127089643603728
0.7011003547429151
4.0218967994739510
3.2971542744130016
4.4618743812290171
0.2300972046531926
5.7853202688904535
2.9042642450295717
2.9509042626865751
3.7176872194881563
2.2840001779678656
5.2734356275954006
1.5918816310801485
4.7580805942441433
4.9745837854997488
4.4188618771773989
4.9842104549777302
4.5351362178820720
2.3213705249579095
2.4498869563970680
5.1030358694455638
5.3229629681615043
1.1475866811647750
1.5233603273996208
4.6061322161925036
3.7788529461378357
1.9178882670018711
3.1114583190141589
2.3784227381882062
3.5310686840065566
5.9761131987435512
1.3754225243436908
1.9716357237055402
5.6480278668665855
3.1743948917736211
3.8255794162768688
1.4310428576629670
4.7705792310739428
1.9540185150662512
4.3622977424601981
0.4206435821909699
1.9185530471606673
0.0714522976308752
1.0935228179977539
2.7567704372455077
4.8532483062940281
0.1642446924261236
0.1743709731144238
0.0907897248747723
2.7825893463553655
4.6607321100147532
1.6782317387080459
1.0382854357590854
5.7842509348098847
3.6544411027518113
5.0640056432074685
4.9147246876906925
1.3048297236992774
1.2425751168378962
6.0269382726610710
1.8180110565684673
0.4926359104134207
3.2294589296868184
4.7705039997690530
2.0306606792474540
3.4533971716622216
1.1764468893457125
3.3474472478485278
2.6891887116857669
3.9154313311252196
4.4007562117730590
0.4606658631468774
0.4333872524525074
6.1753852707143579
5.5902342948153914
3.8983021363762766
3.8322033107327007
0.6233200035675950
0.3383319961910006
4.2662606402092624
4.3218741081027945
1.0756739482141546
4.2697427589706791
2.2231037803692204
4.7602285748752786
1.7999812673197000
3.5895851716169127
4.2279773991103431
4.5163007165075797
2.5584027272495247
3.0239764471186934
2.8274311337929605
2.6963117141149295
2.9046911864522365
5.1777360309425209
4.5377456330189752
3.8797473848486592
2.9449912633931574
5.9902288278979103
5.8111077473965382
5.8176532493951187
5.4400641657584927
4.3869431786351356
4.8329638245974920
0.4388922837040476
3.9789770375595914
2.7499997194122647
6.1200016684456768
4.2020543136134876
4.2031921329487778
0.8542325673643574
3.0687774282549629
3.8089062831540752
3.1863324481784847
0.4823964872297716
1.5815939827915115
4.5503329351632971
0.3579517117702281
2.7760948162335302
1.1055526405294678
3.7575327940127803
2.7131906652086584
4.6600297962210542
0.3950611909288084
3.8757713829130891
0.8074643919206873
0.9297137999114076
2.6151160687650226
2.8641010862227123
4.9463489742447395
4.1690606064565001
3.5783889000532798
3.2240344458988983
3.1056534427680798
5.9137142828056612
5.5832418583484706
0.9871036309620780
2.5600382445406846
5.3600846427041295
1.2771341323708989
4.1236259732355389
0.4908019569313081
0.8231138672063890
4.7427647894114884
2.0074667586421207
2.1594433754901181
4.8106009028403047
5.1483354439009412
2.3279439031119371
4.4316427493931050
2.5439412775393588
3.0422754017452802
6.1044713840649276
3.9495084327279457
1.8377021148311554
2.8884848606651841
1.9560658819459766
5.1465426929641334
3.0821464026407956
6.2642813578465990
0.6668168003911722
2.2814856066480420
2.8966846919465610
0.2187559535980888
3.9453762936181334
0.7296569094759455
0.4645719578713421
0.4146310459821528
4.2072706812890583
5.9030467016205757
5.4748919379001526
1.6577698497618476
5.3775193927826672
5.3822738952284563
1.1180645241404028
3.8694682652733685
0.0883559119813097
2.3077380169013582
1.3853826822546886
1.4779929263580718
4.6290899828443299
0.5013251783308275
0.2390365373298179
6.0469757216088400
5.8531763619511192
2.6710330331487468
1.4247987141789473
5.4971517409999171
3.6125560661262779
2.6716167671052720
0.8468998405118887
5.2284940118047096
5.2641636619312511
5.5615238445196082
2.3388198319944493
2.4893948169812461
2.2724660982901441
6.0427584574721962
0.2281044443551914
2.9986913885918201
5.0771301435214609
3.8647775059397591
6.0284971665942724
5.9678125631537178
4.9477471300649229
2.6931487854848584
0.4495648361212718
0.3157525471854862
0.9687058728467409
1.9216213854713116
4.3559178983999383
5.6984878092999711
2.0984673050033278
3.7286002226809654
0.9835886918201995
4.5249647112605045
6.1544543325063978
5.1273519335211279
4.3438346026246943
3.5798192107405877
0.6655203060738178
4.1772903005584912
0.8524366961889213
4.6853251893494905
5.9813676215646012
3.9154260924297439
4.1310689937928817
2.6933106928244839
4.0684558605998387
1.3402630172828833
2.4268305352427468
3.3197949346557292
3.0369191727686360
0.9361895922409552
4.3936667361005819
4.4960253233189036
2.2612689546314906
2.5464096599666135
6.1533848857673794
4.2907778957848564
4.4753940613350300
5.7004163866908693
1.0086117518125302
5.6124464905515632
4.9309950281060031
3.9609844583807914
4.4763051508582841
3.0186226212550622
4.0302315545268215
1.6891099893117707
3.2258096021181202
1.6257598698545896
1.5057161916753228
2.4918137778711467
5.2292325978398830
1.4171405272253716
2.0232890178145198
0.4023416154775442
4.3693903774124019
5.7683451849752645
3.0124240178829753
6.0576804695082176
2.9714688717018261
5.6345849946161906
1.8622750404166561
2.7884697217748982
4.4453872699264041
2.5871872259774658
4.6863257039148527
4.7791545974465475
5.5426880546836905
0.3477655411718151
0.9695133361998960
1.2679813910878552
4.4422597839039950
3.1064246344832060
2.8154640384535488
1.9210346754539296
0.1823174861669721
1.6883491902289756
5.5195918155659971
4.3708774255072846
0.6849937149557185
4.2771722542755013
5.1693452174228325
3.6251851660564220
0.6813559491410250
3.4422599376937870
2.4116357348534518
1.6620409607601485
3.7769537911339195
2.0013516066784369
6.2653941335193055
0.8085727561383440
1.8155858315018816
1.2110208804450369
3.3728272392951819
2.0959671599139904
1.1787897876616034
6.1631749168996643
2.1470279984576996
5.7639777043854066
3.5326574581015668
5.0584885417370566
5.5651255522860774
4.2718551902108777
2.1437393913623755
2.9844937725954539
3.9977897703032199
0.5044817994710450
1.6578317559030942
2.5357661596318040
5.8356971168326792
4.6153197542431093
3.1903574459451387
2.7590298265954982
0.9434856401606863
4.8205805071432470
4.4640353897784602
6.1534538766196647
3.1782318513639471
0.2711480558263953
3.8870203158392713
1.9509584894447274
4.9373019377944374
5.7814326268596012
2.5364429190020652
0.7206249008895895
4.8984152022365768
2.5860485370631023
4.8296755276641674
3.9146901358837862
3.0264952647289070
5.8809177249125417
1.1188050706350239
3.0826694436970428
2.1661954730322037
6.0398910755960324
4.5584222188366201
1.1415120394825780
4.9277427005245098
4.6870222800789385
2.1516080778398510
3.5858304693573304
1.2839440438418412
5.8971862277694775
0.0459546733231613
4.0798700238420391
5.9424619128844780
1.4304093196191043
4.8768139466677329
6.2582640253440918
0.9451801940360552
0.1787017955607917
5.6097531553793081
6.0761475974982018
5.3135984485416987
0.3324413396480058
5.5185926719264220
4.4681144495061718
2.9698817961360171
4.0742176937720691
4.6541061262150434
1.5153294689996144
4.2548469426483519
3.4119559649212623
5.9155680760461768
2.8973465405281886
1.3580139344411748
1.5568390594408477
2.3210312809375679
6.2049115406695439
1.2628966560475812
0.1573746357052160
3.7721046739035597
5.1395922629164916
2.9270918166931152
5.0363404022251181
4.6940161362027384
3.6909773840333173
2.3037499032876099
4.0962702439240992
3.0204527928129159
3.8323940563747416
0.3313310578415704
4.1592501882137443
1.8910290161486174
6.0737573504089690
1.4901521727914520
1.6759233723626281
2.2518223609217367
3.3741005624110976
2.5917155893462325
5.0915953207953812
4.6684818033547311
3.9696780281966833
1.2360917874382855
4.2059208553582366
3.5915505734921211
4.4926616011826050
3.1318143783524333
4.7629290811947254
5.6108014585827632
0.0193603968337042
4.8782412320742541
4.2146412669246205
4.5701717686078931
1.7730357103225287
2.2620391920676335
0.8329939991208828
2.1408164888868333
4.5564188708322471
5.7076132102615507
4.8057329136194280
2.7619751534385162
5.4795767388837078
3.8346430915524725
4.2233215144735103
3.0188693409065110
2.9619677157751263
0.9219747736381007
2.6738879302055558
3.6394530007006973
0.0913852189011468
0.0327618843530838
5.8259931700393501
1.4183171779320984
4.4667500173979429
3.6855807134681675
3.6952374243945751
2.7329925506769666
5.7455593263119811
0.3830789762574295
1.6371160497255377
5.9073899890074468
0.4273108246087347
0.8529383964791335
1.7724665400199777
2.3230809200597120
5.1526743097640901
1.8805109013144912
0.2209978578703505
4.1395966514308862
6.2350847695828726
0.6854194128740227
0.8662774018597149
0.7917901829550481
2.6622585751938712
0.9407879942304114
0.2308645544504870
4.6230514827418334
5.8804567440889475
3.8213149203709307
1.7437226813687268
1.2566687106910610
0.9455212874320398
6.0178259653985426
0.4440236961541171
3.4730881564557397
1.2027944193526445
1.5486789815078548
2.4669130167827222
2.7894541869654157
1.1447113667235509
5.7798131921557454
4.2114483352193890
6.2546490883585051
3.6467069145615261
4.7314891977293936
4.8186348488663784
3.2243168670382327
4.5142736078604093
3.9109878508671376
1.3403433426795857
0.0178740286250327
4.5470591927238679
5.7156736595764892
1.4619432300609370
5.3496718472402494
1.9685000187407946
6.2594485689858415
1.8158076131825862
4.6812946449388075
3.2912662104233661
0.6270948266248134
2.7327529008815770
4.8842446031029478
5.7894021035694205
4.3852328752178673
3.4312868471373124
4.3239763438148469
3.6959145677109739
2.9349181839932137
1.9919157712036599
1.8460186367644851
1.5048474324828680
4.8360316353174797
2.4646935895853810
1.1303097571401073
2.4957682418760343
5.5734249098178728
1.6747927335732238
4.3512325144930069
1.0438374218756297
4.7527473532257094
5.6160215990847426
3.3367365260020296
2.2169150999005653
3.3974152979916994
1.8239523853057713
2.2121687227308051
5.0684845033076193
2.0394341518126824
5.2229017365367332
5.1918389880233917
5.6334612544003573
1.2618486447798267
2.4925494198521285
5.1420367211221025
0.0972999314791644
1.4186500859119950
2.0169485189040324
3.5759826283976892
5.0401488804243950
0.9526266264925983
5.1603501799315143
4.3208143969843986
3.6075185765810280
5.6294578845885397
3.4165653458719780
5.8213432002196344
4.3729998575099289
2.0023659422421285
5.0604206377559224
0.6677816400575854
5.9578256426229821
4.6313713425833347
3.2470617853745209
5.1704760723995902
6.1378901114975077
2.3183452648513789
3.9018565972691674
1.9951287156170396
5.1269665233961916
5.4377865578197158
4.1104691118217582
3.1806577276269952
3.7199424834173320
4.2866907326373926
2.5559412777984512
3.9867607112574914
1.4458956386468138
3.6268289044704347
4.8576082499439268
4.1316373581361479
0.4080078233378480
5.9713128622386185
3.2228396923174323
3.1974633329628439
2.0414612165153225
4.3238773571443794
2.5378003847341102
4.5468976305099966
2.4777852729531387
1.3778885855058034
1.1950453305846298
0.4303075674373943
5.2303393588416682
0.1824998249563619
3.9443493671853651
1.2653658311216878
0.1576021489212078
2.8991784895867232
3.7894562105516463
5.1182232764125066
1.8199214862320126
5.7403551672641102
0.0194719448420398
4.8095310880155209
0.9758677677712890
0.9100973054055994
3.2246692815392821
2.3130998014049218
0.7343524834885241
3.4316433860871385
4.8624006338291075
1.7009578278879265
1.0792850043291167
4.6198537770012917
2.4204690103310695
2.7403413531695895
4.3717893211983663
1.8376317345618367
5.1020908304069232
4.8544282542797488
2.2839126188957466
0.2997796000100965
3.3595684531363643
3.8230468624873502
1.4760135009968691
3.4780667000200736
5.7267654655135036
1.5477256997595110
5.2030671450681094
0.9602332939239118
2.3474815960446112
5.5533833130384451
1.4971052484403753
5.7658696811666035
1.2015733560013566
6.0214821824276852
5.2761748480765069
4.1857291825249483
0.7918612835767511
1.8569944486569678
1.6277617472109049
3.7276942969926585
1.4034695631645027
3.8192066013765396
1.1927232020560965
1.1755029253467821
3.8125124351325166
2.6488746459710448
4.2969161849192172
5.0301900846266072
2.9992665291235134
1.0592725240437906
1.3173754325387497
5.0668835236334351
6.2001407241776407
5.1400554374677121
0.8699081497092772
2.0759677385337718
0.1256386056999187
4.7702559476961186
3.4182882482773054
0.4910845803400279
5.8139895490779780
0.8671999375208765
4.7624984747368080
5.6353156432409550
4.7083091249372817
1.3668215014543017
2.1973814260098714
2.3254509885775128
5.7598658876534836
2.3780074975283307
6.0370712514706018
0.3657532269561610
4.1180290648007247
5.3420934006041874
5.4322440053368259
3.6975215910804118
2.2724051161761794
5.0648666525693713
2.8865126653552560
5.7976992280044186
3.5388667211663534
4.9066984486384850
2.5846570911851048
2.6475901910013393
3.0154806633611440
0.4362051169600135
1.4941887230362072
1.2012996487983383
4.8286655930719906
1.9441094656877564
0.7477531405207680
5.1523666253709726
3.8057247540414090
2.0920476138491697
2.9246284313118918
3.1249413625943929
1.5506764820247274
0.3322897204639224
0.3607434854095539
4.6224336047882426
4.4083505156135550
3.8668606108115631
3.5323841586282771
2.0844304593953371
1.2445833587477630
0.5295450105862315
0.9494959662161755
0.0922016085434774
3.8889057081717384
4.7109125233993234
3.6536007463277551
1.1214989307594798
3.6202175054461265
4.8174503831361042
3.7736874174754207
1.6628709249875804
5.4129148404001315
4.0610731234944177
2.9935079556110558
4.7233754360275375
0.9958029891814353
2.4571088767571165
2.9479554730017332
0.7793535187817926
3.8926002797602632
5.5922502138062384
5.3797683047229281
4.3907706467830252
5.1975037733588669
2.2480553343038983
1.4898071933602481
3.0568698683151485
5.6286709660434928
6.0426320172842392
6.1590408379311485
3.9583173070688082
1.0476893152421705
5.9753425946730339
2.9897084771196254
2.1188414645173501
4.4489419923335269
3.1090039176217061
2.8266118037823880
0.1467032894577285
2.0239771187040314
1.2251171811721751
3.6487329217805828
2.0411320261111721
2.1493152399509161
3.5615762969167113
0.2423130093004544
1.9732714888017879
3.3660416910056585
5.5546220600452036
0.7893926772892356
0.1872726551263676
6.2367371416714077
4.2041474073491125
5.8760808487473080
5.6792518447193059
1.6804701579612824
1.5223880173610662
5.5179757547548745
4.1010117870582565
4.5791893285071019
5.2483323749321213
3.5882630072114696
6.2647641450709353
5.0209496754615417
3.1381240213566390
5.6471656740263620
3.2126493819441859
3.3874673387098833
3.6985830800762263
0.4757894058344002
2.2087201282581579
0.1953965444865363
1.6047877934439345
4.8572729300682802
1.8990976897979079
2.0832671610078872
5.8433904719931853
4.2653823776377982
5.6246149689989577
2.9521006172659408
3.4423921198984919
0.5346506127406970
3.1004906617334376
5.3707393333323603
2.1313428160368213
4.4279759973351753
4.0607318021717758
4.4096491071363895
0.7020629427651540
5.0326767648607191
0.1907771562082287
4.1338919288172793
0.0932686644015256
2.2353794671396159
5.2786720544698698
5.1958249457366019
4.5946054739803195
3.2144346215169208
1.2705749008761058
3.7231913874441962
1.2454416611977159
3.3683042934662595
3.8446180019201761
1.0611631394186305
3.4399088100281130
3.5691110830379218
0.9103982458042401
2.7671374850471491
0.1805120700454169
3.4934629344037202
4.8053813800208047
1.4033545484891172
5.1591452079821760
3.5391043351094118
4.6539891820862289
1.6172772973755773
4.9269852413180537
2.3705030568162515
0.3410914314896655
5.3889428643287518
2.3411052054048431
0.2828764737196059
3.0596629030663687
3.8574985877902943
5.3619441297806727
1.7819776036664796
1.1856004377590288
5.4764758645566332
2.1933084891443739
4.8822136578115156
0.2961024315197756
6.0376895938042088
1.5576506499025569
5.7877492543106079
5.9616715057734648
0.2769732801322173
3.5191000090855251
3.0671952630119268
5.9465460430852692
4.9309213230942452
4.0028860493565777
3.7310706300610503
1.4824826955581563
4.3133336600087091
1.7866887004037899
3.5398777400499877
1.8729274070973170
5.0807204153816707
3.6786982726055251
0.5292084739614554
1.5834451015673272
1.5950684793060559
2.0437110572928607
3.2133236423214164
2.7818753668447096
0.5848713037152571
5.2156320375422762
5.3334378310223132
4.0713780066887635
3.0216761178156490
3.4998245164128026
5.0886169727528561
2.1981680628002271
3.8246078984255489
6.2012700742101785
5.2390326853829325
2.9571660381446350
0.4626469835672575
3.2704047269038723
4.3941886557555803
3.2438758473109695
5.9866819998324310
2.2911189317942329
1.7181788739718979
3.1612756596312579
3.6439480350722846
2.9618060840022689
2.9665232960875008
1.2787481762836752
5.9335017680958133
5.8570759690068996
3.5843068530369950
1.7265341716884792
3.8645239483385572
1.4804292681481257
5.3528351686454556
2.9068582195354580
4.7641004318686058
4.3293238295835739
4.1544471525810112
0.3119824203228779
0.6078987379050873
2.0501659295309693
4.5905282003263892
1.1967062884606456
4.1957549318608258
5.5834659582793948
5.1418843351562646
0.8066904810321912
3.0114145865992850
2.5818264073434065
2.2956026457506775
0.1886225291010361
5.2875285489604869
5.7618170929687524
1.9004339040756273
5.7340654456393301
4.8916180670699712
4.1873350473318069
1.6908692486833452
2.9272801867037779
1.9584577524686628
0.1194577734771903
4.1226491240347931
0.5615825250282320
4.6082381345082082
1.4535576368540473
2.8321178966662255
2.5984124243562454
2.1965294033756777
1.5853049949127789
5.0966171115890511
1.8595573297756620
4.8979140501869001
3.0827937490360822
3.2697185606934642
5.4862672623541213
5.2081737049927028
3.3104779517663729
3.5660120705127061
2.2957258739605475
2.4563831176160851
0.6884428887222899
0.7479107899162425
2.0807497653982412
6.1325625599513849
1.5880706252412169
2.7012095788110901
5.0106094071857141
1.9424214520304268
6.1600768498318272
0.2015746239887155
2.1609980336701646
2.9266525110314467
5.8724546763980543
6.0603753515402312
1.1830428217145945
4.0263879887779268
2.6419304845143059
3.3624234670537532
4.7953216151935276
0.1414677726792695
0.2480389024566322
1.8557375625399597
1.2007164845846237
3.0431472095212984
3.7953557945439655
1.6060605491679567
1.5193421334891379
3.6016071595589150
5.5962145774340035
0.1878941777621251
2.2237338484680929
4.8523973217564720
3.5701613242828794
1.9684119877622344
3.9959376459830822
0.0275554512114286
5.1014373216151725
3.7683246520327933
5.3138663027340849
4.8616893761319675
0.8817521761076101
5.1769210024973953
4.4693093802416763
5.0156572831315129
4.2118324858811604
0.0781760512943293
2.7235251215967837
4.6470433584132440
3.7664517996617684
1.0950692326165921
5.9406089246136045
3.8357215395478872
3.6854362356571131
0.3837850406107562
6.0904525538365242
5.9299753023658948
0.1714331109391059
3.7963148205429293
2.3825881746745674
1.4299247988569348
0.7102830021505172
1.0561877176471637
0.1868298789799546
1.8734040552554221
5.0588029108402273
1.4953876344985559
2.4100939695134800
3.5184448938896606
4.6961175369909043
2.9226443057568234
3.7324266274969364
2.3235431433254066
2.4599307071345962
3.2259197597383760
0.2944899941713203
5.9854452861568204
1.6959111909542364
4.8105850335838163
2.1942010352540731
0.7120843470121784
0.4706450591608627
4.1384402171612553
4.8890170457058870
4.0420625905217467
1.1570315551008565
3.2657453034956849
6.0836590932374657
2.5738353313620852
2.1288932386666604
5.8797421833256411
3.6270738048348590
3.0729680812509486
2.0145500495566857
6.1887745076068112
4.2292549460038185
2.3511886295443993
4.0131552147807854
2.1876375165906183
6.0159398856147916
0.0214714344583519
1.3166262293574791
3.9673059632065448
5.9090814805165071
0.3651996427472557
4.7084083111399924
1.6261488725587550
2.6203745140075330
3.1832414817943824
4.0122532948792049
1.1428879128269753
4.8021112521707634
3.0503939843634482
0.2916919978857637
3.5247362682174281
0.8651611506735287
3.2543000979578753
0.5135450912791495
3.2102537978765384
5.3204920058291796
2.7351708782676805
3.2126819879053787
2.4969229136854958
1.3181370646924166
3.6500007137219361
0.4865968658859349
1.4485570770700600
5.9255579648386920
5.5986599340350409
0.5129755702066351
3.9278437124746239
6.0041972317410304
5.5716538020908830
5.7974860507577164
3.1779491567715046
0.5619597370031757
5.9979871909536122
1.9830883768506415
5.5870394223020563
4.3756781803101363
5.5267430878982822
0.6390136725599092
4.0260989796957931
3.6368398308193552
4.2308874286199778
0.1803681536502812
6.0503905129487672
0.1203501542776967
3.3898503932163684
2.4741512420880238
5.1446596514381282
4.6775319648197176
0.7017995981565900
3.9475525064580643
0.3743822760386156
3.6195332797891702
1.9646983515874987
3.8045244970980088
0.1100204286046282
2.4768925170352416
1.8241733146695855
0.9608382277920762
4.6534834762149586
5.8557834800946029
0.4179223084119677
5.4930068290053375
2.3693669188484088
5.5896263668981847
1.0475440402521572
2.4857943403465081
4.9710020826320092
0.0276236636155009
2.8921638880784291
4.5128145985762131
1.5398460710103381
2.8765093072044552
2.9696010391450494
1.5514124165917333
4.5626073752954310
2.2715450781279882
5.3753042598439373
3.7512345841526917
1.2265532816418303
5.4885201418521161
2.4974512334416907
3.9470128409532461
4.5253142050918340
3.9469440632336332
2.5317662367658107
4.0488787855001940
2.3543854945378051
4.0848229270929242
3.6161623710385062
0.8518017275443837
4.5923504101972616
0.0725644636052867
0.4911269283525257
2.6508533686275322
1.5143514053766371
6.1322608866245716
4.6563845019955199
0.5354488780628133
5.7311573627377808
6.0909620102765496
2.2394091555259230
0.8813385317082835
5.1773638580650951
4.6714558738107756
4.6540620383403288
1.6301417061501875
1.1213550093374027
4.4263372293135763
3.1172811274768528
1.1237816693640790
3.4764848691923440
0.9724610240484853
6.0087427524099342
3.5684980776222037
4.9633518434449488
0.0910613194414243
2.7666539799456458
5.1117336971305516
2.2022520035291708
1.8090764697265982
0.4243611995668244
3.2603635167836016
3.6448951271764152
1.1101095407927832
5.2185541846624695
1.9250845767808618
2.7681734539913614
1.9325378891091292
6.2287308875396450
6.2104170212325762
5.8790415903738875
1.3005758707894692
2.8604440131550550
4.7521242997021105
5.9754896340020300
1.1377253915578529
1.1806077722578627
2.5032058625421874
4.3922035912985891
2.4581506007974308
3.9899929674443175
2.3949155065982128
4.2608708745279298
4.0183315775322495
5.4741110678664482
0.1289695688311357
2.5488852706559841
5.5205989399595916
4.0312217442773761
1.6957037223311238
1.1093471294507098
1.5315798805421494
3.6731186674537244
5.4529239384735231
1.9030976405793703
2.7884362039608299
2.8068609630519781
1.9192361612973341
5.6558231329530564
1.0922684637671680
5.0790107925917809
2.8708612775185376
0.5375853129971508
1.4268110944733337
0.2330492910268397
2.6755091795420385
2.9124145189566710
0.9173973427052555
3.1399348186939777
2.7444353748364270
2.7692351477451931
0.6356761823482550
3.8240771069867847
2.1327088099698877
5.2042943717645880
2.4870605442782749
4.9295478646498632
0.3705599939316577
0.6365222462651740
2.7863760405525921
1.8950459621737978
0.9477605215619234
1.1744115014065486
5.8346201333493974
1.9410734057897194
0.6927089694138472
1.8650010363712273
3.7107367337138357
4.7420527508812871
5.4707132268142020
2.2869614070553448
5.3673231969538167
1.2910271195968073
2.8555728516844829
0.5896268557200158
2.7497303795884909
0.8028206697150539
4.2907489325585262
4.9977879065922535
2.2482918008277837
5.0412699313557932
2.2803582495863672
1.0951128493058702
0.9847701626313554
1.5731058190007119
5.3788365955843389
0.8494468036154585
2.3025382915809147
2.8140632908462018
0.0705604891787282
4.0186326528230225
1.1923063252343007
2.9877789986117236
1.6882531105533320
5.5385131499711280
3.9877958117107708
2.5701260952098868
6.0925721883166188
1.1092733127342946
2.3249052312969245
0.7941908017154107
3.5531615269610284
3.4473658711025807
2.0104065444549484
2.6926964829275737
6.0651572540669463
5.8929294933481025
5.5109285066021929
3.6565555940863246
1.2834793745922308
5.4398003661581313
3.8729473446472200
2.6060033588375067
4.3237931102538720
1.3278433086300954
1.0951730303285294
4.7294873610630219
1.6242184963653428
5.4859181941002353
2.8773432388486579
4.0872621112129073
2.9569507948517937
3.0640323536401928
5.6164247305602180
0.5364015528795445
0.8565457810852857
2.4116136062104818
2.2923095321406155
4.2149089769696779
2.5323200202138065
5.0803249210724370
0.8047931969429375
0.3026750452865463
0.6329480030333546
1.6120737048170222
5.0228772659568346
5.3938839507508458
1.3239733064522974
0.5290695321295557
1.1571141809430616
1.3428458468362012
4.1816971744491944
0.4441014043734045
0.9072509720026318
0.0148337396759539
0.4833205274757648
0.5334296664239089
0.6642238453217212
1.5191679622617384
6.1710533303421684
4.4474791593527527
4.2645016071015345
1.1810392382213748
3.7464856343408948
2.3637023271056652
3.4617777951020270
0.4140020746544902
5.0907867831560827
5.3892778949012863
3.6933298708717590
2.8908624158962417
5.1504495827862034
2.2913794514373436
3.0835357685598264
4.6089590741991913
1.2770610463211503
1.3547518525923596
2.2190468843901696
0.3861278391221704
2.6138704102751631
1.2249673849495240
3.9957371869738547
2.1247020646336923
3.7610241419049517
3.7792728842476988
4.3149665955335594
4.8936218453991760
1.6670288192187837
4.3926523121087779
3.4091474282396259
3.5986822337897144
5.7988245616305001
4.1862636906773876
0.6525470308268218
4.8931331436404841
3.8632263374103428
3.5749595146523281
4.3374053863476414
4.2657630038926362
2.7992310124925011
5.5176322901468069
5.9288276386097838
4.5585533711352300
4.2242140201325640
2.3139914302672606
2.4921904513958042
0.7254394995606297
5.1643970191069641
5.6624898560136563
2.6831259729524510
6.0136106857248981
2.4560317675390055
6.1605535435817913
5.7792603857903737
1.4437177724500916
1.3501345929907578
6.1265513560851401
4.5422390023480412
6.0375561621143587
4.3108344314076374
4.2938513329657955
1.6086773005879083
1.6483903916530489
5.8530333792558844
3.0410802847645408
0.2195283361069222
4.6907456249856336
4.2538337172184528
2.9861208811304403
5.3438672799230096
4.0710346953166896
2.3217674234875179
1.4971535248435595
1.6575092368287729
2.9390630887599873
3.8404655780410941
4.5302720783404151
2.1232671714736546
0.9087244214346820
1.4065426930995035
1.4066658602463578
1.7779509945057315
5.2219194623019964
4.1320187385306619
4.4320210612873980
4.3937894735299272
1.7593366068227738
1.4318155003339088
0.4346117559664788
3.7287623363666422
3.0981867980535944
4.0244641973130069
1.9304992107692978
2.2377605988328098
5.9410432813875440
2.0203122017650865
2.5647708816110959
5.5548992199250122
5.2623931043241168
0.9243236150465047
2.6393846123693199
4.9666739032118992
4.8701898102772843
5.5344501844868157
0.9889048318161349
3.6683901187139676
3.6704347960834336
3.1918080014839880
2.2132652173706484
0.2439690182601996
2.6587825447712725
2.1239965713642559
4.1051638668023021
3.8943468494417588
4.1620356025779905
1.8343878436952521
0.5420594515160635
5.5801076960646281
0.4023650356217200
1.0461853372689660
3.9347459861323157
0.0938546417793270
5.4446157896165648
0.0143215451712912
1.3004081424317959
2.2256365857011216
3.5980365935634628
0.1009516866757654
4.7931146706337442
1.0026235002934565
4.9198859005363182
5.3192868365213366
3.9738752817441947
3.8059112764493013
3.3260923889420582
6.2653311025947094
5.5659880348044011
0.1542317601505100
1.8169066161706842
1.2505473295579883
3.2740760625825973
2.3169089128614919
5.1026097622929827
0.7501558570192799
5.3162279990392829
4.7994147761159605
2.5591984190130237
1.8404127644655197
6.0203811311316455
5.1650483096859015
1.0501545434597563
4.8062091109096210
4.6481519804424947
0.8430344167961121
2.3356576543660625
2.6965338185575383
2.0513467479973015
2.6579842464567265
5.8497558274846364
1.3019809442745196
2.1747685692558205
4.2989566121999392
1.7665386082351999
1.3657746509787907
6.2514126186089927
0.3830965390014451
2.8486654378195477
6.1654001915063166
5.2151455462927645
1.7713843938392038
3.7988628095924364
4.0541801568576279
2.8071306157787221
6.2383125531059012
0.9873943416212664
3.6101328267438633
3.0351592189821619
5.0008153808892715
3.8915488087509438
0.3134935074539826
4.5746413370346524
1.2295541371463283
0.4805607679001717
6.2644058769082820
4.3874507396939411
1.0544216768221832
4.8526525470447748
5.7628976064673925
4.7341830944514083
5.9088759084135152
2.7636995065868444
4.6991400313928420
0.1669221807705843
1.9227436631705246
5.8135157811492206
4.0023407680159666
0.1999815860940221
3.6211946437052496
5.6954748077836390
2.0357762762624980
1.9074741646123028
2.8868540973246564
4.7939427976333420
2.9428680639568885
4.7396849260092830
0.2903895990837502
0.1113032503722804
5.1461527096888693
0.7276615691122411
1.6942856374222699
1.0749184211208789
0.8677187448382940
3.2321259226916719
5.3203268900416720
4.9630262567606831
1.9732898400628698
2.9337405369638994
2.1920101162439609
4.9218589041965259
0.7634004840862806
2.1621942559117482
4.7700491387902346
1.1933026339575603
1.9343220884953827
5.2571969606957918
3.9836537398712459
1.4710913682329101
1.1768360966855318
3.0857505418998645
1.0773265649326342
1.5870439869473627
5.3473099657740777
1.6896216973396014
3.3661108107129936
3.7144318518795454
1.9434731542326851
6.0977182965188064
5.3946339324589809
3.1954781327908299
5.8775321652632408
1.0797904484405001
5.6951536345528373
2.5879430948342486
0.2360833848285243
1.2588526116605139
1.1482596335470707
0.4773423779782313
0.9364794079310802
3.5766014655402705
0.5713847009222145
5.6357757307551788
2.3045154559398600
1.7418569194268945
1.4523311109994932
0.5469798877991263
3.1549611114067955
1.6603480029286992
1.5475757817163323
6.1435566808501063
4.0220822913620440
3.1235568151800828
1.4584021603969797
4.6487087578667463
1.0989478207992183
4.0992430068547190
4.8666816791167076
0.2891835551444552
4.3822190344011718
2.7091722129750777
4.5621884750270318
0.4118008562069893
3.8907858328777114
3.7239433956470616
2.1693899904066067
3.3770916820483889
3.1328348773507639
4.7131711312571376
4.4051443804522687
5.4653953652824425
0.6381210546817486
3.3408372127027621
2.9788834018344139
5.5791076853163828
4.5861477175473429
3.3955912721414769
4.9160162664843492
1.6575979038130559
4.4704058481762159
4.0487376666267192
5.2539246241533659
0.7490246540657627
1.0893182503795944
4.9381874287231611
1.7993619300342156
3.3433033936677830
0.2581052175470227
1.2088773905274985
2.1638394831468943
0.4783437080909541
5.1817990668690852
3.1583877956457966
3.9018962294276665
1.9325504003934817
1.6512629357908493
3.2646000054750974
3.0913320715312964
5.8531654725754150
3.9744947905499388
4.8587205915756977
5.5668396719380402
4.2806418805941062
4.3032018477494622
5.3909406443729759
1.7310769697551431
0.1702698626504036
3.7924126635413762
0.8308650346690937
4.9253691154246191
6.2307588711200905
2.0779513644770264
2.1292764098443255
2.6365710257004600
5.7409580270876770
3.0568455114158097
5.4948812168193344
3.2087437300363786
6.0183972721895636
4.1268279203977105
0.6822827589608810
3.7646827775626472
5.9289923651311103
2.8787994043873208
4.0810669682741878
5.5674745821003890
4.5877670026461050
5.1988869569884848
5.1216050376672229
3.3538449178545586
2.0658127757365650
5.4153979436444333
1.0490410222535063
3.8829581019884074
4.5220317315427003
3.8247481541212616
1.8781487470838496
0.3928454945469103
0.3984906007970329
5.3275232751341335
4.7657623641011222
2.2269622627413970
3.0678527946924561
4.2315947533030762
3.9584460699862953
5.9854408550691405
2.7850590034379623
5.1362942682681343
3.5772826436017904
0.6549145369957141
2.9466816184399209
3.2509427437339102
1.8442875756083033
2.9220061263422741
1.6763994906702908
1.2690102281354887
4.2158984605701795
4.2959948158052290
3.2556215464539089
2.5537833514175281
0.6099891075171037
3.5425942641351371
1.2004952598826064
5.2582904733663707
5.1041580850292698
2.3379296522788859
2.3448947452037072
2.7903543500210599
1.2294473708249420
2.1771868245421944
3.9965902294466278
2.0910941701231156
5.2878460780024925
5.3916266721992008
3.2732943839267139
2.2423340290645251
6.0500320064900013
5.5969377577488055
2.7423648497397233
3.1468801728503966
1.7400285895111960
6.1905464792693152
1.2369071117702386
3.9885342881251837
2.0131917546117410
5.2583454113341608
4.5124996956425143
2.2354818025013921
5.1866069066587297
1.2485554164211552
3.3188386454999907
5.2581892839514426
5.5589560561094071
0.5230998808900259
3.1391578997237710
5.6169232980912529
4.0384317054378087
2.6331024116941100
2.3880066516925011
0.2993946769475536
2.1832061406183962
1.9495808611236798
6.0532625573225562
3.3682719651130295
5.4917489077253334
3.3669385310482949
3.1658413119767057
2.1121090788050987
1.9886133008289926
2.4367709263492072
2.8878784152043244
0.9044065049908682
1.2505080981124739
3.0197446079812504
4.7657807871450695
1.7550861466131942
3.4974356498942818
1.7724901775758344
1.7778158128393360
2.0746986816784601
0.9060867584143153
0.4662640802344439
2.3191742095021635
2.0695495220060134
6.0252843461016941
3.6297193276623902
3.7331593068536510
4.4769871014424867
6.2566108450883089
3.0324907843176532
0.6276324471081322
2.8663552957446305
1.5465439256154878
3.3255868678328846
1.9834568002090360
5.0989974349649216
4.8435188652278418
3.9744957275770676
2.2949462099226405
1.1394857712744371
2.4291789719997676
4.1879962102702519
4.9443584894641388
0.8979944845714294
0.7605172983142161
3.7460130546247141
1.2413511590475905
4.4251787314414397
2.2125442244629494
1.7584730940250817
0.6686826033203724
0.5345532010801926
0.7629352409985223
0.3515004202097529
6.1562733894552100
3.5042162288481848
4.9165367378588387
5.1859892911705812
2.0854645660064373
3.3661928586558982
3.8501719962113343
0.3171300646451387
0.5036859842825470
1.8586369648904759
0.1464923722405273
0.8447927379898892
5.4595839263262258
5.6136165500778885
1.3688980608546779
6.0327879168878074
3.9115654529348145
5.7643096057989673
4.5991090875168190
2.0099995620408784
2.5535988583660267
0.1128110625757337
4.3143621972029216
0.4430493839353521
1.7222521668941884
3.3379755617864086
5.5374536750519221
2.7324098500104674
0.2009295162091386
5.9001232429271555
4.6743133493124036
2.2799605395750784
3.4977071186518240
1.8144066059274129
5.4770957173569137
5.6394365873760206
5.9053094289607211
0.5695070769896176
2.6113733853705012
2.0404337985487917
4.4306993447288665
6.1340543382612216
2.0427383370552237
2.1333679278124644
2.4677143914841011
4.7014555495736774
2.5243373435686585
3.2432556083464847
5.4250567232390248
2.4374065563349769
2.9888740130538625
6.0790942560379335
3.8622821202900117
0.1057377694504257
1.3718799980521488
5.2017252478983060
1.0649109137458532
4.7931693297146243
6.0137718897531354
2.5530151393682150
3.2276362090389212
2.1078718425601215
1.3759626967599186
0.7585874277243191
0.0184913957696477
5.8346153517008013
3.8770201227314889
2.0347764418821428
1.6154827935593754
1.4363339735880316
2.9420142007483125
0.2402627638050971
4.2468140170611868
1.9134848000834142
0.6640482382871780
0.6276229746699251
3.9188659852553274
0.9564908501007747
0.1099240741205554
2.9414445489788372
2.3361210803142129
5.8874948563645342
3.6062044390693133
2.6875689119407324
3.0802261718963062
0.5921426599860312
6.0717730977419153
5.0268360497432711
4.7839297186295182
0.1507703498828866
2.6879313000541374
0.9522659076177974
5.9831037326177450
3.2161302108296597
1.6635969259305299
2.1028221637924425
0.4033510871935024
2.8340743291257300
1.4646626536487781
4.3116532130961627
2.6409627232004418
1.3291301325327889
5.8218545333620426
0.5494913598438516
5.1761683748918594
0.7837148215421887
2.8850522839051256
1.9544932084594566
4.4182667343242006
5.0597205436905712
1.6122611970617213
2.2718420942071424
2.3546085369851628
0.1470969304888186
0.9688480475562418
3.1260079427196876
4.4410846538486073
1.8377453427918420
0.7617432201955668
5.1219549424773501
5.1092833453928543
3.7779657416517889
4.5708305144611696
4.2292893917894254
0.1481723784092737
2.7534825878352542
4.1054807801197546
5.9443376924959361
0.1884367419764056
5.1705828867374013
1.7031151730609624
2.1857939451805577
3.2188692549427231
2.1006451243390654
4.3115926530863193
2.6102925924479652
4.7652272903758011
5.5620562156933868
0.8208368005246721
4.6291435344494767
1.1493695518868567
1.3949793310339964
0.6838209348032717
5.5070326903425029
2.7879213571074248
5.9926330674031911
5.2167575975701448
5.4643683117913966
0.3374073849326245
1.6576666691678044
4.5681339572741582
4.5769299823482079
6.0484766679088020
0.2494804901028434
3.9497372625659306
2.6225982165990707
0.9742108991687120
3.1477374237449598
4.8856576815946626
1.1601817941924724
4.9975941757612263
0.4648520974819952
3.7732122879373846
1.0188188886870650
5.3050009870382997
1.5350565965642686
1.1091164034647527
1.4417215677303490
5.6028790943436064
2.1309058256321749
3.7801106608065980
1.3665204874717127
4.8372665857313573
2.6301159034574892
4.4272565015425069
4.4831959783923310
1.7144069319894431
4.9115073268739051
3.5704159736594425
5.1138689936355410
5.6946801700856167
5.5546327354582861
5.4132816615556409
3.8314800400565820
6.2559314889482787
2.9582340007367707
2.8340445311431113
4.2201794184719246
2.8950055039238110
0.5180299167846794
5.6922921062556222
5.1434948185259559
1.3515194900990459
1.5915476403824598
1.7813269348796248
2.7148932604062379
3.7650459657388500
1.7214921367690883
3.7764725154591012
2.2447533327936102
6.1001791068547027
4.8976192557152407
5.0656891732385221
2.8086247758889229
2.2709399053009318
0.7578531513236809
4.4907979138804439
0.3130371888778934
5.3240858769534540
3.2441339435936838
2.0083550419764089
5.9718309170111192
4.2956072560649465
3.4642078400814520
2.8778196048908531
5.9103588600616419
3.0515983523317480
2.9179694661737101
4.8066749544671765
4.2444575257145143
0.2132547415324794
5.5456172266980008
0.7668370922468408
1.1179067852518025
1.9435846198934723
0.4227248821471036
1.0357230638084312
0.3336758846564476
2.5945564325454362
2.7941553706781423
0.6058707099160112
6.0722039961269711
2.2189237443080123
5.1376403095525571
2.2834771127923164
4.6169150316885483
1.9410908028460716
0.7221977699330636
0.4384667101437003
3.7444928456889874
0.8848363942032532
5.3833112146647286
3.7560805380871281
5.0813372287707370
4.1454275256377153
2.5729234769148528
4.9856906024535323
0.6141615633414134
0.6742524177146533
0.0896293613032410
5.7794581448318070
4.9587939836184223
1.2278752899406775
1.3218705020158579
1.7950480399469102
4.2343026112167772
5.3847383501051951
3.5901530290963826
1.6270166194365829
4.4360794588361161
2.8939482832339651
3.6187140822395842
2.2738256932236940
0.8827262730884433
0.6944305463438332
4.8675930416964066
3.0392405496497927
5.0990584842705271
2.4519690514984802
2.3488790938668203
5.9661681388099836
4.0918175854737449
1.7149875682824480
4.9726509299846837
3.5789280506233623
5.0922925184264569
5.8845430046908120
4.8097497829824789
4.4543515880969595
4.6222101773685607
1.7127888853865683
4.5650275405207337
0.3431842281553188
3.8803614754963429
3.1996849795658395
2.6291795119925041
0.2164619857422188
5.8621490530710911
3.8518300910622267
2.8754460769430326
1.3270018493164790
5.6925992418207141
0.3432832519927538
0.0916294219102854
5.7502005305415551
5.9144864340075181
0.8239196588799655
4.9234763180775909
0.5431145494459002
0.7544606579912829
0.8848392053807902
6.2183993395200456
4.5414127464534637
0.9919862059577216
4.9848778425885536
1.3879309463980574
4.4020316564236621
2.2529103911903983
4.0085732690290428
5.5540241632607001
1.8130529464493230
2.8369738029625906
5.2837181534319271
5.5273560862420750
5.3578030938652699
3.9968915676840711
4.2186080309482090
1.6455134441083499
2.3508302450118310
3.1938185006146189
2.5463481536720933
3.2491146208595110
1.6766779375820950
5.4298301767623984
1.5595268554492900
0.0700965447316789
5.3479666373739434
6.0305572313185261
3.7295132397029054
2.8844132711769612
3.0051290483225643
1.8244039538187531
4.8302287608074890
3.4153197672316962
4.8357920672057482
1.5390662591039510
0.2058381600446970
5.6406446459671917
4.3387482209380517
5.8707682194467896
4.5113224878284859
2.0317174158504581
4.4493245541810973
5.1415228045450014
1.2254433634722388
2.1822987291903058
3.4167294306818095
6.2529063207570852
0.8461964665066625
1.9942726422337538
2.8184040586644654
6.2188086567014915
2.1430347941862147
2.0606399650242673
5.8821155543333328
0.8358598151447547
0.7806612828008269
4.9277184880827489
1.7349366273061768
6.1144809575100227
2.0061049846801775
0.8625361186321703
3.3649312898728256
4.1423190482152359
2.4851775868613895
4.6803880095268751
5.4970294175088297
3.3710661218787652
1.2474077547299358
5.1646279827288257
4.8700440204748938
5.8912496683846394
3.2923383093748262
4.5319424369709198
5.2597020126553202
4.4733082012043148
4.7958259836585917
5.9823364125736447
1.8985629232540728
1.2293715521195676
2.2964375765496090
4.5283198110485028
0.5964814415209408
0.3688869747501576
5.2337543411680301
5.9917044712086112
2.8038184090191516
5.0476834733900287
1.4032937225084676
1.9064259716314904
3.9394217862419407
3.1043545355823974
4.3900045815391913
4.1546106555228972
2.8905271019060761
5.9893890402234620
4.0137271751632220
6.0355276234697959
4.9402850065678781
1.9927308249586630
6.2485237147159323
4.9412906680037727
2.1659930326464889
0.0039772380335178
4.7089144282504085
2.5880760347104319
1.2021582266856523
0.5385136193779865
4.6231923689752898
1.3600985106281622
5.8686634346980586
2.5355125557833329
4.7232504848342360
5.5015772191961183
0.0083688171763554
2.6810347654956672
2.8624207306941187
2.4692421495493848
1.8371005050902176
