5.8329692322153148
3.8393113624099384
1.8381115504136656
2.8956918660117870
4.0584581772360666
5.8081751333475262
3.8128019379043652
6.0102384400753284
0.8363489879718023
4.8768117288559241
3.8429167500215149
3.1718184532092870
1.0361864618463503
3.9778194173797505
3.3956491932728619
4.6940678488079168
4.7191470305201637
3.0705063838969715
0.6955569730074194
5.7317331241383380
5.8564249163017745
2.0468159115635070
3.9481226060279417
3.0095997471108635
3.9324671632035337
2.3243321259899048
0.3426807552823568
2.7645567273991709
5.5246875509050763
1.5120473752406840
5.6825661461078418
1.2659860599698973
4.3126003098137984
0.5802422789486307
1.4455566971660017
2.5032504889848246
4.6453662301337078
1.8328338503049870
1.1583698270482081
4.2544905580560037
2.6374444228658671
3.9415317848785083
3.4959416726536046
6.2310187033208591
3.7062959256835613
4.1325516728941922
4.8720513356979938
0.1555157103626413
5.4315819941851649
4.8157731159702557
1.8357120620489864
0.7816754561682618
2.4598060747611639
1.0516367347185058
0.7219684557128458
2.7539798695096058
4.4059985930721437
3.3643416380506230
3.9408573415224613
1.9549740554439483
4.7338364166897051
2.6862710911031233
4.4736588269446775
0.9746503270787336
0.6194733640999252
0.0519989006558460
4.8481287194724771
3.1021464452349616
5.2529087552038867
3.7868438403913540
1.2841291191319493
2.7573735535887365
3.8386480856305276
4.6759431578153396
3.6233953767756142
4.9649318293585702
5.5548736294439784
5.5527200307065865
3.2256990293588172
0.0643539554359439
5.9846427840297549
4.5687520775548798
4.8663715729187267
4.9782113710064815
6.1333160078952922
1.4067955271016357
0.7724387099750316
0.0839254374230269
3.2407058430733331
1.2668320329932132
2.8132294500310935
1.3931074579857363
5.0046998558520777
0.5120632410156809
2.5844114002673622
2.2721752422109880
1.6331771078055961
1.3130706448609730
4.2660330069787751
4.2941121111039626
0.8457711374491357
2.8875556025077294
5.8973869187229546
0.2475259700796515
5.2694997006665432
3.9902140889593309
0.9542304827015305
4.3857155503615859
0.0937268083195705
6.2084986772390227
1.9745886585506032
1.7792398656324431
3.3917897885500485
2.4570201288202163
1.0011206935860348
4.8087659178744087
5.0856427754832341
2.4644932223736253
0.0986441008640703
1.6130480451325873
6.1108387506243727
4.1805655070442782
4.6566884045788042
6.1705365365157432
4.7153562214038240
5.1711748186431512
2.1884697127758588
0.0046010679557506
2.2734765774744550
2.9909158681978392
5.1428905270919323
4.0875418562045116
0.5680057829605811
2.6663833912795147
4.7778791405750827
4.4801059131036514
5.2004567784534688
2.6661540198896398
0.9325499164975900
6.1949648760270852
2.0247336940141465
2.1798553007671004
6.2230056173625323
2.9530686753820192
0.2354556368851192
1.8749136546249747
3.2406852660595993
6.2556848463754937
3.7190099811896817
0.7256338989259024
1.4431427027121269
4.4879933026984169
0.6021286585766844
5.5542174318171122
5.0110195834608495
5.7929070764978761
4.0090676907047138
4.9447594026339186
6.2351660302909213
5.2460889546448586
4.9950069865700133
0.2893710767415281
5.1194236293434185
0.1745758303079967
4.7470395521007660
5.4642942250066096
5.0470777913562141
0.0558124057102011
0.3676057776554042
2.0187615018566083
6.0442692242799421
5.0665066926612914
2.8443448999874361
2.9373096227861533
0.1143131442004088
5.2709198753689819
2.7910154982645938
3.6537928506542641
0.8019803459426402
0.9682565325016370
2.3155360035441035
5.3160339075506746
2.6675734311838810
5.6240621941248561
6.2507747150742725
4.0675973663844944
2.9506710536040637
0.3458615621149043
4.2852339062667273
1.3287915886208101
1.6262619453190492
2.4226773845450356
6.2731565800502640
5.2253717129346926
3.7951520835569976
1.4228194231069118
1.1539983490187662
0.6578352731913555
5.9387795299875856
1.5897639364574128
4.1547285326675443
2.5905485768194496
0.8030148380749342
1.6286233398331571
5.9786946128900382
3.9310345652491376
5.7358517844661270
0.0645385093834019
4.5682970667866512
4.7092295646901468
6.0132576279949026
1.1619120805716217
6.0802961390863093
3.3434243330197884
3.3531875109346494
5.7387823306081884
0.3869463970960658
4.8580381257858436
4.8340692654774537
5.6269170077957460
0.8679812018108716
1.1673005479278586
2.1983303962096579
1.5383401701381847
2.2984226001385442
4.5402279381739126
4.4937451287324350
4.2383050024145152
2.2693281768929294
0.2850069308927435
4.3747664002681592
3.8350538086532637
3.8491670761457919
0.8003765724845447
5.9580001223189925
4.8409370261445952
4.5426670393426187
2.4783746744537667
0.6301025623368304
5.3640233050440536
5.5381886963758289
3.5030887154470061
1.4944684751709416
2.1690654324425558
6.1732105955295564
4.0302017018699781
4.9746814457490949
4.9133990530472698
5.3766079826786521
5.3214795157742039
2.4987842424096285
5.1513782611895884
3.8265583987728200
5.2041813039270561
0.1780360897192301
0.8625774184925087
3.5561160722041669
1.5539313591237520
3.9239479273959423
2.8968832165972276
5.1441133795840326
5.3288920026905089
0.5473045558775306
0.7607050067126720
5.5189240569104010
5.4591779986777151
0.5709769011881713
5.4323287977585624
2.6822344534844689
1.2980274395027787
4.2876751784201543
2.8416967603151977
5.2167434566438144
4.4349001959898464
0.1278676547802416
1.8422840179696616
2.9173491682756456
3.6924379015875259
4.3828653222136920
2.2768075590387666
2.3819977735030906
3.7510371471982902
3.6713638133553119
3.8082391784858038
0.5696082594077577
4.8835409978812585
5.2045709522611254
5.8533234644073113
4.2083744930246691
2.5544126108677347
5.8593386287804181
0.5169579440520474
5.4022565558043212
5.3886334102504190
4.7307320904225580
1.7921419607153206
5.0809453303837770
3.8450208358658613
1.4822975573537291
5.7613117174689217
4.8875261761566042
2.1729574083245882
6.1597382165526469
5.1905000952238600
1.5260976733117471
4.6638701223604029
3.5118385200714579
6.0709501059180919
2.1342734420923430
1.5838660570195864
2.9484656589321672
2.2862749279485439
1.1278137274223592
3.3690779497001939
1.1449872174105595
1.6648150943859750
2.1999963361254422
4.7503805642856571
0.2942081799400998
2.2850858181292169
2.1429896692781534
4.4500986254815382
3.8175921297630548
3.0396354859291277
5.1544783079074366
2.4768770679889478
2.7092974233731502
4.1456016648442064
3.5403443227561664
4.6924008149110552
2.8205487230504214
2.0324038966161337
3.8831870120385905
0.8989080898423085
0.6539060919540618
3.5835450579095798
5.2223354288009434
5.6935713327625423
1.7009330445018316
5.2842765747406393
3.2728950980161167
1.1351735995593206
3.6533184239837895
5.6232168792368702
2.0372797021921119
2.8756697793715160
5.3637391637664011
5.3941122807720729
1.3763864091690123
1.4489977747465461
2.2157537256989568
4.8072641046604723
2.0799739833460134
4.9385026153871738
4.9227348509481201
3.8748809484115920
4.0380900333055934
0.2413367372481236
2.9796028747635388
3.3899031910497897
3.6425920998479393
3.3712639036365606
0.0849689377128278
5.7465690278882331
3.3788436599562441
3.4317381329127752
0.3238663081555365
6.2368438690685037
2.0811806819764658
1.0787771021757364
5.8483433355963799
4.2711696379110151
2.6462120988281890
3.4426647772664989
3.6181026551958650
6.0692441335421208
5.5978905706938642
3.8267990579290960
5.5041400707418280
0.1299032215729541
4.9275667443993170
4.9932560472679617
6.1659849271588687
2.0892666134475784
4.9082503420428756
3.1010575721607685
3.5019678779500625
4.3882583372945119
0.5439427001296481
3.1052862352637649
5.8117672735242785
1.5407643444703054
0.6926051999088275
1.0519362399495340
6.1786992064639952
3.6729073727146213
3.6792935767738291
4.9920533704551247
1.1042902947429123
6.1470710521914427
3.2191340939337310
0.4197166336913760
3.3393847990212011
2.1185606788972535
0.6306682190148873
3.1670137759594139
4.8612744251706550
5.9860983722012211
1.1487576909934631
5.4595604094107220
4.5646399981930372
3.0964314670385358
3.6482945887218245
3.1848427619883490
1.4502859300450393
3.5669141454302000
5.3125311722156523
5.8684345866616949
2.6350780238362952
2.4527066469789793
5.7115601806645273
0.4673390496447363
5.3342532960064428
4.4834565482007847
2.7103514085304168
0.4184702490777010
3.4850253721122031
1.9017790450230212
5.6153390892242836
2.4580397591613026
0.4281402847840825
1.1238407465511426
1.9545037340228399
2.1968114942137422
0.8435280825761623
5.9083035175973500
5.1340291552086192
6.1323089312217069
4.3370231651685973
4.4259593822104462
5.1303289462655837
3.6960200753443604
2.6403438521786611
5.0585161748819791
4.2273000654456352
3.8180240521645779
4.0468212799989987
4.9749087803068139
2.3161570000282956
4.1645565077682756
0.2254882712140512
5.3696954417796672
5.5589105581646860
1.1735380170314662
1.9783242298109873
3.9392647829336505
0.6411927239260600
1.2430245759703247
1.1029467963466324
5.5444177576612530
0.6014926924300228
3.6254781757865335
1.3794472440267476
3.9432405509428889
3.7400241130415561
5.6873934136842577
1.1822387051546450
1.7952818662147438
2.0150792083329243
3.4585598262513733
6.2198034503358111
2.9736508063641875
3.2757143553771031
3.5544979988310423
3.5532824043686850
5.8763684308886424
1.4022946308524196
4.1267345686315444
2.7451767175743198
0.0546171174275022
3.6643291358495693
1.9523169527686606
3.2669395346178414
2.8719880721633739
2.5632321161429812
4.0364963979584845
0.0676113407036415
4.8954774299641848
3.8775865485549774
3.7508630942930927
3.7271154914669173
1.6974588807177653
4.8460752298935041
3.5518028633640051
5.2395428354753903
2.5340972985273313
4.6422874646944985
4.6627284727193929
5.9992426295168011
2.2781374724865864
0.6783196269606734
2.0878372782350496
3.8374819719746376
3.7419232538891509
5.0379011393617441
5.0991332118501314
2.3731178274359110
6.1080707791459288
4.6102379864514003
1.0788234066761566
1.0973607577370998
4.1268465146268190
4.8183424092328826
3.5888011013890653
0.0287833737313197
2.4308905853505225
4.0983069420719120
0.5131762624824494
5.8677713812265244
3.9050564664783356
3.1617737471167469
3.1816347243324263
5.1424701352751194
3.3007529347561646
3.4173821853935769
1.0160389370702745
0.4494605363224320
5.6962267038201873
1.7205632866488292
5.3684356384800438
4.4120674129256328
5.5403643847910891
1.0884780545866017
2.5786598276085764
4.2926447127283422
5.7271639330354596
5.5826202246465524
1.7374845948901685
5.3894703774141410
5.8056379414472703
0.4275085036315244
2.0602716538082686
3.8162488323338120
0.3500162478528223
2.9640540501623156
6.0624259700061227
5.2373354843609281
5.5488454751154777
2.1935540248537682
3.7195827415892264
1.5917364206216622
4.5247718070286398
3.9837324363828945
5.6503327025032908
4.9405355313147945
1.9953190643177494
5.4053708788679122
4.0993409218813390
3.9028022980208465
6.0002893822827703
6.1111664974352049
6.0067363551637936
1.8279623898744308
1.9822198085444891
4.8913702399218275
1.8964393975441891
2.4157315850587784
3.6086842564278427
5.1237480955379615
2.7232374669696759
0.2134006747490408
2.2037438648946397
6.1199564676992386
1.3608666207707210
3.2539979951652009
5.9106124192958198
4.6602656249499672
2.1796052583927317
5.3423395137444878
4.5473062413730707
1.6139777831274829
6.2431494225940725
4.7146406994413459
4.3077085144874037
2.4810468741667431
0.7937734626157557
4.3382089339208285
1.1247672015859016
1.9819638171637293
1.1000946337047948
3.1178861400097246
2.3391813240223329
0.1038069757198887
2.2531157777024617
0.2603967435893664
2.2225243544812123
1.4707475135411359
5.7425463915882586
0.2960962999419043
4.1390570622636407
1.6766895127412020
2.3972797803174455
0.3589837166523243
0.4872388468945271
2.2597317723551695
0.3893371338191685
2.1050575290475320
2.8998216929390184
5.8570604583331622
5.9838893375720428
3.7446918889438248
3.4608780379208790
5.7734655604051648
3.4254645254949398
4.7600678010240642
0.4682282925534327
0.0609729328675672
1.9237066964753531
0.1450358034469492
2.5883523392262160
4.0332213180922718
3.6293720619644381
3.7420411547315280
0.0029694149503912
1.3777228417877123
4.8023302613114982
4.9491806755984431
2.8441753002619992
1.9546921474023184
6.1731098920505465
1.8669329250027451
0.6936224489125928
3.2488105619722201
0.4888770014799891
6.2391958857095169
1.2021335486291702
1.7667277805877750
1.6334035876627513
3.8009431852179851
4.8493073459428029
6.1970798206415347
0.4745730431832554
3.2156388298104481
4.3964471616764991
1.7807248275698848
1.9214959839173151
1.7403831564529293
1.4163959770411592
4.9221733900144153
5.9068311371725235
2.2600814934805151
0.5326862723556713
4.0290224210261609
1.6898992877919625
2.7970854252595694
6.0154905951400490
4.6826531243689091
4.3266460839202230
5.0752114253274740
2.7635353806527281
0.9277081239692719
2.4233077007209394
3.3055838004331597
3.6950934536471629
0.0909300049979383
2.0306417733096085
5.0605848423949302
4.1633135687164131
3.9817802634572348
2.7287215980087787
4.0026712756521015
3.9098526616656772
4.5535711209639613
1.6917193596564415
0.3875638155306736
4.5594120786443648
3.2221275416904689
2.5677486328485215
0.5591362855255330
2.4054901876751273
0.8745474066198303
4.3254758024757045
1.4344987601530792
0.6042610616420321
2.6720697897743149
4.6844456548986075
1.9644630852718097
2.9492103616800365
0.6318891643372710
5.1656823934388587
0.9342575928491045
4.0963082165905860
2.4374144699989779
0.9969151164428294
4.9611378941973996
3.9854847369182647
6.1151777665841180
5.7238438886537457
2.9971642371443505
5.4671577166112204
0.9436528689851098
5.1875092075628944
4.8034851143678781
0.6340717274634382
4.5188007491528914
5.3038957815274177
5.7666383100649234
5.0326629811471042
1.3477529024908637
0.9004447657303207
4.3104267182257043
1.7812023738134108
3.1343665198069099
0.3040947371057042
0.9040156220489438
2.2613106173964810
3.8159297837826323
2.4574525230664275
3.2764557454758991
3.2760864854849809
5.0858993865868136
1.4643425147418820
1.8761784082430097
3.3700261135809670
5.5715449496175786
0.1837330904711756
5.7177213032000216
0.1778653331024545
2.8241238362381167
3.7540228435046870
4.7912419040917298
4.7697139781561875
3.1985908394304889
1.7362524428633048
0.2824758579119889
2.3198078902309289
4.7543305104535953
2.6606565174043726
2.8867472524201081
1.4762532154747245
0.9124443490129390
5.3398113309239088
0.2592886644256355
0.6706415423676896
1.4439019783507459
2.0366960225720807
2.1118955120659497
2.6612474309856995
4.3179062756715920
3.9922070363777746
3.4191072342091617
3.3831879531857627
1.2745538663176108
0.9644695041280466
4.0126129724424926
3.4621766138280545
0.5999479494809474
4.0819962562153105
4.1036873089844095
1.1068992757562803
2.4852991372706841
3.6543679345966624
0.1129844471467622
0.7660876741789833
0.0256564065354438
4.9578568472391140
4.7515687539483782
1.3189974965661999
0.2065501028636122
1.2326153677193108
1.9076421463604654
0.3942974242453053
5.3973151785466609
3.8892754344421596
0.7272233684515446
4.2225048811285095
4.9714788724800876
2.0972317639497695
1.3746696772353391
5.4645586053258128
1.8866410780578928
2.3445452109310607
4.6722552016902075
6.0728917664640827
4.1865495182606338
3.2600732986781402
1.4065445638188969
0.6641845182950010
0.8100371013325215
4.4988765447734398
6.0133420673091642
4.7130937323077804
1.7054731454628145
6.1130068057839120
3.3523446245840205
5.8738100446040065
3.5348081894884524
1.8366260148079070
0.6022159093502516
1.1933708825416232
5.2249915717111577
2.1560207295086129
2.2414970957551206
4.5220619137030358
0.1224463501238248
2.3475215898980024
4.5302245166069728
0.2504231026849713
0.2104354179863861
3.7250819595355975
1.9300103724915887
0.2934039513083581
3.6998098179646091
5.4059499181308395
5.1175098571362421
4.2279684412293017
1.1191634604052580
2.2659506901399378
5.9191161996061981
0.2412996191631804
2.5948132255442480
5.2905333117762741
1.4627454937796220
4.9649228355851642
4.5805402498500136
1.3479998551648180
2.1567656281695884
3.6703738638148407
6.1557306272915673
5.8012187473799015
3.2342229647841063
0.4211324944249641
2.5153999666346034
4.0232803974603693
1.1055138014528503
4.5848874372151354
0.1396137415710804
1.3516846289702560
0.7658150806245169
0.4558429044943808
4.0657187872174090
3.0028570855964221
1.0694205395029028
0.3611738209851995
3.4537706350840258
6.0818307087218360
4.1383648352890283
3.0717994461252291
0.7508989135126504
0.1051972192134576
4.2447929864319551
5.3659169036326126
4.7146533782364148
6.0515643620716801
1.8348662848494670
2.3694051642592213
5.8129771598729683
4.8309830047576616
4.8797921892730161
5.7251814929873186
5.7059207277690538
5.2672215220213259
1.5809838488757824
4.0335628105978181
3.3135920314259080
3.7075723639441049
4.4342041320463466
5.4534909228120387
2.5885366972061084
0.6626087966163687
3.8520584728031380
4.4817534981776648
3.1900619472046938
2.1321750683972844
4.1710784154014391
0.3598837782758495
4.7423694334971431
2.8867445021083138
3.6779220490905002
0.8364709871944560
0.3267235389235754
2.1675373867049395
5.7212309367693406
6.0557948059608364
3.4225407791085587
4.0092540886962214
0.2886729893367122
0.9801083033087289
2.5408191733660224
3.3143273111890057
2.4552083759735748
2.9099653626776982
2.6747889477295268
5.0883488771048713
0.4740909808056218
3.2862439512352908
1.9328370561708270
2.3303232963557874
4.2525049082515620
2.4015031602425285
2.1797967962666487
6.1563785877959738
5.4833311975834338
4.5597209693066612
1.2775412706477371
5.6541102790316993
3.7917952753473152
3.5281144367896178
0.2373531678439055
0.7962608015119405
5.8689563472279405
6.1158457904979064
2.4730253136146998
5.0839027075657661
0.3849945448919519
2.1981262651702735
3.2241274382568039
0.8360269202780370
2.3794396909200883
2.2698275570098474
6.1625769049853556
4.8119082878001205
5.2701699928191381
4.6255653318087617
5.6152701580236668
2.8671619955989844
4.7404636407819973
0.6686807766962805
2.6642758596449054
4.5697773860823254
4.9909476280152925
1.1471705736721760
2.5884932593561341
2.7848599911800633
0.7132453641881161
2.1015069150992476
4.2793075697320910
1.8655384049494075
2.5156102804442910
1.7667911346051310
1.5643774992856951
3.6353345216369717
3.1117208978023285
0.7803397196941421
4.3865522068514693
0.5729416717345371
0.7548710948274475
2.0876066031292155
2.2529581823252496
1.8803775376955156
2.2568617088945953
4.5943285355527834
5.3638827358337231
5.5672835742093181
4.8465398637362700
4.3291308149814141
3.3937195385711321
0.6342247477924349
0.0891500509772678
4.4956358262953309
4.2017704764556765
2.4067315073054294
2.0872160432321576
0.1852504000110975
5.6753248855794949
3.4512886028389018
0.1075452799508462
2.2254852191165688
4.2987917834313922
3.8139895762556293
0.3299573010069580
0.9219508353241992
4.2331916851147451
2.2918119220394075
0.5409419043043203
3.4648475169159250
3.2439406947550702
2.7595547996660157
2.0049993582828733
4.6922442339886921
5.1454596481623556
2.6105605377900343
5.1337783565445729
4.4740893994368456
2.9012464540927949
4.0091710930365823
0.2973968304834005
0.6150745651767050
1.0902043867360687
0.5190362604352832
6.0353996621145489
5.0017114560070839
2.1676299721216856
4.1166886058688545
3.9941885857900790
0.1342000559905987
4.3552706995202231
1.8870390196021156
6.1440311882567817
3.7170213501427924
0.2281791190097816
6.1713550963078498
0.2966132106776674
1.3469474110150581
4.9912723380771284
5.1415712448661495
0.8535883774000145
3.5873045409405830
1.5596171699671613
1.2631197129382197
4.3707702323680309
3.5150523081093663
5.5633837688513168
1.6192632809590244
6.0790357329806373
5.4740787559890212
0.1275692913722988
3.2424677527098269
2.1067091288971609
2.1508432578257191
1.9694058292916763
2.5300023317230411
4.0210318211058391
1.2042712180758146
5.7652749236392120
4.9719851589585131
4.3932615979882952
3.7323716085759688
2.9580684645565687
3.8443643054244561
1.6836308083867311
2.7236519589494668
3.4736849879398028
2.0460661694430224
0.9995339762360929
5.7302750331043679
3.6134314075437395
4.6558727420090733
3.0776370858859314
3.8774780462347591
1.3795681271189821
0.8812887788119680
1.6304938428888474
1.5174031198090272
3.7707673231570671
1.2269718983692970
1.5781059290872712
4.7121934094919480
2.0861639697804484
6.1032406646390580
5.4711494038122535
2.9297870252049183
0.9216237728571255
0.2750989280886769
1.4450627590727265
2.2905674719996858
5.4040549902352657
1.8725696229771773
2.3624644184792665
5.3150772358458882
3.9867636312827233
5.6186701281839255
0.4942354534394716
5.2568533336403842
4.0132253015575676
2.2775022023967169
3.0078967600317674
4.0321450638411731
3.1101275191613973
0.8677763682848240
2.3121407269712853
0.2314177439856792
6.0875936668785524
3.1268377424286511
5.9177302373119103
5.5569857014870347
1.9265074428665361
2.9237540807438540
2.6930030499371447
4.1933255816842694
2.0022040296067662
3.4287237238358288
1.1899617001497580
0.6072433430887900
5.6418945667499125
4.9620690587481331
5.4891972474977422
5.0910040470014488
1.0274075302519403
5.7818007413197723
4.3086409420543177
5.6445135409216256
2.7853851574076383
2.7425911274909365
2.1487362194797246
4.6257668652205153
4.0424782145425660
1.3502245027516051
1.5778440655334034
4.9531812710093677
0.1905130451176908
3.2332753164765382
3.4867998633428821
1.3208711707480916
2.9090319227514976
0.5150495678950350
6.2416339019305127
2.3428856013480490
1.7739741225109678
2.8506516574974330
2.5636174034622474
1.7953657836479886
5.5148209193365618
1.3176479736841149
5.6796777172781798
1.6719298746140405
3.4984755069377949
4.4156614671299064
4.6010720311395010
3.8955005198995396
2.1369012612285392
1.9978773923744515
2.9969775094562854
1.9237141061420520
4.4240703442954903
6.1679093545514814
0.5757026942710252
5.8039973069041517
5.0086605842596938
1.2471273515594672
5.3856258359023439
5.8973719632852344
5.1855188922579130
5.0368914005646559
4.6763674139912306
2.5224199320075056
5.3911101078079096
5.9026919182373634
5.2757808351524087
0.1133895338319624
4.7478880715749723
1.9137196894661088
0.9356810614566258
3.9090402427173525
2.1263795479644960
2.0492720854051583
4.2897215929328025
2.8881870771570055
3.4079945490227472
1.2266390876479976
1.7777534373120307
5.5209215497907440
3.8017595793838761
4.6948058716062819
0.6645509557761893
4.5554199658644121
2.4498622385365763
5.1370982950991770
5.8738385691431878
2.1842344909634304
4.3551234538832366
5.6430722656442338
3.1637654998865394
3.4504469053625986
2.7918497052420985
0.3973033620126399
1.0038931025850368
5.4843892504395555
2.6791745507511653
1.5497914103683581
4.4320258261236303
5.7567758621350764
0.3572979110692104
1.1234562879249006
5.0183925939033553
3.3552190593295372
3.2236091950289607
1.1650359721594001
0.3803423914061549
2.1729359598132265
2.4711047231745371
4.3582464734792623
4.0295413748479163
3.3219824889563201
0.0777868858075172
3.3296428676902763
1.2806141415681287
3.0310500398612148
1.2761235030628781
2.8410629243793792
2.5558026962815794
0.2007160621420661
1.6308612485284060
3.4146526790194227
3.4602585438152471
4.5844797045089374
5.6333466547195226
2.6973920057147271
4.5398908942398064
2.0128414195308637
4.0971374771941793
5.4842458167830550
5.9500452066689400
2.8640286426851254
0.7401651726607176
2.5210746351073370
5.2799591844632383
1.4762807301181566
5.8186965795048957
1.0988309323607426
4.9473319907889683
2.8091288512596142
0.7606282759335102
3.0872921003141056
4.1458753782064557
0.5547638848969781
2.2998224662357840
2.5693469174040020
5.8530717443933931
2.5193570274865231
6.0348904078302326
4.0436651671150710
1.2085049577576399
4.6406651282500997
5.4458054316913698
5.9036150155166842
1.3121195942645854
2.9652019761218740
3.2133896500339989
5.3557267953145438
2.2587013722334244
2.8864091486569392
5.3957292599640798
3.3559751090515371
2.3536004119688396
3.8432232872307499
4.4757019574055725
5.3484642671593514
2.0114942066861228
4.9566785647568405
4.5182289928015811
0.0937947519734052
2.1846555213363485
4.0434660046464801
1.1166624062016268
1.5244138267685421
1.9141745595104693
1.7671874218311212
1.9297241258164806
0.0603831594306989
3.5483746101040659
6.0126381111293759
1.4917092641404812
2.9333003379360933
2.8761517408986434
5.5950120857399241
1.6700733377930577
3.5870936868635992
0.1122705689271119
5.1633878312976709
2.5534771930251834
5.1371387643900501
6.0223871334298185
4.5127449840886005
3.9835829724755740
1.1070472782934455
1.2261901226246126
2.9591781194186653
3.4575088177935447
3.6344620014085320
1.1687989224972075
0.7505865006429062
4.3381183997966524
3.0906715234311513
2.6330329758518438
2.9604242010882560
5.6187605757636359
5.7599585514337894
4.8108175733321525
2.0904212132311613
0.0210004981761717
0.7402073520766460
5.3332431457708971
2.6386175148406559
0.5944710116984405
0.4508602224441813
2.2083037451190486
4.5507361320399839
6.2434193149602608
3.4625263674885320
2.2404276617185368
5.3654155465062292
3.2756572625184353
0.6200883116047570
2.0952699304778393
1.7475320235339840
5.5130648537633133
1.1040185224907766
5.0045056627055589
5.4271719765566795
0.7514731781705379
2.9232725251390890
1.2133487882215381
5.1656490216769182
2.2280464290837361
1.1243668449325666
3.1698571729744693
0.0272254251825416
5.3703681926438449
4.7800874372638482
2.7974467248233625
1.8162456122955293
0.7884902297489348
6.0414106810441757
4.1839991993375465
2.3986996728658534
3.7926251488005973
1.7941898683014901
3.1360822112880125
0.5979451762945251
2.0326847029442940
1.3453398380337411
5.4716124562670769
4.2590890357568183
0.6358958205380667
2.3664828839987799
1.5633421989022294
2.7115594297618490
2.4884248201596186
5.5613740921379522
1.4304725633547950
1.1185112792343768
1.6707570683106796
1.2382955604133759
2.0869269826042318
3.5254539058482939
0.6101683301052445
5.3348307813948326
4.2964837776627594
1.0945154694177499
0.2993975062039819
4.0363241199057782
2.3373046283833969
4.7989033807940968
4.0957163014610050
4.1661134685099670
4.3088066730102819
3.5664684981296642
3.0465667975533179
4.7945817806901099
4.0629435615191545
3.3208744221791564
3.2965665727921825
2.2234369153368871
4.5464645569807143
4.3925701639344874
1.8805335381738115
4.8883115883730044
5.6284210300842856
4.6939344539644177
2.1632304979868948
4.0145369854591504
3.2028185909362246
3.0354096901063770
4.3250281948923286
1.4552675808109843
1.7955496483262239
1.0269105931822684
0.3368060429004465
5.1769872178791969
4.8103092631720026
3.2023592443127606
5.3962169394124082
2.6039402758795114
4.7502648355972656
6.2307065028677666
6.0651771209678591
4.8615430762954217
4.1361516276381503
0.3219465783597945
1.1910717741365311
5.3097257184884761
5.0630752749077548
0.5698918835599155
2.2896494910818990
1.7125288782657577
1.5006897932598888
5.4798566701417659
1.9949733449179601
6.1539687041520592
1.0888699041451688
4.2820655465512951
1.3348268530501401
5.1563503551651380
5.2985267747523883
6.0164406107879724
1.6844093361065986
1.9044100836257511
5.1979968151945686
5.7267812213800209
3.4536913848746602
3.0142800873268838
5.3709422680813779
2.4928228057593600
3.5447637066911262
2.6281655404769753
1.3596944983707357
4.1655910470239075
5.9248162141850749
0.7896802091571579
0.0522709892261117
3.3030036887268239
4.4294187979025779
2.6978346155108897
1.8873510037390835
0.2750252823437753
5.6815274397004938
2.6033444264423604
3.6428321626315734
4.4866487755868922
5.3585555526703512
2.1863528243704922
1.7846559774081219
3.8274601526755152
4.2810181408908194
1.2166917356164741
1.5119678204062217
4.8523013841702642
0.4694977916046050
3.3654691088622699
0.6750785028126256
5.4603282917662650
0.9929741165067230
4.0346959347235893
2.8745012114580106
4.5593962980014719
0.8666038777209004
5.2909620826435084
4.3346214676558334
3.5290960442808266
0.4766653511914288
0.8364879847734256
6.0614264261499526
2.9406948288344292
2.0533097033950143
1.2486147549052791
2.8780067440392414
4.2795072346101861
4.7482990906204705
3.6440895970093776
3.4874718461502852
4.0559509583732947
2.8368680543844524
0.5442953179344909
6.1424029476452402
5.8649617184380114
1.7452411172320874
0.6825360365269281
5.7726673919611411
3.0802108984838377
4.0346280268706325
3.6822849813579874
0.5079140612639698
3.4991510065924687
0.8399405051359021
4.6917801791315856
4.7723718808838722
2.0377229391562492
1.0718677193421786
1.1079860088702975
5.5887339118553481
3.0151015713499194
3.4472745441379513
5.2672184527728581
2.4972528276290538
0.2743319814192005
4.2138693002657011
0.2476691324745233
4.3436863082858199
4.4779155644376587
0.6147324024821718
3.7281455403126582
5.1444163444777571
1.1747543557217635
0.7366743925172314
2.1689873922399663
0.4977073635673811
2.5416882502175517
0.4121434417756038
4.3457335496626248
2.0207635775672146
4.8164293557787978
1.7518136802724196
0.1570929621058390
1.4842921670299865
1.9820789439233344
5.9401358698649318
0.6366621448956169
4.7583564415414576
5.5341089006413444
5.2426998319229829
5.4900113166214943
1.1911322643013273
4.0790297047256541
1.9914587340980310
3.5492629921080923
2.8026761463029417
3.0925055039950804
5.1777633295058587
5.1414597530067008
1.2624145695452023
4.7824621578921853
0.1001996815140366
3.3927682980610188
5.4079728992061362
6.1300598047055228
4.3318526948453862
4.3337947359469107
0.4091221970015910
0.6238121294236191
4.1832587954994302
4.5472763045394577
5.4293439967922108
0.6711044416968730
3.1171416447765807
3.0329569323982244
1.3337672673897853
4.5984147584837407
0.2489006321904697
1.1288036277901701
1.7243961806981163
3.4402074961904310
4.5504735580166740
3.7207175417080816
4.0644880436387290
0.6353152196244929
1.4703379004663497
5.9418109415318892
0.6366333162627288
5.6014965962416214
3.5380390158566444
1.9784441021367609
2.2658584750825104
2.7678932196236414
2.8172618111063388
1.2184036158442355
2.5837847201758195
3.6797378154795446
3.2319686341487910
0.9581831555939690
5.4734853432580959
4.5913809688716025
3.8910351607498956
1.9650735138674313
3.6226364614033306
3.2605756965351627
2.1871435316737236
0.9827198910571907
0.3821754072927662
0.7368161734591382
5.8554065952930747
1.4552141883553782
3.6244728466555394
4.5418557227468401
5.6723641935888134
5.6394745483584101
5.1388030996627112
5.4116264741858657
5.7594865735496130
5.1699392749392956
5.6869569862132865
4.2996850035342522
2.5066132195810495
5.9372100143751609
0.6461580297442044
4.3123887601037447
2.4678574223693097
2.6688003235809981
3.8403861431037032
4.2672828464501782
0.3379503440236635
2.4672853410350033
3.1184942229728949
4.8812514571246766
5.1094767271799020
4.1156671717983473
1.5694910077614328
4.5345958651071836
2.8503313532158958
4.2230642363715303
1.2447283100795508
0.5548040587301919
5.0850686300412882
4.6406833336383180
3.8546371222721598
5.6739212277954536
0.7500097819489826
2.6544464338084777
5.7139003619559237
3.6897322475696210
0.2539431164848521
4.3262097246574411
4.3181807086411244
0.9380468575307533
4.2106298437431722
0.4865428666914181
3.8520865102213393
5.4387810143637472
5.4220940866359868
3.5657082536290203
1.3502353121478476
4.4791336371212367
4.1251946163906119
0.9673904308061033
6.2703548763273069
2.3033202389485297
0.0089709938693850
0.9153662096643409
6.0025943074050163
3.2444616549860217
1.0567439771897451
5.7687983897358261
4.4978292819230123
2.5899326061672645
1.1660424577710840
5.2654590572034774
2.3049652718037086
3.5927428148191227
0.2037668658749510
3.5362314972844473
3.3919523787938015
4.9880586633221977
3.8270247892080200
2.4048959165611561
4.4204286291828003
3.7203588252211710
5.9734894327387069
2.9632573784163188
2.8194336046162394
6.0113678239860500
5.5188397008913528
0.5096558596667718
4.4089772564750982
1.2423158784428774
0.1237525235180806
2.7804168296649974
1.3706913893189445
1.7803448996190558
5.9504834639064370
4.2323304128268164
1.9582167235777845
0.6112405173635393
4.5290785157992071
2.7221927513920874
0.1996931756151237
4.3229625991825280
2.7166407938983381
1.8361798861413354
1.5472344403886384
0.8445766640250497
1.5854683972704209
2.1138237620498335
6.0272711849483107
0.1175999395390432
0.5202905160191517
4.7345261991444021
1.6720553322676490
1.8614168384726300
2.7411857371347441
3.7085975856933593
3.9949923039069453
0.1053440987168582
5.6703890236598928
3.8283358195825317
2.1561665845715758
1.3365161615209127
1.7425489308742779
4.5694763615597562
5.7621104221566410
5.8726804498004270
2.4320675764978379
1.8012898177054768
0.8755892344481828
3.0795670235416925
4.7196841048002103
5.5366748873176164
0.1324103596881800
1.8068196486425896
4.0653231290306788
0.4964071071656583
0.5002798811013337
2.4621614076472289
1.4558923085270961
1.6278058574969361
6.1509587932904317
3.0255053342025455
1.4533366316148448
4.6393875265123814
1.0984833631568296
2.4275029072998793
4.2936591283936307
5.7544954235968513
2.0757390538389475
0.2629911044811388
4.8571274046144666
2.4220414658849907
1.4624953288423133
4.3673988427204344
5.6055746095515149
4.3956633693012712
4.3549782904077272
4.9329934024130129
0.9570284341450330
1.4494704100356595
1.2205164913901476
4.4963571852235438
4.5218135905106411
6.0091655801520405
0.5577576115336472
3.3505219230407346
2.6793439102750916
5.4728542563671683
0.4232425232863776
1.4535299630267475
6.0681948031924584
3.0342117832155084
5.5474943283384404
2.7340375403332100
5.9263746502012333
1.3274836658381770
2.4942452367266106
0.4778827858185112
6.0362591962715708
1.7440940274630874
3.3695851263561742
1.9179359083279794
3.7627448679348605
0.9376805356443453
2.3552690813589607
0.7686099388417760
3.9971393870685574
1.6785693403455790
0.3459071713499575
2.9350571321355443
5.0825723613364389
1.7177891447207987
1.1442308845386200
4.7837217788427235
0.7166042136691327
5.9137212432897490
0.5009631707462974
2.5746297512712979
4.6549101673708178
0.3120655150469757
6.2666596226986195
4.7671849092901262
1.4328776930240030
5.0241159375008992
2.9834573338521730
5.7729036695260225
6.0549220166389803
0.2195828707692046
4.3782569621457688
0.7364650887058714
0.1882012853400895
0.5501417689774194
3.8341167059643051
3.4103133084485808
5.6651022060824845
3.5999757461537372
6.0387324407849210
1.0262483802476623
1.9581917999877010
4.2784110981023469
0.2257533585447366
1.9778234666628087
0.8917719020809637
3.5869915007273590
1.9407581904795448
5.3986302166095497
3.9366274744869481
4.2650366192363043
4.3179970659118734
1.5136381865192838
3.1386762605874887
5.6027250744562913
2.7730429702396813
0.9109957421671158
1.2607742993331199
1.2041074932119626
4.3692443296673753
6.1375959083019742
5.0985820946900464
1.8870640273229637
1.2105681686432035
5.3835147069911873
5.3065356334347706
5.2713586281822504
2.5454315702604613
4.4855237730218995
1.8715268096812192
1.2843126475291480
2.5515034624093218
4.7772248961918340
4.6897199668855336
0.9007462124521927
5.0338282729156125
2.5495345497204061
3.3465874450314863
4.6312138190058549
2.5056634238031661
4.2661916752595639
3.5982420239988500
2.2584846197256145
5.1905710408879289
0.9262561615255035
0.2207066899647149
3.7349289107514272
3.4287041994260496
2.3025979198379116
1.2007086672434804
1.3660031049331296
4.0159249966009964
2.2027997117941758
6.1178729479858154
1.9014872759453620
3.8657371924678121
4.7498903788014584
6.2747337971273369
4.7724709171180990
5.2250313801607593
2.8940196149251354
2.4105382435511049
4.7428115012891494
4.3546624999746379
1.2748677894118481
3.6379478738016844
0.0185790527355515
1.0048128944905783
5.3875607124612799
2.4517358827252251
4.7977242960297390
1.8465543975063601
6.0171576117544117
4.9389562780088960
1.3413063243291032
6.0534739949031255
4.1774446944117054
2.3009978734904419
5.8027928390154164
2.1797942965212727
5.6835619715650738
2.8483898831811172
3.5147772921351299
5.4404494476144736
2.0589382835060994
2.9914107167395674
1.4574172391576332
0.3850902094645388
2.4820447568603701
4.3146110903902128
3.8637471276884874
1.0352000549687810
3.0823802890989223
0.6158246966599055
4.4927382511812217
6.2358400607247688
0.4294690577893791
6.1574646205831476
5.4579689928043713
0.1043848001948488
5.8969799046965727
3.4491113340820925
3.2104460281227967
0.6516318184998388
0.0145470823888776
1.8903120393169204
0.4720439895912885
0.1374980371941321
0.2866809006439887
5.8569841630028261
5.4867164002421180
1.6629208220263250
0.9723562352480950
3.4425288826955449
0.4321556549391670
0.5390689828543563
3.8174357708267204
0.0717343742588221
2.0709364818700076
4.7408118818205374
4.7397747931014518
2.9163866177560207
0.3522377729648234
5.2628676808264823
4.2654321697583617
6.1328909089189105
1.1715183267708047
3.2721444455108850
3.8891115241045142
1.0305028751094267
0.2501990877998552
5.5638074636171160
0.1883715173296719
1.4703030749776074
2.3996196994845400
2.3323784075071798
4.9309292663988185
2.3449524718978956
4.3953201427057804
1.9439108619395293
3.2950176094803476
5.7421589017321670
4.2668105695276770
2.4925788265382050
1.0938729984505284
4.6383190295854648
4.4341991518566104
2.4725958355200723
0.3201607294997897
5.4735027541513963
5.0439848183263454
1.8876194774860096
3.2419645941397586
3.6352237326477375
1.3971101389900946
4.0683349316285273
5.2491508221118135
0.5070175932579435
2.2326883405060696
1.5966034004940728
5.9363315179023370
4.9789912604997815
4.5726529556150384
5.2266096325909084
4.5318589157731184
2.6967979884430724
4.7287439710655548
1.5273334374261627
3.6420825659191824
4.2525254299950852
0.7625099205901071
5.9503655485264035
0.7782126268286197
4.9923695557912575
1.2703284709589955
0.2200505124533648
0.7427304182509400
2.5776780774954808
3.4237504179843050
4.7020036601495825
1.0015255615031584
0.3552405279398247
0.2326728282289266
4.1367992078821283
0.4921644362545542
3.5710463886960060
0.6936518478797337
2.0283051342670158
1.0944490055187601
0.0914259990536703
2.0395808626724343
1.3579355021744210
5.4945990081108755
1.6858727533602409
2.3792554493565441
6.1577931613729291
4.1376957756092994
1.9775426815223316
2.0686157771521230
2.3168698871114541
4.4704064425507584
4.8550899325159174
6.1955903960757990
1.0670829239804711
0.7716064161382213
5.3754573663954162
2.2077505142324334
0.9532915543899174
2.9289626613968158
3.6698901674167566
0.5489941882502123
4.6668349585800826
2.7024210830116075
4.3882122960700922
5.1147469907362968
2.9002830274690896
4.8458779378688108
5.2932532816803768
0.9706420924360804
3.6618424541556531
4.1654469815458484
3.6923429043398461
5.7406951480515831
0.5159364501036200
4.9954946466214762
0.3188032572672276
1.2689484198182623
1.6863494741496561
0.6781892494597842
1.4864316497193304
4.8934685836055056
3.9035736721091325
0.7966451652680101
4.4701497091997382
2.0152251169028239
2.4324877815295056
2.4562961150073108
5.5766342213433306
3.6998837729416372
5.5490059259070748
5.8999832537931294
5.4352125975453722
1.8216847764387023
5.5565919370599888
5.5410386635673072
0.1991377349109631
0.4754753974203855
1.9707785716985253
4.0264877440500912
5.9207396109329196
1.5990568965799530
5.8441431910944059
2.5727557304612203
1.9316470811558073
3.7990406437592488
4.8227270430704356
4.3081079051666427
5.1675107995638392
5.2475740134650133
3.1392736429004180
5.4120014816527924
4.6578836259391503
0.2600791687474772
0.9617771517980636
0.9058734271912220
4.2587039489055867
1.0373759270483911
5.1132588445508453
5.3131995305656936
1.5870271899346089
4.2496844243288923
1.0271371019470541
0.0838332965564904
2.8242044421326788
4.7556786508784921
3.1473931192851645
2.6313902187432987
3.3223884703332969
3.9197972588612315
2.9168415493310320
0.3595308216450475
4.2236357247575880
2.1091771061264426
3.5881921712559506
1.9102137590787203
4.6656015597565705
5.5750830498765369
3.5030475799235621
5.5552412966965559
2.3415080016799705
0.7291970608593401
3.3530229304414232
0.0827184461541359
1.5168693382031411
5.3038507083291240
0.3780295305180255
5.6117816732286157
0.7452293425323833
4.3415067010465984
2.1060659080621540
3.8463161411252660
3.4290392805279710
5.9510875278950817
1.5290127738907799
3.1873526801935328
4.6538391772752687
2.7773152656915139
4.9698359708498465
4.7834272582958901
3.8960641432898901
1.1602346853259256
4.4302134422346082
5.2915487219750226
1.1819780742156842
1.8363879343398277
2.0547839632472371
5.2349886495020250
0.4824446537610479
1.0152825826815723
3.1231433335236205
3.1539450014743093
1.4603578349604847
4.0308314040081958
3.6847137496323215
1.2471432231198769
4.7497416471270055
4.7433585434419685
2.2715981963800944
2.9694653087656206
5.7423576171844255
1.9318271883113638
0.8248123751612980
3.5453375838870538
4.0282456581526134
5.8968811049800314
4.3627967027068291
4.4791325350425897
4.4142815714433032
4.0376518334094280
3.7723911803747772
3.7421905518741592
0.7116802372556726
0.8232249770443212
3.5996038047584964
6.0672317552609663
4.9078897551169405
3.8605403283952424
0.2091045588224641
0.6542990427818227
4.5387365389946863
5.0266983695435945
4.5018371743296823
4.3966111332870144
3.3165488105101604
1.1648273182279374
3.0671470060498076
4.5069049379176063
0.0098844581848671
4.2740242234234946
2.9528801796815909
2.7924041500580836
3.9534153683981836
5.4135501500810639
1.6605349832304466
3.9492914509679653
5.0570460097160517
1.2658023722823353
3.7966254561956529
4.4878690012374181
3.6591092248443484
3.7558767275031260
4.3837197332940878
4.3717889894682918
6.0825795912597016
1.6072651385023500
2.5339378104047947
5.2246894923195697
0.1004472105394056
4.7816737248424870
4.2972115934523742
6.2527413815580362
4.0980386230231423
6.1428782564536535
1.6554655930610951
3.3380110280530757
5.3813278322296823
2.2774505030892715
4.6485759847922505
0.3844799158868235
5.6162522575542839
1.0292667347632298
5.1875263107473293
3.9281502939154800
3.4489081764853649
1.1094510730907869
4.9347508615490465
5.0967376044873154
1.5616927740744802
5.6853664900942995
5.2090111497502969
2.2927325630658486
4.1533423963848044
4.1906357972580892
2.5963400659752023
2.1079060935613039
0.5953348768586965
4.8374806054136332
4.6794250313614842
3.2743724006107762
5.0498927868255539
4.5147516099738789
0.5396991386222701
3.8042798110598626
3.3894753569136276
1.5009280871210084
3.6502992110175612
0.4594447089555389
1.6763280958497400
0.4303498436372558
3.0949225168167307
2.1495688713312049
3.8752030196678846
2.9802217517045970
2.9212410386288963
3.0381406416616734
0.4576178990696430
0.4152927617452006
4.7823387976442957
4.3640557151317649
0.6002321456575622
0.5533296715754057
4.9104024440189384
3.9348349181917111
5.3654949128231531
1.7331557740889914
6.0764340869602362
5.0556043623474318
5.1684519707144467
4.0930862665863268
3.7701312419585622
1.2866695812082869
4.6745284528427495
1.2730503617100322
0.1345231293509757
5.1917233539456218
0.6184305657072273
0.7127236758689941
4.3900547002342485
0.9560956575160907
0.3778622484166366
3.8052547957467544
5.6412642389342356
5.0389317552094370
5.7872494272995407
0.5191004555069665
0.0847978326558212
2.9038899554250630
0.0365920932023442
1.4191156719302822
4.1177955049266401
2.1033445908130974
0.3751701856876543
3.9343803772806027
6.2714855791848416
4.3485957245203819
5.1562923102492144
2.7639237191330279
1.9508896030155383
1.3001948833000683
5.4280250869278008
4.1033099722615667
3.2644031661586839
3.6344138530208245
0.8043077416473052
5.5816140278797777
1.3889881201649525
1.0114148387529915
5.0443679711405620
1.1511704672129826
3.4351641337762033
5.7415071354502336
3.5196465681648545
0.8020509345166563
1.2242891450544333
5.6973796144171711
3.7370509383557797
5.1885029126764657
4.3134160829482617
5.8761622176231665
0.0658647423220533
0.9222464039302307
4.0942650030569530
0.1415687201387081
0.0113367940720334
4.8676986577904184
5.8313423823074082
3.7259340524924811
0.0748678459229483
1.0002749291902855
5.2977149974069482
0.9549455533743710
1.0253295718348681
6.2287819277199876
3.1577581049990946
3.6593311370051866
4.4110682203911216
0.6781137244009278
1.5011336824234662
4.6567566922007391
3.4075059635064884
2.2688591825083866
1.9762850054417744
1.5038022832928659
1.0730513060486304
2.9195024693434863
2.3908930800828871
4.9419093781776811
1.0285309287456765
3.7950703605951848
4.9339393304568784
1.1707806426258749
0.2366737093797117
5.8793115335254482
3.1325164411803326
6.1334598098717983
4.8986704248998114
0.2194663834675215
0.0671375889496354
4.4204421523038082
4.3949837159279159
0.7867314540793025
3.6787309256032685
5.4455458090908788
0.4205759417119539
0.6697098728601403
2.8542938530870381
3.2509535287264919
2.6649119935328822
2.2275406240505902
4.6595913148748522
3.0430420896266335
0.9875316757487518
2.3270582205365407
5.1771695518842078
0.8031462886512608
5.9588955107881221
3.7031886469754549
5.8270362630661179
4.6361837393402778
3.1861318380024883
3.4445140375917678
1.9857335315913986
0.7996357040668197
1.1923102823449172
2.6340698657716848
4.1592029417155834
2.1704014290580886
1.2702754058452606
3.7443965311718768
2.0592076679127191
4.2684665191854805
6.1087245695558936
0.8615911708413291
2.8788615676671867
2.8944958152577134
2.4809124410230710
5.0526113132900390
2.8162052194432934
2.7501480353896661
5.6162144752396204
3.4594432891441582
4.7572371275807983
2.7877706339129671
5.2074081123872320
5.3816535982051938
3.3235200440978190
0.3814900442481635
5.4768930633737414
5.7574195571104072
4.0003904066373046
2.7880990815697473
2.7472214367184660
3.0540770946581008
0.5405373522297886
2.7623305071492514
5.9276712343841629
3.4168164052137753
1.2669678066579864
0.4218993389095521
4.9461665838783029
1.7627681608586439
5.0297099788916233
1.7801944266363714
5.6988204887965770
4.6774519876733498
1.0415840871567690
2.1634657805692017
4.3338594329286124
5.0529123685880242
0.5958422028798557
4.9591885684324817
0.4278709476962424
4.6459958663716865
1.9768565634768018
2.2341597400375024
1.2686351641501163
5.7938526781412198
2.6891703798941449
0.8622150449905346
0.3881120679458965
3.3187261410525637
2.2605861414565056
3.3803729195459002
3.8896823370488738
3.3074283440548529
5.9405051651650247
4.2422568705250265
3.0653741075906877
1.3598606350391178
5.6670945839532587
4.3405563968920715
4.9884220222189022
4.7411515304983212
3.8685644247854376
4.4119956923253705
3.0337679366473611
3.6523288292232885
1.7825015784538367
5.5362140409533449
2.5064978455556024
6.2323514957221180
4.9136476477180135
1.3149508436206907
1.2381376322070312
3.8902860621080078
2.3940229115698126
5.3211331231285532
2.3062737822513952
0.2795737507700595
5.4111800199086995
4.0316747312783585
4.0689007239852604
1.4030845766539053
0.0100616536714874
1.6611351419897642
1.0105520640667722
5.4004162328502821
0.7298700735699322
0.9639155885091438
2.8424120098599759
3.5122120956742222
0.5645328896684461
0.2465610321736201
5.0596685633426128
5.5640299560651556
1.7684777669917791
0.3088368769383937
1.7938603284230232
4.3132670520165828
6.1503047112867941
4.4826692508994173
0.1314467194137029
3.2514096189037769
2.3929935503117745
1.1635584302195709
1.7944021871975342
0.4381333242886772
1.1060450855891704
2.3464645100705046
1.8975163825621750
2.0783786108943771
5.1052193492982507
0.7423751453802652
0.4857185811450798
4.0915111024857893
5.4528508006374015
4.6561260614500286
2.6064824817352577
4.7783503212448819
1.5696941379156644
4.8932782714787981
2.7764121361450265
4.4709252296009270
1.8866918856102064
0.0868580740212463
0.0067876156530049
5.0054016575631808
3.4410811070344747
4.2983783280625989
2.9183880632984938
1.7665841740584840
3.5203989855649684
1.7772321041822636
4.8868569730485847
1.0589611529178606
5.3225989836393284
5.7599402635526378
3.6830152156595286
5.1936767064557152
4.5474935930044698
4.0721802089122745
1.4508728269873357
6.1350440813149412
6.0483527074362193
3.3821509924319142
0.7466210406639349
4.8392432114938062
2.8831909564483817
2.7144620594652173
1.2670641270003140
1.1142004340790530
4.3838292554366092
0.4589567297889159
3.2294257322826492
2.3828456044860133
1.5658781131540593
3.0896694471716675
4.8613748289614485
0.0280129867211077
4.4584987318194402
0.0922761157567257
1.1028682313212845
2.1258714686697093
4.7876662682213826
6.1356456578911409
4.3210799823613160
5.7498947647460081
4.6823506426095269
3.5648009908722633
4.0788706190212070
2.6239984277748061
5.1619173054145566
0.7453265840845437
4.6052860406934135
1.0956191115150429
3.1534073857948912
3.1020033441490931
2.6975599654496287
5.2481111993263152
4.7542943919215048
2.6265301138421302
5.6393151529690373
6.1099695775260603
5.3348362687927189
2.5554970146979317
1.4655831923377958
1.2622102261413422
3.9080138131156263
0.0769855809931690
4.3076764334833353
1.3907333011888707
2.7323744722372632
3.9335872431296091
2.9340063962899254
2.9060262597346096
3.6745003597824528
1.9979931856387319
6.0138103859508085
6.0278496535595201
1.6158487512459800
2.2210378759368341
4.6500616143903839
2.4987801774474625
1.7825919547097941
5.8287201264682516
3.2709844706997080
0.8891897369421222
5.3669845768715598
1.0144035701228351
3.5955596867838242
0.5151659275065890
1.5908334122508800
5.6793012404414815
0.9784478941536274
4.5935596758036121
5.6293001020308147
3.8349117523046097
0.2357154845877309
2.8517174329935981
0.6332571756526837
5.1239463628618180
0.0029786039673136
0.6212390128216234
2.2958366223556905
2.5126143909382410
0.9587163205425827
1.5387007188764079
3.2957117011241741
1.2589353914085515
3.3093666327995317
1.2008610180286072
3.0233672328145307
1.7797400756012123
0.6186683553701730
2.1216703425602046
0.4358088660029830
4.4573859727094609
5.8698492376949867
3.0244041703238631
1.2891274447628753
3.4472781170794748
5.9194730616061921
0.3159961079774275
1.0015025753795319
0.8950896022410340
1.5669918227912234
4.9478415931228819
2.8381483052345042
1.7470444212618821
2.3555817136864574
6.2633135486219889
1.0454231856120295
5.9517018231039041
4.3292379295147105
1.9567413173596191
5.7794236970546109
3.3121090709180230
5.1751629288791925
2.6020616299595658
2.0653977114890139
1.8413409590144545
0.3449643636013506
0.3161642479617424
1.6543071476574920
3.1144584647462610
1.6968071615722662
2.6316242126620688
1.9481573706285329
5.7352650081526120
6.2752868947486640
4.6975842985125897
1.8230813844853038
5.5569585411463960
2.8790293558625470
4.0889345828996380
5.5607653980355991
1.5798787791687947
3.4192215005215019
6.2645083311978134
1.9522206489860201
4.0268021591401011
2.2769456997120998
3.7942228079158475
2.8358944944183735
0.3732172004789745
5.6225600166566734
2.2033452779778937
1.7655974954670541
2.0048365311133232
5.8230471052599704
3.8738738154898691
2.8805336859149442
5.6444649638777413
6.2575174273091774
0.4609420035934221
1.2254607998342331
1.2061840742676933
4.3025311970274007
5.0638460044085765
3.1012030939722726
2.6772197442428896
0.2425787481108768
3.1770236134072269
3.1932890005820860
1.0813760848980016
0.6372710069062784
5.2496933544505939
5.6064120098969275
2.9014483374620643
1.0219663601870737
4.4260855439921141
1.5016184352179363
5.6290746278601285
2.5117200793758161
1.8687356501964465
5.5852501615497898
0.8085862010251214
1.4678382669117622
1.3606043792240268
1.3619631244158259
6.1984014458122125
3.5739833596522108
2.6625309521500569
4.8341842817795015
3.0567671139630774
0.6351296801538794
2.0963158380755949
4.1263494165097026
3.7799266331518879
0.6730718652257258
3.3444947902698940
1.9780925424792963
3.1266045397416589
4.4492350703912056
4.5238649965487232
1.5653246578708138
0.5711536653429473
1.8502525573918074
1.6280201550276689
2.4183733380321755
5.8737898675026985
5.9168884291025359
3.8480750503868850
4.1712834188105976
4.9274026935361714
5.9345427908414115
4.1822282558357546
6.2157387314863293
5.9585376623438790
2.0147789012890911
4.1621624339146006
5.6134122925535914
5.7125239366560825
2.5222144371053550
0.0509236289741960
5.0545837924373762
2.8844030459499659
0.8285555260889927
4.1614483129740742
2.7911636765902568
5.6112532422222250
1.6353966900792483
3.7427988961881926
6.1993794899261987
5.9476463056301370
2.7192221510112691
6.1827133395201681
4.5650982721240618
5.9669891171220000
1.9653790227931394
4.9842257381865176
5.6007284251073015
1.4584312165959121
0.7797841606456588
1.5930188058575869
1.0632527943178713
0.8946821356356325
2.6498708589814908
5.6782402344288503
0.5730594407070999
6.1696809068255272
2.7817249509028179
3.9620430025760691
5.7350515092087040
6.2718292583210866
4.4442568900799655
2.0162527141292426
0.4293859732416762
3.9062077897284366
3.9887939334343776
2.5685594349038596
4.7865012606535764
5.3889909741649795
3.3413182122476455
0.4959128024510517
2.5862186599494086
3.2584316795845085
3.5148885279067592
3.7778067079166338
1.2986611378703716
2.4369865391942178
2.9998340953832821
3.6187410090200989
5.9750754165765239
5.4295149998088332
2.8192983662244875
0.3140792824670153
4.9877075454373143
5.8577011936190138
2.0877561699491993
1.4467674680508125
2.3374593132083823
3.1288249351686201
1.9399967520417851
5.7297304373654496
5.5554112020747439
2.3125833802263656
2.5361417371654782
3.6495880423366174
2.8200557070110088
1.5954570361483931
1.0207933929760755
1.7098916214312438
5.0563745707618599
2.6260611917659569
3.1915715410199637
0.9745865498620198
3.9706521529781083
2.1948487243182826
2.0472653822538316
5.1918832091067992
5.7351831610559962
0.8653338493473198
5.8833430868530758
5.5707810881388671
0.1163834312785039
5.5398708309288249
5.6388274136731793
2.5656076479037768
5.5482292730301195
5.9204855654718953
4.5321491220663868
3.6129143439058851
5.3702730160663963
1.1384194716132907
0.9456979507546546
0.2390214754021470
2.8789138587025320
0.3471470473995538
5.5111783296942081
0.6966453510241645
2.4959438361428457
3.3532691168952238
4.7722719133966454
2.1425649577823926
3.9593551810988927
2.5735039775313728
3.3495480693387170
0.4621585965013336
5.5177934520069574
4.2050480059096458
1.6741468257403369
0.1121335840350636
0.2372093896241166
1.5520324205097653
4.4975591467042371
2.4928573631298474
3.3653200481430492
3.2971841122665970
0.6734160568317391
3.4762186284090961
2.7049938248633834
3.3372375581171196
3.9472643775270790
3.5282407970610206
2.3358732166677334
4.6974061035229688
1.2874179833512740
2.7501202971557821
4.4246757259381493
4.5847212409645275
1.4456791759346586
5.7012189660259276
3.5253848067790083
6.1841116195702810
4.8659466435720269
2.8207460557937685
5.6549379468183218
5.6354023475634003
5.9580589073556691
0.0252502115868896
4.1171281143070102
5.7219576459547987
4.0093456680934594
5.0189757586737667
5.6551162232814098
0.7769201609592569
3.9702005056225924
2.8969014677309972
4.8900674840627421
2.2270109277355310
4.5634695802030709
2.0062657670713984
5.6491301727608700
2.2022237619771703
0.8863087489586099
2.8123837016984510
0.2591580255996444
3.3920650342391152
5.5136623178102253
5.1680542376398133
0.9743805843643449
2.1508359414434555
4.7824495283064969
3.8403265229611128
3.4369832643254821
1.5046489418976261
5.2697833194085453
4.5120310147931493
2.5050608422053160
2.8140213592479268
5.4189658523078910
2.8947782208454367
6.1367339514060006
6.0577014728100282
5.4666233132082214
2.4509179177196576
2.8863457786009890
4.7221300260120893
2.8031170095397080
3.6874460708064114
4.8326178781670652
6.2275283604782450
0.0296980860990707
0.6542046769091341
0.0654326292066455
5.4593190346979590
5.5920855444612894
0.3876454368280988
2.4107144496636130
3.6348366051206180
4.0895954712942055
4.4945251778685673
0.7655816306268801
2.7802757408954619
4.3960664594845742
3.5334636017549124
3.8795484844995145
0.8289289161950250
3.4337274188443629
1.4747645501385696
0.7093484045097264
5.4812651011051710
2.9173145826207607
1.5808011846037955
1.9586559242749428
6.2341520215150794
2.8302054758249424
3.4606066537836382
0.5362426165804736
5.0053771892281258
2.7882469568839712
2.1151571580325856
1.0820813104866207
0.1858650650136750
3.2733958594349120
1.4167649225547410
0.4278684110887612
2.0103001810089531
3.6228199560480219
5.3727932499121680
5.4557589124349377
0.5774245768862456
1.3578928717696157
1.4243716877919526
3.8325877289903576
0.7059756497383064
5.2266535103492986
1.1634666320195011
1.3073254329463440
5.9407175603805307
4.2790126920875640
1.0018578598301555
4.5995642725598236
5.7850262197219440
4.7806216799009142
4.3822772563287558
3.7043213225223943
3.9621807835985088
0.6676423002985182
1.9609094625941794
4.8615609150869483
5.3893195933762481
3.7281689434474230
6.1908395145545621
6.0777015220098205
4.8686642947257432
1.8131224852150922
5.1993664516411977
2.5486346842649055
4.5408650030926063
1.7106932513966158
1.0977664956904931
1.3491923798842436
0.1439309788104105
2.9446600280977373
0.7994654368691274
1.2681620985593081
0.5131226602005453
4.2326866878721221
4.4109273621415426
0.5240221525435848
3.2565749333022143
1.9708083336124311
1.5459913732735211
3.8455960452797804
0.3518959542522216
5.7324793396491982
1.2848364113268147
0.8073681976816676
5.0282563128908677
3.5540638703211171
5.3474321546327275
2.2997365667921552
1.0968486609713597
4.8469231357299458
4.9800472362844594
4.0602612434267771
0.3922861123488950
3.4846305674411790
0.7219369213466651
2.1577019409425273
5.2815772088076063
1.2736599341639674
0.8136024202854848
0.0395116978620036
5.5622592195181690
1.7328147250259989
4.2518355062309565
4.6232535849996514
0.1326700497264627
5.7606816779222632
4.4086474600633485
6.0378181087182963
4.8579190398018159
4.5457143576477979
5.5693539012591406
5.0423142575486839
3.7893796258344774
0.3693294506932275
3.2836040115398388
2.9202363961717448
2.8812681916360874
0.0040959449709786
1.8074977778835393
0.9106068788807543
0.6156795330465089
2.9429893950171842
5.5298307972884260
0.6898225449622909
1.0701986040919698
3.3459825911348968
1.7227596740179074
3.0159216353351557
2.2705170975332121
2.9618218483142220
2.5691398545204778
2.4754450513096509
1.3913262278906537
4.8068359719673248
2.4703791735201959
3.6898451384048156
3.3928869538718236
3.9592323011140729
3.0590236751328543
3.6686588545319925
3.9071552608903350
0.7004767013717192
6.1036981825801355
0.9281047034924690
2.7486158653058830
4.7999098991252387
5.7258015462137095
1.6028971984144369
4.9740790421082686
3.4918908301865215
0.2377786175337722
0.2117295374342121
1.2657613478187557
4.9557414661197638
0.9647643478549008
6.0912067884922863
2.2431860803748687
5.2847040655379534
1.9196158121171092
3.4837356812992897
2.5935623826799419
4.7407499507669479
5.7485765484361409
3.4223930460606629
0.6096860392526161
2.7770497659202529
0.0932286546610377
2.1210535332123950
0.6731648052262031
5.3564402155423103
5.6708671990910284
0.2319701077807283
0.0940240181224242
0.5640419362656985
0.3300462507275299
3.0694474366282472
3.6645375694267104
5.8561749348089229
5.6806694781048472
1.4526911031077778
5.4022919906347644
5.6864294275868463
1.4864426539399778
3.3334701365868402
0.8958570923085706
4.0075421803256788
3.5543106935356175
4.1944720684153696
1.9753907671764543
1.2830376149423541
3.3492189647199964
4.4211068391532162
4.5350429425257905
3.2331150329695215
4.4886014806685077
4.0026123582334243
1.2676537311757345
5.5194483882690424
3.9631260362788829
0.3688854431088774
3.1502184625258569
2.3471790469572702
1.8509547090517409
2.3453729455637222
0.8128293481161399
5.5409044980840214
3.4759558625649851
5.0378240891696269
1.1111245907843537
0.9942470268025605
1.7465459475278955
2.3452147081258019
1.7048451160260694
5.0383586714148256
5.5007789627673516
1.1599238241638232
3.7149073073588563
6.0895909046577934
3.4185689476029628
5.0620179972654400
0.0240631083597573
0.9091666542393890
5.4222367608646334
3.2591884873080126
1.1834803882976983
4.0738137599419275
5.0117254385075940
2.2231393820931991
5.2600958194936300
1.2743951637295459
3.7810649903227649
4.2661556208425493
1.8390527625451836
2.5904705629071234
0.3176640422241970
5.5516952542339260
1.9952084040379034
0.4381696523810217
4.7883399378787690
1.0458559759002313
3.2649339311026888
1.6813550847725347
0.6927396110163215
1.4017821421275132
2.3717055932717650
5.3302526876799892
3.9465988782207915
2.9748194303866922
5.0791509209542784
6.2532921360921021
1.5157617385781383
4.4244909932202079
3.3031590086009048
3.1652639544675303
0.7859687142708378
2.1038167689413916
1.9212909376325009
2.0711435825974061
1.2298187946099988
5.9231981236788753
4.8521162190819700
1.9331814980642907
3.5535249034678942
1.8763876523979925
5.3243266999761074
2.7408644678768965
1.6594905853791688
1.6054835024222260
0.2199512838780923
3.8380746647539050
3.5389745561419872
0.5314138993215991
6.1843467504535043
3.7169536446836466
5.4013668103022168
2.7254012341493619
0.7243705732275146
2.3044448414608558
4.9432329002978381
2.0501411801857015
0.5656437682791297
1.2164627386899614
5.3642341561845317
5.7588851695894832
1.7372309851933427
5.8856883821186772
6.2644365704162972
5.5557659566660318
5.1844236682548583
1.4558934839114301
5.2305576573890251
5.0573120325023453
5.6842508789917172
1.4197866009705955
1.2218159424581416
3.5177164805182013
0.5999562256624345
2.8472198068588113
0.5829295396414498
1.4282998573638885
2.3029083400321824
6.0289700916468894
1.6884247573811031
1.6765549245498006
1.1931330190165237
2.8291016091731862
1.8321477882403472
3.5340493202694114
0.2837706175292023
5.7942741646780824
3.8189717142425876
1.4206964027433686
5.8743031786663416
3.5475684887342029
2.9094641477807195
5.3828913377683927
1.6918007378670272
3.3977118079120250
0.9811005116762361
5.8017912571712662
0.9851440789420105
0.6389250223717680
5.2072951603278463
3.7033987093217515
3.9227444120705059
0.5000592886751091
0.6939940883441379
4.3052694782683849
3.8242992789734451
0.3527768783438151
5.6741056674207817
5.7163323437782303
3.1377358853331190
0.5721878670565894
1.0798285194819075
5.2004586828392609
4.3259507627412352
1.9499762910345204
0.8399766443142999
5.1093206780588565
4.1465776376303314
5.7999447085076437
3.2344623933686028
0.8192313263532371
0.6021469642470315
0.6996117156764180
5.6432029916105595
6.2082246276072013
2.8847936910078742
2.2105079949251665
1.8458102526596629
1.8643123500367167
1.9054774511462931
1.4599813933980494
5.6598867643193742
4.9897678494228765
0.5504529201682905
6.1152108575995605
1.6660832280316062
2.9284021589478182
5.3968684167612500
4.5613228416984937
0.9752615094337552
0.4909330646493033
3.7207317828249153
3.9065935662513800
3.6650382005602773
4.3040060097509487
0.8756323382109107
3.3611828898463996
2.2429757195896909
4.1666453500050356
0.4899061484435243
0.9702575306522929
3.6522457930838232
0.8173720229122505
0.1859951632267637
2.1805318746556712
5.8252029500468572
2.9515831887526298
1.5724421967370377
1.3289145461386702
1.6680248611545521
4.9895262039390662
1.8913168348900042
0.2490465488075123
4.9034314104341128
4.0974669379436151
6.1412402015268261
5.9070392323258814
5.8239572863205327
2.4718956463429458
2.2604651909622095
3.6141599725573683
5.2439160608948434
2.6698728610247144
4.1830453284880269
1.4040952157158075
4.9104380324388393
5.5045015842585379
4.0033302266800606
4.6068956447901384
5.9445645827488232
1.5180125939990674
3.1244550621004286
4.5274628832439650
1.0602290858573458
1.7997356457751867
2.9254629444869584
2.1630371282776246
1.5218407652503887
3.4858332353490153
1.9815402563138182
2.9048864730306039
4.4207667218474151
4.0953525881813491
1.8772678404615504
6.0094437394044400
3.6645772969989050
2.3188684372870791
4.5228307161040959
5.8657256017903299
3.3737946305382511
3.0731281837667472
2.5609217246223657
2.3811974621049847
2.6709087426726517
2.6636558661430678
1.3382165600911695
3.8148740253298064
4.1620060080049894
3.8642487804026677
5.9449225571561897
5.4168855380582794
4.0127057592682460
4.0744703897529631
3.2361007923871870
5.1244909705401067
0.8493294070941213
4.7756266721466325
0.0096277319990620
5.2314040064869287
1.7162290672955820
5.3101495356685469
3.3886014206658976
6.1096247242652844
1.0106390868331501
0.6295731138137944
1.3837673963712145
5.7881354607005067
0.4528553111588551
5.1431350292538571
4.0593139140553749
2.7577974434696717
1.1105998837575770
0.3630699068017801
6.0797356510058824
3.7942225228498421
1.1689186434361643
1.1048333769745446
4.6911523964093176
1.9892610932664516
2.2472996885523875
2.1922172068759171
3.6063339457119636
3.2369535089124923
6.0908353235394532
3.3962306358916461
5.8309447711040168
1.8120328988322989
4.3673713906607414
1.9449547851743290
3.5691986615475142
6.0738029616814559
3.7117250806205431
4.9813649928330035
4.5844371679787939
5.7951740916821457
4.2746606061026986
1.8211880286473792
0.0504500196512958
1.0347830359518246
1.1264869065433987
4.0239150000766921
3.6528566877307944
3.6271070621390962
0.8632054150241563
3.0748356694572956
5.7144263192571296
4.9455595044832377
4.8864258438217778
4.0078556204647136
6.2483155575062472
4.5626835843899896
1.6924570741960392
3.0235345708287986
0.7320288279707682
6.1288082628918268
5.4995379811096088
3.6068710526157464
5.9743655417699442
6.0848063669621109
3.6035712678669580
1.7689764238630765
4.6519399094148710
5.1698196140955153
2.2729990669434748
1.3607556562708965
6.0539757183592844
6.0772313077261808
3.1437756970056601
2.7793189285423932
6.0714117690503473
1.2685414160177768
2.9855685607074078
4.7445565760525357
6.2050982592976833
5.9921481557905496
3.5839297848801173
0.9541479779104196
5.2184761465179799
1.3492581423074563
1.7028561522361774
1.5500747862256283
2.9100186595768367
4.4484773720983375
0.1747064713264962
4.1144921423967418
4.2506018013512383
2.1474152393106767
3.9960499087378722
4.8527186270597742
5.0781647436824588
2.0463134753046810
4.5127852578690133
4.8336891260945318
2.8660782348838016
5.3287831901970479
2.6665610575671264
0.9804662287950138
3.9969556237255568
3.0906570051273090
2.6389287473039489
2.2382518079661211
4.7225777797254853
1.3263688969759007
0.3149816901631837
5.7624588861835901
4.6525294999010622
0.1882808864898091
6.1691331418570465
0.0515248606944611
3.3418468006911892
0.4431713460732091
3.3712245721938312
6.0158683111937483
4.9893649971062084
2.8135371551452359
4.2616206364982725
2.8540929316447645
1.3803496277453267
3.6381860943911906
5.9104279106142004
0.9352951654528145
3.0864141022547464
2.5716599213856561
4.1888612813835886
3.1853231473913937
5.1118783169092126
6.1315168914638765
4.2131833167992649
0.4391956533812701
1.9279734613109030
5.8819219094258077
2.6947373625160393
3.1282361139020693
6.0855291645225327
2.0857902670726931
2.0293200890358101
3.1361175631802563
3.9550712424930299
5.6487054245047918
5.5317997470691083
1.3555571734541716
0.1227169993317804
3.2805446313812063
5.5886043199861311
4.0195450028896591
6.0815403434989825
0.2850162037100797
3.1234631311503191
4.5365612920301892
4.5679621868084856
4.9589765978216924
0.9306121603477866
6.2787440772022531
2.4004896341022701
6.0955325915696550
6.2744481598294026
2.0058536988908284
5.5650812232064117
0.3276981549090190
1.8214172674461218
2.8712026178361558
4.4810459669961871
5.0561377396252531
2.0429940548198839
0.3758150749875384
2.4872416597012919
4.9742168163762619
0.5956463259746747
6.2489819624678438
3.7136386801985490
4.0752823416639021
1.3977250868970621
4.4930333202419472
1.7774972456486247
6.0355788707340920
1.0855900702973196
0.4722462245403184
4.0498666747919918
0.3722535532818479
3.2757237389060716
2.6104019209446836
4.3880646712574780
5.9937118429863219
4.0805181589854529
5.0625383510064994
0.9206599878075827
5.0920697766509502
4.6727751827789747
5.1751026200609838
0.0159814733270923
2.3191822832347304
5.7259896536179733
2.3426636139344037
4.1973869242430188
1.2860443099771903
0.8276241669545251
6.1938138500607431
4.0631687590865013
4.6053805400803336
3.3066572836838661
1.6466499535304027
3.3508066835118804
4.3626755141503324
5.3419811013220446
6.1256128880098135
1.8445845379584265
6.1887556814782174
0.2356085082274852
4.4587966542765800
3.1121901318128389
1.9374420938457886
1.3300042229516500
0.1495157503968458
1.3619602217029101
3.6389770861955042
2.4295526805925625
6.2311361568410755
2.3451305346560725
5.4551997750653838
2.3065062865634394
5.9126922600999601
5.8468723083505827
2.6948139402170797
1.3008377425814208
4.0964121385673282
1.6728607929820045
0.2219903276620340
2.4101551207812513
1.7541165487379156
2.9762556663299522
2.8119351805663251
5.6839406371916841
4.8507798580778703
4.3559386467068295
2.9549591137529871
0.2758743833170947
1.6159564821294055
5.8394652926796047
4.1269901326996905
5.0468145606888184
3.4289846759154234
1.0645758392983966
4.3125540776705016
3.9399995725551382
4.8337339379146353
0.8725172771185115
3.3633173654897619
2.4224714457189331
1.5219891890327548
2.7231884117583731
0.9167529583777315
0.7142555433313323
2.8540227713559863
0.6507831291235203
4.6907631651435082
3.9255265189915631
1.0381432724695134
2.8987645369995754
0.6855657867200283
0.5216486325347186
0.6757512237357022
4.8255395904185230
2.4098613779088791
5.1369654501387334
3.3919341488559440
3.0427690047028428
1.9677558923938272
3.9993367213695827
5.7840837176082722
4.6087611875003436
4.1934368036125838
3.0243590254038328
5.1026613672996017
0.7926663241520562
5.7625343628895935
1.3505772230258355
5.9228191874376472
2.4297391739131986
2.3363767085971396
2.1566541113946887
6.1899730370276851
1.9798966632970603
4.4109778881548207
1.1942455818478768
6.2743557412398339
5.0742028235519694
0.4147664342427592
4.9582999830175281
1.4982862158211403
1.4676805402465032
0.1253302259129154
1.7643523633977765
2.5130517620713664
2.9187350081126286
0.9067605118648170
0.6093107775498444
3.8014599225472234
1.1151833712484156
1.2806391575588336
0.9682871030441550
6.2382885148534601
4.0622171257489894
2.6523008698319921
3.9553216931703727
0.7897871374518327
0.1873569355208096
3.3411172431209075
3.1567283662736787
1.7192577085045555
0.7765968168800091
3.9085409962112765
0.6161172338290928
5.4899554028193078
2.8623359512947353
3.2185005896591901
5.5452374791916359
1.9621774767247768
1.9653333756056899
0.2120396370856260
0.4930561947470783
1.1319507585380602
0.2612179728186347
4.1803334218900732
0.2207512143673533
2.6561186218594286
0.6532286248859915
5.6924031135656854
1.3026735333322177
0.1774093804231444
2.2466431618878433
0.4065574697850884
0.2317328424302159
2.0241836021332991
4.9635935563464457
0.5626328736158973
3.2613873681999497
3.7710698529773921
5.9406813414535060
1.0403499212929233
5.3046454759567494
4.2684155372543131
0.2291761461165628
2.3765929813145990
0.5608116751543230
2.2398439719566992
1.2088034979290045
5.5534551979532258
1.2076999365673471
4.0868230127509655
4.7281851193918598
4.5030298847100054
5.2885139000244434
0.1023396067459877
1.7706384578312353
4.9937753878858517
1.2094379824281503
2.9600848970953710
6.0116743759140618
5.5984348551741538
6.0406112026579990
1.5132366728227495
2.7626314535390657
1.5855302836060630
3.5220429043512755
1.5391988847124576
0.5536664180003472
2.6197969919841597
1.9711506997406119
0.0333207594555136
0.2864805396043728
2.8514060700786721
5.1583123616227251
5.8599060718749554
5.6176391681231204
5.9735289851252373
3.1470320390430411
0.5600325511287212
5.5774971482204085
2.0233022141492745
1.5778318397819580
1.0352792542296712
3.9205495565375736
5.5809965097178713
4.0202245361700051
2.6770760761865176
1.1953130580499329
6.1216971122568538
2.9995179841164750
1.5488479053217419
2.6158909232011829
3.6849195563712343
0.6845212464056534
0.8680072004683325
3.1451488387368753
5.9242733336122795
4.4689389110248925
0.9037667080266619
4.2209803912843782
5.4121566460468626
4.3619442059919171
0.0888421267943657
5.5602751451699106
1.1091532503143458
5.0495010151644717
5.3168975471858442
3.6381688937581100
2.6503659692559638
2.7514968807475690
5.8442920627620305
6.2747694059675529
3.2946020874504600
3.8317059933235993
2.7772719310486820
1.6228151821377836
2.9411241369261223
2.7264497167496429
5.5552224289054877
2.7946748133730597
0.2962405870338942
3.7518531531106651
0.7532359881806512
5.3701505349435443
0.8958840145308946
1.6306358917313999
3.6607376154995004
1.6613950876437873
5.4912369555646219
4.8069068398333892
2.2477784792076902
4.6704071765547601
0.5134841104306163
1.1505539090256993
2.9146257833940452
4.3806467845113746
5.2297137045856763
2.5500929337255402
0.9741623526818475
0.3826829592604213
4.3904691854620790
3.6887852206697738
4.7500756650622291
0.1076094538585425
0.0607574546804943
0.8086236492862160
2.5107164462729270
0.9953512906180881
2.7657006875455004
0.0036279454015832
4.9354601863646073
6.1853714713945527
6.2328639185780599
0.8792890593532827
6.2589520427871230
1.6791021301914983
2.9513826948934079
3.4578651684552391
6.1069004846072161
0.0867188199262573
1.7851479150657166
5.5618947544506074
5.3745742704520927
2.5356517110059746
5.6268662508570912
3.8493120583464098
5.0412971726536808
4.5727903512505161
2.1835709668415975
4.9807761728373832
4.9405623357354402
0.5139642796671511
3.1879456530159049
1.4818306792266329
1.2035515956610920
3.9984874346164512
0.4928247429936943
6.1356976611083338
6.0968783514840510
3.9086363059495945
4.3701846004507541
2.3566979707674003
1.2756907273341040
1.3694117467779505
2.1548254601872960
0.0367545423649428
3.1474244546327719
5.6012826960468844
3.0228746398581929
4.5004176495198109
0.4851885980776587
4.1614274359260159
2.4990852306795128
4.4590322348776850
2.3818832759872324
4.2337683374750030
1.9186880140137275
2.3157009959369725
1.4139401724764795
4.3939028195738583
4.5185538113465835
4.3659872473908754
1.4428833532696383
2.6524443917452496
2.0428204819403377
5.7390205303911292
0.5041930568977359
3.8426493182149550
0.8599418736314089
5.7986735472638813
1.5292989360259923
1.1835540728309246
0.1662056513446643
0.3430850791842481
1.4410556940473187
4.5485994329003638
0.0568229540662059
4.5300302184850985
2.0654113547857551
4.2074686101224730
2.9923601604178902
6.1018916979197044
3.4495990568427528
1.9752432333401795
3.0745232251126526
2.5452220593866501
6.2157533131096185
1.0333442548323526
4.5553748695211063
2.5512236288965271
5.5085315688187571
3.5430824509985097
4.3618771273450960
5.1599529265982023
0.8725717628691233
3.2867986178701472
4.5815069574902108
1.8331067226707913
1.9965341730636674
0.7791122249750470
5.8118637452223920
4.3702701948121572
1.4619724397261664
4.4535811994328265
3.1101584193984619
3.4889642303408013
0.4973212895571589
4.5426505741141803
0.1471716819536841
0.6513424461589042
1.5511497800541261
3.8620639006315063
5.5500983131085775
3.2892025646872374
3.4310253539076556
4.2148221747160326
2.8283148333298862
5.4926901244138060
0.7666662398052638
0.0942414074717073
5.9851989397879075
0.7425234847019179
5.3367005941281693
3.4943953353639179
4.6542891308700218
5.3240683859633506
5.4777099663811342
0.1305377456157021
4.2752492372477935
3.9559011713413539
1.4428741597657679
6.2493659295521882
3.2181375456832484
1.9701214631563486
0.7851519615479189
4.8973056122278686
0.2727427488877904
3.0422480230325344
4.8620684584768847
5.7593414757736339
5.2960074557480610
4.7091671089038929
4.1965577704722046
2.3349165219918055
3.4618097249170865
5.2826696691465536
4.5903794985176800
5.2695369178387566
3.7536011800121170
5.9779804392058224
2.7017544729427949
5.9021837686856218
5.8272145945002256
0.7069066077993573
0.6161716638372238
0.1425191869842301
2.6858584986158864
5.5754197917426298
1.4369419422910863
2.3120525572994830
0.6765028385237394
2.9752982488012223
1.9691272902196020
1.9627438063806817
3.9337130094061878
0.4849141520880035
2.9955637840924889
0.3869561883873680
1.2059291076197483
0.0177761272961412
5.2916861650572642
1.4273214917892809
3.2942624100722147
6.2080471374665178
1.2931851698323669
3.2187581821683526
1.1662869536912481
6.2316732423959911
1.8024096606815683
5.6107757852652647
4.2342351698878842
3.3827280292845208
6.2475542128172288
5.6827072322466989
0.7074636599055729
4.5498572230041106
2.4470838146665463
3.6635645451555079
3.2699510834785022
5.1464667471313259
3.8933174364347787
5.8416228601766447
3.8174395128335639
4.6943687388126429
2.2619469847093030
1.7774503103098902
2.0239072959483964
3.4458409229389262
2.4942110905560941
4.4097271258924788
4.3097554925650829
1.1244728245277054
5.0492311987374556
4.0682627926970012
6.1605826273656303
3.7842581063383403
1.3167124513148654
4.5263161879021867
1.9967285358772027
2.0141535300336169
0.1278032278080708
1.5921879370408103
2.2858278569815171
4.7133156153509752
3.9773520835709286
1.2193819531038586
3.5573495065523675
2.0557435508329083
5.1843212820791162
3.5297187104365468
1.5205301654007000
6.1155714438848614
4.0618976227763950
0.2308942662062412
3.7410582686643226
2.4410603906448136
4.8150049604245391
0.2150732471719721
5.3577768655533076
4.2963420135234953
3.9927020696841735
0.6736947516085742
1.9296978512291703
4.0894636543888154
3.4018730832107527
3.7938952835617172
3.0772324015590944
4.9843671498145081
2.8008943217525264
2.9666839998085601
1.6789852342428417
1.3748792684444997
3.6466763254657808
0.8816930140806932
1.3110568137745620
3.4127792281770306
3.6452154571641375
0.5137208442694201
1.6071729098228771
3.8189854758110013
5.2181784207280595
3.6986726057896782
2.4713561464777132
0.6907923598335580
0.0291831442561604
0.6312044111618491
5.0835226189308962
1.7895016524843850
4.4005872408578988
4.9021926199230128
1.5192036067053365
2.9668088732317184
1.8060325634562553
4.2153410664572704
6.0141222536460637
4.6739015807935109
4.8504131069460472
5.9739017611808336
4.5397568700896231
4.5584541877519245
0.5591783726793280
3.8853408764848423
3.3791435306034723
4.8550568411938411
0.5235146166554457
1.0889660112709896
2.5839124234273432
2.9543011168367013
2.6581532155639978
2.6098617272287763
6.2480612791662082
0.2628819111469541
1.2808908337914195
3.3016199753711502
0.0319440345136446
4.7959255112386217
3.6320290567384523
1.3519946756313954
5.7951201896273314
3.0429703253316180
0.9532442376552724
5.4688564981560379
4.7989407708693754
5.4827639223046125
6.0407272661279316
5.3347115545673081
1.3592819601122303
4.8569723090790102
0.1680934601404281
0.7245452011633232
1.5494290526312009
0.6521390941555393
0.0207410203921208
6.1543839723819493
2.0147557772758629
6.1117629308512722
5.5363883635518301
4.5814140286688776
0.9401596771199835
0.5977948715587206
5.0460738035704553
0.8428179296886849
4.0963445591402294
2.2617325151794088
0.6843787866141892
2.3998491890283029
2.3257721411130148
5.5943217766686342
1.5806065978800725
5.8103982285755187
2.4715445467443464
4.7801410407886449
2.4321084272294722
1.8886865877015164
3.6440948221336580
1.8978193903259177
5.5378066850293148
4.1552381085112424
1.0746706164743927
0.7348771013739823
5.2062489313684148
5.4182061516214368
3.3776088767542829
3.1310989318586975
1.0278879595143453
4.1077387961233640
3.3782500463936027
6.1911404773094336
0.1272285429396280
1.9410611332754599
4.5921732271607256
3.4887271162940605
0.1521559611838200
2.6633421507337314
2.1192231559061736
4.2081120603409525
3.8580092289092138
1.5930396731767074
5.0886640240195415
5.1511007605894585
3.6585745067899671
1.0891536509163851
3.4099429509197821
1.1828317234241785
2.0838303685617574
5.8152848460861257
1.1886398402808664
5.2173123625274069
3.2140179819726491
0.5398549268427381
4.2593967701328612
1.7552088508959223
4.4417926140945108
1.8995448921877132
1.0763304870881707
4.2350517327825585
1.0510981687521801
4.7305524851190190
3.7744464620722984
6.1224507465101219
2.9245220396879370
2.4330255349935324
2.8466518472804876
0.6523687842407235
5.2664701190415499
2.0694999060285508
1.1011897857577926
0.1255222839299988
1.5224795934363822
4.2243933009089867
0.0505791960769727
5.6589411962693799
1.0504822281395878
1.1223897279459614
4.0771862421411909
0.3115753248862435
5.5148392355316700
3.8673623945962752
5.9418298770686455
5.8176531089499726
1.8661491778087909
1.9517893767314105
4.7231536288901772
1.7728926163398964
5.3653907166389194
1.2508431762202650
4.2286970658672720
2.3500694867197391
3.7901415213235312
3.0413978995285249
5.1683280105929414
0.2346368639339321
2.9086815013972038
5.6175510538048430
2.8764135476674566
0.1744055047707844
1.8452990262005751
4.0001582834780471
0.9021614418607704
2.9646134300541496
0.4373643990460417
5.4975968023340132
1.5383486102442692
5.6147459214550093
4.2746879345345015
0.9875729231693411
3.4623518506882385
3.0703437049093303
0.4423429902899846
5.1446191364292595
4.9744538376189071
0.8909910959236482
3.0573005922727714
2.6352242030790185
0.2325304401610443
6.0994907926069786
2.5119111021963314
0.5083516538244592
6.2283979481664486
1.6407235928479287
6.0621530397263887
0.8408381720607555
5.5375637465635243
3.3161812926450080
2.9202801962465501
2.8458420057310043
2.6971257236644668
5.7120001651001511
3.8687698201194229
2.6745747071612138
5.8912139370514449
3.7323612439988372
3.2125197388662690
0.4213032665681921
2.9730318272511309
2.6163258242457235
0.7251158916868622
3.8213760049742724
4.5410378014339035
2.2703078886710273
2.6478002926304511
3.9428731827387087
3.8746935800321682
4.7503164250838967
6.1929890207007823
1.0643119176742162
4.5722586998002974
1.6311820851138594
2.6806606225675709
5.3684086572851353
5.5224541706406933
2.3658116711474149
2.5737505882710519
5.0409862245845556
2.9592444481198048
5.1531194734713370
3.0390838115621901
1.5496037456311447
2.6357445891339024
0.4081793576015652
3.0721210713897471
6.2143286948053458
4.9232464740539239
2.2818776037478425
0.4056909340975968
2.0233673570947781
5.5288332030280989
1.3667374147675782
1.3134673881229846
5.2454948090737412
6.0017241037107993
5.3403672780191247
2.2782882046137085
3.1798155402228625
5.6978340182866489
1.4669902053254289
5.4595906841606734
1.1983080147831837
4.1937225542659942
3.3830137448140096
4.4102224039890237
4.3287855607972672
5.0302700471514710
3.9854214635819822
3.0658163661425477
3.8819378354642993
5.6808679652181793
6.0051215373859623
5.7740599057855189
4.4609764929976716
3.3670931361272580
0.0722461092172976
4.4150811555352520
5.5149468400874859
0.3490000835193348
3.7339566419491450
1.5228429428087786
2.0404865708035973
1.8758727322862290
5.2085176953865959
3.9064105173679402
3.5271444480605925
6.1630098939236868
4.8292513730438866
3.6732033636289261
0.2239467534188582
5.4279569424218561
1.3330400949668035
1.2123857499975763
5.1589693632998941
4.8677850912312586
0.9360164133553903
2.8092576514387329
1.0060947282531398
6.1772718986585300
4.3865260750439639
1.0681445593460557
4.9545554288307629
3.5592463283444862
5.0316039763605396
0.9914588053852218
3.1310630453843613
2.7961144027390277
5.0467984324828485
4.0615552037321079
4.8212692851486851
5.6308155647377687
5.1830930716695018
3.3520925015035603
5.7687546555737104
5.8885953489103144
2.4294922564111645
1.7777294813599540
1.8698482729380037
1.5855779818565403
6.0034250232094948
2.6426508502279447
1.4721856334264360
5.2570615545502166
5.9786660580219735
0.0430098386656398
4.4254000549666763
4.0506590718132802
5.9288639428336554
5.8003994178756217
5.6985312650601090
2.7094112921138160
5.5858200071762054
2.5339457127062062
0.2830101797232631
5.9574074619589359
4.5707055324045465
2.0566539486199402
5.8468198314507625
4.6978830487177037
1.3810475462881053
4.4777939576638683
3.8715253169495734
6.1042167805673087
4.8906604738529422
2.8578532068337301
4.0209676820014861
3.9357422894341476
2.2862521268619642
5.6919556605261796
5.8022607014132968
4.5559084909860896
1.5123593647073934
2.8866618150917329
2.9693699535403684
0.9420027742176952
2.7264061043137717
4.3384898456051859
5.6611483569809140
2.1139479904882585
5.8717688965770201
4.2376318021956552
6.1574535288505805
2.3075535563123140
0.5264909782152351
3.9277233717693849
2.1042461899726708
2.9902010029446613
2.4959534717093059
2.4067747798250378
1.8705243620138012
0.5348738983513323
0.5883602492155107
4.0067636869238186
2.4425199444485521
2.2052257727048823
0.8951158452425266
3.6653431676951724
0.0055200679571197
2.7636401933131562
3.7764057506368620
0.2937284152547250
1.7014545674709007
4.7469089138890466
5.8504575239616345
4.8725773509929358
4.7118546082163713
1.7005343533466957
3.0263751248234363
3.3069107444221739
2.2810854704525632
1.5216688578648774
3.8764181953599133
5.8512046646440936
6.1259000444042861
4.9967704309254648
1.0466451816003965
3.6282725806338729
2.1412576717229492
2.7896368117225996
4.6440998555310529
4.3840384557225365
5.0663927168147014
1.5662084486878487
0.0395886802352007
1.0885721076888606
1.8252747331369270
3.1461915217709748
0.0125294008400461
3.5648948585124511
4.9327194214216767
1.0605836481909545
2.2710845970532239
5.2509986028246898
4.2426799865371922
5.2907412017877693
5.6737328032028378
6.2776333076884523
5.9362120583827931
3.7830750960011605
6.1586414862082517
0.0019936018147174
1.8524983995474942
0.9832593170852384
2.4101565356665855
0.1120114234712098
0.3010259287662369
5.3113698360090646
4.1768005320692589
2.2668246586434502
4.2190120102399282
5.5169478325248447
2.2083200456206047
3.4852855780420766
3.3144916630228907
0.8676099429794233
5.4960395864471527
4.3175137934502832
3.7141814391545798
2.7430606609252703
0.8082276197984015
2.7826551736643697
2.9326920271738919
3.8575151853751173
3.2802211163066972
6.2114655125884148
5.0664599636657535
0.0735974132693819
1.8883333153364823
1.8663690210949924
5.2691673118068465
1.7772654854776435
1.1820610650789176
5.2993756196927722
3.6810844758883912
5.6402589722845855
6.2409948966286022
4.2003538768879647
0.7525927193013577
5.3535673621199908
4.8099077923378823
3.2406411459577447
5.8735350995623739
3.3155577424244629
5.9471848078642724
5.1852070143751217
1.9454510727273142
5.9017793443386193
0.6844172628978016
2.6103580723513389
6.1463228418989528
4.7928549041189674
4.6028270298710323
0.3742461888875256
5.3911754108505727
1.4401381583804884
3.1629199099164800
4.3867039710214168
2.3377228540446855
4.9863257836987414
2.0233660830952251
3.0829389807338132
4.7697319365816657
2.5910931104780532
5.9244770629485792
4.9290795145076167
5.0150605857996302
0.4412868258946260
5.3496253734428016
2.0303920721199447
0.8793112569578156
0.1295624465980993
3.3923517369941298
3.3936469435108854
4.9873157672233432
4.2405449779644879
5.5617325784343974
5.0639293914539127
1.3454056073724610
3.7735819809643751
0.4484284310566846
5.1659522811990373
3.1264247677628574
2.5718008334867593
1.4460334141323523
5.8118876887553306
5.5349414865375541
4.2803493988775658
4.8677831102236260
1.3261537376716137
1.6050064431980287
3.6127604739770063
2.7294315800100910
1.8861426870496849
5.3150760875143437
2.4252869038623293
6.1815742742213891
3.2822743247361510
1.7968752377889257
5.9848878197400461
3.3191624227681982
1.5120540119451520
6.0504406643693578
1.4409471297845271
5.0134612137686618
2.4588345863150773
5.1225251381677417
2.8488142733226693
0.1806739841423963
2.2266122710442802
3.2482730903998327
4.7336731958119707
6.0171588464465131
4.3946229611164780
3.1822198729991724
5.1838303083291901
2.2539483037677011
5.8817086920473622
1.3424893818911006
3.0009406240197181
1.1139336690333934
4.8609965199010805
2.2165611112237338
0.1066821256012321
3.4236814472209693
0.1690552324674471
6.2665362432862759
5.8262430049048914
4.5388308110765108
5.2415871137523959
2.8362222626580396
1.4139125084040336
5.4983739327784233
0.2958295171937154
0.1508868437547220
2.8580601297502279
1.5594252757813620
1.3789069380172467
3.8168934710284907
3.8851049994233122
5.2266190292266597
1.9775644181625043
6.1846342745578937
1.6880109002078774
2.9706688725031629
2.1865754461469180
4.4592626220537266
3.4399106484195001
5.7951529150586687
1.9870381747729395
3.3752065429894875
4.8808278644875278
0.7379536396171165
3.7836835519217717
0.8721245890509869
2.7815927525898609
5.7265142434685687
2.2885397999655308
0.5935623848956593
1.9609949318595672
0.3471814813109885
5.6699888433118204
0.3953443283709717
2.1018914007141665
4.1659668699594077
3.4751087950359660
4.8211657707750550
1.7209791508269416
4.5582353704558543
2.7433034772848415
4.7808199212521050
0.6506613074930918
0.0877390150025870
1.5981665543197632
4.9879171873806722
1.4044917753634321
4.4418759507339844
2.6379310189678380
4.5891049708262726
2.2115925411190105
0.9807178382848830
4.4681199409078705
5.0500738750400851
4.7697565322911295
0.1559268862239543
4.7746374260566755
1.1150390404789430
6.1721348439818691
0.4128680368038850
0.7763141867085467
5.6019408836056890
1.1655141615369284
3.2423191120645152
5.0663928485316827
1.5130810133310233
0.8697155229796653
4.8301180439069409
1.0629105843107494
5.2606821275397513
0.6737655691978705
4.4909142836160996
4.2791413896113486
3.6771074649841595
0.7323788919330586
4.2231424303668765
1.5141923229902214
5.2418833440057897
2.1498532874114296
4.0024486429431585
3.1553481069067408
4.7379601431977152
0.0270665328602593
0.9377257383497355
0.3976296608914722
1.2904363945044162
2.9357865419863280
2.2598286263742771
3.8191666411234824
4.7292784493906197
5.3943405162152818
5.9598164208138504
4.5065863231649921
5.6785138590774098
4.4191496929535026
2.7455480534134420
1.6068036807265884
5.5550445025368349
1.9705214740522803
6.0611855785680717
0.1843903498960070
2.3953475075345576
0.8315096012476947
1.9918811302686654
1.6530506448819999
4.9005908439287378
4.3078094791027350
3.8454244391649519
3.2931088357044325
5.1347185453893580
1.0491080723112902
3.6030626084068924
5.8473446998087706
5.6311859512037854
4.0028052874279982
2.9683655698767644
1.3421243390910866
4.1653415131027485
0.1818700342184927
6.1189104159981138
1.0744941183984176
6.2287377642182582
5.0247992041864569
1.3658539480636818
3.4719514085535774
6.1064010237990791
1.6024265693130402
1.1314991003479349
3.2833256316888013
1.1067433867333978
2.8263765981441669
3.5254217365590175
6.0637259770554675
3.1476599586098790
5.6518783895979556
0.5822670861184581
5.8358414524964770
4.3126261496615452
2.1870328287688530
1.5846563258289421
4.7017256139053796
4.8963616005547239
2.9495732340052991
1.1691209521150780
5.4588871682501043
5.2917226477858987
5.5099397183548540
1.4444776645592969
1.8024283881548844
2.2288243528594078
0.3675167115716071
2.5296103796855296
1.3257619021330198
6.2318017593110220
4.1116226916492300
1.5148444944147974
1.3470199720392408
2.3879392130377104
3.4514037139410960
3.5099206593434231
5.6506591009154867
5.2564599833861800
5.3107224216213940
1.8942577136923830
4.4005946684446053
1.0970629262587324
5.9782219518838691
2.1057278027298092
3.1688830780057629
6.0357897198379611
0.7755509351621973
0.2282238388773225
4.5820925947664595
4.9803778449221827
4.2674152201219799
4.3833588927450613
3.0408602585733462
2.6398645687539566
3.5056201730121463
1.0495791028171191
2.7949733329152524
3.9625086170243087
0.8741952488070958
3.9846846560335503
0.7111368886955695
0.2046222533648877
2.0252785321337203
0.2162182288143537
3.2597679705708416
6.0841892414547969
2.7546890474795052
4.3568111562435687
4.9427624040292120
5.3519899184486759
4.7510408573606746
2.9518773993922940
3.5703545251288036
4.9645829004117497
5.6111243220066296
4.2706695276573345
6.0808122675601703
5.7626497746599989
3.9373802809244904
6.1107167608266346
1.3463746049607899
4.8078936213123020
0.6933017810612598
1.5466076835381173
3.3737588721609511
0.2338964951243259
3.1525647990767225
3.1778026251144000
1.7922606901523723
0.3830370232155280
1.4288771729789040
0.0047025655544580
2.6012326223836153
0.0771903530527318
0.4523914905201946
1.5883676967558444
4.5107687770506137
0.2479995376459846
2.0707261617714483
2.8898008532084316
4.8546840275744669
1.5500306262977832
3.5890759583507506
1.7576182336850368
3.0464443807157435
5.3779339866156253
0.4458693720532061
0.6588147908340078
2.4519930791425488
6.2497637119513270
1.8920409864269174
5.0071394400431810
6.2224405189441825
1.5109513314766603
1.2242378644952943
3.1720540225837945
3.1076985756802591
1.0258135155451211
0.0350676463647569
6.1789736301930720
2.7554895779143025
6.2767691206162688
4.0684386220906061
0.4084751029651114
1.0956982705799849
0.8216977794533412
1.9197244990627369
6.0611301517219580
5.7362440818504226
6.0617311375170821
0.4563090110406189
0.4874134261190090
0.0799772647971015
3.0681871974520480
5.9336059769284235
5.3965063252070005
0.8569436015989599
6.0075445204300717
3.0935243131348438
0.1690794773606087
1.3341807008197299
1.3671961389147054
4.1450695669810687
1.2187220939183405
0.1374855954456629
4.1428975830614050
3.7040139567147619
3.9687447777233222
3.7747954610135426
5.5213884197766498
2.7463361968208764
1.0673449680655684
3.7037936626046739
0.2031376826190998
4.9288257553488464
0.4281743820280359
3.9024652334524390
5.5298722725028080
5.0367121517326581
5.9795568504375307
0.2245308893600994
4.6757926382963113
2.9939420060661015
4.7434762514790254
5.3467365529087250
5.4348697691000876
4.0351947910910893
2.5413182735700865
5.2641292671683653
0.8719137283015870
2.4177274322242797
6.0639737770422713
0.6498862926941783
3.1100941685545398
5.1191636154037665
5.6743663830668130
1.1815839836537614
2.9077653631605123
5.0286972850874214
0.5572327187259778
3.2716340281541147
4.6949512354106959
3.5324907468542235
3.2094817011262711
2.9846091251638533
0.5711505569125187
3.0500518413863849
6.0929774644564869
0.7530510454287110
4.2060456236253732
2.9987485455595499
0.9196167062625861
4.7186014624864416
2.7552812319252058
3.1849814222508761
3.1942286610072514
1.9136397354348020
1.4102558981896287
3.0782295222655507
3.6878508270887140
5.8558302142359571
3.8357820305716128
4.7812906149913319
1.9583367329624155
0.9572268349092847
2.3036883524117204
2.5494104316537394
5.3061635789197084
5.2823022441235663
1.6225896581029673
5.4484060132290200
5.5132275202235643
1.4871352659224844
4.6624787891302875
2.8417354627183311
4.6139091841532913
4.7280946230744281
6.2128847690203131
1.7906913493203691
4.1498444512835357
1.2963728453604273
4.6249640096246294
4.2991662734875309
5.1824670062833542
0.3581424796803989
5.0412071931242588
5.4317043165488128
0.0869843869363993
5.5156518645534556
5.1479445739252236
6.2637767943210250
2.1619158207916289
1.8915572323442282
1.9335723072633786
2.9524359705092129
2.3781131619197291
0.5575621159404599
5.9451422276478159
2.3526400163741021
2.9912159796722175
1.1376995651909887
5.2646873182846896
4.1921820148759812
4.3386600899374281
1.9356768247190119
5.1997535807474708
3.5797802612006726
1.7579839974349674
2.6999455270292900
3.3436704720376351
1.3337428973106515
3.1102857464984979
4.6619854678022632
5.8596168728212925
1.6813387815819654
2.9294186034778082
2.2150617992903343
4.8266550400797952
5.0722340156253631
4.7963820090530138
4.8667861771904732
1.5735106828384384
5.5119589295973244
1.8172900063090047
5.5863046212249428
0.4881565253151781
3.8389912803547088
1.7876684132259932
5.3183103001582008
5.9836811752381731
0.2650349447889458
1.2953717267816554
1.6123470097654464
2.6987209358137632
3.3955979541408050
0.3226813669631303
1.7533635526932871
2.9259713975712502
4.1078829553874874
3.0210492747444895
1.3683582105229888
0.8735426926670751
5.8222506070223403
5.3165232670276694
0.5711371069063986
1.8110916572711857
5.3270133248510447
4.4507924854215224
3.4979780499608739
2.9909085912806677
1.8403180489396311
5.3517317061689722
0.5125360063970374
3.2867188687686579
2.5295150639969095
1.1573483298111553
1.4428403248020580
3.4554928338155264
2.2566729379229384
6.0915278715493839
0.0045148275357434
4.7787459158563719
0.0883044560239963
6.0058639253593737
2.0429585005206712
1.6530360356437623
3.2943325849675524
4.1701135136053562
0.6762337325300796
4.1914029198033065
5.5703862613113584
1.7861377849180196
5.2745006327747941
4.9978466408036821
0.1382929157708262
1.0031856212635715
5.5676777462676759
4.7105026602774833
5.1259229621939406
1.6144276635186177
4.4321230536011571
6.1411258780929323
0.1831241206109220
5.2326462345250677
4.5462373392875080
2.9279685743483390
5.4855998523197744
4.5699487874810076
4.6482666475664560
5.3148930561881231
6.2481258594968114
1.5707854083659485
2.6359439216701106
5.9605640370295694
4.3030323302395797
4.6851712497135916
1.1855343234348277
0.4830521574820313
2.6342939500785096
1.0202259382561347
0.1534330353445111
5.6135188846690767
4.7679151869992955
5.9831858244292802
6.1202790323810508
2.1571423149848106
5.6394457287085960
6.0909788838070602
5.3296704127665757
1.5623594857953662
0.5797453812896455
5.1204760120673907
0.7174510102524408
4.6281622569576388
