3.5894854018506344
5.8295731965215580
0.6441292926287824
2.9406849059788165
2.1453089494648552
5.5095533454489845
0.2088075642939777
3.7656170354711707
5.9475141836070602
2.6821809399152010
3.0089410611449705
5.7333278763468307
1.7470571141684288
0.4424542954113058
1.0134122056012118
4.4121365158331152
4.0288470929826312
1.0860667170373424
4.7080881341507315
3.5341055298105641
0.3683623971112356
0.6832830713173484
5.6067528887686890
3.2595481414399585
0.7430193993441181
1.2691298436285652
4.0878577775260867
2.7754751793297854
2.9134893805009399
2.8891640980958742
5.5542094936974724
4.3250448902383551
1.0156138104270447
0.1494482638384397
4.6063419362483762
0.9653436247786880
1.8874040371207359
4.8751521142802110
0.0479559361437788
5.8427869908297358
0.9509761250805687
5.7510069502115320
2.1043537542908610
6.1517664579451985
0.9174164924977525
3.6063647719226029
0.4079589684447234
4.7026455012381714
3.5555005456302764
0.1439935094676841
4.7259286600204202
1.6997245664036036
5.9917790381686418
4.4485915914657799
1.5311539708467796
3.6923336345332380
2.0013048099737274
3.1241233274665361
0.6598110222778947
0.0438155860327775
0.4371631334051134
0.8831322699252793
4.3497543331068309
4.0135592859121401
0.1915030643401018
1.0008656192933849
3.6914784245741545
4.5859301507808441
1.1329038793831574
3.1378478546905875
3.6093763382690751
2.0580747936163131
2.0725099107270228
4.0308946792515687
1.2186597794851175
5.0508620320853757
4.3364711867528030
3.8941669329713333
5.4238225297306881
6.2750566559495331
0.5401955132021916
3.8187522816020265
3.4581150897626016
3.1004796925562248
0.4654058545049997
4.3814947569320797
4.2475861212588280
3.6782032206606154
0.0360974854758219
5.9830558379784513
6.2713500953228589
0.9909539545684553
0.0809198633367758
3.9732083018714737
5.8885176510833945
1.1531235912867099
5.9997030635383091
3.0820812543292875
1.1040954181154083
0.7833712115456118
4.3390074446692148
0.6241692221787929
1.9649687841996346
2.6321695787013000
2.9148781604130418
1.1320566316802638
6.0696272426045503
5.8423713451970487
5.0065529856853104
2.7808761165234497
6.1313206045649595
1.1853286975904973
4.9663918381999155
5.6126735990170680
3.4252255308903816
2.3158303165793832
5.6864571123294576
3.7051860441587769
0.7903221454213981
3.0162681286526736
0.4674426161091592
0.3662924018427578
6.0035712408228710
0.9835217799173198
3.5717710693131091
3.7814623339213878
3.9099645307101838
4.7341613045461566
1.1767858735011489
2.5674157084680695
5.8363943448558606
4.7727199404835785
0.7149431735632639
0.3656183366658437
2.0668681583134356
1.9088316596649304
1.4439922925455957
5.2012114570848365
1.5104224011680079
3.3343947362858133
4.0734495130674659
2.6062527548817860
1.2160624971149736
3.6592130507676162
5.0418701558220791
3.7683679586275094
1.1129144936469300
3.4378506642530047
4.1342150902917840
2.9087287742499868
4.8518805996111789
4.3526574764086554
3.6988812854397155
1.8387975986296523
1.5316836711763004
0.9689982074516417
5.3235219809564320
4.9386389089421998
1.5415423075021175
4.1782716844620840
2.5810759652733313
3.3090498429352331
0.6999552700112540
4.5358139521309955
5.3537257862781784
5.4527246036595631
1.5703280445560386
0.3890590901748589
4.2940792466152855
4.2405497379681121
1.4864777343647151
1.6052480906909117
1.6738952999885615
1.9858975680040341
0.4789722366593996
4.5657251411690813
2.8810704274798637
1.0024834823332083
0.6921297340452642
2.3781509118016380
3.1964975019264625
1.6409009780376747
2.1460279197535868
2.0911669976919383
3.2025941290480771
4.8939356037853150
0.9157053470788810
4.0547014168833497
5.3176937094955274
1.4803568775063733
1.9908362852853170
3.1165078770217236
3.7586650066873979
3.4275299682748077
1.3842401102188926
0.1342176192080128
2.8015884720713995
4.4134852580841786
5.9032295451393955
3.5358066406536390
5.7102602962001017
0.5192921788641180
4.1506152457509895
4.2036841211100384
0.4687988828100085
4.7608566955302241
0.9776208813567219
0.3674090245096646
0.7183947265102735
5.6861099945424556
2.6224994999450817
0.2944056925096530
4.2789074393990889
2.7230476643451484
0.6785083733390883
5.9361291605098083
2.9837680176808528
2.7247535988471170
2.6352068084474696
5.2526452723125265
3.3964212916206282
4.7046084525507448
3.7732558044768170
5.3332747712779645
5.0114590304798261
3.2698124723532866
3.6187248112216253
3.1707370913938488
0.1912937707122902
0.6884583904814385
4.3886558886892759
0.5418711938047794
4.7721549768707856
2.8869257761285700
1.7649234125125273
1.1983815365639980
0.6895647373201484
5.9197733982549234
5.9874089385632496
2.6887152388958069
4.7121815275416203
2.0104599186741288
2.5919122578069120
3.8093789887357841
1.5855398687047175
0.7584696001472727
2.9692748365290398
0.9667801028483483
4.5687167409042866
2.8938743379652814
6.1075024203920636
1.7753304577678961
1.5564959519958381
2.6413420951964985
2.1210969660363990
0.0075107084717104
0.5104721147631813
6.1797396377127676
5.4574797926980478
0.4521582264802675
0.9965972976386945
0.9502198379532475
0.0127289516104911
0.8944477843617027
6.0413774920997252
0.8897818819819082
3.0501185069739836
0.7374406975247576
0.1884914015842579
1.7312647081989139
2.0606500947161641
0.3412852917931237
5.6766526941502038
4.8080838386478684
5.5692767029028456
1.0559214902305167
3.6486423734014868
2.5391510291221628
4.0872055126222078
1.0657143141595298
4.7676319667665350
1.0292098413000663
1.7199152362640575
3.0945724197624065
3.0401542338812355
3.9753658922220589
2.3501727344941985
0.2729675973271405
5.4719574969576303
2.1161798548960578
1.9510381062362558
3.0972810254215353
5.2024288832094365
3.8397250744446878
1.6937581433932734
3.1063819324608812
2.3950971545880839
1.1196142478934594
0.9736841034013419
3.5019056899447412
3.1833290466369903
4.6902090450832263
4.5361104160834440
4.9112636221287129
4.7961150775918551
1.5142583241649892
3.4788892865084367
0.5855451612314370
2.3277399170952577
0.4065228605233565
6.1959149861920046
3.3634630739348168
2.5518032981812704
3.4872966523753832
3.4155655430261223
4.5297086351069993
0.7490793405291017
3.1338032600547341
1.1896930803650623
4.6197705171857315
1.4338090316644507
1.9804904885436638
4.8791871740612596
2.0781465158630366
0.9597964637497559
5.8990646447365975
6.2205249162847176
3.3915254346887349
0.6186279852693406
1.8958535674415722
4.4554657155219015
5.8507552135895544
0.1601201240960103
3.6822147373031613
5.8181922074755370
5.6519518265637556
5.6263459610175071
3.9145850282542831
1.6142751655374286
1.6457895039626522
5.7813649119272439
4.0247927975417284
4.8359994672631190
5.2802163640963382
1.9504978160570552
4.4509277960767566
4.9952047950910607
0.1794484156038874
4.3788868744233538
3.1774130471490616
2.3566254975138201
5.5340220299715082
2.0630015434829505
6.0991589670735165
6.2274843964469646
0.2973631481519873
1.1102678371758030
3.7624465557357838
0.6809111854269174
2.3402335595792390
2.5614504085147969
1.2723592755560715
4.5646144673377904
3.1280472797490715
2.8856317245060308
1.3043466277953106
5.8579258134581291
0.1461980850122816
1.8945336489262314
1.1667397283316037
5.1231663620574217
0.9786463170169163
5.5751455315481504
4.9364137966384494
0.6626734309948429
6.1409869968753155
1.5318962284783344
0.9682176636274905
5.6707047868101359
4.2857074578152714
1.0650192146027964
4.8161329096165337
1.1154387028814248
5.7716907142602265
3.6469292907846715
6.1430849973049959
0.8110174281135289
3.2747100374821136
4.0463725908928367
4.3338309264953008
3.9609694608993364
3.1636964168499224
3.7812305807392916
3.8471987029607844
3.6929988389121107
3.6251187856847800
2.8216023111790038
5.7634254413521688
3.1997215576979903
6.0710323007865608
0.3561135862280944
1.4861603146545947
4.7196899090193414
1.6815661241513806
5.5159150466454729
0.7552301580856055
2.0697602868527669
0.8525310928130805
3.1198849996325091
5.4387355249981955
3.3990530517858462
0.6193467672293709
5.9220481199175747
1.1007608240003577
1.0710338330877243
4.8922867224429467
3.8220724554081138
2.9697116139269166
2.6897203836899441
3.3020869782451703
2.6680003536428267
6.0544397453075129
2.3401996454314209
4.0100411329946670
2.4395164740386792
1.5074199035381255
4.3432409215891967
2.4599407737756267
1.6494579930106044
2.3710374024777625
5.3338093069928041
0.9018633215201893
3.5715307535084047
3.2893014602744994
2.6118735980937489
5.1113982524656665
5.0630616236403032
1.3258311004920191
3.8461261341164850
2.1409737468114884
0.0110556402860185
4.7607769967056388
0.9949829534231298
1.8270188491220296
6.1521852074763634
5.1767808483519477
1.8988669174553527
1.9642038149130165
2.1586049406461130
3.3300583177772518
1.0807959683329498
2.9175826899154607
4.2087684722209486
6.2235723863821271
1.9495673690677913
4.3331606919957393
2.9172403178509398
1.5381292258422656
1.9609920613924539
3.1225977121588437
4.1922236744088908
0.3782955743994416
2.0560519980848535
5.4904194021817325
0.3440600120093535
0.0766250072969648
1.9591577743791053
3.7339940883127181
3.3807800746758629
1.2415742335553790
3.1456555063555922
2.9880253655105511
3.3619558286156512
5.6905859688750402
1.9441514308119359
0.0911259948722404
3.9395545542413575
1.4806564684794428
4.5400859528528175
4.0601424989332031
5.9235748131666295
0.5476640707471715
3.8379871468362161
4.8633362462282310
6.1777278622026266
2.4012722278669418
2.2333391997738294
4.4080952184472855
1.3708668156742094
0.3901370217811670
5.0210897121886857
3.6267298066916127
1.5183523901843270
4.2330016858259887
1.6568384676029668
1.3071178496011608
0.0275189344642909
0.2741269993038065
0.3252149791159680
2.0431204721923328
1.7394225584586234
5.1864622853020572
2.8991620911812777
0.4949434006301225
2.3148252907858744
1.6259905228544367
1.0430866722389671
5.8731482071492938
4.3706755113493756
0.1695471129965629
2.5823451641209996
0.7314679732037869
4.5059690552132174
3.2083823366581217
5.5561950804477247
0.7770546276035013
3.6362301221602396
4.4688980569251218
0.4165007515429396
1.9424097473668336
1.8226499547006076
1.1629519148279113
2.1294809677863040
0.8431380153933389
5.1042264008445573
5.8091011155689216
0.7106887481181094
1.8240699000530070
4.6720437596151045
3.3155217108716801
6.1911116532338015
2.1266348544304670
2.3342742496980318
4.5115597835225199
0.3286357553970383
0.7648599135594911
0.0087407976468039
0.1853986863588640
0.4520658708974093
4.1959327047724102
5.3424190421044884
3.5669967040899491
0.3279282591046543
3.3337648708291892
4.5161155172653737
5.0021692786810030
1.4897383149683943
3.7237011563322020
2.7831276668313021
3.1993845034238282
4.2569309933037545
2.4511833309133957
1.5437671741281951
5.0576387332859696
5.3433179800517303
3.7047966653228972
2.7098596820707463
0.5823844210183642
5.6355606295064931
2.2768078244982437
2.1423587811439848
4.5005903866264534
0.1356240932467779
6.2733788878306296
1.1940411485243447
3.9161393216078793
4.5088577671257450
1.7042360596631432
6.0929113446506955
2.9614481427358066
3.8158090763305750
2.1162207952368841
1.0749882190270614
5.8966460721200420
5.7244952145611609
2.0007230223564232
0.4109324992771687
2.4473780299119672
1.8688862925390908
0.2258042242035791
5.9770640383088507
4.5125282805427842
1.0244494766180692
3.2231860755241590
4.0369087828279904
4.9135621837354799
0.1656994947313694
6.1660616441070548
0.8764508009704550
1.0134408335013929
6.0604482180498982
1.0378457316884018
0.2743081434916067
1.8551384239936173
5.5948120478588859
1.4277469749976539
2.5998953602091595
1.2714115172388036
1.5227704608515762
1.1438668688954694
4.5274354908248648
1.2159746363705062
5.9303535863500274
3.9117639589128643
2.9733358129417362
1.1031016901907655
2.2466446251299539
0.2221576904951116
2.3144193854395465
2.0100126877762690
3.3235818287735510
2.9155019069626369
3.0243321059814030
2.5989810623477245
5.0835451246482011
2.3148499895568069
0.4338477486019201
0.3730545798138625
5.6871141347705461
5.9466124767278821
1.8498924130170393
4.6530954831165161
4.9220053094268739
2.9914491326065984
4.9401073015253854
0.7035281893123648
1.4590513330744062
4.2012788024537135
3.3977491049093076
1.3703395246686056
5.3982943623498034
5.0591642482658319
4.0300186349594869
0.0912810537335476
0.2614362728620119
2.6075502332819034
4.6463959763183365
0.2254006515123796
2.1734966704040901
1.1062265246806453
3.2281815839163728
5.8878841694875126
0.6902558180340869
5.5329337032232129
3.0464934287155399
4.6720147359828843
5.5901639911294581
3.1436202393115451
3.8189587789242654
4.9460753069331158
4.1257348717517939
2.0493360923222186
2.7816411788825350
2.4029907343088239
5.4128305805622290
0.3736792148346784
0.0101417313855989
3.4391264493253804
3.3567964657979501
5.3040836222925574
1.1282408934698378
2.6183615817603543
5.9994004069092970
1.1706722288929172
6.2619883996288976
0.6635288148761659
0.4206809247356625
2.4541546473850908
0.7082300368771813
2.1004380996948648
2.7210792614728248
0.6667256078887126
2.0685353879357602
3.4811223777695881
4.2010632477925407
5.0324582723867657
3.5765654080317719
4.8994457398959845
4.4831151125407889
3.3500471540863286
1.0164187130317792
4.6774339379544081
3.4387342254991635
2.1133177971365140
0.4887976106162364
4.3040693178432052
0.0027761080896924
5.3885453446132505
0.2997316368059726
2.2208096228748491
2.0204104625672659
0.8982894907520644
1.1589168811146486
2.6828611036593260
0.0281047295667521
5.0623854326204443
3.3284980231011936
6.2622747385547077
5.9068701729474240
1.5929033185501573
2.3789353331565684
3.7902823890122685
5.2107669645984176
3.6768693334655791
4.0417956834946800
5.3714999802833470
5.2315992291764006
0.7893159236682071
5.1099987458812519
1.4400115778100147
0.1252315754387390
3.8723121299457386
2.0104888848048192
1.1765347907603365
2.0580599512126696
3.9086469572729383
5.5570196920080583
2.7695915502364152
0.1313520227650549
1.2815773398690395
1.2280103125438688
5.2739149836519461
1.1426343242278310
3.3117242016929582
5.2846464161355913
5.7401318516771145
0.4019147752620675
2.0017181205437433
5.4026091524048043
4.3234857837483229
1.6752481292423260
1.2123555762631606
5.2771537709786616
0.7808388500848935
0.9408511119474201
5.2945266943522942
0.3889807607465574
3.6656188474818880
0.9388863471686676
5.7010517806143310
2.1735861055198007
4.8673462829672252
0.6159906237620827
3.3199247789020148
4.1542161869746241
2.1775046033023759
0.9152041552832605
0.5220333580131886
1.0010484595723168
3.7754360591112905
1.1955819449672045
2.9402024807852483
1.2616593796212152
0.3554434832777721
3.4985424558011409
4.2859303016540089
3.1190548184249298
0.4692447789384592
0.2327612146609655
0.7519835839125769
5.8921239532884471
6.0994272036018931
0.3193886862570615
2.9203798639979337
4.1114913607007759
3.8583015868811743
4.1785542731067471
2.2897482315970632
3.0539544024241203
4.5007346216068758
3.4922937204436399
1.9886996849113561
4.7155193936149624
4.6086601460695134
0.7335493879428401
2.1530010470853194
5.9885954455624608
6.0418404855847339
0.8352001632062644
2.9269898402584840
2.1877068932965380
4.9260016616104183
4.3926017224192133
5.2917077453413608
3.1477751447444944
1.7016842593851866
4.8345704057286518
5.1974619954980001
3.3535110806137265
2.2198637249999247
4.3204418275567207
4.3081816564019784
5.6037447916351288
0.1593711375274511
3.4342654305246261
5.8122573441387138
4.7023820046019260
2.5010314515517877
1.0654302586572346
2.1312657401299533
6.2501700812220262
3.3173425887936219
4.2166854450555942
1.1404020351442683
5.0506309158174254
0.2089161456216306
5.7056417855544712
3.8966395098511595
5.0688207666841576
4.4375803817123414
3.4774791329948709
0.2319000684935299
3.8885580104485107
5.8159446544825064
3.8799543793082152
1.1941459486679782
5.7372939799925220
4.7962003746882491
4.6699697704415177
3.8692650654199645
4.6276418035442433
3.9475854114620614
5.2673762631077254
1.7428840616551993
6.0005015384024487
4.9939384954751480
3.4068367891018809
2.4679057434060794
0.8852461940108872
1.8388704361332444
3.7096855404413778
6.2700731382246779
0.1657725664420567
3.5324712355801133
1.5812183743551327
1.8265119130859588
2.9875193784392251
2.8037712471768095
4.1300256419108186
3.3062229457717622
5.7252341870935473
4.8720178535923679
0.8621241700503269
4.7815041058208507
2.5750111521411805
3.7491021830077029
4.0717294732188813
2.8053363135041698
1.1042960154603090
2.1857436530132230
5.7863320154631994
5.5786954616077411
5.9375647709637160
5.0328708085929579
0.1441822348399401
2.7383595662189526
2.9968005971956497
3.3247564771099700
1.4636742626684012
3.2421731629867101
2.2883466355810627
2.0591395332540965
4.8115711510725241
3.2530586166546431
3.7812846189089133
5.5738032677237408
5.5135685052172549
1.3207600931612635
5.7820205633015034
3.6699406389592881
2.9203461608164045
0.2855331216135835
5.3673524829729082
2.5939582158600283
4.8889928109476237
4.9444361877135297
6.0458965168715322
3.4112038743229496
6.1688533586132701
1.4578069230858646
0.4927902422501622
2.0963778846156691
6.2749673624842259
3.5609014645688069
3.4099183904390342
4.9036485805109988
1.8196192324422897
5.4260836886769512
4.0934001942792690
3.4867050344741597
2.9395120080058263
0.2994367801984610
2.8387423484755705
1.1611001283627440
1.0207974580715518
3.5181551271010716
0.5899724478905052
1.6845283505801598
1.2848533624376914
2.7081884561329850
3.2514353160726959
0.7367540742830421
0.3088637377568612
0.4385602189074490
2.8488030334137391
1.2008427664520820
0.6712684952653383
5.4572266669608913
2.3040419362166320
2.3858168701441000
6.0912388058749816
1.8746287651646758
0.7453167218570027
3.5779678586857848
4.8692943660164989
2.9638170274941120
1.2068997647752970
0.7898660687205096
4.3978892362583348
1.2026710381163244
5.8916228207612127
3.1059802390763234
1.2884959728377163
5.4677161708844704
2.0801431248478890
1.6761825041082716
0.8187820433868095
4.2032394879380677
3.5718771938048715
2.9205950520866191
3.5249307396934535
4.9514575473203859
0.1346225200402421
4.8032717805967788
3.0850343993382676
3.2885644828912479
6.2104044914074885
4.8908968271214155
4.9037801555009874
3.5829353324576014
4.5639275463275588
3.5477547431852776
0.8948308472081036
0.7543598502860335
5.2560462109187922
2.8810481033127622
3.7135048986981052
0.1986851542068192
6.1053053056160174
5.9281843334637863
5.2986934573225337
0.6927773529134308
1.3810875963830385
0.1980853797406942
2.8867335299050354
4.9424319438253548
0.0994647949264834
3.3958797532039102
2.5140389120519813
0.3464800295583645
1.1585087531346390
0.8757193655319042
2.7752135220410930
0.1054230384523560
3.1484069985830518
3.1831948961799781
2.2859849899240654
2.4225372255982487
4.1620428202592628
1.6035195525579391
3.6712510899938287
3.2042430079791830
5.9183969364355686
2.2629002917913454
3.8814477737728019
4.5614134953878356
0.9211505269681389
2.3254015968569370
5.6559272160438026
5.0638703558753466
0.7605219722713431
2.2689566434522610
3.7932418050951004
5.4285273367076323
1.7855957354815335
1.5265372831319206
5.7280262556860224
0.6254128014550820
4.7117350094827728
2.6158524322196315
2.5380017740713003
4.9187770551075225
4.5323565000435213
4.7856112796905874
0.9421420820453870
0.3010818050048024
2.6229018564704614
1.6276303864183335
3.6131318525288965
1.6213954873793208
1.5840599248437004
5.9066219106557201
0.5809781169544241
1.4019578997249491
2.0184664609936029
3.4631618503426016
2.8390601479979920
0.4157352559115421
0.0042522634476891
1.8564527727421190
3.6948554613524363
4.5524216573210401
4.6861959936176296
5.5282836959456079
1.4891038209829077
2.1168311541236262
0.9944035704589171
4.6858237066708393
0.5422178695836560
1.2478977343814488
3.2551092894014686
6.2334100079566710
0.5085595927579204
4.4375091501297605
4.5956244730156826
5.2506960058530403
5.7476644244485167
1.9274836509385189
3.9666980145972972
1.8515744731082979
0.0481522631657524
3.4997352665438441
0.5893789648915657
4.6682426087185913
5.1011417819907914
0.3995557909203248
1.9314310990890375
2.0722360024190718
4.4701783324733366
5.2396274548848867
4.6814805498902183
0.5287270420354370
5.7861775379347922
6.0157177156179387
1.8314090896341677
4.0174504258625161
4.9356959759266434
3.8784952402481743
1.4428759912757658
0.9034595738648524
4.2601682240988010
6.0239423237528129
4.5254725284266453
5.5185425175055132
5.5316924013573043
5.5864334154692568
5.7543303260109013
2.4864057385301317
0.9939399117493504
1.2970592019321887
5.9423541166965004
3.7866720292754481
3.5942968265338040
5.8551893701049540
2.1812607524703682
1.4981920018082209
4.7177867974448739
5.5779767081536402
2.5984365049455698
4.4111451702370523
1.2007906945348328
1.7106940993343283
3.2384348606931823
5.0814352082990784
2.0003576831590570
3.6259448484057941
2.4044440903493989
5.4233422085726124
2.5334014256479618
2.3895835704068515
4.8352117972929527
1.2893845950957756
4.3986608656836408
4.8316801427594918
3.8358967499996988
1.9700344113818868
1.9239283548240964
3.3221149325510746
5.3561871879355278
5.1999021121777407
0.4711883739777480
3.8979248640022433
4.1651218155962457
1.6933557089059403
4.8670853339809526
4.9907038431125512
2.5515051306814649
0.5330419104763727
5.7832543309839055
1.3940649249796333
5.0711129297972404
1.3843949563665263
5.6236479100059960
4.6612103054636158
3.9485207464082559
0.5410622067734633
4.2839283682516029
1.6113898598416521
2.0461207919261875
1.6354501492725018
2.3940155695002590
4.3863429168354555
1.6452156989372242
0.2296246993137324
5.3094419755775029
2.4725385485953515
1.7706192592584384
3.8604910982213534
5.0460831026315036
1.6727682414381182
5.6274510817944909
4.7052287253005094
3.4203793534919331
4.6296048907687384
3.7888297414412100
3.2529326984708482
0.9718508792502911
3.3504267213536458
2.3790054323726522
0.7479719762757294
0.4368102717844324
3.2491834852054975
0.7267836739376743
2.6581562338665075
2.7333140261942730
4.2121529218486415
0.2255908827447401
3.6955726589099100
2.1055369431744007
0.2289344747654853
4.7118102229635603
2.3904076049217520
5.0385421721734058
4.0438844922912054
1.9054945799944143
0.3667696656692521
0.5641320030036127
0.0129259412926857
5.5652461026344211
4.1598176512158611
0.3618587849594558
1.7659461730960666
3.5195992679325947
0.9150068283889929
0.3832004758513266
3.3769333509587360
5.0821435934582828
1.2607190112072164
3.3507014257336523
3.8409975643480228
3.6777192064644328
2.1576207079451164
2.6678947754247453
1.8048830928426887
2.2837523276423721
2.9392354806054874
1.4956960662137335
2.8342443408219755
3.5807102936889383
4.6027315486455684
2.5003231799616716
5.4851147676445171
3.6621429733320374
4.5904742145949280
0.2795959424818176
4.4848436093921720
5.8664133116671699
4.2502331314389830
4.8716714792659861
2.5326638612533015
5.8706672569427516
1.9403277559533294
4.1995477327940955
1.3487148736303591
1.8282812041670433
5.1621051407471823
0.1616445218783846
1.2266596719892264
4.6210581904582382
4.1623270824732819
2.5940188591289037
4.0865258226744743
2.9631124497480559
3.9102342756256045
5.7761633979502944
5.9933450547857774
3.7510437970755208
0.5114346626439360
5.3450887346048654
4.2472829559995535
2.6703828848050613
2.9579971812502843
0.1476764449466900
1.9143558063601211
1.3483527395039285
2.6695249378887973
5.5574902988844572
0.6497072250159528
0.2876865463454385
4.3913485249492163
4.7113108046730874
4.6209336322864516
4.8394565461550059
2.9932619671599383
1.6635633891351675
4.5606720993773342
1.6495558989239685
0.0357811827115982
0.0834745657433136
5.3861171498974691
0.0416420910305430
0.9131711484684355
2.8448502484664027
6.0467039465894086
5.4225944081637003
4.1872699971716454
1.5716820607567887
1.6836933974824098
4.3965669132617426
1.0986552141065093
1.3375441805733412
0.9788566301533907
0.5484173060955987
5.0011719006434365
4.4835388895298642
2.1771063770849906
0.2730561491370181
2.3692495533633160
4.9345027362213960
5.2380908456156980
5.9136359423235243
1.5924870087256902
4.8919801739689035
2.9443367418979030
1.3389941393453717
2.8090953232716624
1.7545394760140081
6.0518526345492107
0.3658862455858830
3.1150370453524352
5.7310840766080346
4.7541665278137240
4.4395752322860345
0.3323074958659310
4.4784909359685754
3.7817546732968927
4.9380904403472030
1.0711789256054376
3.2682561551465725
0.6428200490429975
2.0828032813645305
5.9283995693697884
3.8371289878591384
5.5870938862708055
3.7861184002180033
0.1429710611248580
3.9761471891336995
5.4065575561952350
3.9647771895745114
3.8223323313970670
1.2844694617352415
0.8237694890263962
2.2967867184999387
2.5749320939136142
0.3979140387444081
2.3371198447147949
1.3851775557406494
6.2337010988260024
3.8450133706839349
1.5462761756498513
4.3013133851321887
3.6529392594388703
2.9057199741068684
5.7801898553878175
2.2090368113030490
2.7777529205694664
5.0726528327253728
1.6218744560002403
4.5331542557695066
0.9474099569709813
2.5324552708225170
1.9913476086243946
3.2908366335068302
1.6046650076759050
5.7251533188651225
3.5074348138153892
6.1035043540991403
5.9900156838262726
2.2203467790653089
1.7677340695172532
4.5126674377829321
1.0795748422278231
4.9836418870613928
2.4470050568458954
0.1623962189869762
0.8135337628062613
0.4143189371394225
5.7527759921094521
3.7907298056610514
5.8671979628632531
4.6854260203448730
3.7278878034631795
4.2262935915121416
5.2619404794006552
3.0242890109781420
6.2152966110822270
3.3398452057954255
1.4949437490403428
1.8884762101329113
4.9747188737985706
2.1639788522091998
1.8091795971449987
3.1573534838370310
2.8587408862376620
0.9628874664126115
4.0358331531088929
5.6734325698069243
4.7694914828846509
5.2737727575043651
3.1741448653064501
1.3255566509081964
0.3101244125696029
1.9139915219472057
3.6273475147212859
2.3605716402158747
5.6047188345378798
0.3903637347462862
4.0321189842906060
4.2805253061407198
5.3619376720603400
5.2881267037525896
5.0035845999990061
3.7541349598734288
2.6468568149734013
2.2525403561286930
1.9473924923546060
5.9018050905150554
2.0762250618220639
3.5412123629989773
2.0589892371154299
2.6027803791385975
1.1054118928268322
5.9734534252696241
5.8884116566566203
4.6975106781410831
2.0103073257684096
0.0733184919112631
1.0238984673420151
2.4067665690763791
1.2751307039181867
3.7292552093568636
4.5805418861579117
2.8715471928463860
1.1209888788195663
1.2167303825459650
5.0875447494728405
0.9047887266518627
3.3945225101499847
4.5572697849384722
1.7088195819072973
3.9817078135396642
5.6355409611296379
3.6410083680833090
3.0418566757790222
0.6186496537999590
4.4312902965685970
1.4308058074874770
4.2752140625076347
0.8446058938651952
4.4353398744816213
0.8450639193357484
5.3738766640558415
4.0287624595181137
0.2232555838252522
2.4254798796218004
5.0474465182856534
4.6304865761667982
3.9008816906855701
4.3225561538190886
2.4073951306718611
6.1372451870884337
3.2909924042658139
5.5300438862739210
1.6774067095721341
0.4522196713561595
5.5181698453590302
4.1116508762166069
5.2976644969643383
3.7242170242088757
3.4767508601869701
1.6027146618652415
1.7353232153870064
0.6591741649089734
2.5929454975071256
0.9071973377200380
2.1391288336671672
0.7746896272162735
4.6288155047700501
5.8294103169579490
3.0138265746593316
4.9189467351747824
4.4544768044387686
2.7456741514666358
3.7180759389008293
1.7636976986386566
5.6363411661319400
2.6792715158717315
1.3964766927664007
3.8885026975928008
3.1529207446880760
5.2723417261399392
1.3816118757557496
1.1567595881376986
3.7723402996221886
2.0452674190491065
4.0839795005458877
6.0843180604592924
0.2521658479509682
4.7074148265893569
1.2176114443202291
4.6965967514605120
1.9464767246226584
2.0072304306929718
5.7367842651889100
5.7510765150963596
3.0386809537664448
1.4765087358807121
1.2528693763047298
5.4545829352576565
6.1754571391300219
1.1805316101200964
2.5336715384971309
2.7710548496053446
4.4489285215416592
4.8814226243905328
3.4139425732695008
1.9160897168100566
0.5946986551603451
0.4457604984112407
5.8700370867523750
2.4064774937564342
5.6680594230078238
5.1452660921045474
4.0855176114194487
3.0199818682500159
0.2227840136906225
6.2796660628820735
6.1856001588125187
4.0270572650257277
6.0986084848293469
2.0852874989448473
1.7445855209627839
5.9592249538366087
3.7188335468229603
0.1372818884266623
4.1161036777019033
5.3440085360093539
1.6704039471173664
5.3438703194724226
4.7412794930571209
2.8031760052235617
4.5827705775882954
5.1208740506340797
4.4550898929199088
4.8305010932653056
1.8039934000748423
0.2905213482629534
1.1243325752337936
1.2464169947286530
1.5797666909738093
6.1680494269733597
0.1597292556898134
3.6670648829234214
2.3906193997590970
2.4454025727692090
6.0477319245429806
4.5259059699616699
3.9929824571396475
4.0173736611166095
5.3895706913708059
3.8137426737587936
3.1956897780630285
4.6249044338648462
1.3728789595855249
0.4290403958842124
3.7732615949454589
6.1460485398006446
1.0861468233646099
0.6357888338529658
4.2122191226418044
4.5106909805042585
0.7571984023458388
3.3587964692817485
1.4140482600048463
1.5493728512485114
5.3243343928946611
4.5021675909415855
2.2025634290959601
3.2711278846088736
2.7826518130742168
6.2189404053111019
1.8956953347107119
1.5828184462438957
2.5816697894001650
5.3365577845548975
3.9629298332808305
1.9740794387802092
2.2098926972518798
3.7447415077595454
3.1076718106308894
3.9891148329475428
2.7633821702738248
1.0088901858333301
2.1120007372632346
4.4330761446972620
0.0621152125797136
6.1604935634929454
2.3315761409364004
0.8117304414103033
1.6214457291746720
2.5937231903308402
3.7354083003814167
3.7892273666126952
0.8305880125843785
4.0539321089984419
6.1304529396709455
0.2733003253413307
1.3052602342886717
0.4665333333874743
4.1753836828864737
1.8516407910803909
2.0149926622180199
2.2830195959268109
2.3745749637259155
3.8099621782809487
0.8041400941415544
5.9845934827490304
1.2570340750103615
5.0568341559884820
3.0448964588059106
5.6074405350165648
3.2118272067383158
5.8897847067245532
2.0522405379814761
0.8000435800881115
5.9379971566935374
1.2232554184674096
5.2878196243786748
3.7569456310373250
5.0922129441027604
0.0028897085427261
1.6414389828123654
1.9047426500888294
2.0671348738397639
5.4914150381603148
0.3661964240113488
3.1497540096605765
3.0041226026358996
3.7961742668886007
3.5137421473457477
0.5235652870896497
0.7399897517486417
5.2433290478924839
4.6531958064081831
3.8949847755946685
3.9078162469663416
0.7504622797322870
1.7734474220766021
1.0639641274016662
1.6333109674469504
1.2176091549740924
1.5177344051381021
1.4782408522259676
3.4246216428010738
2.9951643543989110
6.0041842528916760
1.1968800404906104
2.5736283616388276
0.5215796343294087
2.1935636629845257
5.1646280117501755
6.0672105327487245
2.1187403830918048
3.2331962436801218
0.9663500666084238
4.5115953956664958
0.3649626556603291
2.3083444711852250
3.3520624724331238
4.9545714370016984
4.6839437446040719
0.4626520686929434
3.2377679691272512
5.1966566234169198
1.0992257380901362
5.1329121019298771
1.6147631201858730
5.1795576498655427
5.2790740035384740
1.6196952197903445
3.7236749578661477
5.2638859501890547
5.0732769443511909
4.1366013734395501
4.6110024546032671
1.2482464258074906
2.5007510259972547
5.3698522599820153
0.4165508980618187
5.1520089208740147
2.6778591557399083
2.5679560583095045
5.6240404893356359
4.4335202797122664
0.4475652318591449
4.5373571212147716
3.5175163770436995
6.1281823078953872
1.5184427001826788
4.6965029997950847
0.4480122619229718
2.2128002104322162
5.2164012099450483
5.2488355594369045
5.4616882353111338
0.1194914000404212
5.4599776798602440
1.3190329455504013
3.9232164570032291
3.5164980252583371
4.3559701775958128
0.8147507479881828
5.4888057307043452
4.1105397845501424
0.4272820843906099
6.2377011968350384
5.9781632506848164
2.8133999761583581
2.7448214494140872
0.5065779338031020
1.4528550208089486
3.3536060922060993
1.5321131082238826
5.2282831203869673
2.9456896041818270
2.9607459296975986
3.9765519941237422
3.9821720571625501
3.5415002285832879
0.8442157527197346
5.4877357600882721
1.9941366365245552
3.8117060616827048
4.3029062873544124
1.2564591664695195
1.1095672777972487
2.1278659528317898
6.1848130066046227
2.1112242267863413
6.2567402962059200
5.6079739035536633
3.3618631795137146
1.5018507466640929
5.2792237874959760
3.9205054804081474
0.2772657811455689
5.3403813896051595
4.4600988388243277
0.1685884534611964
5.9046036008878220
6.2423101711549815
5.1953025316269681
4.7194356512182853
2.0152226745571729
4.5254529513685489
0.1435160797019466
6.0455915649880465
5.6275288569939743
4.4308757205172205
2.9559724966156176
2.5136108785505655
4.5255185016541510
1.4503181789528223
1.8087398314034377
2.3573587388149959
6.2430702351712748
1.9890317699622686
0.9950565403158018
3.5768151385031235
1.1676866265098227
5.2047927802365086
5.7426899192815535
1.0530516738200566
0.9957944692021264
2.2191847386913568
5.6098721268957812
5.0530203694028968
5.3290110277963834
5.5631906214152247
0.7179165647634650
1.6709770366341612
3.9030315927638619
2.7073676335502670
5.3389181583499186
6.2468243496381506
5.1304427880830072
3.8893815459749588
1.7739558020214452
5.3749158545422704
3.4603570878684762
0.6266598237090457
1.2193982107065997
1.6979970736072421
3.2310082383172536
0.4538545488995316
0.6572946592050593
4.0643053830860394
4.1062195396503309
2.2490968781486047
5.3101272444858179
4.6953226386488014
5.4151175575396620
4.3918020203658061
0.3362422928995893
4.4681765301472183
4.7294264542563447
0.4225574451862752
4.3367299144211682
6.1352841720429527
0.6778796884757710
2.7270030193759380
3.4529470409250593
0.6397724196803359
5.6824560659841108
2.8453727111841607
3.3623668068980583
6.1909946073578590
1.6783285914596990
5.2797041757370096
4.8394834810848018
4.0669376473365944
0.1101505159772117
2.2707412374084326
4.5055199727407880
4.1886708078764681
5.9620380319981319
1.3292091737429585
0.0674933737851067
5.9472964010034479
1.0488960284265569
2.3076790582300704
0.2262640482234199
1.6931159088783334
5.6840277673573709
1.8636719965682724
4.4055287106666263
1.5878987676809841
3.2341327708112617
3.3203391574461083
3.4769042988954113
4.3853583476639253
4.8889280126738210
2.5616483961347014
1.7903282742359843
4.2731890924106706
1.9924256223472014
2.9756523717321905
4.0555758932901478
5.2823226644907919
2.0644862834412172
1.6120234799707551
0.3577524785358892
1.2112916622192922
3.4065900400170710
1.0892603556827039
4.1757101040056757
4.0712323033090048
3.3419751996222971
0.8515076347199318
4.9873043621055384
1.2168993357935962
4.6416373305575265
2.7912140337995766
3.8187025790119709
5.3859976868164186
0.5248027380995071
6.1132202292389932
2.1104008076952128
4.2690997989507693
1.9880740986730707
4.7464607977060780
1.3758021900502286
3.8115755969515233
5.4251793868791118
2.4519699945504736
4.9076749471261794
0.1249601951105728
1.5092573679978321
0.4744415109861588
5.5910516960620926
3.2209262396052263
4.5040777831730594
2.5274183504846826
2.1124419521481839
0.6730312408867266
0.3449038683603377
0.1511221833712698
0.3667032737548993
5.0192790545925847
4.8585978289359764
5.6308753976398345
1.4039027845252041
5.9403233919439815
1.3251019565691815
3.1967972027927751
3.9756646372596482
6.2695974430222581
1.4143304002752468
2.7483365774347526
1.8190602706180381
1.6895069826048243
0.1364093444338393
5.7565302655257735
3.7628044609307492
6.2731382694416151
1.1233492668751037
5.3062996625820746
5.2024554248117481
2.4819188948105650
2.8717456168919995
0.9747889378716482
2.7845549321067353
4.0299419407808461
1.1176652823750626
2.3160614410288747
2.2251555768145770
5.9785616322387947
5.2359878993117768
5.9093974357717096
0.1931719157204188
6.0855451217994911
0.8412043772800439
2.8582652233715971
2.3590741572475484
4.6706406403729517
1.6644061664270418
6.2232497444659520
3.7226431338189006
2.6719167154282082
4.7135476941043111
2.6387726785593553
5.1003712367961995
0.7489082428359928
0.3178150794911436
2.3949253811796014
5.4525209884026804
5.2385666763914482
0.5947870102354766
4.3494718980136655
3.9221769654210497
1.0981334437632619
0.5019774025453662
6.0096694268680402
2.8456953856949321
3.6892009741110994
2.6496250520923592
1.6210366388808786
4.7277310402108723
1.3703418666775771
3.6665565493198184
2.0900309889247777
2.8678571176579046
2.2384922608530333
5.7998204398807456
5.7210585012543120
3.8756138519585681
3.5813370053169988
2.9742419702635767
3.8900733691678400
5.7731894987399945
0.0847945567546465
4.5843642687705186
1.1195876157370823
0.4244624963975889
3.7451961462789116
2.7772160680333422
1.4415837119846489
4.8210349254692542
0.1213233038889238
3.5765545251848438
0.0330591453975760
3.1793215444559908
5.9463921047895081
4.9133891504174168
1.9896794953122807
0.1744763447094310
6.2674931279640855
5.1869139682875511
1.2300617885454201
3.7137528040805412
4.4114333623633399
5.1940644768510023
4.4437617414740558
0.7238992028660521
3.9775373057489904
5.6511716019477651
6.1006918004844790
1.8678088720923842
1.1417819386232586
5.2740775882739399
4.6072247775931228
1.7456901213182832
3.3841151765963557
6.2713639970880495
4.6706796465115916
2.3479223108571574
0.6070719493366219
6.1321830864362932
6.0671580440144357
4.9220738383722908
4.1181557146674370
4.0597190891954629
3.4667993759080176
1.5638232667926126
0.1057572960010478
4.0477876334115415
3.9005793952291379
4.8857140739876446
0.7718398447703573
0.4874672515874460
4.7799007576834711
1.1771138093438978
5.1693613003361589
3.9109098235165116
3.4269808868840190
0.7819439085978455
3.1157877783669181
3.7919108189327964
5.6240019232001375
4.7801923142767517
4.5304815661391720
5.0732012970943057
0.6011207926775417
6.1297967204308241
0.0830809332866070
2.4247929025083148
3.0216577726730609
4.0904936536356091
1.8273659816702505
3.2085445243057782
5.2810888288549469
4.6045457433706920
2.6222830243623756
2.6638764554155219
3.6068142406528181
4.5177456697477858
0.2238368218625634
4.0897191316327799
4.1606863945426706
4.8353595461919205
3.9142552845491299
5.4004581807719605
0.7607595016583468
2.9555406187802640
6.2584852280395458
1.2563703888482765
5.8986545422812426
4.5376859792417186
4.5626669125110384
2.0026735967146476
5.7750642802206613
4.5987178982293857
3.2232950469333410
0.1430782148916862
4.8510161068931019
5.1103119490141191
2.1045484830683612
1.0032055369240052
2.3293965507613246
5.7325059616145833
2.9465140006210078
0.5357802916931023
0.2548635516835496
3.4979628587620986
0.8214157264353746
1.7504627543059466
1.5951191940879121
2.6140929027955977
0.2349292609829462
2.1057913400843726
0.1553161940950543
5.8511427079608112
0.7418392589620393
1.3962756777722662
0.0108819547915277
1.4998449025912766
6.1080244969089090
4.5580374308866709
0.5896103300890453
5.1451095603863868
1.5334459990206404
5.3274599511392990
5.9620224214725015
5.7759622133934307
3.0749118796604127
2.7642008079685128
2.2026715241732817
0.3650587360519539
2.6833570191725391
5.5768328155276823
0.0459619632943228
5.9496038710968975
1.6365466470410985
0.7741092747929624
2.0693210686980623
4.2736982422171534
0.3270690014418688
1.6244888315221671
3.0246890508181785
5.4196687781235191
1.2629790170555042
0.2433473631068289
0.3951632684029973
1.1320955353332021
0.4811684065390580
0.7849006612779402
0.1321917607622150
6.1753259568661072
0.4709231526547620
3.0940707965315757
4.3923986862633129
2.1282562078001983
3.2446806662459320
4.8608835758435269
2.5362312698451794
5.8958619284950959
0.0521472355027037
3.9696655014296520
0.0318800133898061
0.6543277067706513
0.7837287120964384
3.1331917271764955
3.8697091028005048
5.0761679064233762
0.5213008200284048
2.7908677796705028
3.1891309248128668
3.1755987243761803
4.8276252632025756
3.4178161642658527
2.5442546073815402
1.5185703150388374
0.3546986916029384
5.4730593507129912
1.2427808333298762
6.1131372199374781
2.8982564483571100
6.2211348414518453
3.1937862687614231
5.2497984424020023
1.6023556641437671
0.3451268574248978
4.4310598510397110
5.4243111435584055
5.4042752094317219
4.8518646171958331
5.1057246526761624
4.6720981757849129
1.7319780714297062
0.8179102841124049
4.5199092090193380
0.0843068041218470
5.7356918528043295
2.6513067705124871
3.1304135765425376
2.2085084721776704
2.8312043587085109
1.9658744919734967
6.1824331276093663
4.6489145230956748
5.3386749778916318
2.9026199177208833
4.5386786892534916
3.4712955408592783
5.3028723985720658
4.6974762704512907
1.6255051825332534
0.9184311139161762
0.4414249698645067
0.4224972227565702
0.9933011437604214
2.3646410829482378
1.8364957618405171
3.8139366924114837
2.9233751634954297
6.1495948833468086
1.0503426448451427
0.4384751663111994
3.8572363662364419
4.9174952913078922
1.3329330107403881
5.2206549358499936
0.6902348158766867
4.8896163066278868
3.6759302171250892
3.1429833247599772
1.8142585646677327
0.3007215298881488
3.3427954782315279
5.3423298689377150
5.8624730440357355
2.6910569476106021
0.8336378344232169
4.1482145957207894
3.8047230453670764
4.2904124081514512
4.7622609616359268
3.7821942342973229
0.5556886445793889
1.1480921333391170
5.0464733862211197
0.8945348555059690
0.6939143450864264
5.2507299293574778
4.8698726989531362
1.1517680944103801
2.9107937461168354
1.5872564435763359
3.3597236627303779
0.3611518936845786
2.2669433570732815
2.5116710047163080
6.1745430809061137
5.1688689816875097
0.5221833646881292
5.8316441885419019
4.7199787208014303
1.0770763423461804
2.9180578008798577
6.0781532793962363
5.1606350651164021
5.1739221201927208
0.5414841733093092
0.7782917956358991
5.0746880893601043
1.4870292663149409
0.2323893799626932
3.3548003519017255
5.0626281377226192
0.2003470530320705
2.0718295178734230
5.1478558818978915
1.1515049096247114
5.0397331842236168
3.2787280204812008
0.6376550523605299
2.6764779060474613
2.2926538531192722
5.2090096870570664
1.3879915025928928
2.4506329418149155
2.0696499966570383
2.4692651112268886
3.7372060059492616
5.1556939724051478
0.0239961031414937
1.0988026807244906
1.7311156384786570
6.1701000750227557
5.6921580853718723
2.5670246275288533
0.2870264567480763
3.2504623870327540
0.8544069745864480
1.0256709541852269
1.4189603788241976
5.7780923962707238
4.6970278922417874
4.9468337793641721
3.4466560470832830
3.7582197239495767
3.6659947125806900
4.8737734329908804
5.7302480878619004
3.4406817928266471
3.1298035632734926
4.7380602258778062
1.4197555767917702
1.8034722999012485
5.8396710505849496
0.2933218021498648
2.9015550572762381
1.4599997151257513
3.7805383472131577
5.0509618369831246
0.8935741747866395
3.8539703384165884
2.1437276057113288
4.1787515742691985
2.2733416746498434
1.8210007271363229
3.4196718872808249
1.2009066626617191
3.2659964463741229
4.9117413858444445
4.0857982144134199
3.9410570839699215
4.3965284066891339
2.4327687265235487
3.7472305904300152
5.0353878642245595
1.5677641773760449
0.5834031298884703
0.7953143243293115
0.6409445705630004
3.3266809203303556
1.8037665859686005
4.6078617861245634
5.2626539838280175
1.3051379765914046
5.7437968100878267
5.6643488819642593
1.5591171192979711
1.6110079022135466
5.1680255249892495
3.9745306791388946
5.4086309354702413
6.2592989127284708
0.1221502759203465
1.9694248588170284
3.3692898662386379
5.9002477119497794
5.2087827203786574
1.1812559280408683
5.7003774121277573
5.5247190189043556
4.9867233556301800
1.5862684122217117
2.1035826132045563
4.8471742373515996
3.5209058852901740
4.2159210700040903
4.3276772318487895
3.1722204791156177
5.2528030209214682
3.9979047279437889
3.7037251694874396
4.4759609157468523
4.7548739616282480
0.2277470171402008
0.6564870884167372
5.7685711279722121
0.9492545500362640
1.7456002368126751
3.2387344312059709
0.5388745473105560
5.5192822547775711
3.1114390494568478
4.1527211307755838
3.6682558043963911
1.4751114715545990
1.1696655071876143
1.9155709562170009
5.7170436176548103
2.3345704430060343
0.0822911749273974
5.4451776547493767
4.1628890509708514
2.9769790672172962
1.8788719705443060
3.8352959886609042
3.5303594668131133
1.7067128873297408
1.8894021424800389
4.8530917427832030
4.7970354322090865
0.4394430842162418
2.3902780266484540
0.4901095668080940
3.2482019821912855
5.1051218224238175
6.2531223236411915
6.1822945498778941
0.8984607811956129
1.1306721326851903
1.8035319581015772
4.6895532433113134
2.3440719580051961
2.3386568817491895
0.1696030989488118
2.1437104790119852
4.2191596273255989
2.3699731445496086
4.2347113704616577
0.3718738261441960
5.8975236248625063
3.6445896172073931
5.7174391390415762
0.1691705938338627
1.4162475286635581
0.0494382766184765
3.7422650014832892
1.0728705666922989
1.2520204939214594
5.9693144675283305
4.9023886442069520
2.4910712869780447
5.4441348752963430
2.5863612414586510
2.1426300883050131
5.0599041545205790
2.7994681401001289
1.8145903903122220
0.2315181182020903
4.5417033382678484
3.3115789104395357
0.0440147641244931
5.6500981606313498
1.0252483058402380
5.2442353219901054
5.1098417613291875
5.6710616123802025
3.2523313808142831
5.7044774886366802
1.1459122756709765
3.8243339899947095
2.3596056545221376
4.3428134371804505
3.7536194421868880
0.8759025960797389
4.5237866147365171
5.3353737387615547
1.0710301981799395
1.4657753712341797
1.7792699195210777
5.9881242505866226
1.0080471515246061
4.1022756869306942
3.8100438707539448
5.0196976622218621
2.9456894095792419
5.7302979054142185
1.9527053894867095
5.5354456028693484
4.7367988726706036
6.0498849041779970
2.4563647170899361
0.2183893361609058
5.8922155657495514
5.0028287670738907
1.7287458550797554
3.6101462693046305
5.7559379735141549
2.3579576504658375
4.4689516522435548
2.2593746043033964
5.1089148967955609
1.2685506165521236
2.4229565537430493
0.9004527266158744
4.9445407856830546
4.3205723269515381
1.5125450425143467
5.0302117746072641
5.4265562622355406
6.1058992704225465
5.0146760421393823
5.1347885188782492
2.1319583317132702
4.3726217512225798
1.5732747527420994
3.4335728492675175
5.4331498180194151
3.3048121610780616
0.0142045476409702
4.2527759256012425
5.2039181875896068
1.8207203655415831
3.6283962228832221
3.2923534050992265
2.8755305979228685
3.7599631104573108
5.9173378346930283
6.0616409702781100
5.7064394770158255
1.6211196145647220
4.9932539035204409
1.1308837720799005
3.1740720006950913
3.5630695674690971
0.2451971880139116
3.4253299156004182
4.0198917660813720
0.0370091297259631
5.3444980467764438
1.7292593158506020
6.1325911924207128
2.7652433522973241
2.7170479587417855
3.9084393407547511
5.6841080314397354
3.8490131569934505
0.6172643517514489
2.0357781007127440
3.8491600588926560
5.9173928454582558
3.1510833094997652
3.7945444209747672
4.6815315584164452
1.8202490873716148
0.8173084709981839
0.6997476052300997
2.9070721934738568
0.5254710196727499
5.4780137079985378
5.9206263179043193
0.0442426751619972
5.6004670427733432
4.1473332175894759
2.1475948859092910
3.2826138512803325
0.6299627440273260
1.8625161724220765
0.4157429883139716
0.0016245896404772
3.2037130789805244
1.6443884021198203
2.0830477622377406
3.2197484100515870
4.1532153029111427
0.3182066721676948
2.5230730960108567
5.9158716922917085
3.7912635342411569
0.0487442526038441
5.5004439262905915
4.6564935296427361
1.2129926559336324
4.8564196195656626
3.3965041290000739
1.0920523606706960
0.4306287206998591
2.4824943658410277
2.1738568711278798
4.0666520402671100
4.3978210248766638
4.6666149783306681
4.5976777415138734
5.2583906035268608
5.0434651136701465
1.5489447483359253
1.1215850510111975
0.0636367415174620
3.6955776914418852
0.1772419595750889
1.9029214250795476
0.1890297226773297
4.9075749551406833
3.5249678968223330
2.7741004165303660
4.0122357788477672
2.9383429958550185
3.3004167220806373
2.5208901562681314
0.1663437453185743
0.8388911802302494
5.5823607967075342
6.0849588484016754
4.4252731087450412
5.1019960322927078
0.2656986737640851
5.8077389278319611
3.5708209248371263
5.0069535108354914
2.5846673659167116
3.7193637690176651
5.6531373252678607
3.0528408282099067
2.9657773369760552
1.6704002533749449
5.0531301180974850
4.2216656026760546
1.5827469625239283
0.9142167782979518
1.6677285231984280
6.0118716946633013
3.7899703920852073
2.2719154416878435
4.2601417490991009
0.5279329925459123
3.7871424938710434
0.4016210061653197
5.7836102340502702
0.6599947231408758
2.2706141493477077
5.7342194335096845
3.5759139514738618
2.0158604652443106
5.7606911999037989
2.7494271030776876
2.8144019033623500
0.8887161390969720
5.4364902923675205
4.1232480943929533
5.3337308686546931
4.3201447221153471
4.9196117753655830
3.8195001706877192
2.6068162479999044
1.2460848445892612
5.7582089494221949
5.1681118509567430
4.3337817480211216
1.3541497016303823
0.6616880291967688
2.4136979457617369
2.9649549208051766
1.7509437307938822
3.3239245777319741
0.0918113438958307
6.0841771589117464
1.1064552194035790
4.9936261396681916
1.9793834825534227
4.4200565893296577
3.5719654539020462
6.0244090922645608
1.2123124084100838
4.9017674430541804
2.1217500042164681
5.9509251425533760
3.4566285422497471
3.3508107585420110
2.5459976757397187
3.7538211229424827
1.6382889601229367
3.9953824692103841
4.5839295335247447
2.5029940688616907
5.8665039382654278
5.9710485914178015
0.2132171024520735
0.6468530573338916
4.1994843099872172
2.3206726068064891
5.1170629461166071
5.8471805459986639
1.4577971258076639
4.7645301135911593
2.6274056024222769
5.7603721633565392
4.2717419625498092
5.0940887503467929
5.1139951283533387
0.4807786311834475
1.1315433261517125
5.5971192795035556
5.4179208713146458
1.0834646016258282
1.7820366588578287
6.1704804012439993
1.0873298499868000
4.1784122825913652
4.8493202368963546
4.2791347130337076
4.5549821551438630
5.9160518545032925
4.2181001739053432
3.8882846962980890
5.4446712015428522
0.8008015700459907
3.7242181171086579
3.0869749920348042
2.6835893226045546
2.7659288272360172
1.9131274514446053
1.1532041788683240
2.0081738251564651
6.2385051381340659
2.6272200199077012
1.9790035909073473
3.9363733822341445
3.4045987569280012
1.0507559573008951
0.7012906675756548
0.3934989925345110
1.1026086593899667
3.7051123011378415
0.0558878781295658
2.1986109089694077
2.9282459140318267
5.2894194551762315
4.2768160937721627
1.2254397230600262
2.1679397484808360
0.8241054551457874
5.7957786757405589
4.6508330700714398
5.9908928263548367
2.6756880779182235
2.7250807993533472
0.4782755686877762
0.5218361669558544
2.8021086175421339
1.7780769264592653
6.2812922976771306
5.3272940260124688
3.0133733110642509
2.1284083657500013
6.2640860947396426
5.3825666994283434
5.7455444530656274
3.5643098772500825
0.8954829487751647
6.2005842151647261
3.8201854961117965
3.0231414811258568
3.2178098401031932
1.6283561413258674
5.0960449939324786
5.2478580573625724
5.5509443692812761
0.7686025817683614
2.0251804137696223
2.0336413913296409
4.9114049799751047
3.3720654788830871
1.5368550664009830
1.8568909458969201
0.2854058766260255
5.5269831007693027
5.9601643162778126
5.2092400570498567
3.1738642975790956
1.2437529178353792
0.0400844746232770
4.4557159716304371
1.8676566676337669
6.0867684758277214
1.8547136416075760
5.1535493866382778
6.1235894153747967
5.9682998773511367
3.5389865252334629
1.3743228328767749
4.1868373697818413
2.0916217199481228
4.2683753228577643
1.3013538205266775
0.7787024620846161
4.8345883843924735
4.0862607971956448
1.5110657553881162
2.3528876021048220
4.5279298670400703
5.6760433021331096
5.9145561339680883
5.8268143990725827
3.5573430230950360
2.1923260360073931
1.4042444279394981
3.5419626395691179
3.8474905166604412
0.1564259326073722
3.4137740993500238
4.4765594498628003
0.0751459019497820
1.7221539188926953
1.1337393521429748
0.5567002190580891
4.4726071469456032
1.1606444113926104
1.8665559336602471
3.6008202980072976
2.1153278493906229
2.4549005692971000
3.9522145444783638
2.1025387472248069
0.1483689880088569
4.1554558586995958
3.6386087031846461
1.1398506391664258
4.8339396033807542
5.5606997168030938
3.8824798662834303
5.9955239947156720
4.8828187002974301
3.9643943662753425
4.6065036707235487
5.7613580733857717
3.5862004906981100
5.0272068182216190
6.0851716889825003
0.7271410068820320
3.5556145563755059
2.2139003496363778
5.5110980553178504
5.1884049293976915
1.1347454389179437
3.9050981474445998
4.3881282106221331
2.1891848021345117
4.5764436681941110
0.7994400768658882
4.8650745696257198
0.4856555326474714
4.3660577599794985
5.5898228046162677
4.1130556301805479
4.5297385296026667
0.4539694332098657
5.7472521385027351
3.4546620531687280
1.5694684654138646
1.4885921235608177
6.2737009638664372
2.2110040989338122
2.6362350388359541
1.0057992983011184
0.0855677370463425
3.5438711355000394
5.3114652769918544
4.9386030310064530
5.2091766578475074
3.0331491053888957
3.6845121301078434
4.3084401205471066
0.6912177413511327
2.4266830375679223
0.1526038748868751
4.8742008176160594
5.6715802911542683
1.9453380831759024
0.6680066739808085
5.4566023449471990
0.3971124891153394
2.8340475774022638
0.2604517463500469
1.4175829441179599
5.1180539687290922
5.4212728304602722
6.0584146137908936
0.9803999096911171
2.9262822224626661
0.8557409353191757
5.7269836934663427
4.4241116153923636
1.5129985415333480
4.2867161496315838
2.4080286670437121
5.1560498529264773
3.3274846788728958
2.6270955900995210
4.6872477878385288
4.5202269511181150
5.6027862825088244
2.8436065563163186
2.2504537161528875
1.0020577741139616
2.1840013120202166
1.3111414714936749
0.1403797415126878
5.5593044710782351
5.8969023407273777
5.0570154667071794
5.8966331050942138
2.6534158166963833
3.7264216300959476
0.6205092568362289
5.4905875329930769
0.2843540392973093
5.8088611381978197
3.4576328802564262
3.6211308060069212
5.3818170195198940
2.3540027339235277
5.5263075233166150
6.0731374692738553
6.2440309167479873
3.5317976186731381
3.6589392450599560
2.7059779526889285
3.1772453988631195
4.8884298053772097
4.3746445047168887
3.0938099930091587
2.2597073626390016
3.7659768351501555
5.7419114285837782
5.6795868206222204
2.4854709464076312
4.3723995380566141
2.2185846988917093
3.5789548758361960
1.9720023833867959
4.2276078229460783
0.1163024195461222
0.8705019142865038
4.8828965748631035
2.5145216080454693
3.4156820923226761
1.1579105079888130
4.6582052892053181
4.6123212220911824
5.1287407219655625
5.5654643312862460
2.5058270303720622
1.5188042594282973
3.9323100455391984
3.0380900375768514
5.3551936206979507
3.5666327056784843
1.2631665063846231
4.4146344451963149
2.5612243930001113
4.2497259976872046
2.8020651600286777
0.3778865034922627
0.3012587457835719
2.7811158136691150
3.5481392189057419
3.4799771282847578
5.7848859988691492
4.3603701437200266
1.5103300677087057
4.8692921722782891
3.1803684392873262
1.9194871884316116
3.1446354663447598
1.0284225847516004
3.2412699205812645
5.0008887974015108
4.6735398450172534
4.1488039891659856
0.6388393838886195
6.0890451578891582
5.0451071028404435
0.3710284225554107
5.3363934000841811
2.6629522183599454
2.3824968435480138
0.2101486940289252
0.2436412453649303
4.5298082332590885
5.5700532106443825
4.5537258381820767
4.1242823062764842
3.0976100451095157
0.8771646899445014
4.9313302705653648
0.7310957645628205
6.0909123168715462
6.0384193620679110
1.7368259055547293
1.2935904380856944
4.1678141047571140
5.1656999833590600
4.1338472251696539
0.9682992047453118
4.0819341604464912
1.8944339328222732
4.0239231199115890
3.1199335906169519
2.9422409618116538
4.7003167008800206
3.0407742169624168
5.7627991767402245
1.1715260486082837
2.3050575978772074
5.7302640277974248
5.9795891508954684
2.1309842740480067
0.2518823356070043
3.4465715630190732
3.0612701166798497
0.9446585051709757
5.2401018889855617
3.4696845079668468
1.3434576240061682
2.4376933805544851
1.2359438046230451
0.6516968609427281
4.6063493405124030
0.7157673266173388
3.0540889671431337
2.9572630465221006
4.4617162936671777
5.6043572104093844
0.0256281690901198
1.1823446039739827
0.5621502596553871
0.4679960299539369
6.2399302015892752
1.5109018673453627
2.5573585502719292
5.2256463595863503
6.2706894982079424
2.7852949765721413
4.4686514389833274
5.2518618956564067
2.9352937704853019
0.9415922781324297
1.5488540581025547
4.3462850158058695
5.1026764775526399
5.5403286741262603
4.4268621620708339
0.6149166815102765
1.3309510842555170
2.3382628680541804
0.0881988165924672
2.6560552029936724
1.9597628140453298
5.7401224754405771
2.6510610626577158
3.4782967560176288
2.2187816346163935
2.0579373988813945
1.7931238305660675
6.1968196502949606
3.2822118000687595
0.1086641862258376
0.1162348627746708
2.8033032359037806
5.9729917986858698
2.4204344500439516
5.6522069127974195
5.1433964521296955
0.9575327349096990
5.6468863645173926
1.3747650372217628
3.1529222664145626
2.0767006974692630
0.9646242964285441
5.2125579212285942
2.5107847988936238
5.4659888845114235
0.0277227165866382
1.2865174666192165
5.1830848687464677
2.9948209249437503
1.5790385144685641
6.2369180275648750
0.7622898940092087
0.8172423565323349
0.3951094426432835
6.1147516031263205
1.5465049070155295
4.6584845559653152
5.3577798666429617
0.3038416896744532
0.2297947711615417
2.4281572466790124
2.3549338529879464
2.6275398185737520
0.0764497130384891
5.8596819238358764
1.3247579856482807
5.4751696146295048
3.1921664576917883
0.3424291409498458
1.1613981490359426
0.5544916662575683
5.5633658581636007
3.9538458766533373
2.4022151998701697
0.7142877823423632
0.3721866924915068
2.2055460894812535
0.4118996502582393
4.5123504064351634
3.8995474054888439
0.9795017078228232
5.3433379626459292
2.9488003541083416
4.2953283438904197
4.4345107122922132
4.0750337343803098
0.4809729047563048
0.6997359667287191
6.2825809474909198
6.2772124491636294
5.7851804563049587
3.8517574638192387
1.9378710727654351
2.6463835714083324
4.2463139885483079
2.2677661870249826
1.4941206010757559
3.2305532103036354
5.3982688295943770
0.7441259666725020
2.3045475174679879
3.2774383434060348
1.0774202772925379
0.9947622878711374
2.8115429044600440
0.7383594602608872
0.2536772220815939
6.2549393599494882
4.3582532786527830
0.5037014450728561
0.9375649356939572
0.8418921560532799
0.4486105417676761
2.4715749149604855
0.2995997538449593
5.7208868123529291
3.9980904017719410
3.4119459334615208
2.5595755069278536
3.2513434527081788
3.8910057912191194
5.0876670087340692
4.3602398943749288
1.5820384202775117
3.2329017643181217
0.4161586233660998
0.4026380062842795
3.9347202133172994
1.9720472626006365
5.5458678576263898
2.3251156766743324
3.2250788632142169
0.0226557228973281
2.9158675206797464
5.4377699806249886
3.0135581919067560
0.4391437622060409
1.9462702718350031
5.8819136560221974
4.2553629993877369
3.4461757679317695
0.1304146513721853
3.2842462663589052
4.2661935518707068
2.6299194418783989
5.0716774361232853
5.7597961538696669
2.0222853933972629
4.9961290269762246
1.9670086657947838
2.9074672313847914
4.5351177716487863
4.6152462089451083
3.5165682966072547
0.1640113814569614
1.2981727143474282
5.6941342864757063
5.6916372959168262
5.0060965239194219
4.3924844795558098
4.1762874887743058
2.6863087031463713
5.9924286886776006
6.2015223396615555
1.8061301854066794
2.6945925641212400
1.9917665467864731
6.1211901807710118
5.0399847894930803
2.0057552214574561
4.0126745149155170
5.8854667591810461
6.0562284312994343
2.6327135149961687
6.1109287935691121
5.4729727699600117
3.5030086266305309
6.0378872205699183
4.4673965501869271
3.7546363542856951
4.5637275474599948
1.8965348584724611
3.6415686185857208
1.4293953157726753
2.7772894522202796
2.5432730830595220
1.3088245051787126
4.0396250317220002
5.7969630291607857
3.3662495679305837
4.4762352950321862
0.5211763727800032
2.6160162153274635
1.5481099566818692
5.3741764958985598
4.1657973271976942
0.0878628876114108
5.4463980911940038
5.7586662683726013
4.5097565533397965
1.3036726251492490
4.7570052188395602
5.8151504304841612
4.5525703468778316
0.1314174700226859
2.9587940577534595
1.6140770844760042
3.2107885759370594
4.9073839246271884
5.3126722307269789
0.2283265569929142
4.4806954110205721
0.3849668564983862
2.0769753651511613
3.9583714132282402
5.4415201786168721
2.9434837429316585
5.4057404268755249
6.1626617128664760
5.1629115424720808
5.4905359347656422
2.7766078451244431
3.3276122371499195
1.9959882394158837
3.6132207186202692
1.5910595284571489
3.0863568592206874
4.9614433199757055
3.4196906180374493
0.9803328348658652
5.9975027771329872
5.8557677043947294
3.9319785607492457
0.0454604731758031
2.3481240647791730
4.6504999783845493
3.3540397226209220
4.2671632672097646
5.4602203603984663
5.6094085111771363
2.2700170751645619
2.9475770335913074
0.8514654423040381
3.8487018627251146
0.7579914825753010
2.0709192100990386
4.2763656869592719
1.5515363111095990
1.5718785785359437
4.3267668416198042
3.6003225540721040
6.1660084208091774
2.8731617685889983
4.6627434733481117
3.2726262995001330
3.6202306040021601
1.1114128452206062
3.2027184459988574
1.2234231467323251
5.0216861736496954
6.0340218287756819
4.8640088641894712
1.2405055271598371
3.9103479046778240
1.6793470375216881
4.1484299671093741
2.6491712272874701
6.0798527130126399
6.1603264865864391
3.0297772087980537
2.0378042446653963
4.6974303141982690
1.2472833221523301
4.9230230724501274
3.2675379049053470
6.1585775202387056
5.1995329647695376
5.3470839629325280
0.0789622669618658
1.4394926857336117
5.3489473639443963
5.4126783753017111
6.1138196624491874
0.8624307983511798
1.6140957741909860
5.3404987579166736
0.0980819240422412
6.1604549282372094
2.3831008525015203
3.2403048154675016
3.0370784802529984
4.0687742623105114
2.2645492628982895
5.8461707625246797
0.0899587882050550
4.1741481154102145
2.7913530275419864
4.1107630561902058
3.1139438281355862
3.2159785468013347
4.3602470656712624
2.9023347538300328
5.9179188043154527
4.4644661313969838
4.4880408274364152
0.3278574258117861
4.4568681768428018
0.4417231086681044
4.2857170607926260
3.5537432868286563
5.0243486143904619
4.1943933640946716
5.9585076178208638
1.0238018861822169
6.0649025909051648
2.1151868022500802
3.1877951514778737
3.7203387687260183
0.9660344563125637
5.2082555165103654
6.2807912218827973
0.1499367684350433
3.9528692965205390
4.2747050025697968
2.1270647876696542
6.1017120854522684
2.9164168659499832
0.3754984888100662
2.8263003517597003
2.3930366932073661
3.7498931224748535
4.5375993487759150
0.0387305323162988
4.1119061373356844
1.0674334574567739
3.3401144120004016
1.8836441866356686
2.8775660265167375
2.9533886072236006
3.2279659887662353
1.5202863882877260
5.7083916678231832
2.9241003286997147
2.6099110458422876
5.4386684386551876
2.5816838018289365
5.7307207729214005
1.4716421997885676
0.9877619200976239
2.1959160241891689
5.7411539869589081
0.5182241522302398
5.8863844858050296
3.7776760114133254
0.0893047615479240
4.1894011904421156
3.2357109716744490
4.7411193677288397
3.8477062614367274
5.2720862931395018
4.6101055590511972
5.3622039332119220
5.8903054435694413
2.6551932058450540
5.2590630990185980
1.2829262708607618
5.8544763664956534
2.8869503696136549
5.4866480481296867
4.4883808560986225
1.6751351406443342
2.5957049226194302
0.8740303788179228
4.4403900380832617
0.5244173133598962
4.4615097183586441
4.3544662182567677
5.2023367374532254
5.8372518129639337
1.7511957160724383
6.0112445757167343
0.9284046365651962
0.7566434729768898
5.8325282916918528
5.3843397627341965
0.9994257458304876
0.9246610967019635
5.8335964992918834
4.9177013210487184
6.0907152290111926
1.5885505927058285
3.6702369106177639
1.8857679909311396
0.7144251699126879
4.1300586368133398
3.8854243916872124
4.9380008534181457
5.1844033534823275
0.9197596430885218
2.8989848770435760
4.6023902441768785
4.4395177658652569
2.2391296844259321
4.9260160313251058
0.5704708377640909
6.2386730976865499
0.0083028021807043
4.1549584500747372
4.3889117344678485
0.0596349128767275
0.0318737248291639
3.3163142367948271
2.0689633015049593
3.0936911712588331
3.3710914971680039
1.8084965700720066
0.5064108747649352
2.2984272554577156
3.6801494444811782
4.1329840119751893
6.2746569113789903
1.2846008332162393
3.4251081062409350
5.2033994716385275
1.3137480716930243
2.7074189461689722
1.9409897337393374
3.4910423811907427
4.8334132646426013
0.3987169010340172
3.4596030027212210
1.0860591943838716
0.2685388007974115
2.0843446656282132
0.8929583284267238
5.5957016936894499
2.5071697381720637
2.3145173191555921
3.4947388953793461
0.8725801043443772
4.4173850112035717
4.3133092847436982
5.4329525344328866
0.1637291286153094
3.9760151363319189
5.2058982817055943
4.0108858611256082
1.8530784875870026
3.2733987779720617
0.4369140352532303
4.1848068715197977
3.4211116411257936
3.5906487031272616
6.2198569881733841
4.9359719136525753
0.0241231124746292
3.4494999059606677
0.1443811001869831
5.0872557339184654
2.2712168537948365
1.4890639580919385
4.7990271642832232
1.4818964528937371
4.2912347318573012
2.6761502463468863
1.0714813063342721
5.2021210938907245
0.1516702134465024
2.7743205804927764
4.5323568787446336
2.6876299783764215
2.5697814071688714
3.7554795872826352
4.1771866299527023
0.7794059745439530
6.0745613315568150
1.0322235703090963
4.6044738590788246
3.9598467093062726
5.6962963493125471
2.3387111607549733
2.9511995808010134
3.7875860042405494
2.7074466499358345
3.4046651822606497
2.8447967597738955
4.1433119346295699
4.3157150759717640
1.7484258890005187
4.7715234543047291
4.5608607093375761
4.8742591230365093
0.9996833722710498
2.5108653621972259
3.2645944246962784
0.1954915446987469
0.8240596214388037
0.2956597291642433
5.3975922977951560
0.4702736261899482
5.5741881206425470
3.9536343806783103
1.1587011678278538
5.0589380309604799
1.4715534142131679
3.0744125534752702
4.6266523294581319
5.4540399268436168
5.3197861650451133
4.7059936840781686
5.9804487612735358
1.3543314330120038
5.8195321029960967
3.2760438637662288
1.0281106674783480
5.0186378787268850
4.7408424521107744
4.9961129387781122
4.2014666375167558
1.4081066527377100
3.1361976685780579
6.0554621737887251
3.0478719927574232
4.0005006958287010
2.5248371925303954
0.3828306652986543
0.7617534795935620
3.7792463256649178
1.9482907358628081
3.7327278828632435
0.2308668001149557
1.9700114150806092
0.3757698507560688
5.2229467976686461
5.6005459449051473
3.4243367048573625
4.5165899237647080
1.5608836153573025
2.7143277019541530
5.0700632258344251
4.7999809742218309
2.0484363462538435
3.4472792273016255
2.5173758307422074
1.2408855693220640
4.7000975713344459
0.6685251656010233
5.2565550204967613
2.4551644272806055
3.9956222733424687
4.8855675647466521
0.7553691912350206
3.5446981471339245
4.2905951834686178
0.3942081484859280
6.0345389158867242
1.9652375436661906
1.3681712617572215
3.6912576896966787
3.5807207652452520
1.2801048714052110
2.8361014889408356
3.4629401153419370
4.1279283524784898
0.2420049322999745
2.4502612128768457
2.7192195960827066
1.8501619236474041
5.8480345759944985
5.6553812301511677
5.3333486729577748
3.6817843852021288
3.6906642809404233
2.0266203648483789
0.7306559499676776
6.1929279277889631
2.9993644987277817
3.4769478364468611
3.2379820481037496
2.0613412541652072
2.4221358727092901
1.4772520271919356
3.7798066484709842
0.9428924942875381
5.5393179580113561
1.2697061198581878
5.0652986835871605
0.5751696832661817
5.1946247031424964
1.7425910643460953
6.1185216661445532
5.2883673108131930
3.8316072922418170
2.7574711792286353
3.5020748628050833
5.5106805548083013
3.8834566883719277
1.7156422097902506
3.9476829439515200
0.5841851379988856
3.9306444437437675
1.7971534296346958
2.7008063526640460
0.6697245875082444
0.4565984145311341
2.6826860452474990
4.1316102584882435
1.9931959260572996
3.1020628050004291
1.0597955907044054
4.4079626514666650
3.8640958698074455
5.0471743565568836
0.5411135635228929
0.8966136359933015
5.2742752508548287
2.1623887625239631
4.5122370987507061
4.8484027246492332
1.2948227814923099
0.9668452926665992
3.3100233606566198
0.6093890114092816
5.1918006889703552
3.5770108001662368
4.1731647519319521
0.3425783610025372
5.5222141653131880
2.0681817270643541
6.0690729173151388
2.7926065467684440
0.6228560582762953
3.7739961343915560
0.9302022121748508
0.1287799418884810
3.9273066889888724
5.8106109949596627
2.9177576769775602
0.3998960282632754
5.2231224359119981
2.6020631982281013
5.6495906682925376
1.8485330022352244
5.0304863079917332
3.6244810088039916
5.6053187440493133
0.1607075230274670
3.7924853498383562
5.9066728876540990
2.7070642341168139
2.1064674504242733
2.8522822447831393
0.1040666170559991
1.1491145632604698
0.4661978475952935
0.6544134962017608
2.6080051219266296
2.8607926224626166
3.0022343912965517
2.8261169947649738
5.1632903024169980
4.9420105896842683
2.9755350521494206
3.7611114395488192
0.3995207699238469
3.0175230710501197
3.8621904762688501
5.0719635727505041
5.5327364489811321
0.0203487856483199
5.7630445061408695
6.2095229839608335
6.0414719458923960
4.8240325275554898
6.0923958438025938
5.1655137471317847
5.7995021497912802
3.4891386490936993
6.0060915538226167
6.0402733209558424
6.1958189857817203
4.2390036587501667
3.7924777555953861
2.4997110109754503
2.4047426210613674
3.3082840081036244
5.0481519767199989
3.5646959209071016
3.5672653742123632
4.7600248729049586
5.8800301925909544
1.3332081087444014
2.2780135338150900
5.7914361371900185
3.9753645271115090
4.7644353188508797
1.8886388800700591
1.3046361034027856
4.9708258083335037
2.2220878791083090
6.1126651435324355
4.9337522776943752
0.4727520035582086
4.0626235575406922
2.6254383238985595
6.1114654359652913
4.5785964485407424
3.5437245828981192
1.5196021325878857
4.5411146791142674
1.0104119339452073
3.3117337206859636
1.1793117852284556
4.6985508077584139
0.5209948651148388
0.9721758162018852
5.2783011234236232
3.0799695407260241
3.3209543674678494
1.4242920044364955
3.1618590337527892
3.6212146136346082
0.9894924463668151
2.5838845794290721
3.9214312792453514
0.2225717365730887
5.3803305076260584
3.3441113874583999
5.0141640922771806
3.7170630048167612
5.1237490141633746
1.5871571811801806
4.8304396202806306
2.8521238929776707
5.6025612381360776
2.5402397954047062
4.0938917998326980
0.3579260133743194
0.9804371729752321
3.0309063718529083
3.8283760955856740
3.7466932379138655
5.8393477180703695
5.1729107658128397
0.8858292062407139
0.0041425226583870
1.8309974770597455
5.4883503304274139
2.1240564307750551
4.5959231575157000
0.4333796144705274
1.2283645055855172
2.6708440085603384
5.1350328448874745
0.9880154475721512
0.9038574469624447
5.6980626246933292
4.1732996068538828
5.9471268067811209
4.4905356909803231
6.2586971620568814
2.3076325480173536
3.6412657533912935
1.3953956439472928
5.7836994342729868
1.1959249652266286
3.7797091159904417
4.4984418446939571
1.7384506037277518
5.9016840523431346
2.1064581760743968
1.4076032354712027
5.3936415065120960
4.5372139831944995
3.0971332896934274
4.9156336306584150
1.4153994871901086
3.3050147544904154
2.2306254291809409
2.2464498902362213
5.7954701791697802
2.3428084461016945
4.7558476936178193
1.2307895352648446
3.0455166651783325
2.4157902862199547
5.2304326737933371
4.0913339879314075
5.0064799468613126
4.4392717528626138
2.8809982935297516
6.2043871225744462
1.0443207011225684
3.3188163959203316
4.5128502686427385
3.2735080842431619
2.4283294427773314
6.2139319197876759
4.1253477788164323
3.8655326131530594
3.9203438985132539
1.6862018352689863
5.2933974243067246
1.3269389562800944
5.3965586789713749
1.9735182293283451
1.4290073911461858
2.3512978444375126
2.7185944909583952
4.2223866088862456
6.1050870636254686
1.0237469845097964
2.8995261410541979
6.0290808594744263
4.1012077594685206
3.4658041335800451
4.8296463042587900
4.5812479237349431
6.2764368770032029
5.6815446173868578
0.4446861384997026
4.1774321052798848
2.4913311912977880
2.0777807191094326
1.0736550556701350
0.8062814476742562
2.1645161092313550
3.3030153643534717
1.7252288328764238
4.2872556606132939
4.3823594327980482
6.0259831874143641
6.0003373638571214
1.3497588287241344
0.6615844798551526
3.0874545791156982
4.4289069264558050
0.2989468860877607
4.5892972327904431
3.8980107278398801
3.5242578693267972
1.2117626635551006
2.2253342326104169
2.1183969122172113
5.2781761731841277
2.6470429048261721
4.0435430351608881
5.0455291748944617
4.3389447680550361
1.3118750419282530
3.0858972681554930
2.1370689083354542
0.1469355744127315
2.3176957321684322
5.0256779603721435
2.9754790560735311
4.4026620630964706
4.5485752530702106
3.0874157536831413
0.0408148190224900
0.4882172869093148
0.1436608327149149
0.6013697806236958
2.8143131034929914
4.8155197866235078
3.0694692459621367
2.2743395155669583
2.1684316683578997
4.2840616004760745
0.0353834215677694
2.5339207622242874
1.2544467751504342
4.3104119896206372
0.6407742854088666
4.9903277200523384
2.0260806841712098
4.2006618833040426
3.0034547528685742
2.2592851722698630
2.6448703380129772
5.9083011985819400
4.6495217076299999
1.4952715591426013
1.3912632667738629
4.8860559396169752
2.5594078509008069
3.2086865909463174
3.2680283324890462
6.1912635558620375
4.9011462392446283
2.7015233901873050
5.7787848880593247
4.5600620050951379
4.0207652750943312
1.9882107998216427
4.0926997313478948
4.6072298068846980
2.3732199859400360
6.0775894721124422
4.9386306893983329
4.5809850830973984
1.9355063682593909
3.6427176034176072
2.4724214963620632
2.9937018091938881
2.3378160600451867
3.9492153855412746
5.4606709444955044
4.4322012388101379
0.3905416013717389
1.6477747537027296
0.1348851045099105
4.8897796148366917
4.7897510455428005
2.0939589406903294
5.0791129777384256
2.1442001599295306
2.5007436741117344
0.1244914216462107
3.4834969882057338
0.8306223528353368
0.8675035269768632
2.4521929931813311
3.4364627790306033
0.3027116787882139
3.4868842958110506
4.4344764478926688
5.2542402189342727
2.8697008722485733
3.9248557771122847
1.2720372156689330
6.2530668379557657
3.6629746308378857
3.4226682510239215
5.3750001981828008
2.1049253659562175
6.0147773923729009
2.1854997288250764
1.1153624429547986
0.4079474132980020
0.6434217468845764
5.2772404801251369
2.1604390661874713
4.2429532850308256
6.0233086834553253
4.1181580378036733
5.3274021115215175
0.0244232067885552
1.4064141508739121
1.1286853811850188
4.6651087323334233
4.3807474881964579
4.7306011328113868
1.0740045928270394
2.5616590550349967
2.3920149659503420
1.6613603849189895
0.3358192326814189
4.9451056332640340
0.8746297253054555
4.2972678311974022
5.4766881223352932
4.3175629649577960
0.4937352954452969
4.5891307337253684
0.9641077168943258
1.7370911637701378
6.0427486402403527
2.7420762606750100
5.5213499632056591
5.6061616784092658
4.1904028150482651
0.7863783465634696
5.5859112925526180
3.2076054782671162
1.3582277045267050
5.2578656696317037
4.9697867015354378
1.5746386464779396
0.7326058021122303
4.6483138001245132
1.9742494418615766
5.9296815902576725
4.3525564212579955
5.2409338313075491
4.5317996843005091
1.0350516660449036
2.6788980899754975
5.6832200951326941
1.3419895526782333
5.7164094591649199
4.7809617032032969
3.1643528885393546
0.4568992839456651
3.9277093910425487
0.4126616263420624
3.7724578641418609
0.0161960083116363
4.8688256030728105
5.3842225866635998
3.7557718178782098
0.0065882423388585
3.2487920807813540
3.1154694642610608
5.1891003168982879
4.7979258821599728
5.9382823344000020
2.5042535361380680
0.6402800656120996
3.8525977871914314
2.3219121303576733
1.2742628867776891
1.7466189938423842
5.5704890202859012
4.1474656361706321
2.4786101490390124
2.5019183545155768
3.2805795791407073
0.3840907261892849
4.7250771269634493
3.7500147642943920
5.2380512785274149
4.7478880329101374
5.5487081726494356
2.2936816184235189
6.2249881860713883
4.9336106973168521
1.1586556451020382
3.1217887798536927
4.5989849728662326
0.6036310947543688
5.5891644875471886
2.0181043891288870
0.6679938244041365
2.1468596758342193
2.5151993474596845
6.2046692242134833
4.7708781202494865
0.7832027727353975
2.5361102607751067
3.7185903296995941
5.7846420235438325
4.6921632251894234
4.8440339221760134
2.1848108796354460
2.0301648808837660
1.6102443728573574
0.5230362240891343
2.9937551384625212
4.9764832377775337
0.5265064513721062
4.1543911160612943
4.9282897535166441
2.8562168940197608
3.1028235614788886
4.1357002113409749
4.6942703468897857
2.3409622954518845
2.8200556251370474
2.3391409661343112
3.8849668658712408
5.0726001040678632
2.6337633590013065
2.9865786541291985
2.3258582908261434
3.8119653880137574
1.4233231287194277
0.6350552844450141
3.4156042764021683
3.3711328647603565
4.0178034363462718
4.8456097760277208
4.8773073455985205
5.5909106234410162
4.2432911219045524
0.3427498734078885
0.4958115415329278
0.1594450452472668
0.1996252172410922
0.7874169987856887
1.1175855891036361
1.7205994108665026
5.6524356615225848
6.0368887913187121
5.3510263193831822
3.6753214916622681
3.9281825177955167
3.5487235306012828
0.6568009942373413
1.7615754328112714
2.9442789538488374
1.5846508744811707
4.4893163133242364
2.3389473273227273
3.4134091162869176
5.1552496928682130
6.0552801576619242
3.9020142979343855
3.9754952497820093
2.4951077020338626
6.0781109996715941
4.0727735006971484
5.1292696941390785
2.6603503213990103
4.3588255851236131
2.0333637449109330
4.9995037023718636
3.7726980936602192
3.8894198905622268
5.7374716580727787
2.0218815534997714
2.4705313815405314
3.6304964817486680
0.7782758756610474
3.7945194590632192
3.7612361322213315
2.9302638015220923
4.8096249698403373
4.9992701067185656
2.4216748061585438
4.9557831874817593
2.6875527751289559
1.3782716432318174
5.8764061510868748
2.7813902268748305
3.4204506392146121
3.0512011605558444
1.3081608918980934
3.6743718982754894
3.2669285625438698
6.1039068767740234
2.3882170382755961
3.3314723142914882
2.1860136268578594
5.7510886508438164
2.6063710151686714
4.1827036817682384
2.9498433494183938
1.5895524988204333
5.0350402212212053
3.0029643609240120
0.6356094512541393
3.5818517285375147
3.8623164493345477
2.3032393617125253
4.7563939529821422
1.9000989287100734
5.4442250893571975
3.9468064333719362
4.5027162949574180
1.5849840699833297
0.8533218456044418
4.8134877031906740
1.2820226143941140
2.7087725381549688
2.6323236189910655
4.7288109235069999
1.3377487535361998
0.8068114594039797
2.4546553907629280
2.2736283405572806
4.8216463581382705
3.0454652891001026
1.0869107734502768
4.2209890129592820
4.8774272819107516
0.3281425101236061
3.5772762295883398
3.9544199884042808
2.1590300494261663
4.4379535570981536
6.0945646213222497
5.9321684939215480
5.2247243223824977
1.1329865762543354
4.8015061548807454
5.9517975678230313
0.4205622813836027
0.0289911463286210
4.5394752850886206
4.3580381281108211
0.2994169392202392
4.2423926422624749
1.3862491857308217
1.0453142483040074
3.1888602256437224
4.6046871210638916
4.7203262992664516
1.4053543080336315
0.9183741886688929
5.1376471737363980
4.5805518522376545
4.5614277336569282
3.0637888933111972
2.6478441073938859
0.6681413053031254
0.5035233005683369
6.1225876196041886
1.7914126953230176
6.0599121046538400
2.1740669000721251
4.6221780835077020
4.1672016722633423
1.8877653850932632
1.4879249429373149
0.0635288617409855
2.6759865775131764
2.0029956761156549
3.6521798194020980
0.2578179317597999
1.4140282331978740
4.2826949301470156
1.5516712320946624
4.7507260791515744
0.8842106671580258
4.9751675475804129
5.8973716782984749
4.4815100248084860
0.3985194124767588
1.9806704837711659
6.0767872349004373
5.1610388980766340
2.8273146028023532
0.0524536484040318
1.1483025279612207
1.6966328370911610
5.4737604633343659
5.2513243516018457
1.3883570405403338
1.6749037383441163
5.5045126735222381
1.6741594048189565
3.5692687937296035
3.4825599764795574
5.9821186356223874
4.0223202525536319
1.8570091320896527
6.1202592616939508
4.3677709936604927
5.4809180669638300
5.6854914881815937
2.0014402653354177
4.6953463849445383
4.3376422166764392
2.1918708786813688
4.3543258875655697
1.4175356070807088
1.2579124725886526
4.3192643119839422
6.2268825356902848
0.3046481736783176
5.3559002191091372
3.4857588106683286
2.2124202840582248
2.3570332135613112
0.6117708092670983
3.3523109481525184
3.6253425079145734
6.2679513637789990
4.8499918748201249
6.2443933053065939
5.8287858099477674
4.0268607070299529
4.8659025640998914
4.8734603726533035
1.0125419891511249
1.9343394340706626
5.6332902552764059
2.4204885277577861
2.4613431776065178
4.1410503519893531
4.9705290395987101
2.4820229516822025
5.0631527650832471
3.6922785097171817
5.4226305235614296
1.6006109803577262
5.9599900772853092
3.3237139468328243
0.9997462936496403
5.1026430930644633
3.6946213228344260
0.0957615287459444
2.2949282789251511
1.3039608254773780
2.2773856794927752
2.3665733693294344
3.2642326146048233
4.5089227067923883
1.6039645918945376
1.3953503397324043
6.0696277397490350
2.3466607767311358
5.5856395785144590
5.0531671687246869
4.0652512928410651
2.3448014537881399
4.8716933139070964
2.1416859889686601
3.7871075948811495
2.0038433704871177
4.4566412568466829
3.2391749489342234
1.4879352431085082
4.1235949620815013
5.0839381447000731
4.6599210166694158
5.5118143446020991
2.0084546676165766
0.3670820219664876
5.2877821257319839
5.3579215115981107
3.4146095256640088
3.7058399309125090
2.4504466360662467
4.0302233438935344
0.9560835608663413
1.1713344727846979
0.1827446018258048
4.2352059126732966
5.7603463369740133
0.1600005653461387
2.6280118795706642
5.5125748024731802
3.1872103133764500
0.3863751272922081
4.7574798540898051
2.0881428162349760
0.5762044250429229
0.0576368123462557
6.1042725522423744
0.7684535209613629
0.4736111094365788
2.2953293626431437
0.8987463782133539
2.7008378140254461
2.2756561137252556
1.9281992930018539
2.2564162929298597
1.2939332447712635
4.9125945688030468
2.4823896219666390
5.3059406729111744
1.9054599467205235
4.1799268609793634
6.1102168128864340
3.7598001313967613
5.8195619701877117
6.1961354342692694
1.3403752215687152
2.2414885722446449
0.6028629678566505
2.3426687200650145
5.4960618317178476
2.5840939207954730
5.7783943779064133
1.5514634848551188
3.3532869004051840
1.4930052693973701
5.3917812739348561
0.2951864537186670
1.3385111967673695
2.7851176415200962
3.0839059700528506
3.8329214751727307
6.0532857725469693
2.8503366216784909
0.6637806421703413
0.6825942071563669
2.3188128232340977
4.5923354655627096
3.4802237887655556
0.5946961442587855
3.9913248511593395
4.6359493481578458
3.5353591709191474
1.3597389203544010
1.0528310260154483
6.1426087307073347
4.3619143772311730
1.4637890856911049
2.3747765284482716
4.8999466462943007
4.6391867450557296
1.3862889762967867
5.1118984553150266
0.6197356092297577
5.9745772925038523
5.7308864501282333
2.3262862024898956
5.0211489915676450
0.4619149704764540
1.6916488714619569
4.7907487661647075
5.6765258635021079
1.6459161969129292
6.0866190570151266
0.0367340331824464
4.8899983544391041
5.9223477286618920
1.5330432332140624
0.8867052415491701
5.2638903172525957
3.6810570224729404
1.0972494917109870
1.1006640095232985
2.0722888614786594
3.5064917627919154
5.5744382633654244
5.8162747437519107
4.2678868182641274
4.5758329638642410
1.4952530055041602
5.1410460331040575
2.9710645574552919
0.3350196817970617
0.3008802153980881
2.8183137636263313
2.5487788688029815
5.4523994709287775
0.4048213141829300
3.2763280566260056
3.2159505409261029
5.9975516438622760
2.7946039470033219
4.1647483237173466
3.9465396188966877
3.3483383241387767
0.6043446683432803
3.8977397887172094
3.7115501445176435
5.8886858664441082
3.2732233298296398
0.6038794161987977
6.0062936660015342
0.9081908288157480
2.1743948573300949
2.6712471304858707
4.6427079845034447
4.9878033818650120
0.4045981512434816
2.3953794594071889
4.7726429059885920
2.3671137386881038
6.0888787548338374
6.1951071859322022
3.9224784168102476
1.7077511170834201
0.4029959724075221
5.8564385025882890
4.4053830264662350
4.2338069557231632
3.3778803879094434
2.7563769481184823
3.7229433418889135
1.6138974758926123
6.1454086720001353
2.0271883697029009
1.7562583063241763
4.2293770921479190
1.7144282299925739
0.9475773180520705
5.2625928927326457
5.1040614204337391
4.0760249550845122
4.8713388245005484
5.0835061539302968
4.5375999684763126
4.6944577576933000
2.7634890840802471
2.3147269232263801
4.9018761190326137
5.7039316797999131
1.6208440100669890
5.1794792914733083
5.1438772193923556
1.7732984490651140
4.6280093934082593
4.6350015161997202
2.9294361019334256
6.1674885481230932
3.1404665530769149
5.7459736693088814
4.8549367750854300
2.5949153666980651
5.5986176599811346
2.3078855490559356
4.7653567226056346
3.9591975477552603
5.2178142920152633
4.9115621657711861
2.3711094507801742
5.6422027709798011
1.8581384703785424
3.0126392285646157
5.4424633113488508
5.6574495157282270
0.7249482018370157
1.9328574430906686
2.0524594650121908
3.5776975452331121
6.1799652540827710
3.5795087752350678
1.3859628580925003
2.4870050789761837
4.8824890508134731
5.3671474949714941
4.8576857612697317
3.6372872945747967
2.9290751204060572
5.8206725989760466
1.2894874351055317
4.7196456349290568
1.0287060505584353
4.9679124726922295
2.0367472989789266
0.3444607674275982
4.8813605912427729
5.8718571613568589
2.0928049310261216
3.7448337183957312
1.9367000630384343
3.9528663744907653
1.3222837329589194
0.1716325372931932
3.5530085318502946
3.7682759608547567
4.9297887036900958
1.0873734707439855
5.5864325090357818
1.0153645984555237
5.6989209490709776
0.1965263721847091
5.8830337357566735
5.5641555823793620
1.7480645397094785
2.5588409840640041
2.9653328036849573
2.7259415672939009
0.6875208081267982
3.2812187725092992
5.7229253899855284
6.2533065975872901
0.0411404683286609
5.8867031772415839
3.2162847280473752
0.5761131815131552
5.2244670828174327
5.6115369948495673
1.8038220975720110
6.2522324324625957
3.3243298927348683
4.7863724786752844
2.4515185192075699
0.8276716963582267
1.6208593859583216
4.6779555233217298
5.5024188382331509
4.4171844608508950
2.9293732085291051
6.0302252000722421
4.6184090221164551
2.7691288629223170
5.0771394682875410
3.1098464268129931
1.0754650048168635
1.8800799776094732
4.2859110076337288
5.1552817986137676
1.2661053756780458
0.1528208527811107
5.5883560398709085
1.5495667179868520
0.1956450472308099
1.6795379983347867
5.4097203649184662
4.1847507031707236
4.1754508010207729
0.0228337138533616
2.8197089509522781
0.6583505747269012
2.4833928899134028
0.1944029234862398
4.8017641538349487
2.7806841491933665
0.0036081439517461
1.5655755382123353
2.1099941311561587
3.6448088142082327
5.9468000784363495
5.0847120243121964
2.9203041190889163
3.9579157534978973
2.3689831841719657
1.3015882461910950
4.4239517728206685
2.1528311006807432
4.1869482039987886
6.2462336998879557
2.6982356693264831
3.9697334300216478
0.2214440568910628
1.3685558708347800
1.6589829444897985
5.5167212875031026
2.5852166081045871
1.8755100393025159
5.6264602624116700
1.8970903616325430
1.0200907651437661
4.0734219820494486
4.8164924413411914
2.6829021527000196
4.6276099307020786
0.8430654645802831
5.8326263534527163
2.3984856288605978
4.8191033892039412
4.5290318801014129
5.1609473609723802
0.4900269684778189
0.7428169012492820
5.3259846941017841
4.2182090808446207
2.0620442639485459
4.8753826867478258
2.8168158753882189
4.8707908589166404
2.2370965231759161
0.4635914284150697
3.5736604282039783
4.2627082899469206
4.0092994321154123
0.2860639826737198
3.1571489010738087
3.1035615063359141
1.9205920031564594
3.3503922561343669
2.4042278577832854
1.6267976949111389
5.5684730407523668
1.2156516895332139
1.1176491262845156
2.2749792343261288
5.1810501901288504
5.3928243265948170
3.1954117762243350
6.2681784251796833
3.5802479118473691
0.8828582392439739
6.0507059136587378
2.6953320125091973
5.7563042179774468
1.7176465302369506
0.0820119813244570
2.2450586081972981
2.1382185375682132
5.4280812207964955
3.8813994324552672
1.8570672165771294
1.1932204575823928
3.0023000202103924
2.3314754599710854
5.3045011829778179
6.1802423710222261
3.1093328975950865
3.4066079576094577
3.8789453542861878
0.9228048484694404
5.7997740446729660
2.7073168336015496
3.1271900981378966
5.2411207483824302
2.3806742715833096
4.5199571283612503
1.2397697138053341
0.0576658909938869
4.7840421017166186
2.9760215623221695
2.4535446201336222
4.7748114198529219
5.8802948047928574
0.5788949641961131
6.0961277304735431
6.2034461496726268
6.2830931480601970
4.1247819270690229
4.3423125590531022
3.9142897676216060
4.0741337050071360
1.5785616983480399
3.5888885574473295
3.3196638642598515
0.4329568931755146
4.1060684233794342
4.7698606026196764
6.1433686521386699
5.2382967898051902
3.3625600756193643
0.4889351295825198
0.8503701851965568
1.9324532775757557
5.4687213423084060
6.1919833518284921
4.5088815524267014
2.7323754800519859
0.8927251904839794
3.6197741117444697
2.2181155598604927
2.4668242714280773
1.3110766894495145
2.5146908977123550
4.1279441516625317
3.7928827638466749
4.9007275370832524
5.1265463936006865
3.4569699470828210
3.5992345890634985
1.3647488670939720
5.4947617714831036
4.4286908855226557
2.2165232732058051
2.9375274586823097
4.8091373304426828
5.8702019430296373
3.7032173353321829
4.8724573417085386
3.1133019664835846
5.1099066223289515
2.9792940291828640
5.8041332617283059
4.2724064397039232
2.9052512268480073
3.7630326176668589
6.1450459234970802
1.2393349797386841
3.5579124537198727
5.3816488681567716
0.0425426356931647
3.8059369956663303
2.5547730267041597
3.3441984372692257
0.1151129268809781
2.5463941628560800
5.6772806803155822
5.3207801622742101
1.6935338488580642
5.1810956888919479
2.7461884552423088
5.5732102692886931
1.0524586121443931
2.3682790295754215
4.1422039126355621
5.3264669844576789
4.9155839149802443
4.6395301488024279
1.2874255470406939
1.7536724766384222
2.3909743440307767
2.9587716429391371
4.4294980207316694
3.6787832657261053
1.2917712149858318
3.4601573826851721
2.7229028418902095
1.1083214211089722
2.9048267051140675
5.7457680428687201
1.6317016639542035
2.9808929161822011
5.3943304638152867
6.0453949961998248
4.4668578745161529
1.3500860188985810
3.0302748205233661
4.1481244626565443
1.2705532451401136
2.7455494619747260
2.5229512607104039
5.4047096060470148
0.8575513843955801
0.8483174726221420
4.8405438012292130
0.9809724282754025
5.3443625942880724
5.1279038611044463
3.0400068829251810
1.3729115371845229
5.0426391358557225
4.4150391577912176
0.8030160550944526
0.6966146631790852
2.3464320902714642
4.8558928039374623
5.7434051809848379
3.2850021395504987
2.2863644061572099
0.7483281420658384
1.8762390823066206
3.9004983590537572
3.9875445230241882
1.7769309613177779
1.7425500709670165
4.3832407217051204
2.2547132780795955
0.1970809973958093
3.0046706547889253
5.6816331023878055
0.0496340656565362
4.8350858328031237
4.8964082532790529
1.2156602827834355
0.9269844788287668
0.5621398089738486
3.0563918925456006
5.7537458663084600
1.9472408604478986
1.3780467825496596
2.1186016868331405
5.0555676469386510
5.1633444379055531
5.5635326248521615
5.0457092896778795
4.9281223962469509
5.0345416493082675
3.9304571097147210
0.0652790012911699
1.0449894378649243
1.7818928493514410
4.5138853845296349
2.1360859706268065
4.7791348053433449
5.2509109370001017
1.2352722976093211
2.8262986663850569
5.4679239927615217
1.9524574313860230
5.7946119422020734
4.4310453147721356
4.4795766542105691
4.7176620353617746
4.9343673218142499
5.9110509021564583
4.8439553795392394
6.0179512714881014
5.2168410654999295
1.4290055227984746
4.4063238203795301
1.3716586260053407
3.8381311360472226
5.8606412382647362
2.8183506278869253
2.0967852834697367
2.5998796227619674
1.1626352965822269
5.8201229264016181
2.6994607749595612
3.4392617568896671
5.2139089589210821
2.2266222269486895
3.9918406741712213
4.0450555853465247
2.3691478962586232
1.7176219110342521
4.2390833523565314
2.7940868806200445
5.2234517151533799
4.6193196653701714
1.7240384197167946
5.7736892488814506
4.5629873737353872
2.2575498598692407
5.6405346549786746
2.1562310497602200
2.1469359785620581
2.8356740765575537
5.6839825751949977
4.0118156813613091
0.7224997623004373
3.0990757553024655
1.4032825390364410
4.3787028120076483
0.0462567948929704
0.4914516422681985
0.2676785797850978
6.0599543076339932
3.3048202229751746
4.5916415652229281
2.3357816880635678
4.0503575857750889
6.2236885308312964
5.8736067640978566
1.6829361018980864
2.6982014432534043
4.6180580818419861
3.4085281139632824
2.8724531121787553
4.2460350965891953
3.0486188267212477
0.7026991173030831
5.8968735241866472
2.2719201043488528
0.2879153175081788
4.3483964877243571
1.2140675015537392
4.7398045144051926
0.0708907754397258
2.5905055011550098
4.1648611321820290
3.6326153320339793
0.6045067970220662
3.9303323835346218
3.6845856148951128
5.1225120489802425
2.3661954953080535
0.1265043697081873
5.3474555397709462
6.0603684106767597
3.1090099354467151
4.9861271466448303
1.0976505841870403
6.2766032592887750
2.9143793861675662
5.1831296146866377
5.8852788939967766
4.0721976420120845
1.9972373325392783
3.5652957580042273
5.1885577352901393
0.7862154368973135
5.9779940713702953
5.1883165544644747
1.5954311111643553
0.8409070675701478
5.0036321907093937
4.3031509810387147
3.5437128429856224
0.0782125634903866
3.2507232637143186
0.5523619835590449
5.5983629858228152
5.0332625109534463
4.0473494043601894
0.9046612207531005
4.1775871512601181
1.0706056077829760
0.5926594172881585
4.1536489043492759
4.9141020508350408
0.6171993523387943
1.9874666052717123
3.4802908797335106
2.6185271170325097
1.0972391811108673
6.2348707262250782
5.4221138292129911
3.2189735792885865
5.1352396618257679
4.2790482832080512
2.3682772250869837
4.7738189928117558
6.1566125902361417
4.3830894956228130
5.1621370974912253
0.6003693684683524
2.2290763546776757
3.0630018442059033
5.6703306951405397
2.5304179971916727
1.7247429475595046
1.7146635770064673
0.7392138755938257
0.3466109993156389
2.4676305362552902
4.3281928478361058
4.5665120559012351
1.2965374940973418
2.8458285081926231
2.7508629570438035
0.0305455474972055
3.9390672638693007
5.5194010973163463
0.1717884916283358
1.4658281514257412
3.9275535528670646
2.2695209540029646
5.3827820964269222
1.8827425466956036
0.6894638008701445
3.7968701267631721
4.5177322679228302
2.8946979432285973
5.3075292118830673
3.4783878302743836
5.5461729778386628
0.1019926967439857
4.4753910162434147
4.8984767679772192
3.5250717542219161
0.9646836909218007
4.3714785153413036
3.6820855691412446
5.0076948551389968
0.7732158938601437
2.3835162293131407
0.8338959262983059
4.6201836663865565
2.9518348428642307
4.6815333738716518
4.6122179556558454
3.3217073548484923
1.3283074574755274
4.5232765816689913
4.8684129350502312
1.9207868670013433
2.8847125547249099
3.0956194529802361
3.9473279372889962
5.5753818812733149
3.8765564887037733
2.8712502660569257
3.9640467940932660
2.7744524308528318
3.9474796364961007
0.4302021252743682
1.8820017716538104
2.3713365861766866
5.4726435445787018
4.5235727904171679
2.0550351984768263
1.7269407327820616
5.6143024857273680
0.3893449768801799
0.6307545484937146
3.1256539259142806
1.4061352842267607
3.2061300121818110
2.8240495877949487
5.2450672059548937
3.0533038792812031
4.3508526518214881
2.2509395727171810
2.4519506292370390
6.2457009899927378
3.0886477839891175
6.0669318293161796
4.9562658091145577
6.0543484433525379
5.8485827848876877
3.7383962034678113
1.0877696084808994
3.4041392270441504
2.4593318909994935
2.4012443507321413
0.2891817439716249
1.9007195871080433
3.2381971806442009
0.0390444024485665
3.8445554990187834
3.4195398266753885
3.5854076720454886
1.1127905698915008
0.1065992884084440
4.5598495191867512
5.5818002342226540
1.6581554713261937
5.7866470131632912
4.3757493646880512
5.0548067469496445
1.3892501325982194
5.2941402061371967
2.8193225786993894
5.9083157376975191
1.5579722435875885
0.8832281072713219
4.0137121219873988
4.8294134161164441
2.2308781608145662
2.4065504458145628
0.9207896469731536
4.6391289800622317
0.6553044346844524
3.2424072914069613
0.9357335103734026
4.9218765553004964
5.6750325005740798
1.6804540471207898
4.1792309057009165
0.9402670227321432
0.5577013179862504
4.8231886797648738
3.2530795127223615
2.4751408068741516
6.0356648010042582
1.2873934645258818
0.7826015418654022
5.8947939234422462
1.7604005135916212
