1.4061567924025498
4.5466938434958131
1.1447697110588546
3.4244124892360266
3.9548210651377209
2.5425917212813531
2.0217774968559579
2.6928195674372755
5.2192289016149900
5.0913597452226718
2.6714835910540389
0.6821805384826808
0.6105323824954763
2.8450759514694446
5.6468442508578169
2.9374900795072119
5.4407876471459442
0.1575104084364597
0.1399308670074685
3.8637973296276478
1.6577974349253550
3.6004687086309954
3.8298845561785799
2.0041031393640640
3.1675026211122024
5.6185299443942762
5.8087492590811429
3.9793661043681796
3.0898768423440663
4.8654968741559230
4.4440246345783878
0.9955544823485392
1.0519699452223701
5.7714300830239047
2.8028619525584948
6.1712910858881669
1.2277537044289746
4.0043845521332679
0.5538031141265566
1.8263492798516550
5.4550859063917763
0.4741110318783643
6.0810689821802759
4.3117422315121594
4.3233503613483064
4.1572600597953286
5.0617167271253036
4.2383920295942294
0.3519132221031306
3.7592183035424265
2.9607198278519502
0.9341616113957018
2.5319357332305450
3.4589992367794089
2.1858747974548796
1.2660924623836507
4.7306234146254527
4.6798239909954127
5.8487213452001532
5.9673249527422207
1.1246318886624198
0.7660895254756941
5.5105595988017821
1.1020131268716833
5.2031910609904104
3.6619852054798097
5.0975950307191056
2.9522268774415510
5.6180845925977350
3.9943419783450276
0.4996304176733407
0.2449965873834578
3.3884955930467600
0.0966162043971648
6.1244857065747462
4.2334005546178224
3.8004915430218484
5.5070378891037128
2.1914115357142130
3.5556226125166477
1.5517691342009552
5.5113200189850300
2.1741507971977097
0.1633084174480570
4.0680584372847495
2.5649433417278922
3.1705190249554045
5.0826593963337769
0.4980302006825611
4.2082178470647769
1.9701568686014486
4.8666993428841687
5.9136576107946590
1.6601230310821893
3.7570261601254029
2.4478601773878559
4.8610505009398750
0.4432998655789968
1.0927768558608306
1.7399671133330752
3.5469820574639983
5.1162658556685132
5.0644025915038116
2.5794493082174470
3.4076609929294879
4.6397359783201733
3.3989221623735992
1.7721871795185411
4.8375379145724420
3.7201713083796779
5.3040492692755032
0.3192454289431445
2.3175313440954839
0.7386051927748121
2.4741487822336881
0.2467807962686742
4.7772746052711232
4.9625269227917377
2.3189401698178465
4.7452002798761557
0.1237702413272501
6.2077076179853998
6.2511963176918615
6.1412821239542161
5.7616405837932083
2.9850181190305074
1.8151615326178510
4.7700242105285238
4.8297942816501092
3.7171414047110702
3.2173831515715361
2.3531511957672331
3.5601394989861799
1.0263006049187258
6.0184654412194680
2.7739342850492048
0.4629333216874211
3.6323343550614955
5.9792397917920654
4.1999881773011261
5.3305653625906695
1.3045759019376091
4.3314618270415490
1.6256301502025967
2.5755400272916895
3.5695041615830432
5.2229212846374535
4.8684717006135028
3.3996636756484095
2.9104418961616796
2.5245173377036090
1.8487375126363275
1.2605787306280765
5.3209168910581006
2.7656524621530507
1.8527352467858662
2.5615581072704141
1.2165115414773553
0.8083252178462589
3.6744146123918315
1.7519076354851342
5.8255279266037832
0.7807552391517698
5.7602334475739516
3.9366705679074663
4.2383586615675783
5.1848844171084902
1.1915786852058090
5.5330851358810698
2.8456617820883210
3.5414706854478823
0.8015565338215359
5.8319339289999705
5.7517476966346344
2.1628585208774105
6.1149114209981112
3.5933587173117738
3.5483524183017754
1.4567761413402374
0.5271752584344581
6.1127813673595650
5.5749574780054614
5.4575929639791063
5.0908521201860664
3.0733955616759423
3.5913006569217854
1.1911075255876149
5.7405854370595604
4.0619118924075490
2.6613922353958537
0.2165068312613502
1.6525717119422612
5.7086668457507042
3.0139975335992402
2.8059940681731930
1.3997003259751806
0.6580428020976745
0.3237865365297887
2.6538260623985721
0.0048223784277253
5.3261719366116225
4.0999314977924577
0.4788427181905042
0.5161783855536984
6.1192122215118081
4.4161948894911385
5.9538812075353276
3.8188863224768808
5.6275756063040507
1.8172222378924046
2.1874001209507861
5.0720462546922587
3.0749353087049140
1.9506557731221215
2.8294787766360052
3.2011226320578681
0.7304813584901629
1.4400436157285019
3.1372344900061533
5.0412952213619411
0.5733745838239913
0.6759439637576231
4.7642171867306047
0.1941225896957468
1.2779788076544039
2.3138013714563357
1.9028586290444851
1.8796511401837734
4.9607806420061928
5.1492382851937686
0.0565631130579963
3.8968804501665146
5.4008603696271855
5.0579313316979766
0.8822647589339438
3.5142612669854931
3.0794906925759808
5.7936664681249024
0.0276393562185435
3.8730252306823330
4.8232735815804100
6.0689522706853074
3.7047838223395022
3.3394574407840065
2.1101420515988334
2.6571513201241870
1.2467977295382695
4.3845403798261913
5.0149696254983205
0.9423562328239308
3.5416704079389647
0.0808350685298377
5.1566900794709225
5.0474465563751920
2.8481769661560397
2.4669523810875624
4.2546163499777050
0.5964432265260414
6.1452481008012283
6.0890093028986296
2.8687203821260332
2.0371832639988954
4.5660936087816246
0.3848928022687198
0.2520111008642256
3.6853142370692131
1.5172904386666735
4.9057585631921334
4.9651960465188445
1.1863219051650657
3.1167280594754239
5.0153636029342374
6.1547060092111314
5.4691445527805174
0.4381020438012292
0.9221410044388069
2.0700276256575476
2.1328140949717600
2.8564601332508350
0.1316367238902754
5.2437921676362755
1.1913301686543329
5.0608395805693025
3.4776636531393206
5.4173325685235136
0.9709481506436085
2.6782854269288494
0.5923877509867090
5.3281153909073318
2.2459867343884503
3.4660700425405553
4.9704369554972452
0.8096519498778808
3.3261396614101768
2.8688596588922799
4.7970243652817128
4.6439904873705524
6.1638235553935496
5.5590764315242716
1.2809781038095531
4.1610379002292559
1.7097711056332356
5.9215065811678427
2.4375314905709478
2.6627911269666407
4.6017128672208454
5.7878743275062599
4.4780669346733291
2.9609612719566218
0.3344091525388437
1.3250354505224715
4.2724131099887988
3.6219775614504672
1.4090272275588227
3.6477200827970013
1.0162554173940506
4.7859542853836565
3.5572326466148545
5.7935994736994765
0.3601177758171035
1.2510204893779873
0.6583266301244440
0.5670644169362674
4.8509769618243883
2.8586592579755736
1.4393414704462328
0.6063827601118329
4.6543101941347453
6.2470332269239908
4.0821275749674113
4.8955705181113132
4.2083297159404465
6.1250351660488063
6.2291639238621048
5.7699660928495335
2.1488349007233873
0.0679653443748503
2.4103060320339420
0.3075914217971432
5.6511359063953295
3.3833747174569022
0.5540242180200708
1.6526683658516417
6.0540378420620433
4.1576508774469874
2.3493934390894338
5.5362263500293256
5.5909093742073956
5.5954478248283346
4.3136156405340884
4.2220597342030155
4.3311908021995542
3.1695988441964662
4.0467162991120791
0.6764082365674746
0.6126034824333196
5.9007811087682587
4.0440942904409356
0.2453269928353724
5.7748523093591100
2.1395182221424713
0.0689606920171570
2.1817619481640702
4.1261273618972050
2.3612526385377604
0.5672068744573804
4.8887897888654450
3.3728383835979208
1.2246258214129022
1.0624582979627644
3.5655219678393522
1.0939735389160994
5.8956972544533208
1.2963839603969156
2.3360135669333451
2.7215583547831148
5.4510569427520386
1.8657145322996194
6.2094003252992023
4.6338003188685279
2.9606562070298179
0.1756878141730139
1.4437566734600393
6.2269147786473527
0.7293198768712821
5.9517788716714701
3.2680499476258200
2.4415686374078445
4.3692855556656225
1.5192146719281991
0.1593970313001803
2.6419788553644783
3.8403019810740466
3.3416403529359697
1.3198704754971817
1.4318040973718769
0.8898023503741697
4.2186014664551443
4.0814096622064575
0.7170492544684142
4.4044404956403236
0.0534941497835883
3.1353934768935980
1.0662077513234409
2.1642991797269269
5.7708640821819115
5.7134203921237745
5.3355554127352880
0.1185044023644390
3.6773420798641592
5.7404777102157833
1.8651735762100268
0.1804373842779873
1.1076443245253602
4.2913281159160777
3.2796746575325937
1.9382770311742334
3.5800808253904068
5.7776059155245418
3.6030089270664156
1.3853813560360793
4.2533205509189278
4.6505350050876189
2.0481802118402745
2.5784110008578462
3.8584618123608263
5.2246124286831330
1.5514054500456880
1.7739299919497555
1.6501432455373586
4.2943617997275183
1.6765059416375496
1.0723452095655202
2.6361081542714588
4.8511587067485138
6.2053330490174172
2.8576926908360525
0.8554370473798542
1.6978471764573151
1.6711056035414880
0.5105150527536553
4.4933814532064726
4.4584877665679210
5.3950766570551822
3.3593571894371119
5.8334120029111078
1.0238233078317203
3.5755657064600572
3.3987077546082443
6.1315212231538929
2.3204716560995622
4.3033739261392698
4.9318029048404997
2.5767462275416646
2.7053417626543230
2.7844380561291318
3.6345826309168832
4.1813904355113243
4.0956624541349047
1.1345601529216962
0.6939438350585228
3.5450365155409287
2.1285450797024450
4.5147657869603588
2.6517055682307853
0.9397011330110211
4.1482993365231895
2.4638950657622307
5.6921659901140202
2.3287437572275613
1.5002461289438196
2.6394684627907989
4.6983774242167478
0.8111033320108217
4.0697373965557357
2.8320671785110823
1.3591996354110449
2.7020502633596375
3.0362131305906317
1.3049557413181165
1.5206946689975864
0.6084888140962846
2.9105983959265807
1.2872104951966519
5.3425344203629868
3.1337740819479238
1.5279765812640305
4.7197759612193853
0.0731448198602592
3.2544766683517299
0.2884111545243644
5.8006130325390979
0.4638184093309071
3.4725988850450928
0.9372580615611185
6.0108278129893540
0.0461507009132504
4.5535716249424922
5.4365126093709932
5.7360636374824612
1.7869804072119322
3.0262761605623814
6.2570344709008188
2.4253349161521771
6.1919322526951541
2.1712126649435843
3.6960314098413583
1.4984758469744168
1.4468016585813628
6.0046902852868262
1.0094582763622408
3.4901711956966359
0.0985575030545076
3.0842837005891126
5.8062892975349314
1.1319621683008316
0.7478495209853127
3.6226336364187284
0.4583662692400219
5.9615030466065750
2.3437745507938370
3.1262337371720381
1.5703834288050662
3.8645777417046099
0.8986548411255267
5.2953756491764379
2.1502366409519240
0.2162639366479538
2.4306617309494474
2.7087117058047854
2.0762467794214121
5.0738677579230957
2.9499069062338581
1.7178252530081413
0.8303563163298425
2.9362297829941753
1.8257924167184467
3.0327488929920454
0.1703382953275448
6.0855713576662502
4.0605564075723768
2.1865083678754935
4.9886688739319780
1.9738902598789330
4.6173222252138153
3.0456746836400348
0.0686181577135748
1.5058596624987743
6.2600407271095326
0.2350127790779024
5.6107150608340053
5.5548329099724585
2.7337222392494165
3.7075497702623479
2.8580292501797562
5.0996882609337044
0.8029072282939654
0.1136448826673993
0.1378497405440665
5.8904082263791162
0.8212277837824199
3.6480228590309776
4.8538521962364429
4.9646598156395330
1.1897502418394077
6.1743070164694780
1.6499188234336948
2.0755694904309516
5.5606145347226814
2.8029943009667053
1.8673804881106728
0.9468480009119186
5.3282568113400561
1.4403865645907787
1.1003650610405711
4.8454593608877738
5.6079318831378995
3.8024915922734834
5.2088673008274817
0.4709840953322068
3.7076685206182787
5.4657349125151908
3.4281575145787144
5.2541521304820495
0.7692495472464566
1.3155348996262215
4.8000949530779913
3.3561646877640192
2.9179477344245770
3.0251869960510489
0.3518372978569384
4.2313864519015736
6.2094667991071963
1.3930075718456900
5.3310682988687477
0.2665175814478766
1.8345020328017776
5.5140320945486794
2.6551277876508554
0.7525823166321400
0.0874565331380659
4.6065126565472498
0.4433886964319332
0.9924099832653097
0.2129481816951864
4.6087783804646687
1.5786764293870839
4.7921078492131297
2.4041578103576104
2.6204765127363903
3.0279910359978075
4.6776535863316528
1.5120289034690013
2.7035393664827283
2.7392350187057812
0.7495778495896782
1.1264393175421874
2.2918325955266354
0.2394680501484910
0.5779605205116696
3.3934713053306269
2.4369126465891031
5.3085074727211508
4.0256883093587597
0.7227913970562738
3.2808911630800464
4.3936062443771196
2.7272180303953428
5.2439161830217040
2.0034522890094206
2.3057517478733254
0.6889938497644702
0.6893359016226756
1.9178224409822739
2.4508162975248986
4.9783992398795798
5.9811903576388943
3.0785117353268907
3.3246338775801565
3.0012977325524117
2.2591209069886320
1.8859382105720868
2.5111498656082301
0.8287399904461955
3.2299508296311834
0.8409360169193101
1.3968510189596146
3.7581542119661822
1.6994624043365196
0.5143676374009614
1.8511181644070049
4.7121020527081185
2.2004142156620676
1.1118286829520807
6.2816690968423963
2.1806268001509026
3.5325020357906634
3.4881432578016440
4.6382802452020924
2.6712802826747790
0.7284239681251221
5.4100135729318266
1.7022933312691890
1.8736290354899181
4.3735503675674217
1.2427555485269186
4.2070708914523207
4.5977418397569574
0.9068529784767169
1.6175273400928378
5.7216684305393946
2.2785568758759527
1.5008075304526547
4.6141730995996744
2.2241030545007621
3.8207040889840487
3.6792284514674347
3.5293492842007717
0.8744938849830649
3.9534832303441743
6.2596769758346209
2.1852020766313558
4.2701292337132823
4.9968767268036531
4.6900361232187073
1.4874918892730951
4.9923170004175814
4.8127268104553602
0.7063658912683732
2.5898856404918362
0.9797176457410757
4.5671011901284242
4.8294698426244960
0.9416858510883932
3.9566787964240531
5.7841734286292414
2.5107488117973209
4.7597071135935911
5.8226164047581923
3.3625865126672143
0.5837626079300127
4.7987208674060309
5.2729598763587315
0.5417284556097703
3.8639380612122709
3.9383830370294470
0.4637575170862802
5.9133273591733682
0.0864997682470939
0.8586965513670640
6.0735512664384954
5.9028804165784488
1.6245832513820802
5.7003829276833180
2.5050090585263298
3.5545490083322182
3.8653143290932213
4.4698817831485691
1.2676914192515463
0.1580004969123753
0.3274030858419964
4.2402566269098028
6.2702130989588731
4.7289703543745709
3.3917618209150877
5.4803887426830649
4.0988035971129522
3.3936851422566963
0.8888426407077500
3.7354452429383396
4.9131118144063688
0.4060438852690370
4.1858182191000175
1.2127498240256869
3.3288303890384912
4.8089975264376781
0.5194035899363201
1.5273050097740213
3.2963536341957709
0.2969504137452126
4.5743137570846102
6.0839142504544883
2.9598052452010135
4.3265962197164036
3.7760840672538771
1.0476974902072032
3.0600718800270954
1.4451001726052519
0.8140653969831748
4.5199087435481351
3.8664490988213607
4.2449857633833759
1.9065737043959219
2.2776689360896993
0.1911915064883309
0.0919990710616288
1.7242067256754254
5.8897036208332665
3.5686670812459043
5.4621802196457692
1.5070104368437105
5.4071979383358633
3.1938544745859163
2.1302304216448342
3.2558605327849892
2.3758448352590520
1.9423822965418815
5.9459869087615278
0.6053796318456092
1.7807022240566504
5.5435841518198412
2.7465790635232308
1.0547708894400587
3.5758642484780689
0.6863754157403871
3.3548410921763390
3.3539031117062774
5.7204667761132368
0.3469558474269209
4.6173382285557016
0.2640783423293882
3.0112364691079758
5.0265954362671534
2.7107962035279383
4.2207015070688918
6.1917111502516882
2.9750640437203040
4.3445047566415580
5.7531175897145541
5.0711438631205112
5.3981509539109540
5.6548509078568419
2.6622562917421564
0.0380309445707497
1.3205831885916530
3.6750939147496076
5.2312512097325596
6.0236616196294355
0.3534995257664011
0.9128386769569561
0.7556628671727869
5.9032357993634372
2.2104323898359701
4.7855731872424423
4.2622431631573674
1.1716872805634369
6.0477564004394111
5.4796217172863129
3.5801553728438984
4.1127138565215269
2.7708525494678042
5.2243281905811862
4.1079987176753994
1.9229495421056180
6.0202151793153602
4.7996713254814933
1.4164983553356072
6.0710275270568097
5.1677681964295292
6.0002159343970174
2.4786603431499508
6.2644659534358800
3.2228833519270292
3.4701755358669084
0.0515887502978694
1.4316220534075983
5.4853066619691173
0.3928853754680626
4.6131456174833243
5.4939039667969576
0.5446968829038291
4.9246827211434470
2.2310848139470125
4.6631671352328592
0.4715163463727678
1.6258586869702114
1.4583749197026434
5.3257600867108179
1.6277510003236388
5.2864508114739088
1.7833381505803121
2.6905541887877664
3.5336976407209093
4.3966865792115462
3.9107290856450989
3.9389081912759436
0.6918949697981244
3.1725210592742328
3.6151970380091205
4.1348452784988128
0.6226758596048411
0.2305777987298818
6.2483885830939103
4.6679906780681319
0.4465636589563641
4.5243507709434292
5.9541909870019136
1.5246479363896837
2.6892227261821446
0.6827063926289165
2.3951336547036135
5.2971027159963464
3.5104397503519795
2.7027700194128683
0.8687712648841319
4.1206255925548678
2.3132510155283010
5.5603531142631883
6.1048619797656380
0.8073374371927561
0.1734045564694107
4.1174778029365626
4.8608551422547865
0.9622432109356744
3.2932817906272254
5.1496555205890555
3.4750072076101954
2.1212658578134165
5.3702377156053469
3.8134717620865928
0.3665683910367292
5.2868820412502178
5.8771193324377746
0.7566121864458992
1.9084303766081030
1.7513615351214518
0.6205832529368313
0.5179777318412585
1.7066500148072108
1.8094553132623894
0.4822237584239665
3.3855542941632377
5.4947927701869164
3.2645755744033473
5.4419917295545277
1.4395631953080725
5.4375185126487242
0.3515364072516748
0.6633288263771054
4.4271615114193601
6.0249701832632345
1.3913577313894796
2.3625225791841222
1.4176473720888296
1.4799806975919994
2.0151143760869661
0.0421858258481966
0.2472536730694402
4.2438185589995765
2.4065018783316470
1.1980486271052335
0.2144731658382155
4.1637836837140227
2.9320436826235339
4.1797175788661622
2.8506911619036601
4.5431398049990603
3.5848985235957329
0.2014679639468872
3.7209091078894896
6.1158509294288335
5.9600290580959019
2.2610797626643340
5.9385907059247751
5.1393597552216290
1.5407598991447227
1.0359332866672339
4.6771263893497812
0.1298956293593446
2.2414641282838783
5.8276422226938411
2.7704829389169845
4.0374690467711378
0.9924205736494335
0.0583860646221396
3.9851803956258287
3.8443439245044688
5.9941187065922579
5.7399397962266274
1.4530938487905760
0.2995048662086342
5.4203205931061476
1.4987096816566652
5.5090708435112123
2.6600719468055591
6.0096362350608103
3.1607545221373456
1.4063328202351419
0.2058297272017605
2.2573439981140297
4.1318244253025327
1.1143438572112518
6.1656481991831980
4.2991750867191767
1.5164515815096462
3.8151405721425111
3.9149229570613158
1.7321361379645779
2.7489872780257176
4.5070550991148775
0.4996373350248787
3.9279360247863382
4.8990382001908923
3.4680375957927678
4.1024533316279310
6.0871674729124017
2.0722990530641354
4.2186871389614806
1.8248822165130629
2.3803749573988986
6.0129190108465478
3.9814994413274558
3.4822958556723913
1.4140494914660342
2.7054056053129827
0.1284257378956704
4.9541678831978118
4.2753420515921450
2.4651941137014157
4.4207273268851459
0.4885420187067676
3.6064007002645564
6.1635402955804084
2.8895320169946102
2.5207416744050888
2.3193151256356446
5.9789141232924683
1.4563277340606169
1.0655145555538992
5.5014247491575867
4.3078791508259968
1.6838405339203932
5.8182493512115379
0.7677295907694474
4.4279031862641078
0.9876045373079400
2.6834501161529736
5.3615849340830479
1.4436642798935155
0.3314655831872485
2.9589839963151694
0.7983093898692848
4.2803773535146137
2.4314789517328501
5.4801671189080485
4.7093964072333172
3.4401009755898100
5.7708781990169014
1.1796529231607971
2.7459669159938804
5.7178946002610278
5.9665766681460974
3.9267180418361693
5.7054390338447947
0.5251549513538220
3.1364613587871246
0.9896508045121314
1.5668647074452011
3.8150608551862963
1.0256669568891412
2.3541205309762416
2.3323391107526223
4.6490774677814581
2.5022315150075221
3.9149508253598118
5.4501101398880740
3.7093651520543998
5.2402890203746040
1.5328319338424357
3.7826566467375708
2.4095512846329008
2.0958030218906414
0.2059841753554188
4.4365846871850279
0.2917063136887749
5.8498729727525403
3.0655044204032729
4.7186135175138233
4.7870504654805339
5.5490173650328671
4.6795996709340386
2.7561043123313373
1.1094534379136489
6.1054434127386985
4.6423237427811621
2.3512214643615281
5.8409304720001565
4.6311772146233245
3.9119396540158045
0.5174764373746169
0.7014901744415569
1.6786040903065775
0.6705955221166354
4.5952715259675063
1.8282831825152810
3.4602134576276709
0.1829858197257607
0.1387183991364790
1.4778602686020270
5.4047636181974257
1.2813061436364190
0.3945310563041661
0.2258094032591206
1.3508851258540493
4.8930237931444625
5.4278412801369980
0.7475028116412432
2.9521953642471770
5.3014766229177814
4.6163356643966678
1.4939455590623267
3.1068176782794761
3.5154101758898335
3.5838556251396447
6.0310487084883464
1.6489860580328395
4.6438330641446042
0.1931904808880015
0.3205456138451744
3.1046504949930438
3.9957266933343409
3.1216018663420577
6.0850457039605592
1.1822433085618300
0.6918409567828177
0.0403810395040530
2.9233374456174941
3.2223531873833613
5.5459551658752755
5.5430927128712391
1.6829988245488205
0.4500894331455808
1.3423792410716318
5.3730118082943363
0.6636538796470735
4.3710901358017216
0.3994110828482945
4.2139182699607511
2.1612043096181970
6.1416322254500164
2.8605961268477298
1.0679599035829357
1.1357285731411895
5.7223567640397635
6.2290074176299193
0.6888523497611435
3.2256272648803597
3.9852920155156126
6.1004469601696050
1.0993638293969090
4.8541340061318037
1.8866781565148336
4.4701991517248914
1.3473279476219187
3.4158163476204129
2.0669516379183315
0.8479622519471910
3.1786268276670420
6.1320135566881868
0.9198208530500255
1.4175271462014682
3.9772447849337884
0.8334736586465593
6.2633936208829768
6.2760364473068870
4.3728904284005523
5.3641981092595437
3.4706747783447067
2.9295283660322036
1.7332221864276860
4.5640204437338765
2.0814013386806955
2.9092303975234808
5.7587651619821978
4.1352145297432186
0.3930745669206822
3.9604342526961158
1.9457010280026588
4.8093418551038178
4.1218881723930840
0.7316066574683522
6.1769609582964859
5.3480957233245414
6.2496393836614113
5.3820315371995386
5.0694638940202346
1.1656806177282264
1.0943976996619025
2.2370289448086731
3.7704103856220019
2.3342684592594374
1.6950011143491615
3.7560827764641922
3.3064759543134916
2.9138870956975360
1.6312592388936438
5.3642937206204575
5.0078657570789957
4.3598900130979237
4.0443990002705990
1.9595635940725804
2.1972167506650409
5.0613707941477504
4.4198499034140433
0.9188432711996842
1.2067353208604028
3.4137241162318541
4.8847563760106967
5.6585430866797424
2.6354474874351683
5.9631860509365326
3.1352409162989914
1.5392876609497010
3.3085710274973437
2.9347944661781202
2.0094492647118996
6.1600585253807161
0.1087233577623295
4.9380453948372844
1.3190598423974662
3.6771837015249407
4.3519349620609713
2.9592871303966866
2.7369601675729536
1.4079909866594731
0.3815601062701245
5.2869554118581394
5.6428082455786512
5.7868148754493847
3.9071729904177834
0.1057375426957370
3.3925386883985453
0.3830063159838983
1.1747489145888357
3.5981462588974118
3.9278231153049932
0.2563359153053534
3.8701754397841177
0.7414583672510763
5.5974812813811017
3.3009613303380498
3.0614504906170139
3.1775032496187361
0.7086223384569708
2.5649019182676689
4.0646530461957076
4.1261084308138285
2.6614611317395358
1.0473588218412144
5.0239085892611204
3.9587323491597832
3.8147139635230038
3.6797014820137974
4.5435145684246239
2.6776209211689199
3.2449535257067694
5.4873939315218676
3.7951644208394586
5.4848835746029208
0.2571035581183450
1.9587478284363840
5.6688307100225641
5.5138513109112113
3.8466408513889925
1.1147378742710150
0.8467965054015405
2.4181938951612869
1.1980953251610116
1.5317984865738046
2.4900115827604750
5.9359759309592572
1.6181628838041151
3.9327679914197757
1.4797985714049535
0.0214275876798357
3.3931218875359428
4.6726101477000981
3.2524211765735855
5.7383044648338632
3.9321494587270935
3.5191787980702354
1.5742794738359669
1.4338245640296217
5.4142899620361371
1.4743189126308454
5.4496684921968539
4.9221071194175217
1.0190586968774547
4.3448885026742632
2.2988827055581078
4.5038801620780857
3.9961218278478174
1.1240944115151645
5.1888190692709317
2.1215557132668228
4.9077970692076960
3.2832993359011833
3.1127525396441480
2.3056522741461190
1.7938766181588937
2.5392703454857766
5.3990419535715715
4.0068761701137809
3.0492376430986119
4.6869866325675460
5.9665066751244593
4.7002700362094592
0.0951766462891974
0.3957810463561721
6.1468919995284113
5.3190450192541583
4.1625231115759656
0.3163393778468994
5.0524650275654732
2.7342376375639117
0.6491152947481333
2.5176504663297985
3.0747929387417283
2.3775375145360953
3.5541297296924172
1.9502535617324832
4.1760653144540019
3.3591506341707253
1.7499787012080994
4.4924819904151825
0.0418803592187141
0.2838866161057777
4.8898985462661733
3.6692434308764832
4.7536939074682225
2.2527239336756768
4.1765879977120335
0.6716414939089345
4.0111612605453901
3.6064017815614342
2.9414545856528393
5.8884521417835538
4.6552729380571920
2.7274158285882808
0.1743962477559327
2.4020050633312122
6.2048256845987018
0.5326517052074857
1.4040833850558891
3.8112026233272447
1.4307073169371574
5.9510936368429412
1.6979351541135390
6.2620205571040222
5.6143311171820010
0.1314145124609522
0.4064299427240984
5.5295666595265276
0.6795192765253099
4.0001325240697971
3.6680665876695233
4.9878373466552715
2.6617244242574070
0.3175098441201444
2.1637477974920540
3.5480796179348677
1.2609494949105529
3.3217775544462245
1.4231591051725121
4.9551474583331592
5.9316895008329737
4.8761750813562843
0.0781376441424406
4.7188951160859558
1.4939256958565454
4.3076139964151983
3.5916024886529883
2.2702116996348765
4.4122619233092948
4.8199237633884415
0.8707970871562634
0.0856591783369706
5.2674716425014028
4.7197697234398674
6.2252105510118989
3.8278811902769263
3.2158727667076610
0.3954182490901543
3.7983900716363803
0.8393350507558778
5.2926859679911438
4.2977867542030364
3.5860484823171164
3.7876053263172715
3.9325367167076268
5.4741313344228875
2.6074855649035413
4.1782337426415843
0.0297541612580007
0.7292904998997262
5.4357153046073252
4.5383954351303348
1.5995573394767491
3.1830028464790545
5.2703204507928039
1.0739899964680548
2.1970458927130267
1.0845524263679907
5.7325827704162853
2.6002537407422919
5.9304417522440342
2.6970240734962978
3.7421599456718497
6.1856563093374355
3.7601486549403469
2.9326259333134392
1.9747813501862974
0.0558523768164116
1.3907373925213127
3.0400771911135056
2.8672785149323987
4.4212215791419478
4.4051935157494846
2.4176228003935449
0.3415346143795926
3.9943476997588698
5.1416087978523342
3.2329317995432754
1.7520134223278805
0.0310197339597989
2.4995222003728124
1.2285303550358844
2.5666515302086088
2.8292909545462548
0.4101263891129199
3.8021927897543906
2.6561185971481156
1.1843976851087679
5.7717077312868552
3.1913070224545792
4.1998115630140154
1.7855629967794326
2.5978066092197096
3.7978812626502725
2.6622141460944269
2.0471527602542916
4.0043199154722311
0.0163290828010713
4.3901387121680653
0.9654379806843403
5.0075535300041372
4.2468772633292602
6.1603607750839489
4.9759693300372900
4.6268005289514846
5.0169715468192972
4.0521349846967558
2.5293558952662383
5.6542966793710008
5.7142109807676498
4.9172522619442161
5.4959139785867581
5.8298085410410643
4.4344152025289612
0.6979315727177766
6.0082097956795808
5.9309412465239939
2.0369978608803279
2.1112491763624899
4.3197460934025775
3.3051470106715986
5.8835582326471707
1.9652142940660566
4.5166196440078492
5.0504695303931051
3.8911886042618251
5.7344912715206471
4.7353085678403621
5.7810742712330692
0.4553796117167759
6.2491418111181485
5.9484799873088869
4.7475404396103755
1.1624070316480954
3.2216489263227226
3.4453120575235006
0.3223102000533499
5.6287287808258055
4.3212088206146140
0.0058841890218003
2.6026820609367181
5.2090671009236180
0.8632679246535192
5.8806686529245296
4.8783449126396139
4.7529298329365819
2.7672152297959087
0.5936314224265351
4.6445882632742839
3.2741110262789253
3.4989788544720271
6.2419940805211906
5.0551469204775277
2.6483952350462685
5.7139462526595874
2.2992040143391348
1.1250092619003182
1.8708205806422298
2.6958759529821359
3.2501510983979744
0.5590054617164515
0.4825070241734359
3.1097054325100970
5.3138917327635067
5.5102027710701700
2.5198830959264038
0.7837828841274019
5.1025918014004263
1.4727368910619618
1.0329221601680201
2.0188093361477129
1.0951340733570945
5.9502216731776274
4.7312279347963058
3.7715748719251847
6.0743532878828148
4.1940104625842647
1.7580869269364106
5.0785319573896803
0.1246966380651318
3.8758040041523385
5.0506733516385021
5.0978594399848438
0.6231722857153082
3.1249987864500803
4.8123608646596461
5.6143354376540824
2.7728705059441072
3.4415891220797672
0.7445289647495482
0.3371996432207434
3.1774621720534779
4.9871411219003043
4.2863882202388908
1.7395295113119043
5.0090137441881639
4.4808959560000421
5.1923254960098983
3.4512376336691468
1.6894280663906145
2.0373642227732622
5.0850684913392241
5.8449339358189905
5.2213529118913931
1.0134732611758570
5.2841554461884943
5.8778758077499216
5.5174716859715982
5.3951984721306570
4.6713258881167965
5.2023996802516166
5.4861725939819612
3.6530643640701008
5.7307599887289387
5.2688369159545365
0.5360939399871515
6.0856072877041729
1.3976922287981353
2.0632068408770974
0.9957866308461177
4.8059681626827873
5.6749380710779374
4.9903853346706875
1.7632465933683434
1.5476012420905252
1.2004061567850752
4.0431879914893729
2.6199666282651841
2.4409621661399954
2.9514209691510591
4.7588598172686245
1.5691892182159735
0.4659811514763232
0.4498471640268862
0.4917100798892343
5.0084173754611339
0.1103193721466697
4.2813175908326508
2.1556366091956156
2.5198531406650351
1.3188817021747319
0.8269363309041314
2.3906706586397357
2.4381869343604805
1.8732599208531830
2.2789618461265939
5.8612621828426823
4.3850948290818117
2.7036314749450154
4.7741743417675400
0.9643856342280860
2.9375886384240943
4.6727992740256772
2.1442715273708131
2.9456364582203283
0.0471908032643902
5.9539052649700892
1.3555667045679518
4.5196923771315403
5.1740151477071255
4.4892624700232853
4.5698231748959293
2.8233119263630240
1.4386177201661070
2.1851616986466378
3.5217836741879123
0.9807809333688822
0.6794717501864270
2.7186515740500741
0.6523734322051432
1.1209781286966594
0.8529049298694843
1.7018394863791340
3.8678214789256482
3.9906176711073136
5.8227570521703527
2.0397319834980840
4.0749232217219085
2.3454289257955088
2.6766802130489715
3.2664489511277330
4.7991671122351027
6.1462502889294877
3.6825066475505590
1.5984826577191589
5.9201742679580862
2.1470412572804558
1.8750240027671998
1.0314634898344539
0.5625931069993333
6.1903993715427079
1.1172281147840388
4.4117364147781348
4.2560887435776245
3.1889549282821981
3.8360447443405818
1.1212243251406349
1.8727099238715559
2.9900664353994353
1.7295154310085850
0.3989696638003695
0.4205084556027260
2.0291515085136522
3.7561502539152367
2.2368014052568368
1.9008959225091844
5.3117049738803237
1.0285226733622057
2.2017523734172384
3.2497111544443062
3.0653451546816792
0.3392608442429878
4.9799850177762215
1.1134896945639803
0.7798461456562482
1.9113807066276240
2.8768509669758440
1.8361614298485291
6.1956342278207543
2.6974226637345540
2.0520678404162935
2.2405528407197446
1.7744050836979768
3.9976495208440519
0.1821732056190975
1.2307670200463752
0.0436410982915810
5.8181368897240215
5.0013127652933500
1.7327555198589124
2.2792464681613800
5.1024293200524786
3.7394701219584059
1.4581234894952511
5.2810997750825903
6.1504006066301855
0.1138734188219277
6.0685161931517229
0.6811555206804143
6.0450631913548580
5.9338336851067375
1.5549504357270014
3.9735409088673088
2.3570691256959884
2.6205426635777025
6.2773134162941515
4.1745010415104522
3.2099247344466568
3.8866071042376968
6.0757772985044394
4.6241875386594380
0.3383511714760800
3.6114232188912498
4.2662561164645840
0.3034134501519390
1.4580403596860187
1.6012644112225540
1.6137246819633670
1.9553611133153865
4.4435786996769977
3.3235509303580471
0.3550800974475172
6.2191606157477723
0.9716809781280733
5.8545777347231613
0.7989376650473556
1.2626645188677068
5.6635432278828368
2.7630489040130044
3.5145428853318879
2.3932336916755714
3.4771696860691703
3.6311607553294394
2.5977395823143796
5.9955030689876265
3.1188164062426451
3.1020532742104807
1.2835810087906083
1.0328673240005946
1.4104720428339288
5.8449486665502102
2.1081344348315727
1.8015529028122403
3.8442169759090667
6.0268618945461148
0.8412166849541889
0.0195470973058073
3.2019981708489351
3.4854060077008580
4.6138325863693348
1.9614152952565824
1.9070680175326762
3.1962622452122087
3.9504181748691733
2.4697361861032130
3.5414968262399040
0.0405430479479542
5.8042592768493515
2.1624520992457397
5.7222995052372596
5.7925692228125776
0.7655122432099569
1.6270464099017172
0.5632593754357780
5.0471739600212473
6.2539714793373813
4.7523211189640202
1.6413723356001262
3.8083510189197591
2.5556151484049026
5.7827101316081420
4.2115332149290055
5.0639657142414887
5.1362407867800357
5.4418695920702600
0.1639915745550774
1.9032899260851086
5.0621003388869363
3.3287313223019059
3.6447073610933098
4.7067745428907273
5.6230899532414131
1.8658853090011143
5.5448283687159794
4.1272136981984655
4.1323023318894041
0.4408946085605563
3.0530420623265329
5.0572572842463508
5.0686352917060633
0.3550527350872273
0.7715656716649155
1.3457844241181065
5.4595201902948185
6.2013860381883168
6.1848071991362250
5.9907289514688253
1.8733149691498681
4.0063019292281874
6.2416846849014451
2.3798637091151655
0.9535590629039882
2.5831992048310290
5.7426895535226095
1.0381092070375457
0.5739204540828367
1.5849101402012906
5.6765086274754033
3.5331715061879581
5.9308315008344863
0.7710580876355713
5.8336768136649138
6.2593590038898146
4.0212490118361943
4.9795299363334156
6.2042944846678081
5.6057157991665356
0.3751487631175162
6.1289428072680723
5.4699214524224535
0.6243414860099810
5.9368384308778595
4.2497818893823256
1.4151578832624401
3.7554396284651346
5.6566475072258395
3.5613197728780577
2.6098368107040693
3.2460605098395550
0.4567072489693607
5.5441946729545108
0.3008782916022777
2.0952815266127121
2.2289018394660318
5.3472328288556046
0.2181140539852323
2.6901471719520456
0.9715016564946007
3.3652681549059471
0.7906245926751296
5.6640318673209737
4.1925791288924437
3.3929149193468540
0.8574623578442968
3.5288397541681236
4.9039303946105157
0.1636699210191458
1.5118939476444593
2.5627494605387660
2.5254432533708489
0.2023518642517326
0.7335751448780259
5.9654199056324657
2.5322284501278380
6.1649257801868576
1.0977974989162811
5.4585634326364012
4.9614979838046009
1.2710843641736016
3.1510857606762479
4.2030068351704086
5.5706416579579203
1.7709937963182887
1.1289000364492296
1.8798848360601703
1.2549006864710095
5.9788803605915106
5.1570526395053529
5.7983763403837463
2.8493557028655077
6.1291498305838550
2.3911939983067594
2.9041547428533008
1.4810939673014225
2.9080544278192519
5.0789255302977834
3.6189175161424987
3.4783060335939737
4.2256059675053494
4.4229685236841751
6.0249593509098105
3.1018038146213471
0.0552579586709247
6.2545484742371880
6.2056482259855796
2.5423857190574175
1.8744932447680813
3.2141636541445151
1.4918994467569913
3.6965436300269334
1.9009205575270742
1.8747346818056314
6.0770728506199685
2.1948489565116454
0.1637653741084642
0.2530857222019474
0.8163977345365427
2.8077205865374610
5.2344046572131910
3.6955024384893322
1.1899064804150188
4.3766839889194769
2.6470242930789394
2.6222830145312783
4.7454704842284707
1.7526079604064511
1.4939815197302846
4.9572854625552383
4.5444921410538068
5.2171425442425514
4.5250652674075367
2.0433402450255209
1.4295584436589899
6.0251394207769930
0.2459125069241263
5.1540221187866173
6.2092623061103165
0.0539031969677862
1.2489086074046827
5.7496765164835226
0.3509599299296719
4.3760720487863827
1.4913992049471581
1.8578441860148309
4.6837090154888577
3.0166538599890189
0.1314387226769718
3.4176065592590810
2.9867919701735621
2.7143880849860995
1.6987202069714471
3.2413045405072900
2.9483231211423440
0.6242245547661368
1.2517509156703310
1.0883393244672295
1.4032493084524142
3.9152356897506659
6.2455298679719657
2.0498483488933217
4.5315821911857501
1.8741990825112891
3.8310102609343248
1.3377484294364437
5.8979593582964469
2.2609452490518085
4.7593863490610913
4.7823402264038366
2.3534131743942872
1.0720082015886530
1.7851201183683463
1.9862831367638001
4.5277890564322663
0.7370621391805819
0.1826982930881086
0.3478456510013827
4.2189183357720612
1.6651794981036583
2.3535515950285411
4.6737023808956026
6.2749225454409414
5.5441412205224800
0.9401038203002097
5.4905257179316385
5.8642877640644997
2.3323380469898547
1.0122298072173221
0.4002696935066039
0.3609790414578345
3.0944819364390752
4.3076004779506301
3.3129593866664164
0.4630807960089702
5.9728714273384940
3.3408446696888090
2.3384303543453351
3.4456114336399239
4.6419941613219802
4.7223558966075707
5.6254772032971880
3.2311526210263319
1.1684082395275832
4.3405013109392918
5.8392162519704760
0.1497738592913371
5.5357761268134187
2.2635790931739477
3.2322501711422817
6.1278647761620118
5.9703915858297965
5.4850232645704731
2.3556169317892461
3.0397969871498516
3.3395349121174061
4.7204399365259961
5.7786359406261365
1.3112839914041876
1.3383041565670293
4.5737661834307737
2.6146712916247723
3.0908542624385040
4.4782322256974263
4.0110225960393437
0.9918922579659655
5.2416568042494474
2.5469740088614090
5.8456232626173650
4.9445551509051047
5.3305652221087279
6.0380116032804247
0.4417548849166744
3.8324748970725202
1.2532086803469515
1.2867933332022095
3.2587895246824532
0.6119937548437231
3.5674139776779135
2.1564035459229443
4.0909890314857780
0.0312867452950142
3.9676875531444011
0.7863403746723236
4.1114364696182584
2.5159221502731732
1.6467493723326934
5.2639291689054177
4.1764840044628597
3.0998662021505399
0.8167275114265344
4.5323815603876128
3.7368146677068834
3.9362498104664296
5.0716784787722053
0.1965526071082858
6.0035540872499054
6.2098169646696082
4.5039699530752264
1.8734094833893959
5.9629307878614695
2.8246699499075003
3.5057678077359968
5.4897367864552837
4.1054772786229039
2.3457396673546960
5.3449625855795277
0.7994051242946720
2.5105819548433597
4.4628395832896643
3.9653571874009579
3.9651251483306735
5.9888342700192787
0.2754856345646775
5.1842114894956506
3.9603387329431818
5.0298222936247150
3.8793017042300226
6.0642965252078991
0.7730725577896684
1.5991314772022738
4.5169159607271965
3.7019668645531434
4.2790969747928234
5.9606869398513735
0.9532924772097767
1.5100121314118931
3.4823425253421743
1.0100350731371057
0.7879769358209593
1.6916158871490206
1.4134876837875725
2.8414001275714384
3.8949871502543121
1.3412670204052113
5.1424463384854562
2.5812934618834626
0.8748016787199355
2.6305036546083373
3.2111445514111399
5.7008172356364986
4.2520704511834921
5.4598215380214361
4.1116942528981193
2.8455659122765113
3.6354334782365521
0.7524329813439594
4.6797227185678150
3.4258891948243728
2.7867203029546417
1.5326636490551067
5.6851560575520450
5.9448547747434617
4.3241385810327326
3.1960714715731511
5.8916968164178938
4.2587988946208100
1.7785293932347956
1.4942824653007389
5.1295313418817035
4.4825076910682418
5.6019525156659542
5.4665219071867615
2.2769342911837120
1.0256333298511522
5.8141474456914084
5.4009942411885001
4.0104352384046553
5.8708380686457575
6.2376318644722799
3.5189267100027819
2.0119994141899045
1.9713592853889319
5.4808995996791854
5.3511072386050715
6.0676039671163773
0.8847486256218833
3.7769020351776916
1.0062945726128203
3.2231597218135288
1.8513389500699371
1.1996258749751059
1.4520809547058342
3.4093572921337612
1.7367789409537693
2.6652592088237772
4.8648609833041982
3.8925555823706723
5.1067266198181560
3.9694521810241152
4.1927161522136061
3.7209944437697993
1.1627129063380373
1.3695794778508563
4.8060999743671733
4.3924094861281207
3.8515375669629002
2.2561189500120404
2.3371209080145849
0.2037979045465598
4.0568512760285156
0.5912789489672928
5.4760754621031804
3.7229404115217024
1.7404054241423192
4.2192679054749087
1.0890978468871659
0.7123927398802825
5.4876716403230947
3.6955235300464402
2.2024552093740399
1.8987239283508981
5.0209756975760866
1.7082982190238487
0.9220275370082825
4.2190063781460356
6.2350287723925630
2.3328137013635706
4.8728498731458352
4.8586395338115276
6.2056011694303050
4.7467805496629154
1.2588153269392128
1.1817173455909071
3.7691718461263743
2.1035243839366564
0.9008792296416076
5.6999293960681134
4.4362737172511322
3.2458041777721380
3.0629904324012309
5.9432023459195715
5.8952428270508497
2.6360852939747148
0.1353560628203354
5.6729345330787355
3.1219724395192885
3.6727834793833884
5.0724368699398523
1.6472842257516540
1.4699528172891874
0.2636672730247729
4.0427878353180446
1.3510448523298517
2.0918679045492272
4.4027270403358107
4.2188611113743191
6.2488415338688323
0.0100378907084357
1.9475368558638393
1.3598819717803752
4.9143826339740668
0.7367236986204566
6.1776850166202966
0.7880896999635044
1.1726915456381530
1.9916469591378008
4.2738668340548518
2.2105395655313709
0.5356375724726224
5.2759731792553568
4.4403841255185723
0.0860648773991032
2.2970477290093201
4.9075852706075409
5.2776568701909463
2.3687777520136688
4.0443861599216344
4.3817641011685220
2.9462463116269291
3.8961007466156503
0.6352884931115298
3.1668266744922344
5.8179449469964197
4.9804061464869305
6.0025313488720053
4.0666946290352763
1.9129006642607160
3.5083573525309535
1.4633432854962853
3.4826007776335013
4.9689476428947117
1.6120464076283587
5.8683152083975703
4.1078983001946821
0.7314154021544262
4.5308893012735663
1.1549252173156876
5.8966178703682166
0.6462645772663257
5.3478113399414520
3.7086817118298616
2.2818783482090534
5.1446771246368943
0.1585363199244869
2.5179708567264041
1.8663432814399641
2.6740063167032537
2.9543032229475701
1.0940337324615914
1.3351068626135787
4.8394787384591051
2.5785580148747358
3.0049730732146989
4.1920760881603378
0.6628824301540472
3.8585994801066827
1.9554142361298128
3.9725728866250347
1.7929425048421113
0.2287931281098323
2.1265342070028899
3.9022579581941788
3.3526983989305950
4.3167819675651762
5.2508076658552696
5.1035763142315869
5.7160015968732214
5.2539698730320303
2.2211450498364202
0.5862231815689287
1.0367751215624219
0.5361819886174088
5.2597034192653789
3.5382216113185212
2.8674814890955482
1.9088230108827779
5.0067954778667723
0.9445766113483463
1.9360582637107722
1.9832745508143570
4.8020090287579693
2.1004359565337536
0.2439813456012198
3.2003716449977051
2.1611184307381643
6.1214135543079378
2.3468508435655053
6.0691345487818991
3.3585468900429576
4.2282795296020037
2.9117283827550575
0.6143601771978329
1.4976745256347985
4.5085612143154332
6.1924828862951999
4.4809699433791170
4.8900093290423472
5.1269766927304898
1.0296251357437161
2.1093222409021952
5.2872909593535287
1.0417757142458162
0.4879875041077832
4.4891620996714083
2.7434866130349316
2.2756377074178400
1.5160072506681552
4.1544725711553676
5.7028052671806506
2.7722979836193002
3.0372265471855626
4.2880367535139703
4.1574260349779806
0.5185320330259829
1.4649706713707746
0.6771038389004507
6.0318568273557096
5.8389270335964101
0.3441624618746762
3.6410429233843344
1.7943433778579165
1.1753469787955080
4.2354328336281437
2.5510419162629145
2.2927251119342316
5.6677420413545043
2.3899812308772961
5.4476726168931187
0.0450316495072151
1.7417662361978272
0.3583270209454257
5.0085229700013958
5.2776897901663657
0.5247762348024190
3.7129010012113688
4.0110980220583068
3.8883176043846310
2.6494710262591559
5.7639971940947108
2.8061125800016300
0.1435403273683055
4.7587737370873304
2.2952055750377252
3.8132398655794488
2.5945549981463309
5.7939265652750036
0.9023268057206442
5.7653834363366503
3.5667228315701660
1.5447622643193022
2.9990506576582416
5.0341306025496575
2.1751739456226296
0.2571751100112197
1.8783739161138611
3.1265492134855366
4.5767231385645317
5.9148267816268341
2.5828739450145179
0.9752004141232326
1.5107597857848305
4.3967884658863765
3.4700407488195739
5.2612025567437541
2.8493932748972397
4.6483118769653071
0.6688027047954902
3.6335924729013005
3.1568289298681349
5.9314515724397943
6.2739680273460241
2.4378640801874578
0.3834818963259181
3.6327972667436175
5.2109754338174525
5.0172121615854293
4.5389771913931565
0.3334381089674238
1.7474057639709000
1.4415965624271090
5.9375508980186016
2.9813814115191919
3.0344850190756798
4.1645139276080929
5.9612932895304205
1.2345150197312458
5.0189795568040987
2.6177137466134552
0.0509410728529953
0.7290111616099045
4.3341130178982956
1.7924137150951884
2.8033096521055536
0.4412151049806156
1.6934029979387764
1.6486711605874786
3.7778461676996589
4.8600303455190002
3.0450627412024245
0.3170814064094991
3.5475352551977464
2.4783059597361801
4.0410364246579489
5.9471916838623802
1.2336749341454918
5.5547765045871618
5.3327754285761833
5.2032834611390193
6.1296748674752859
3.2723772487598213
5.2319890892285406
0.5401122227486135
4.7820319198720789
0.5815583528969311
2.7994490918145711
2.2287841928599925
2.9979846512675121
6.0075015898145088
2.2949868750531288
0.1772112372077855
4.9516096510501395
3.6594874374923281
4.6927202383565660
1.3612712624476186
3.8910514179539368
5.3642326673712546
3.0426826366763473
2.9427336900699195
3.6542236857754617
0.9016965597520857
2.0815184704790530
2.4933455233672905
0.5044658714523907
4.1801977685102161
2.7809113126454199
2.9966238478625362
3.6764895936488955
2.9945115538718352
2.7644164572064711
4.3966908782506335
2.7232506412292365
1.7572349491227475
1.0561235022097542
6.2628507577911696
2.9254870580519001
1.1251273541959841
0.6859057919700434
5.1302887935867991
5.8649671092198439
1.5250492849705894
4.6795832252328156
3.2241524191377375
0.5877222917562230
1.4799432355231930
0.4637870057712464
0.2150218951848579
3.0855634036106889
2.1578618436982744
2.0909467522637248
0.6583501782769953
0.1972230727579054
2.6067936220924923
3.9785576280172790
1.7915957893244647
2.0532668772487859
5.5347596499500344
1.8344027865172106
6.0122669737483179
4.5038140418721957
4.2589026963482963
0.7773642951707278
5.9806118733564855
2.9948639509211028
4.3878751005953607
4.9487042019023830
4.3825142990456358
3.0995314062937869
3.6792421237746105
5.0846887840257313
4.6555573116821574
3.2766854697763730
4.2784191683945139
4.6241551252699304
1.1396944395369599
1.8127372107274340
2.6241202246446726
2.6161915400651314
3.7537690901825642
6.1758230588403666
3.5862195036339353
5.7190087856043750
5.8075155817599917
4.9392416028112232
4.0319870107252829
2.8141678336167826
6.1745392677847688
1.1039125952926012
2.7328801203322968
3.6395873728896557
1.4061331401962500
2.4722848616380015
4.0959906720278649
5.9172715406514635
4.9950032618489795
3.2436325713600684
5.2084589915413106
0.7198173215644009
5.3804741171757389
4.8227727161976546
3.0916935560471943
1.4846092996464471
2.1907221069208527
0.1500410445145930
5.4941640742007429
5.5254418155736085
4.5312891855232857
1.5305114675828433
3.1594090216380271
1.6865144000961314
5.1038335795997769
3.5821791028956085
4.0759475594305163
1.2177316854538003
0.8653458683869238
3.7769160950560052
4.5078168787846913
1.1145527145355305
3.9189069950227231
0.3287640532858562
0.6696314236488966
6.2076955664768638
1.8775309667311320
5.3248287037450401
3.5229530188954077
2.9183889223728841
2.9687031365141405
2.8698920209963283
0.4366694374198820
1.5597589204732416
0.5301911432340116
3.1788958223764125
3.2428753018410048
2.7985064549939884
0.8990863234328900
2.5387074912437297
5.5047855084610129
2.0200824783665778
3.6329506041078172
3.7458690019257257
0.8299352799522224
4.1929829915863559
5.4616863917508391
0.3145753056863205
2.6374963869843242
2.1166394018696675
5.6649154024022836
5.1903498733850135
4.6368448582582227
0.3740164008618457
1.5142682939046563
4.6597848026405098
3.1676432385975430
4.3740488078945035
2.6731747441661895
0.3592945166262499
5.0167208958829486
4.7850352554246829
3.9104611022777886
3.4104550096943362
1.2184264009927479
5.5937004667066494
5.1245078236624959
3.0114109164252092
4.5168194764888874
5.4681451738405329
2.8600905871852285
5.6646178597117851
0.3537058260691806
0.6339025334768625
0.4444611897683535
6.2445784888177700
1.9887636362914134
4.2418821050074094
1.8382167260419586
2.5892953126079008
4.2289569520957091
4.7035249197406639
4.3813668112725788
4.6304487531944538
0.6298202127148979
2.4330059502807311
5.3136552476517256
3.2887980931154619
2.6813742883241578
4.5190723661476859
3.8353937647608314
3.5158916102891422
1.5833997287874526
5.8554314475536833
3.3396282867224794
4.5963283891469917
2.1998955638943718
4.2495069586039991
2.8583355018317076
6.1275424627256427
3.2307341108987013
1.4268398491526804
4.6365533749454153
0.5140597480427465
5.1198629438102925
0.2191444447893569
4.4152727417657021
5.9750464834617381
3.8007008709572414
4.7939649167892684
1.4902594830621443
5.4313530447585450
5.1690943115705066
3.3345280499509999
2.8288602754819410
5.1078375712711468
1.1357890175514278
5.5372067578640660
5.2682475620352403
1.6479215324903802
2.1239420843652832
4.0374395712608022
1.0901226351341500
2.7465135210295659
5.5813211176768114
0.2490651230646714
2.3652231150787810
2.5562421777929316
4.2451582409882604
4.9698801237113956
4.3664978375069738
4.1652850229222667
3.5157834635319012
0.3020469794144525
0.8759972794914097
5.2033201622965137
4.6025949635396524
4.7137990530091924
0.0527812040382362
3.5506574938836057
5.8655610856078999
4.0426733899295551
3.3253323762089275
0.9004585304394357
3.2083194721113211
5.1343641694760036
4.1354710879861534
5.3141057970932168
3.1467372026143661
1.0236274376838317
5.3945505090951666
4.8794111898226165
3.7975254700056555
0.6940010766896640
5.9986260138618457
2.0156316548099995
1.4169199018547780
4.5946700784829257
0.5295153858690462
4.8011526568478589
0.2678240664985984
5.3061902738419153
1.3483931375093190
0.4436796686228693
1.9306429366852058
4.6436313702819119
5.3559910680635499
0.6909111797647440
1.5205061999767151
2.1613035730496164
0.0946855258381153
3.3435685370676427
3.9574027726157874
6.1598670858481945
0.5343241806444993
1.2266240119982232
1.2319342305887855
0.6050168996935772
6.2267320610232773
0.1480665770393125
0.0789105277301336
0.2795234128910659
3.3231878048848316
6.1017564973148408
2.5289590738516425
4.8630889759250442
2.1310879192972636
5.0858216730771657
5.8162086601999974
1.7520960451790744
2.4309273635989350
1.9042014239589993
1.2921158052165815
2.9141793869885184
0.6636983805328965
2.6665405760760046
3.2974457180638526
3.6218497587256846
0.5391113646619156
4.7980280516461304
0.1728993064940679
5.4414046934060742
1.1228052653965164
4.7589310062479795
2.6569250727725753
3.1252046359069592
1.9533374989862362
4.0616864915568645
4.6919870907509820
2.2203261876700120
2.0590984058658668
0.9323009666830319
0.5394060475738850
4.5817667023421889
3.8602736462163647
6.0472875867486797
2.5684507536865708
5.5632610125385797
5.0065145639748163
2.5561750694523915
1.5438803944095212
1.3468502396501523
2.2224186712635610
5.2142853259921740
5.2514925835311868
3.2149892284065018
0.9161304526662984
1.4599453305491263
0.4969648531074959
3.9640617375498972
0.3407764094646317
1.0610104680870143
4.6088446266848235
2.9119595037802699
0.3738414051578227
4.3445320468349609
4.0975507945063017
5.2709379675290302
1.3456653739627542
1.9582987041633948
4.5055224905579259
1.6919899673208343
3.0540313344570760
0.0255574166088152
3.4558614135543313
2.9269269573568657
1.3872717524934892
3.5628399915571305
4.3262247442468906
5.7515417762224841
0.8366417291530227
1.6942369948162008
6.0964313177283005
1.8317808563211961
5.6098698802079365
4.0207678713319712
1.7299786405762960
0.2624077140760136
2.3217881566261629
2.7224715681359797
3.2032000019632996
0.7997521897972166
5.8356339592601856
5.4792411310981377
0.0757129496457602
3.9505073627349230
1.6101605399516721
1.1694467472442485
6.2471648081656213
3.6305745399639240
5.3483960372160491
2.1055367141801615
4.8593494264413915
2.5792703361013172
0.4169544236687565
3.7760836763984762
3.1302525952024247
2.9419417057799273
5.3418926952942876
3.6175525087475671
3.9498653050648005
4.5383255897564725
3.8152000252162344
3.7704851249013518
0.7427091166390958
0.8134565828189058
3.7085229420176065
5.7331452747594254
3.3871082346438990
4.7806260941649406
1.7985710667643267
0.2323642931681174
0.5412345802660536
4.0052648295384472
1.5793389105899882
6.0912618823077560
1.0739400030203348
1.9206089981251688
4.0527242392118259
0.8051301740427331
2.1628940227960505
3.7195333523960943
6.0833999781361037
3.9128643498774998
4.2492407106583405
3.5771895980153179
2.6924533389842349
5.3263741214928064
5.9591983913652200
0.1853504498918090
3.5720712310144869
3.8328527875905345
2.3409695426816026
2.7797409905617370
2.0847102773345032
3.0502426647768717
1.0952482154910397
4.0003077746496931
4.0243426662161061
3.5419111729021400
0.1868109010878846
3.0033358935553967
3.4203544590815356
3.5081050166549375
0.2827775966506115
3.0197706755103058
1.8879423680827063
2.6682044246811962
4.0070619281156876
1.1279072425963217
3.5341659633857803
2.5151595742289645
3.2754133043733118
1.3287723520526404
4.1439819383953509
3.1116713320996205
5.1361985012638121
4.5235043140828974
2.0555224096260591
3.1563460146153002
1.8444799476355578
1.8089734344458268
5.5690443956644904
1.5139847762917640
5.7800039893044470
0.6104190109068766
4.3281283677931333
2.1782493381916517
1.8028582556356245
4.0786933161588763
1.0115064996604699
0.1373930112343556
4.1081345945166072
3.6677971663118760
0.7348876265231804
5.8494545627084884
2.2404792264732394
0.4197284319672510
5.2538480766159816
4.8559842018778046
5.2744064525706458
2.8547045856369491
1.4579298513205816
0.5329887482860132
6.2198789942450921
1.7131065577253981
5.9674692065783290
2.6686622353451086
0.0201772573293970
5.4477163550848164
2.8538680078575798
4.3043704246772441
5.3356190693699341
5.9484531762336355
2.0685828167986844
4.3441212293136475
1.2927264038232260
4.7980125180284698
0.7512621608344531
1.3375692033460964
4.1283240723980104
1.7588442152999582
4.6086362976522279
1.5538025601205603
0.2358282425504308
1.0030879581831684
2.4789573465164181
2.8250869256109610
3.9287328102300916
0.9709339334892251
1.0687044775660672
0.4070939984939012
0.7640704342081017
3.1869317291053925
5.0725161172156854
2.5924194965435445
1.0657580403903761
0.5337113150152254
0.5257711855481954
1.2951761714899741
3.8524250504370485
4.0351302470948625
3.9165933492707325
0.9361481504746862
2.3477096327605924
3.6381609361207814
2.8682253993680460
5.2667824716811458
3.8150991058877319
1.0258162535561317
4.9634420168853124
3.1231500007977000
1.2309616887242720
0.4854387927986571
5.5971194126240391
0.6678507311565667
2.6537124515244384
1.5869411715798127
5.6089158242843240
5.2494240282235429
0.7511232578055584
3.1714334128676054
1.3895588004119139
5.1465890870354274
1.8756462748043941
4.9504439513294098
3.8569499952847885
0.3573201826264624
2.4612827697135837
5.4224606626238092
4.5295709954102303
3.3666149182631040
2.5825939932019248
5.5961516280704613
3.1606006134559528
2.0771962822611711
1.3761229806716602
2.1542008349679396
4.9757318939791189
0.1804703238556744
6.0899521969877819
0.0267376741934728
6.1677652532410701
1.0817261661399837
6.0043737235738748
4.7455444412595060
3.0418906437292956
3.2284593268633395
5.7032593707984560
4.2835287363914354
1.8884128153326227
4.7530549288072335
4.1563714976758463
5.3872457783797163
0.1141681049097953
0.6192105910239624
5.0849937789194151
2.7249388352435080
2.6232259789383527
2.4273793379573023
4.1712078310210821
4.9265866486735286
4.2316793497783189
4.1938196505562937
2.2611828114087129
5.5214073276612723
4.6392207360093023
1.0837540482421675
2.7572961936959706
0.7542030951378281
0.2027630453618281
4.3507026692109880
2.9414318751759381
2.9844389917382328
1.1073308816488339
0.9116611941396136
5.5209676214398833
1.7767935267547739
3.0239924475909024
4.9004511101225265
3.7245580779311656
4.6486362331599382
3.7793066585451798
3.9884451531279037
5.7899266965291858
3.7143641816839601
1.0273615571769563
2.4675680405443616
3.1295179870434904
1.5056259621786843
1.1955711057922656
2.6096986000129210
4.0361704109502377
4.5331526418194574
4.5860543414346440
5.2739872917064794
4.3849570133735902
5.5406375894838593
4.5975916560884471
3.8381354100941572
3.6375043706957397
0.5484205227393372
1.1618910238062417
4.3663467191791607
6.0960134192624178
1.4443995107726670
2.7351611767146475
0.5693856658971852
1.5246443314686104
3.5232056555055444
0.5844703572206618
2.6795251775566715
2.5693142301173229
1.2422093045825908
4.8236316948524882
6.1196498994436412
5.8612307326695374
4.1722624154190386
4.2022988850418574
1.0392112423339637
2.1119803047586614
4.1181242570509351
2.8475413362896904
1.5770093250642918
5.5790966160022668
3.6987213534788923
1.7415453100684393
5.8330826389757888
1.4434979570372566
3.3903758184741259
3.3497764313873848
2.3351689996386247
0.5468924656726655
2.9714330521196159
1.3127864281390103
2.4435592094111409
5.8290069417324855
3.6853353968054838
2.5157857540122111
3.8215750318050552
3.6814923969174504
0.4620906004796960
0.9406878545155205
5.5500159246479983
4.4114342261326813
4.3910796286051976
1.9926505408782622
0.6042245690815945
4.5422876909118459
3.6349587886500538
6.0535198852829604
0.3661665103695158
1.5794052008266466
3.6397531206460525
0.7911928733994432
1.5503106281385013
3.7601595890793180
0.0954117735892437
2.0158125855090514
1.4700322087783100
0.2088131506685379
0.2000124571677339
5.0155522775743719
1.5416471805340681
1.4004020542494602
2.1096036013619530
1.6983832044195994
3.8154004538899740
4.2971624641416497
4.7011750190792210
3.3493191060697636
3.5795912391999773
6.2829756606064695
5.5577869682692569
3.6260769461645577
0.2905707394709317
3.8545853898834319
2.9917821583531534
0.5157398996579788
0.2875750406637285
5.6579407993454582
5.0737246421791591
3.0955584674461516
3.0420116859649173
2.9260119221188585
0.4938436116648757
4.2930042421896353
0.5595594560491023
4.3191087391027443
2.6944722041648665
3.0378747869524010
1.5903697567280273
4.5099970788411810
1.3392774544391697
5.1722073644448372
2.4543361346828716
1.0074706200982388
2.4260329860970553
5.1220283794767925
3.4293543741233368
3.9722525218464271
2.8924998166715246
0.1382064473782747
1.7266172523370515
0.7333824335875445
1.3850685934891169
3.0429276521298001
1.6168765868812889
2.2888888143595896
5.8617235654607462
2.4482134100465767
2.0157473830498587
5.4433211250081062
2.1168508452663777
2.0271306457536156
1.8033913067066654
3.9654461988757790
5.8524675927285150
6.1665422498645297
2.5295084110743882
1.5933587290133613
0.6468983680736325
6.2415111040193425
5.1261947239908334
0.1787320384134639
5.8916936283637718
2.2636759854363433
1.1226446220946364
6.2105196771190485
4.9940008037783006
3.7549340372943556
2.1630034409527408
5.1021681943860866
4.8188932041355264
5.4782984646684945
3.0920814144833302
5.2294668478779807
4.3421720091318017
5.4830425120871826
1.4339895954402857
4.5392852728219726
2.3491496682451003
0.3992943824959799
5.1842604352183921
1.9881668733255382
3.4876617693556184
3.8639625454014230
0.8197409078791369
5.2167496157309552
4.5491086001461625
2.9491844709585391
2.7956665485701051
5.6299475894368269
2.1512859440639422
4.1102038863246086
3.2396779571438650
3.4921861945082568
6.0453821424413290
4.7110254531300830
4.6012619783386324
0.1553060466188716
5.6509293014526660
3.8912265469145422
5.9205520687740574
3.0426966011258436
1.9210034044572335
0.9011349781800554
0.0456753335298152
3.8825116801426365
5.8170247761718565
3.2174239156212483
1.8539445177925054
2.9042731293004964
1.1099495905407322
1.8628618559244792
5.0062447416557481
0.7582277601558818
3.9044549335474703
1.3976920525306478
0.5752069797984534
4.0119882204650299
3.7702706832358341
0.6425055780632823
4.6188426027501546
0.9414459765414400
1.5754898163372628
5.5887935317802873
2.0095534196943383
1.2732246792474495
3.8649790977722498
2.8948143748846511
1.6975208486617523
5.0113526898694083
3.6521746615567894
3.6436040548052899
0.6353099728394457
3.6393625010532071
6.0867052811418638
0.2891028003462713
0.4468092850462049
4.1251875457116718
3.4733152195343124
2.5644401162112720
0.9221274917442915
5.8338494659356313
4.0613719833084767
2.7167262891711199
3.5038257840386633
3.3969074702255968
4.7097032869833395
4.2211869855222250
4.2192096184912833
5.4397398511982971
2.5482070651815834
0.4169755180031192
5.9093505594998064
3.9999184289042740
3.2171669485465091
0.4965910732910531
4.3852786368733518
0.9963062369936387
1.9150426355235168
1.9534569080825648
0.4036292426487208
0.8952036672000415
5.9326682895007856
1.9611296656836112
0.8013992784693297
5.8388318698264090
3.7291467957340352
6.0400507901936455
5.2379254277524563
4.7612906398395607
1.9230744942341640
2.4400700034049176
5.0313726419935394
6.1463542411593055
3.0531020292408555
0.3545284376209800
4.2743730256228201
2.8413209012614367
1.3708315655634993
2.8817288366827301
0.6439023619063855
4.0668985592596210
3.6509620759279322
4.0207967690065702
2.0616455242579628
5.9116336801363678
0.3611236399031800
5.8999711831490025
1.2290683951007790
3.7781258676574700
3.9373516850066257
2.3708232619438894
4.1660200975347053
1.7211873390431958
4.5787914132237493
4.6802351985399770
2.7668926715048268
3.3062261253377287
1.3778189982261020
2.6627092257630438
5.7421257819871858
3.8408316570332883
5.9252205151657762
5.7806677305273571
3.8548659742990861
0.3687775929991033
3.9769765867627123
5.4870894250746893
0.0887265597052787
4.6254780917959213
4.7798966097256121
2.3469828246988649
4.8083910668241225
2.9640969293173414
1.1312504434954926
2.2689938352395878
3.1873876371733014
4.1674578127881894
1.1095143352817969
1.0042100322945702
6.1858517581221566
3.4119494458869406
1.9203010712565252
1.2873812870044958
2.5736583718546826
4.1164193276354890
2.7628240085615174
5.7897767516636245
1.3684742011118933
0.8501795427770235
6.1948101949927468
4.3618686424758257
2.4372252325327488
1.2612179222432804
2.8025988713859560
1.6626612098591604
0.2028547837022340
3.6473678170248309
4.1171884770434373
1.4681105926073299
2.3401772055636196
3.1610183381048587
5.5678293054147190
5.6497021967819787
0.6671225684585944
0.4461902565620697
4.4817550867777491
3.1465496337878620
3.2820835672562656
2.6428348461601034
1.5455685889299600
0.3285031271016299
5.4499511461847048
3.4635593877134139
2.8613572799745328
5.2465135952342186
1.2612155724685523
0.9260993293696701
1.7951962853161814
6.0716726611013563
4.6236000207772125
2.3788276808995632
4.1585678796908532
0.3935035150930430
5.8778060123241458
5.4780653203548262
0.3374090912913763
4.3075902300001401
5.0495016325750077
4.7771548963089883
1.2483525967649161
2.0206966106353055
5.7450455730878609
2.1760044666949416
1.0511689453820938
2.7245230465920005
0.4216473376787189
1.4777900370411039
6.2689773407882026
5.8359600384248500
2.7189464714939708
0.8241217417121856
1.2265625272677674
0.3886868521223291
0.1081664877303414
3.2296291590387005
2.7697728366985075
2.5251914669096842
0.7776642853254142
4.1672314722371082
4.6130515164381265
4.7003622835623826
3.3001541721974643
2.3406071829569797
3.1057213143709061
5.4948257651056922
0.8374255348089087
3.9019122820595706
0.1648840286300756
2.1908436894583030
4.5956149163070705
3.3426708208818727
5.0221053275774725
4.9117377206425950
0.7477931248479373
5.4244334424156939
4.0909632975815757
2.0308125984479211
3.6544453700408690
3.0933217961909536
1.2465900263582592
0.0147878955452464
4.4067405575827827
2.6474672970760027
5.5008429829986962
5.3879665969509825
2.8702344162878664
1.7031503342356216
6.2256584970804889
2.2821424202056000
0.0453190776335700
0.7547943637614105
3.3424049334646435
3.7639319381597107
0.2564109818143950
2.2605039906214759
2.9857005299232555
6.0678279008274130
3.7161148909990360
4.9056430644593396
3.6024369038754438
4.8612603265889707
5.0876781051521895
0.2913362032847978
5.2770743161568250
3.2541888839170285
3.5076658637804199
0.4108412940390838
3.5411356794368318
6.0659859032412093
3.9279659827207518
3.2307038000804802
4.8135989782517123
2.0987074921778950
0.4103138207403055
3.3525105976165848
3.4132841518727592
1.5008674031764293
1.4266097946239638
3.4643570159206964
1.5850675417434665
0.7671627108352632
1.5838097518208309
0.3615661621364056
3.9181671446008370
5.9815274563777630
2.4405273512401950
2.3556866519290289
4.0208186599816758
5.8212989380480265
2.6666562982519459
5.3887777407654172
5.8955063151308016
2.1248426515337013
5.9154610257287441
3.1826474725704661
5.1211586342906807
4.5307399899260643
2.8190279604075092
4.6277462711857140
0.0798436035739047
5.0440955894027200
0.8190409663059804
4.3995057120579082
3.1868451767740313
1.9826254954415810
4.5893044684727320
5.2772017816394641
2.7455941123621797
4.0115628246431738
3.2520286177332252
2.5249779922625439
4.2206770008419365
5.9644611366191755
3.7785515461349188
3.9070687867735341
2.9806196988939071
5.5541159144059185
5.0049027238900701
0.1426250609293656
2.1624369974281041
0.1227000331377719
5.6835652702977679
1.0510625357940893
3.9976460715441084
3.0871506773567199
1.0123088268849532
0.8293604482501292
0.2661943289277950
1.4830644217930742
5.0087040627291533
4.1487581947166330
3.1309751646961370
4.8337326072405000
6.2554538416952923
3.9368149637202503
1.5697460561962799
3.1864283642801050
3.8494640782925300
4.0854147629812898
5.9366548131092252
2.9376933460917147
4.3953176505640892
2.9017039216186333
2.0418768101197755
0.9965140232960672
4.1406095551129090
3.0251055605982122
5.3426626592712188
3.5191056830624992
5.9388331144483928
0.2273301072108254
5.3950332185519994
0.7267847568424007
6.2425450949437442
0.5786588890936343
0.9327599207679121
0.9251173300637079
1.3087660655514528
4.4569411248627997
5.1238570461696025
4.7787658603226113
5.5475765882049171
1.0164419630375245
2.4578086098465848
5.8615906693571187
3.9914969276928258
1.5957114782449013
5.1103834420803071
4.9655867546666865
2.7559960497988873
4.2774748779027041
5.5364213792405224
5.9703937408559122
0.1542195896832619
4.0401745118893535
0.3533769832368789
1.3864606082104063
3.2323678626065875
3.7256565309479939
1.9703986569763765
0.6894216867728652
5.3993845211039071
2.0818927437594930
3.3441810130212466
4.2378090855692720
2.2209375138442882
1.5963849188297696
0.9110865034151155
4.8398818944509685
5.2573962199848454
5.5646096113622470
6.1828193909637346
5.0772371203569824
5.8871942692225430
5.3663583643239425
3.6709285794563273
1.0186964037893513
4.9665277377148964
3.3313022641245360
2.7792724317443152
4.4027332793376930
3.5219326826705850
1.0811085540770964
3.8061112306548788
5.6134170446621816
5.4301452527960503
1.9350825472055846
0.4526257807567927
1.7882626162270385
4.0398101460221003
4.8789548644897200
5.5135902885741634
1.6877734141065905
0.3621411476289854
1.2898010398324744
0.9309234303740332
4.3864620473160345
0.2823940876731819
2.8472611967272869
1.7297615276228535
5.9453866290048971
5.4062054724582769
0.8450820417744934
0.2215586476171506
1.9567160526068823
0.5581233309427764
2.4057749352438158
2.9263260467882573
0.9806325636234376
5.7328601953877492
1.3853014635821232
3.9137751567490002
0.6285338848887441
1.5619173298193938
4.1668001557169765
2.3761633143442178
1.9232275943234354
2.4212744857366553
3.0455167680857986
1.2859212104531530
2.6528378048567585
5.0817686282403436
2.8585368150581072
0.3567516319468318
0.0307495567621908
0.8506463378210970
6.2463386296771395
1.8044855867772354
2.8074521283890470
2.7211071211421780
0.1023174777590432
4.7512045902686371
4.3595081178615507
5.0833212296496457
5.0408265849328169
0.0312294810029688
1.4893840007845129
4.4066730007398505
0.8339464398262364
1.2727474851642921
2.8130015909464738
0.6074690576737309
6.2178184895773256
0.8468957646142080
0.7902477790841504
4.6221909787686197
0.9506567616542965
1.5973003340965801
1.7847583584623961
3.9560444525263607
3.3116103918468123
6.0959315916846482
0.7614835210407576
3.1080072566025354
1.6275337148759612
3.8174668538836052
2.5343929033030967
3.9771344077765010
3.5729294549623836
4.8274325691367759
5.8886956927162251
0.5815704670968906
5.4489689992674544
1.0149627324560928
3.7447267617628865
3.5074346847368343
3.3104906200130855
2.6109468489724779
4.6792273032718361
1.9011149462108732
3.0534785298047167
5.7728613085199836
0.7523372929377529
5.9329340967884470
4.2583535577758607
5.5116469996183470
5.2599497839108924
4.6196809141701491
0.3063382452941714
1.2469002482860716
4.3544986714386562
1.6994153404871313
5.9228050836497514
0.6645386395438767
2.6128469168825612
2.9949308877789269
2.8104144478309068
4.3256111040695471
1.9711539463950096
2.6907886661967608
0.3727695197465987
1.5106341459383588
1.1734932906328712
5.0568460874753507
6.1276677353067965
1.9272441323579970
1.5457199779261654
0.7043750653445898
6.2195366589160539
0.8948896550622515
1.0935632212687598
3.1225250101559867
4.6350574714498531
0.0369538693881836
5.2848239822812122
1.4489060327899628
2.3585457448674285
3.9327852451513268
0.8090477070760383
5.7286516136877790
0.9291507074155051
1.2335907496279270
1.4356280483970829
5.4023305850575989
2.7149098286218094
4.2849443163565804
5.3192898103741282
2.2179331713469153
5.9371822317882881
4.9291716460924953
2.0572937403841594
4.3928923057591920
3.8520194422641074
0.3243536780427467
0.3190371200770847
5.2123106876914669
2.0388674867449188
3.5179292977472771
1.8084210412874828
0.4242370039096866
3.4012787720443618
5.4535877051067008
0.1351069164387759
6.0662884930621725
3.3581570061337978
2.9235283871021620
4.3168644149320787
0.5609811688881080
3.1012894050924751
2.8464663312014431
1.1102577975474357
0.5190928426946348
0.7432132088918894
3.1845721298828438
2.4293739969868167
2.3804144372043723
5.8696376364823344
5.4021550144185344
5.8349616329680627
4.3097325012545316
1.2658018274831850
4.3863247475972384
4.5355147982190172
5.8341342866130121
3.0674148170104427
3.2083470061125006
2.7966401454945893
1.1980244447289470
1.7852207812929697
1.5135308876839499
0.7617266826696394
5.8071941932526361
2.2022610773124693
2.6273173598657560
1.5087241745320505
0.7289075289588973
0.2363026562106847
4.8855887880899065
5.4105610104157451
5.5340102214682281
5.0395490762745725
4.4443004774203931
2.1015983357379384
2.6884892571307129
2.4924138427304956
4.2612573198885686
4.7098956333650319
5.8725884159706636
0.9004423696202641
0.2006823203786245
0.3434172255452013
4.2632312364782496
0.2886460252096732
5.1263140428788860
1.0954196871686119
0.4761651912574216
4.1475517552908423
0.8184535144275414
4.8101818138985477
5.8200766117944642
3.7670470607941642
5.9329225011366722
2.5257133178142617
4.3946612693637519
3.1399571299901972
1.8484760410157270
4.2610137553260543
3.7093251202989506
3.5870371267588101
2.1511393782968913
2.9491550997128071
2.8138807247178006
5.4784478424160268
3.6023458963279151
5.1402008722238337
4.9336095414457208
2.7509854754495660
5.9637969525089325
3.7131664959223949
5.3220343313624650
6.2076766483013266
3.1546409878035084
0.5686593492700099
6.0532412447294677
0.4270620723951976
0.7609271198549541
5.3680512647116450
0.0044410988441347
5.2591057057512725
5.5142582457101117
1.9743702148950875
0.6329422757590820
0.7756360938960047
2.7167719940388202
0.1751004193164597
5.5443327301537773
1.6952867931930033
1.4954423615426364
2.5983912563316629
1.5921545476341956
4.7803342960386237
2.3898092195793690
2.3484755713846832
6.1778112729660899
1.8710522015070818
1.3307113054973501
3.6402922885739764
5.3270832321442096
0.2114403986494452
2.6738131161984389
1.1807726168778618
5.7820529448465443
5.8360974444340012
4.5674182309280091
4.5062655999647774
6.2002544511288260
3.9967502863126478
3.7672459108701188
3.8570263274361034
1.9879022870172598
1.8275869380729852
5.6446402782158298
4.1037774992056519
3.9895286540450434
1.7787409688557005
2.6308215046673107
1.2089354416477887
4.7372104745807810
3.7908402252000157
0.4453100263500669
0.7348675310034686
0.8872935982696206
4.3417236741938128
5.0560333033590714
0.8696969396055778
4.8860547303983095
0.6339815838286232
5.9701773216709899
0.6865139940929361
5.1669479861089824
3.7498378238153816
2.6296487446039700
0.4873430065258215
1.7873722276638919
2.2744983266187351
3.1319364986488494
2.4995555999300962
6.1436230214536769
1.4648990217041535
0.7611435695138976
4.5063195086531627
4.6275252374610183
2.4956394137373925
4.0052108572367207
2.7563455229342337
1.9209124821641899
0.9928021823041531
0.0487658345755103
5.2318703665673834
1.0446507106988350
4.3480007535350955
0.9759379052615149
2.4441548289475787
0.1415316621645409
1.7189875128368053
0.8921836782993948
3.0913423511409612
1.8750166989083190
6.2464064697817072
2.5506859824574026
1.5198938457615587
4.1010963031323158
4.9713864833622807
3.8307435582799081
2.4182681776376942
1.1096321488058738
0.3465223639593285
1.8064442511188270
6.0215685457585000
4.7705348459150043
3.1841022073473955
1.5835170113205248
3.3322110459750358
1.3381197499014930
2.3258464294454844
2.8520013014728112
5.7902545110235915
0.2613212341918371
4.4652354287495717
1.3056424784769891
0.2754539785833640
0.4048103867585158
4.0762538705326126
6.1146182772172937
5.7564979435076280
0.8941697609312177
0.5706071003150693
4.3608187140256316
4.0561608954737700
1.1108441519431316
0.9650360232878433
3.7919064363481820
1.2614263260601006
3.9819765949473660
6.1630337801064377
4.0532175688147856
1.8813796364079252
5.9505588218014083
2.4846440146735835
0.2942482095726545
5.0746753591040008
0.9167617189305588
4.1184234572769816
5.4148433764151624
0.4475700762570531
4.6453535885075024
6.0867593693146373
1.8575474253592239
0.4758583048872722
5.2259292498326735
4.0470947145261249
1.7633298530280181
4.3927804121317928
4.1284625738113663
3.1781745224954032
2.8604425947209706
4.4725406018540141
3.6402820568135095
2.3648634691078030
4.2805005757537993
0.2603215205735342
3.3772622908001497
1.0888188168819761
6.1735433977227849
6.1720740253455197
4.7794856587384551
4.5221038296444078
1.5484762386831343
4.4653861443099192
3.4859080704006962
6.1888257072531614
5.1109659817456148
2.2615972092414629
0.2518050081898567
6.2442824655859814
1.1445087724527019
4.9761273723090929
2.2868503645372602
3.4174493966294719
0.0991017360323250
2.8008377510781814
5.2374001326029402
3.3302986847155664
3.6343653060948564
1.7017064192571496
1.7784113659829812
3.6429767651683616
3.9265151079345708
4.2283571019702153
1.0524713136487100
6.0907692042313046
4.8161210270628967
0.3440782725873431
5.0395115263617294
1.3648804140865463
1.1969763203728836
2.8425629909704639
2.7840182023034372
1.9546143346581979
5.8364163555937374
1.1625042602233300
5.7282888639511258
0.9751109255741190
1.5952895940464589
1.4256246615676120
1.4848095500908340
0.0622290966904689
2.7691463848703823
3.2585510720174304
0.6234426750699112
3.1312371687317304
2.7898914198840741
5.6397725067635802
2.2101516075077350
3.1132426008914469
5.1547686471209255
0.1942412032496896
6.0320622471061371
2.3757715662714070
4.5103153635573072
4.3198169306893943
5.8125295019259458
3.2874286701516220
1.9229321705946649
4.4057998060999672
4.1360190310370104
1.7978232189334551
4.0322088501827178
1.9027572313642780
0.5692116437953363
0.1801266625962360
3.0632701060823870
3.3944337248157397
0.2514200644157152
5.7086635622066373
5.7620232023582894
2.6206607773688333
3.2590220185508940
5.3071080333574638
4.7375336723714545
2.1074013933763998
5.0552667806891165
2.7653826531945711
1.5660539058164999
3.0071273919984653
4.2435602825694794
3.0288175273424569
6.2524030356724083
3.8623738913021484
4.9560612162404780
3.9905069136226823
6.0107533382329921
2.1850103740175473
2.4004406130567340
5.2130633435882405
4.2023504149626190
2.3807287025848818
1.1055113280322777
5.3887270552278430
1.6237916267984482
3.7498368865672642
1.3359516380590020
1.3498865390482735
1.0951240273460645
4.0094979508193447
2.4463925702875260
1.7821905672388016
5.1634209015360453
3.4187175817263298
0.0362410808339194
3.4107880146759508
5.1149535821710979
5.8700163048784111
2.7260997259353545
6.2688102448942713
6.2637531324672002
4.8297489001731435
4.7933615353750172
5.6479078394881714
2.5991894261775803
0.2737106362364003
0.8694002155333495
5.7371889540003895
0.6700028128579493
6.0128329035316046
2.1035483362849461
5.9188212389520523
6.2201443075303056
4.7467858044449267
0.7897645744869131
1.2468130226611815
1.7783476508831859
5.6064005550744627
0.2276451404003240
3.6352621317794096
3.7954138165767639
1.4578981751029474
3.1390987952617024
6.2522877841818705
6.1575461812417451
0.8666952351119337
0.7484286064411201
0.1513730039240830
3.4973897539950278
0.4549257285812544
1.9278582865904526
1.7682716787377522
3.7322161327675514
2.7501749788671312
5.7536028190639970
5.9975049737908508
2.8268998513320964
2.7613380853072660
6.2159392203897958
6.1620499903374322
0.4515946299593142
6.2528764753283168
3.0984143362255310
1.2902545454286114
0.7523443596380481
2.6207357921197891
5.7257084856690579
4.6457546908628435
0.8084259351992997
4.6453656066669273
3.2397920643781113
4.3436012911496542
3.6439697715931030
2.1736527149225235
2.8560915628908967
6.0565916997448817
0.0630080387586608
5.7265516510703929
4.2714115092943548
4.0041403778141333
2.0476643715364360
2.6210280625589006
3.2814504586256783
3.2468119003152527
2.0982537116228581
1.6046329255333196
5.5657275950703680
0.9567025213756725
3.3760491604461089
5.9042069023202481
5.5100517802140301
2.2160162341030611
2.8080876840857529
5.2936619160204534
2.2502415024024751
1.2731078334454882
0.0359471022565535
4.9237852673284808
3.6436721378356025
0.5750919858005955
3.0471518056693867
0.9880223421481487
3.2791328845416241
5.6660623441301885
2.2164250482154673
2.2305114632185923
2.8218367054307767
1.3480363805544544
6.0668709851994089
4.9860261682612981
0.9029749654778435
6.0425948567699521
0.8594694621817371
2.0033573704481502
4.7057093226719768
3.0350202020244974
3.7067118848512046
4.3781939419955469
4.5647284690598049
1.2577113711740153
3.4177104919196615
3.8704865766734957
1.8873305682879891
2.7409616306610807
4.9199510275067775
3.7322589093576521
6.0336403940565102
1.1733182131774045
2.0267681007531215
4.5068099078218582
3.0923223767055430
3.9584517298699908
4.9480742837279434
3.0417251032791923
1.9421815272173466
2.5025110183856709
2.1804873621902092
2.2745484029820187
5.2726992311555767
2.3336986945978131
2.3121749768918263
4.1830251066981043
1.2025653518777861
2.9108498866364658
5.6233628834676441
3.0934246183075418
1.9961069750993241
2.9712604562204792
2.3617352402074996
3.0244629989485801
4.0879655389107894
4.2489724998697831
5.2337408770647968
3.1748849622789863
4.4488319148173270
5.5914304730443796
4.4141277530528624
3.5815017262967119
5.4618138959016935
4.6462215788980243
6.1466142043324048
2.7611026927881741
4.9495275951156161
5.7959101221332139
4.3442278400994487
4.7824362813019103
3.3701366575905967
0.2352368723791650
0.3506789588921753
2.5795204102918277
4.6522753209496681
4.8078826839489386
6.0337782535772373
5.7003411021424348
2.0498009587605917
2.3827470626026277
0.8049702104018933
5.1782361656494951
1.2808508722108556
3.1417140469469680
1.2974133475778946
5.7200103721182298
4.1163720432926842
6.1594565838837436
1.6686424375767857
5.9937821964778628
1.0566231572760036
4.5899044848190966
4.1178106799278176
5.2737194127635876
0.3813123556698551
3.3428095864780834
1.8495752667351484
5.1539600551434051
4.0725049429762477
1.2729788158140514
4.2216052994459163
0.0915789973580338
4.2935451654987027
4.4182751845762853
3.6477250736874645
4.2025511672372255
6.1108653124074115
1.9107985979315250
0.2442008810275972
3.3403056193354526
5.2851757365543444
4.3886982964749981
5.5557038556388081
0.5442735763688361
3.4497588107211454
1.6267027988941125
0.6185258390064980
5.5143517565953051
2.2816564140665783
3.2704549499381756
2.3840741241398713
5.1874435214648686
6.1545687234840605
5.0082458494227948
0.2870171469251103
4.7624298505856224
4.5166652882225584
5.6470686299606383
6.1264924494895094
2.1654485591934001
0.2924259288533421
5.4539308432793270
0.9927277513904480
0.1325567914888485
0.7001671105113939
3.5290644057866452
0.1847829337350975
5.0665768146463828
2.7595605844849955
3.1506361005301526
1.6371830604588091
3.3835621418838833
2.9030557946210367
0.5943782372714721
0.5256359338199245
1.4187463314050806
1.1613739958867448
2.9580020472873474
0.9116534960375393
0.8855140738379066
4.3066012436687249
3.8046130945890297
4.9365251655471791
3.0587306172940445
4.3677174804339440
4.6514305659197639
5.7018498523116028
3.8591892329416448
3.2656393355329936
3.5205552685141352
0.2580590670169419
0.6127525816215660
5.4994892765233425
1.9045463448074991
5.2629852013161829
1.6871876590229922
3.1066881134074626
4.9583540773684547
5.2376512026351030
5.0092895390042882
3.5733899852528719
5.8754814333878027
3.4869386115109147
4.4410247257229827
3.3682994906834520
4.2313330329888208
5.5327202912615405
1.2220346766283323
4.8410976887664079
1.7332026737427331
5.7863209291487632
6.0390728589907763
4.1402030781457055
4.4746244992928172
0.7754097350044128
0.9384329471978101
0.6065940244218659
0.7173726039907528
1.1261994463540759
0.4841671085132838
3.2486422863083417
2.2128027833104107
0.3709994547496963
5.5574473603080206
4.7778363159908608
5.6756923365928706
2.5536079425898666
1.0283276847139922
5.8322338633856292
2.2009849945998137
4.8580486275409518
0.0527619502616939
2.2231822827049479
1.1297610377599703
2.7936773992472861
0.7010802899042524
0.8655053444566598
0.9308979874263584
3.6985744133858311
0.2985610298165014
2.9244105360961559
3.7776146737781775
2.0582315163536071
2.0950871934299973
5.1111729846344680
5.5209592788001629
3.4110907839817379
5.0981178586294655
0.0458908749880756
3.0065284637241523
0.5836108049458660
4.5323233432101784
0.8398323015956702
4.8149246366790468
2.3453197808536030
2.3923966631585678
2.7121802392374641
2.6478240806671107
6.1454769729710330
3.3571623031341433
1.5279407296838978
3.1026697765926428
2.3422356553591857
3.1233441227300549
4.5757066982260532
4.3679903213576559
5.9490745592410548
5.6076034178746719
5.6277318253481807
3.4518138209577267
0.6172610768290984
3.9239434094383183
4.6303622644492384
3.0641441003591430
3.0255788495668035
3.2749279444990638
0.1919049394340745
3.4562557831564575
2.8454198499105434
0.7813103899775918
4.8465447218451780
4.3134302041003831
1.1010363887634300
1.3732804897098345
0.4551559835179804
0.5788895566218752
6.0329968856201912
1.9228712334492886
4.0691743535889700
2.2815227079877944
3.4634403106320946
2.6276284250545210
0.5804300952322627
4.4395861082958348
3.2087955739255065
1.0136359460238791
5.2308044990056048
4.3385042301330241
0.3815146536235449
3.3358976222745800
4.5453674260101771
1.7210391048123770
1.8551405240992780
1.5873560691001238
4.2295759098154848
1.3329819800816525
2.8867984521266452
0.4477909224315413
0.3813243164883405
3.0473836204878131
6.1629995272925644
0.2015100979484790
4.1874159943848666
5.4485992059578372
1.1111527259658631
3.1356260006142618
5.6081599589032853
1.6338147604532542
3.8641536719923120
5.9208594631982541
5.8713046434888234
2.1607691196473922
5.0795594074647026
0.8256103762350057
0.0597033172507262
0.5427575551783875
0.9314718647782004
6.0608942911878305
2.0151162937897613
0.0634857147402031
5.0505192986972762
0.5597227583944793
1.4197547320801140
4.5622578995467977
4.4612669551064643
0.9325132897935939
4.5765043527496942
3.3382438430635624
3.7367823621831993
5.2743796812944277
4.2498596736967302
0.5660335938575101
0.6532703126320936
3.3050421672078469
2.1654278168095455
2.8477889584690033
5.8638858725755911
0.3061709839441944
2.8184829529446511
1.8719041887288610
4.6800867168734834
4.1366566440681591
1.5149993746749189
4.6182817617331944
5.4335110881921862
6.2561242096392213
2.9780627622500058
5.2396424117066189
3.2807864491563028
3.8983508728068847
3.1608316719854024
3.7588595268875871
1.4428157943344111
4.2344003091786444
1.6456915665004350
3.8520071045735076
3.6056456518278459
6.1901487197235125
2.3063496824507217
3.8631386882502157
2.2836560179458143
0.0057338597265338
3.1707415069032359
5.4615033476450225
3.0420447456555277
6.1717477186873104
1.7824949036082196
2.2116874467094196
5.6607393112727333
1.2312965640883629
5.2071570834080800
1.7399941418073683
2.7709660269870269
5.0874417419642572
1.4869002074615603
0.9716636964586074
0.7622681505814485
1.4138924542229723
3.0243338545834648
1.0005999496800397
0.4694521449618021
5.0296951238354612
3.9018821580032217
6.0920516639536748
4.4194376023007056
1.5388573891359945
0.6080494447895438
5.7746974188562570
0.2939973217674822
4.0420550479088240
6.1269694219103528
0.4171919777206367
5.4984808634402516
0.4584811262560320
4.2323972474916109
2.1669923963977289
4.4730094300621319
3.4986842962524989
2.3166092921577723
5.2611640738541698
4.7808318263658611
6.0555916268184120
5.0342680743714219
3.8062612036211592
5.4502185791869886
6.1866318577253550
4.0371374315210149
4.1297829449286256
3.5121962049899929
2.8004055913174337
2.8351822088555085
2.6414833735444669
0.0849656948881404
0.6047995737375632
3.0663598283274851
2.1842886400297963
2.0264563716849255
0.7452327786767967
3.3805027366690488
5.3074760223624775
3.0850712061721084
5.5804173080817279
0.9321751801215495
5.4761326208663474
1.9347850800327637
2.2402496143894091
2.6865656895366303
3.6902857948112500
4.8809114092924712
5.3868832388263934
2.8659385099316119
4.9447956983135946
6.1440010007060692
0.0350514104897169
5.8121199419970591
3.2217982131936811
2.5677255803959711
3.2506353325771267
5.4540050142011225
1.9333496829389285
1.8765973707215289
3.0866629724651684
3.4699432615469465
2.5839291953715318
0.4232460085996074
5.3848118165133165
4.1484066963521382
0.3060611742709843
4.1639142072448463
1.4613321641565458
1.1312765527417270
5.9710736181822357
3.9175365254435919
3.7827905855455408
6.0686811884888838
0.0600643668409072
5.4048386768192618
0.4046118213971938
1.2508299355110055
3.1461019989070387
2.3513366002839722
2.6736737347251678
0.9009710588423606
0.4659719117900400
0.1912714963251806
3.5686308790507071
5.2791931044708633
4.1891707545003891
0.2412018062532927
1.9759524174169569
1.6534536267308737
0.6519992966756337
3.7974788597606257
5.0867399894085423
2.0751066281794852
4.1777325959553471
1.6291217001903926
4.9140754536118028
5.4133821864045091
2.1488377073136729
5.9812633258296373
0.0963103844773365
4.1614577510724828
2.8617102777296677
4.8579469985001547
1.6304328351022739
4.1411959731444741
5.1139523508549676
2.1536820834697008
1.7127959793716447
2.1501913827206343
0.0702755525067097
2.2106272608381410
0.2690750749138625
3.9408922246792319
4.9431790890044933
3.1573748961495416
4.8061066183879770
6.2357905443486521
0.8071059354824236
0.7947734074073387
0.0691344452054413
5.3078322896724401
1.6685037045077733
6.1006158405333268
0.0274085136000056
4.5803154448482424
1.2412037311276380
1.5531614743917497
4.1221690080082336
2.2379011470701302
3.1841325423393632
5.2380087660274466
0.2129156494624126
1.8226700414648453
2.8708449078193001
3.5880441845132105
5.1409956826588159
0.1936223430563506
6.2109896438507173
3.0722025357710723
3.5376639392763809
3.7231538534599440
0.7126958362388337
3.0781867236188631
1.5057707333162613
1.3933413099402807
2.7680901836967244
2.8879631694128918
5.7204031373387325
5.8087265603540930
1.2728199065947510
5.9067753680091100
5.9546065081119766
0.1749410709141775
6.2126024577440830
5.0079469392397025
0.8283275903556455
0.2942517913655106
2.8417200455501672
0.7622278480898567
2.0081446103547340
4.2530596089100401
3.8295157550936465
0.2516305373828212
3.1443746811036908
1.1128810181875908
2.8431160254802701
1.5327514297278892
3.3142452099772814
3.9543930944728172
4.7587296531968439
2.0497399915044827
2.2484100782793770
2.2781420040134153
2.8537020993208064
6.0303976011236502
3.5216870450315132
1.1718364797911252
4.2478630988082324
0.1075451645017913
0.5255113501968516
2.1088019476885251
5.9319427740700910
1.8986177345186965
1.1940415682183494
0.6360146335544014
6.1049161252407016
5.4620452487674394
2.0613082123735538
1.6459709117253605
1.2411601770794136
5.5532652117734971
6.0515998176349575
3.9920371080009773
3.8268954315757653
1.6784363621162188
2.5154532196171706
5.4980023109234049
3.4080387062128987
5.7243341375086292
3.5126783914598287
1.9580877038249955
1.1823987874523880
3.8884063353311684
0.6925309988926494
3.4998379640273729
2.4131895827818406
0.9888219408238904
2.4802020488165510
3.4947747980160138
2.2023347267198976
3.2288189967635086
0.7994858798051339
0.0270276506617423
5.9625586414912721
6.0584464964233833
5.8883206803171175
5.0195100374865289
4.4710481492104579
0.1509165818291109
2.3274477573456007
5.6109069283973838
2.1184944500449845
1.4556526221799875
5.2193885726354248
3.6933310335344753
1.6036430877566670
5.4432604344685114
5.3939579466653154
6.2770772936786932
1.2630613812059501
0.1457780225620836
3.1524088344913510
5.4058533924361027
2.1537705077928018
3.6008624524980983
2.1382815821856576
3.1334331406937626
2.4484225248102853
5.8797235494591575
4.6965275507520934
4.7859051958552659
1.0730513214119468
2.6418157083967548
3.8826137735447181
1.0613627927338827
5.1567466323305728
3.6391328482720149
5.8462987515907434
6.2702437711315584
3.6057297490614499
4.8975953475337066
0.3876032928121619
1.4257430441104877
5.6346060652763921
4.2848907350188234
1.8600251379338388
5.6584515898077266
0.3815509212725402
4.8148673325836802
6.2050651029140811
5.7007445186299135
3.1998667683700281
5.8749985703835330
5.9145750722067731
3.4779700685404533
0.1151289222070858
2.3319352600103809
2.7317121351743636
5.3610485496654574
2.7094086185058015
5.0405758796620033
2.5491563344326504
0.0505618699550246
1.6162078971141380
1.5079240214973002
1.9568495552065068
1.5795466476458782
2.9643662789074017
1.5230816765499189
4.4412217456039835
0.5677699833929325
0.4883631537716522
2.6222402510459402
5.4753546499642241
4.5419446082836865
2.2271932040510269
3.5403013887766654
0.3653714005408844
2.1606471157671741
3.8444269526105530
0.6464582397610183
3.1650251761524979
0.1441178315791762
2.3393160570502443
1.7006906333945384
0.2309215290661519
0.9799220371324426
2.0249766052879465
0.6481396597234220
4.6702952653655574
1.7612257606297561
1.4619195620339553
0.9162044225626557
5.2543073861511429
1.0306835498431941
3.3614479125053180
4.2260032289015701
3.5866522034779624
4.9161882920980418
3.0392670480972153
5.4966669702903772
4.2054941439397471
5.2577031655234094
0.5865640319497942
1.2097425348670670
5.7589866919227539
1.2730029802151346
2.5862347424452543
0.4015552095289847
2.5667385458522061
1.1668303907339306
4.9198973533028418
3.7551944974581764
5.6038071494335364
4.6606340389018337
2.9286898725277748
2.5694351788451733
5.8916356628563973
0.1509835962894907
2.6677360819937217
0.7286064422360254
0.9079531619630622
1.3499331546374866
4.7395814844278110
2.0798272034673220
0.8468433183021826
5.2320456009850025
6.2452746251976370
4.1738111775385276
2.6006610847111102
3.3582926603756489
2.3923345568350114
4.1036592924877642
4.7694060067866539
3.2869015601690070
2.7404698294310217
5.4751671090881926
3.7318384478086215
1.3633901445340719
5.4872463269010341
5.4539793287526939
5.2333825756628647
0.9353877442370333
4.8572448779094852
5.1752892953660474
2.3057027176465774
4.7712279480888986
3.4606224275389130
2.1119779459709140
4.5332952940271447
1.3651273650703819
2.4598859796093770
5.7638676115742999
3.4490755837888427
2.6898646186704944
2.4201374680827215
3.3253214344384654
3.9216550317068188
1.6146830230938665
0.5234069294519174
1.7763816804974222
3.2862194550508264
6.0309502361863148
5.2673200956047967
5.3734426228757313
0.6640027375866470
0.4601027049396852
4.7465037917090536
4.2273397945837612
5.5006736740282047
1.5082994502024412
3.2963014990510433
6.1488627396020679
5.8081240651142831
0.1124191243661095
4.3508033704139430
1.6334876235410032
5.9763277106229058
3.6611039262860294
0.7141935635441302
1.8826344159545165
5.7637860347734353
0.5657916514954557
5.0712407928236001
3.4603413587168199
3.0246757064632477
5.5258951722550114
1.6144806641842602
0.9210384184053511
4.9797903961085819
1.6446573140936753
0.6832848862527428
2.2303432178381200
4.8793391199761542
4.6287036205062337
1.9717872352007184
4.8769866165915658
5.0087679780014822
0.8820881881057195
3.0641228499127879
4.7656341005079614
1.1136103652202218
3.7215057354925656
1.6666419383501856
1.0181892575316871
1.1865304435720883
4.8250582655980274
5.3312241024385933
1.9280892943043320
0.9436445231832473
4.0909321835094232
5.0054678970539808
1.4629685028307862
5.9345128943260930
0.3982158666470265
5.9473533220859851
5.8759670042121277
1.5575229554774805
1.7334453322007728
4.6006725001219220
6.0056636666839873
2.9118055978129811
4.5783243905438420
0.9582435468777897
3.0016692697441125
4.9313496953398737
6.1321724667063187
1.6508393476518919
1.1996246877794239
5.0054210425161241
5.1359200687988826
6.0796884776242939
3.1348835479185047
1.5679671840065488
3.3152487199516574
0.4839428874692742
1.7081745385900002
0.9382968204478378
0.6024162393681672
1.2085208591204482
3.5884851477712134
0.8539945067735353
6.2376189890937201
1.8817734365656769
1.6564102031867685
0.6271488579991278
2.5701143971581337
2.8777862910250085
0.4886598330633979
2.2319338182067758
0.9669244558296863
4.5660039531189600
3.7344446929180712
4.7364627775373753
4.7931099633409708
1.6609904182835686
0.5511701110158951
1.7128270540511590
2.6528170757249985
5.5549098402711730
5.0908503042767892
3.0249156956551548
3.8360269473183268
0.4753084729491793
0.9951081659718308
2.2132459977072649
3.8198416499656074
1.1258720286275712
5.8304799085169803
2.8814102767698624
4.4426150066662222
4.8399407301772985
4.8107983733743138
4.1468816627463383
2.2125028795553265
6.1475116955990625
2.2474501410706642
1.1809770969549618
0.5541610850135468
1.1800589999067685
3.9030308307179862
0.3219856571202798
2.3566939803566203
2.6241194384608035
3.6762214117790695
5.3719115339338961
1.0662310019190910
5.4303928128252332
3.7219293640359874
0.7685969734859732
3.0142955006449470
2.2049049435150883
2.4137907723084360
1.8484689368296181
5.2619699880192696
5.8995946681643439
4.3260488636718488
2.3256484797936499
4.9733873989742063
6.0500441680815760
5.3625599091222762
2.5768207143467903
4.6603373444875471
1.2903563275641485
3.2961795155216156
3.1857614016431213
2.5370833728823454
3.6194842608408466
2.8272423870485208
5.9640814373494413
5.2107964090001904
5.2683047315044513
3.9711603119016989
3.7462809448144059
2.7438132455668294
6.0196995666966684
5.7258589457631208
1.4853486420696267
6.1362491332381772
2.7685646695771609
4.8439541234080936
4.1761915886487113
3.7235253574477367
4.0436128832442035
2.2681881976620719
1.1798527280703619
5.1417189096738101
5.9036380878166135
6.1794448539657827
2.0717267952428156
3.7000639483171094
1.0400984186681652
0.9719381166816682
3.1436738791396488
5.8991513299732778
6.1174738222360734
3.3239505373948774
4.3461649104731519
1.8320231702610930
5.8572959187607161
3.4996546011467808
1.3159956023728425
4.7244640562224012
4.0631741792499962
5.0688967423245117
5.6734342821013115
3.9462253775715608
3.5478246274181484
2.1741574305130782
5.2996020426312063
2.1975234115755082
5.5041026925557155
3.8387413330286764
0.1095387507292885
5.0620763606811918
3.0891717496200037
0.8203163532785019
4.7701664584528141
3.6452953680919440
4.5508077211924709
6.0098320904239610
3.4886677493850513
1.9436617265813851
5.8544641447365153
3.1061447452722812
3.9368089745447632
2.9057326750200092
1.1683399105528740
5.0019111310414610
1.1858226023747864
5.3060778698963631
5.8303424342735362
5.5217090749240265
0.0511815413436487
4.4160811892580130
5.8131954922773303
6.0782549090507141
3.6629764004811483
1.9675916835565515
3.5753340256524635
1.0295831326656162
3.0852972644909329
4.0806120155339363
5.3675987573456858
