5.2549960691303435
0.0629537564481979
2.1408873803903186
5.6383346166080122
6.1434917991526161
4.6338714411604149
3.3989819654890612
3.8820224600627982
3.0860078408629334
5.4025357977463573
2.2624497451101688
2.0848499671082217
4.2909232268222768
0.1079175600707197
4.5539707832427023
3.7832524733995778
3.6372119331780275
3.7619914231797402
4.9128052888012963
6.1768080198909798
5.7036242639222126
1.6897290017135675
5.0700028047581682
2.9055726732106719
0.7337332663620383
2.2003046120182286
0.6971639266255978
5.9830896942960212
2.2179167072390995
0.7443216053661157
1.9201537853938535
1.4586465714495973
2.5025099274829516
3.4073126814351626
3.7137957721321713
1.6685217277836810
6.0671868487542406
2.7020569869155495
3.2773720373020896
4.3428725127383405
2.9111849606970632
1.7710427568445453
5.7181572059972066
1.1259525553215508
4.8637959144351566
6.1955377791725930
5.7935857868595164
1.4466968128211739
0.9518313864617544
6.0113405325272691
2.0053312253992481
0.4161143564890789
4.3316388358086213
3.9723036436922530
2.0947742032947074
4.3143986274719994
3.0995045712502751
3.5275657716234048
6.0954955406274802
0.5841991784798566
4.9363419676169960
4.7420553209849743
3.4323553611341637
1.8460778905407504
1.6425770790507821
1.5469150315299707
1.1410112312051794
5.1578937284145079
5.4563277408906572
3.7886895153945366
0.6750761533561132
3.7992418797923078
0.6543826682629115
0.7885934221393447
5.2226849723319875
4.5992718970593316
6.0527931500678189
4.5281356836312820
4.8262278657415667
3.0478168643047505
3.2919242485180029
4.3906967031723951
5.4488313773685544
1.3666587967128807
2.0529903108383363
3.3891383648870121
2.7029580458611639
1.6972456724218139
0.8449404604089608
0.0516843922067367
3.3248840730461553
2.0316533236619319
5.9201344079969003
6.2519167272561615
2.2031872302538815
4.4398716121958692
1.6924521826053973
4.1862710015893043
1.0157979675803399
4.9329165005598306
5.6313901983939179
3.4326669877262148
5.5979877458154990
3.1783645591575702
4.0469543659776024
6.1551565858928692
0.3549045200495684
1.1424207920277132
4.8176588321443194
0.9699478670858979
4.5932856797007799
6.1255226763468666
3.1619090080651722
4.5745781437178792
2.4663548708299645
3.7938552491923945
2.2146175817786609
2.2970132720042984
5.4158663887493717
1.6792216936637725
6.0996934095576973
4.4448393533203756
0.4306369660968223
0.3262966594976701
3.2958150589222339
0.9335833701085953
2.0246701002765581
4.5870163350192108
2.9683687070084144
2.5457701795061847
2.7554259604892830
0.3646724023416445
3.4441585273210369
4.8327114371952922
3.8750340395709548
4.9871528195684727
2.0407246101671936
3.6607441950113784
3.3840561968374061
5.3838785041154678
2.0029853832843845
2.7691153868568525
4.8865372899549584
5.5765965842228500
2.3024423411517567
0.8822850690368148
3.3512112594654710
6.2340127023134073
3.6352335303177763
5.8931041194569440
2.8016322915126608
3.7472914945224103
3.2763772374422526
4.6493272655613715
0.9514578861929421
2.1131603911050352
5.1973557578854619
4.4823151871840565
3.1384444670965541
5.4575344886205057
0.4660824120951224
5.9675202836901882
5.8933766065509108
0.6788736703499163
3.3038129414273287
4.5162312944723837
0.8006408055587072
3.5721918748969381
3.5322835444438461
0.0300771084659076
2.2457817924968051
1.3241844760641865
5.7543679657931488
4.9497749826967112
3.5840878981903641
6.2273820900155856
0.2221529296170154
0.6224673579821564
1.4504948658066881
1.6980670828729758
3.8760669830027878
2.9100806496239131
5.8716493119812760
4.7833388992470649
4.1528492029474542
0.3500493192600269
3.7154216607293904
1.3034041263403995
3.3043506961232367
2.6220872554921439
3.2047372402298233
4.2791223518775130
4.5561126043817293
2.0217652330955040
2.5251241131813904
5.4793221569857247
0.7614233541078110
1.4325517087809299
3.3930531121108376
2.0004866098811962
4.3702364248990833
5.3536725017237448
3.6570653743536559
6.0420429177102726
3.9448385178451968
6.1485310249293512
5.8514562409777140
0.2636862031554108
2.3503822237081820
4.6603448244010384
6.2034321453369499
2.8668360949387099
3.4540498745370671
4.7536101044213535
3.5697149470841474
5.6996473262439924
2.5137944228242697
2.8843668575407082
1.6643381834216899
5.8468141285819080
6.1856702610865710
0.2223431173583358
1.6659539769987892
0.1458132656258137
4.6840256656562076
2.3012305138792479
1.9000402899978934
0.1152316411803234
0.2658883906209343
1.2819473667881260
0.7821890113756140
5.6719155816223186
6.2443169075167750
0.0572105684985142
2.3741950664893938
4.1801359137590701
5.0595673729757111
1.4984675608782150
1.9334181270014601
4.0197398314759623
5.3262530521120732
4.7426826225974645
4.3723774515699656
6.0999883390748408
1.8531491735927081
1.2100303278606785
2.5819009489956124
4.9235688183081328
2.9493581001644236
5.0155495165367325
0.2092739363394823
5.7722967063196489
5.9125815879939569
5.6932876369159526
4.0790650607376291
4.4933314600045087
1.2489083934872915
1.9163590911434192
5.2587405048273377
0.2064563542627592
2.5322387922567935
5.2240718840839824
2.9168204125777288
1.1005546881099435
3.2167891907393225
2.1385874342198505
0.9718357995010584
5.8928766679893725
1.9766319427887982
4.0027773267152904
1.3126967216801517
5.1792430545211543
3.3250460302047755
5.5052219824999540
3.5910342814126102
5.9486195808368789
1.3487954943559388
4.2479321471335005
4.1459276658278599
1.6605049484854615
1.1406663083037458
1.2459168510780347
4.8151380989808148
5.3497318791687256
0.4001805740345694
6.1443039460337543
0.7073394332420927
0.5546141588467548
3.2535737434798522
1.9515289290877520
2.4854179356406783
2.0670180694081282
1.7331728956353469
4.9395205845617651
2.8264463267884268
4.2875055258726569
4.5820335445127327
0.5065660124376663
3.7103150189651455
2.1819411276897247
0.4489204644337115
0.8087094153593464
6.2155863764842829
1.4114967982155993
4.6622400454180974
5.3434382162622907
4.8474665611157048
2.1395825145447085
1.4910332108982005
2.2210388722303729
0.9774161122662608
2.8026523769902494
0.0484365479203732
2.6643497667343317
5.7956143169065575
5.3260626595032532
2.7227414797817544
0.8848011135463745
5.3120577273354614
1.5149818155195864
2.2792294695561428
2.5824965161065525
1.0003258704995930
3.8692625668775804
4.8586095526648538
5.7013482058125327
5.1968059787686478
4.2688128810946973
0.4449688387983838
3.4875055337271865
4.4730865650909069
1.3469027860869525
5.3627250149613843
3.9861552417745996
6.0038369772901872
0.6078530497960085
2.0758837882201466
2.1537577265618921
4.7480823119242155
3.2027023205562561
2.1486592590664051
4.0621151188783591
0.9203321741652151
0.9882086869624810
1.7995160260976031
1.9024059703806906
3.3120799178309954
1.4083724137329334
4.0967687245142574
4.5813953953899755
3.7491497607279931
1.6689257333697429
3.3032305989729598
5.8080331539041312
5.8857349993163028
3.7558857719570269
3.1368093586959929
3.0279561023972765
0.5504246829499388
0.9120541374502519
2.0145951994342712
0.7994292545383559
4.3150966969786273
5.9419357423098482
4.6355848812941955
5.4841673655639367
0.0675102726818895
2.6339998579496675
2.2990920365497192
0.6644126241954832
1.7715756508814948
1.9381859704913023
3.4066992478936564
1.2176651057878785
0.1307686260123886
3.1358370170414287
2.7909495664797164
2.0129448033329722
2.6298112691173468
3.0036911325159021
1.1858480707438523
0.8130611743440935
6.0177008020743745
2.7657135816419633
2.5378327322509864
1.3662588255429580
3.7211436762373031
1.4227566018958964
4.5251097273907028
1.8154171101215322
2.1883795918067821
5.1126192681180109
6.0566369363843018
4.8027487836449385
4.0314761450043992
2.6894077287903930
1.9829254288073295
1.5102355856824505
2.2131147719758615
4.0793934049079255
4.5021545047697185
4.3080670873255347
5.0260691183868991
5.2146861767387840
1.1766062161273021
4.8494745180367822
3.3996395515920272
0.1661642915540944
5.2085339373808104
2.8228542261635061
2.7157700361400265
0.4565430345295259
2.9752666259637444
0.6812730643968463
3.8487479925295949
1.0174037697103897
3.1640391021277039
5.3892872410039612
0.5635225975468491
2.7368918119149459
0.5557040871083598
1.2509396136496860
1.2206618097679205
4.7253236055121821
4.8548260421572653
1.1367158017741705
3.0472903629854358
2.0457767013243209
3.4824237570325995
5.0562218568519430
0.2100393601465843
2.5158931870984045
1.7382955716510096
3.7927169401188183
1.0538578764307531
4.7811839119198636
1.1590457689495888
5.9575413946097511
0.4626813778810446
1.3250320188959619
4.4635861739430132
0.9016223723133550
3.2417039764414834
6.1937829663870545
2.1164659127306096
5.2614617381179860
2.9121885490673280
3.3173951114756961
1.3943588820646509
6.0474647004752491
5.6007641930232301
4.5548254007758624
2.3526366970718944
2.7429090649244356
1.9951672654036829
1.4892525261566529
2.5567939374294752
5.3715540807594753
6.1432425099291406
2.0400964345768591
4.2078401799385636
0.8323607152793010
2.8671350917330702
5.8976046469942629
1.8365522685129640
4.9368221493801991
0.4467276579231186
4.3498200556519686
5.7958730253801161
3.4103933615528885
1.3112899437756818
4.7706592605248543
0.6516524624345699
2.1089465900163513
4.1771932933003519
1.2077753628514187
4.2795359736665999
0.7948459764258899
4.1589308478155793
1.2971638602589608
1.4740722612038415
1.4265406807253005
1.5871329791959183
1.4311100712001072
0.0546986325140886
3.5041794442342633
1.6091037591930872
6.0052518042138878
3.1822196895593455
0.6573894156331874
3.8611135519011897
3.8765899988180541
3.6976922877812397
2.5960605897437783
3.7880456743516264
3.1050037996093365
3.3823294157220745
3.0252879223607079
4.0197592249646208
1.9177113442579201
1.3903945077192139
2.5397907408341371
3.3651147192003186
0.7591113675230963
5.6881638777879573
1.4831980876004713
1.2302802102211747
5.9839161155091816
2.8389756170252536
5.5597822971289288
0.9693841113735702
0.3948190998950973
0.0337665259586856
1.9430739304741742
4.1331393022859793
5.5702123679512630
0.2618306147104572
4.6778518979016743
5.0064988455479753
2.7633397670227371
4.7210703015270958
5.8765437752109539
4.1529755080324700
6.2609604563744314
1.2645203457592451
2.7766023016758137
4.0594287147501911
1.2483470966528742
4.6087152219922816
4.7235632784086521
1.8012232294339334
2.8905042474141465
5.5536868540833977
1.0116319449406850
2.0024553866412855
5.3825747041931509
3.9776937623546473
5.9128418604173518
1.7398219931524734
1.3841053772611487
5.7649666164735258
2.0256480669039321
0.5735188519177338
5.1886741447486218
3.1590866866090161
4.8956428384233490
0.3295836772454139
2.1393407986298700
2.4861846043651523
5.7038042409376724
1.8848694331714344
4.8237168357382139
5.4428305656520868
4.4480094127651553
0.0788486044169202
5.5498098374640810
3.2285680282046991
2.1680759496602766
2.0636264590895492
5.4251869100551371
0.0504438390740990
5.2273855073236826
6.1727132380493517
3.1695349214202420
4.2055890108424396
2.5620427730769011
4.6360325714630637
3.7001906805601790
0.5904417165401367
0.7175158657800409
0.1731024952123623
0.9464944833618396
2.2294721872852383
1.4531491883216203
2.6104465814149407
1.2395705818912075
0.3398630773084116
0.2500032247496947
5.6209036513635979
0.2527127152054160
1.7939999759260226
5.6061173279455421
0.3036005912241743
4.7252466359665259
4.4347708157875108
4.6991137376176573
6.0108925709746464
6.0047414596067989
3.4114806814031176
3.7751546816501294
3.2286483369536434
5.4512762714670240
2.7172450303418154
3.1308237212457635
3.2679018695654407
0.1948260652335100
5.9686716362033430
3.7482508400024925
2.4929059160180342
2.4022324522752658
6.1466284720253919
2.1740323166937028
5.5522412569749688
2.0612506478207773
5.9894593752366765
6.1288830280158955
1.8240882716775961
2.1105218720983192
3.5861313689808076
4.8349269636606760
0.0998555607093075
3.9643958251782530
4.9065687425456836
4.9840039928295017
1.9379891194271173
1.9096187461768739
3.0666842219165593
0.8621899136878214
0.1308296257393547
4.8267141662545967
4.2558358527699003
3.1035835539675225
3.9838974921528996
0.6176648967828351
1.6429947733086963
0.7049305723381801
0.6791816929241050
5.8769634500549142
4.6797854210756595
1.9103916292157304
5.1411248187015079
1.5858535908159215
3.7517118692152183
2.8952979984725733
4.0924910526701455
0.7078061440549783
3.0789587245200054
4.2751771599193269
5.2619543429856233
5.1025684455191955
4.3229868101244495
0.7017022431205472
3.1932285269670415
1.6409479011053805
2.5853015367044585
4.9885273256503888
1.3749458099076362
4.2788646728119062
3.1751244709531239
4.3650443134439412
5.3506871312342126
4.0548400665007360
4.6667934569085032
1.6463965506405827
1.3044778601340228
2.8906539763776449
2.7816374393938634
2.1664191763555021
2.7200898227659458
2.1898212269109973
0.7939042732365038
3.8273141507083426
0.2864640479775021
1.8751570442721659
1.1019693843069751
0.3576468162274306
0.7352002759365268
5.4135172132616738
2.3758805091319859
2.1118206112142430
2.8957663238591462
5.6420858554471813
0.4105120454215941
2.3970195073296048
0.8699210792481038
2.4547259429446093
1.4875029205508246
4.3959498883215575
4.7426239434418411
2.9898681278604382
4.9853081326786857
5.8914484349463310
0.6939572007421447
3.0729012819965908
3.4692570978083590
1.4480715184134183
2.4732114405074954
5.4072256772505600
5.6377384179312200
2.9921276841527891
3.7430562746818796
1.1495160846068582
4.3081416520478282
5.7956382551695249
3.3433489809941497
0.1822452980433610
2.6328961236155330
5.5079144002783531
3.5662618107062687
1.7289814593400772
4.6316445179301846
4.3355923821528748
4.7105097731432668
0.1006742260095108
0.9904217978757701
6.0697233199656520
0.4436252969211473
5.3005941873983380
2.3829300105044493
2.3429712464733177
3.7871259134541058
4.8712482008688367
0.0055180039193195
5.4634975286105201
3.0642192361171690
5.7371746822431078
0.5814434752453518
4.4985140796700183
3.8186698161460670
2.0503608042940122
4.1214217415363485
4.7013595200076166
2.3017945033338520
2.2628301420516164
1.0944877389719903
4.3335080093617266
5.1083531856367497
0.9431265423376461
1.7212963768389953
5.6516239245617061
0.4826946645457993
2.5647833490312766
2.7077056827089563
0.4495887659326058
6.0953306668949612
1.0094459643234901
1.3109732270481338
5.2523438321089770
0.6613643208090942
2.2144811760790137
3.3842720002567885
4.2046561091722463
3.0850938484351778
1.1263339437992448
2.7861129240907121
0.7364275195211810
5.3325262993870943
5.9315323540417371
0.0310590240591982
3.1972021723454032
4.1518800229062105
6.0439295741448724
3.6562236858134569
5.4520188564739254
4.7994303126323690
0.5081222163781690
5.5753788864538141
0.3883740866966733
1.9831763009167629
5.3561447706069538
4.8141087092180550
5.7346517002740640
4.9068388013177096
0.8417512575835508
1.6701884222911612
6.0405540966011690
3.2266856109726003
4.4340502505813539
1.0191452163997818
4.2893174027245200
3.2369621270933004
4.2530382779548148
0.6744074425355616
5.5640454436560258
3.5750218781396330
3.2022773974903882
5.1384042487485591
4.5748064607693362
4.0953499889563583
5.0244668843566886
0.3621635872545446
0.3150584465541580
1.6517034812728575
4.8357184245291958
1.1601355403738816
5.7722448696908142
0.7247243802260468
1.8046942435640774
6.1997622069707026
6.2677374889898516
5.9151595656925613
2.7907154110010501
1.1134637774195695
0.6671123886885288
1.3554551658680187
6.1528477192411337
4.4555781963184833
4.4154715873932888
2.2179439039463094
5.4579940209463578
1.1621651741877848
0.6713372580456618
5.2126067351264354
3.4881614875522100
1.3450267027367027
3.1550358352448007
4.8951437489537337
4.3414651230201287
3.9172125043075385
4.8055553293048403
0.5550213266277447
3.1627446498221401
5.3188239338469359
0.5894108286289125
3.6866569956991468
2.5033257938898577
0.4332832707750485
2.7972249387380650
1.4647641280965964
3.0394445779876045
4.2916820956744415
5.7624715276089642
0.4369265015774002
5.7422990684557451
0.5923473412908693
4.4316496369726988
3.8425871905456050
3.6038170609832099
3.7660457210320746
3.5855829601138991
3.6631008873246285
5.1354521800194268
4.9856128369210406
1.5226340382139665
2.7397068425591824
1.6955325891197588
0.2872109683848363
1.2426828448571741
2.2317980180556369
3.7260662600667245
2.1864856135445598
3.0728124049939578
5.6174461984825328
5.5735705335450367
3.3180975245615412
3.8369457845362711
3.4408499198201721
4.5384825302717884
0.8882005629557455
2.9856591945649447
2.1881372957515715
2.9195834214439351
1.4817231082296840
1.6055125957264484
1.8119372559127715
0.6976875200125543
5.3633530544362005
2.7136924470596955
1.7054725857241582
1.5806168044823894
3.7322801071075067
1.7282665817596874
5.3072479761904159
5.5540038025797669
0.5443712051657199
1.2492005986607992
5.2787452732837306
3.8246848998775067
2.4785713851903988
1.0136161339526188
5.3768866246522276
3.6015330368505891
0.1170840435059930
2.7794772339503151
5.0901526962988912
5.4376416163226651
1.0571168737940129
3.0779227800321753
0.1749910381882075
5.7611386510021250
2.6377556054712485
3.7166538267128550
3.6104286305976898
5.0249370010024004
5.4730100880510948
3.3642754314264294
1.8171740048336604
5.1192018780754340
6.2266608311775995
4.7423734363749936
4.9088135767449455
2.1698485477584679
4.2940468466714039
5.3496066082524809
1.3270947901282901
1.5895460604057798
1.4996890077358687
5.5392512589174894
3.7734995143811214
4.6795495647203378
2.4638883812964227
5.1489835723694029
5.7757916492729944
6.0548134228090484
2.2495162188066291
4.0078889495258512
5.0849621375687404
5.5622061561474787
2.6682800237375637
2.9764326834912227
5.4388858344757534
3.6720132072678604
3.4923406264228167
1.7240398313492311
4.2893380151931826
4.2336383152606807
4.6634578325287928
6.0989705309636273
2.4701881664074445
0.6337938064635920
2.1508938475158934
3.2799266253200798
2.9907243452249475
2.9838148615711861
4.0452493343282514
1.0219602990966696
5.8508671505795968
1.7888766690977100
4.6455622940184993
3.2981545257695362
1.8883502099358318
5.4139626558078442
4.6645973268314354
4.8096858689580326
1.6451338861372915
6.2338745503060098
0.8280730895270033
1.2994406587859539
4.6025845722278813
3.5314693141652627
3.1704236096652072
5.9708226831708417
5.4342232974327462
3.3619372461255250
5.4613309704474799
2.3817940993023798
5.1638914716375304
0.0741164753281282
0.7072068664991701
2.9933223681757357
2.1289355751290575
0.2343028108946009
2.4624373394195271
5.5539966614968730
1.3429195277981194
5.1266135557708541
6.2322857006419392
3.1212487476879311
5.1628091343558031
1.5591343266105981
0.2952795875391372
4.4963228753278566
2.4045356209805915
5.5980222690981041
0.4349926969731014
2.5478094547033341
2.8698184606823429
3.8831150184530094
2.6652369406441401
1.5624754614785437
0.9454481224341588
4.1780243713343967
4.4583913820756038
3.0599815844312994
5.0717893161056811
1.6224085316106951
0.5606647998160317
5.0465718124211447
5.9317120035599320
0.9187011046108209
6.1368553264165726
0.7401527343338424
5.5593889039390865
1.0310534892697731
5.7359968347442383
1.5608655719066578
5.0752525790258529
2.9928481761107935
0.5467000156078901
3.3635082062632438
3.8483086975277496
0.7271305324069063
5.1205195334951021
3.7892857558428594
2.5484296697694697
2.5350065939784643
0.5355135110550857
1.2736388872355302
1.8430123885433902
4.7252275927889906
5.0555148686155293
1.0983426813956838
1.6578867193574429
1.4477211689732585
0.7605584862343476
5.0671719515496578
4.6734838710784317
5.1641849421960160
5.4459270538579947
3.2136648891907860
2.1535153547934680
2.4722266737722509
2.6512983580897020
1.8498975611512065
3.2053269941084825
2.0255188634295491
3.5713009914265443
3.9570582081718033
0.2433602167354875
3.8797969235841525
4.8912851665140140
3.6198670708532497
4.1300656027388936
4.0076448306776662
3.5056891627301581
5.1001797132417925
5.0695853461511922
1.0749672340183869
5.8607866713914127
3.5680383094863091
0.8919225547111416
5.5520856416921882
1.3335850247919379
6.2415601613705878
6.0789219229270142
1.0388570611527506
6.1737989472806811
5.5274924167755399
2.3386660864824984
1.4594911289727128
1.2467565087732242
2.2341436595013415
2.7936251741927105
5.3424674092956135
3.4626528954489246
2.7864002455800243
5.4863698474576745
3.1384460236910692
0.7379719325024591
2.7128150490368750
2.4352436773376138
1.7249650766942510
6.1419975643616231
4.0016235712870225
1.2306034313658389
0.8044283394125850
1.2569188070452206
2.1368153571216109
3.0621412336907072
2.5270048325394532
6.1811741247534746
3.2755666620869222
4.8486385614762542
5.4870380926054914
3.8716168413997663
2.0644692610361197
5.7064122929619279
5.7235987426074759
2.0855502936908215
3.9075003789622591
1.2824278787157062
0.3048459494383559
4.7522258886846611
6.1712334171098009
3.4753667475704009
3.7243070480784843
0.0740225427855445
6.0798927689035951
2.3119244678879158
5.2175186961544506
5.8759922679645529
3.3356655476970767
4.7300858115760800
5.1003431973901119
3.2968616280843355
1.4660978653908987
4.7294031322881906
1.6945026585459666
2.6881458600353660
6.1815682312650315
1.4991871139985264
3.2680319206348356
2.6640190978462988
1.3398230236160256
2.3163257867473281
5.3479967346527078
0.6560861555263797
6.1725617901344716
4.7891808595565770
6.1277490534417112
5.8770304639397413
5.4693112138124009
5.5593346641859274
0.5095750708809571
0.6603125252593917
2.2601990702343655
2.4666469204664168
2.4089561911281678
4.3960822579778931
4.9893574707466843
3.0797257656161077
5.1532821819377084
0.0447621745989830
5.0379898927498470
4.9841811422484970
5.7192236144943607
5.8246367652773170
1.2409685603576757
4.5654633547545265
5.5261069952822428
2.4223424644682083
0.6101408873419751
1.0700453658785065
2.8134873943858012
4.6295695333085218
5.3522471463374446
0.1261098402492711
0.3960535155912651
0.4739702325759308
5.7132356976576277
2.5612945262840410
2.2320021016589586
2.5312120523572603
6.0927375974599460
4.9438256689185112
5.5339105440785241
2.9580001980419817
5.6553095063280789
2.0881513722063265
2.3737238879996068
2.3754634030273660
2.6971388532718752
4.3297803330458651
0.3152788428853904
6.1667398023336366
1.6163326377092846
2.9854963042652494
6.0654247787426030
0.1819950596714344
2.1402495899897178
5.8498307856820979
6.2776556550644962
6.2782117396990511
6.1104789980268368
1.5012810101443084
5.5737566966983465
3.2491626432375025
4.8356264132186020
5.2458999963014357
6.2771964587444602
4.5397970842442295
2.9928589765817053
0.9290906099827477
5.4214650421853889
3.1380965558381675
5.5238840190614944
4.6376977010164637
4.8811846926726723
4.5015042997953554
5.6836829822099606
5.2163932867089020
5.4508228339654723
1.5914483074022134
3.3377934975826906
2.6700471495051334
4.7503166703477149
2.9303954508147361
0.3537137426652304
6.1436554394270573
4.2531123152265220
3.9096591184526774
2.3880312851871524
0.5363226099773160
1.4673028932054251
0.4808687217127768
2.0425125086164635
2.4512632467194355
4.1368634852077886
4.0092669456912366
5.6823407304405658
2.0200914305998068
5.1175076774301500
3.4607353264646483
1.7032287848209948
2.0557358840865612
4.7318897681513974
0.9820913770503359
2.7821412984486762
1.8179298186013126
1.8817790654769839
4.2397719267949876
2.2078692449345865
6.2577982568405046
1.6128788461053212
4.0525134531600129
3.4410018016110269
3.5486405794268800
3.2221162833986070
5.4567625408716918
0.1591965024250159
4.7159707104351156
6.1855317240814669
1.7069363311647561
1.7473640893917604
1.3591874828440018
5.1433530285534905
1.4645316861502313
4.1119017673923928
1.1232458947396065
0.8955602529203628
1.8737880034716103
4.4345233028221331
2.8791104525716023
1.8320992189023411
5.1929207986274770
4.0882575956427889
0.9997737680709344
2.7099377581271344
5.7690305863207971
2.9197515633039939
2.3159429359398027
3.3150221815455230
2.7500566290532213
3.9056642353631026
5.4635231686726549
0.9805838494328313
5.9074041367515360
0.0475095507282028
3.9115590520051260
0.2648655181103213
2.4231018278523173
2.6832706512293223
4.5683328757778883
3.1398039456631346
5.3090401473719444
3.3525122898472404
1.4381295492555861
3.5621283550968248
5.5114749570670192
3.4665482981701952
1.2556981714847724
4.6869750032811064
4.7549141226825435
0.6092269242249089
1.2670972213504093
5.5653460665353105
4.2761671170121627
3.9288953765150372
0.0091125574680902
0.1067962897631930
5.4949441225618907
6.0456842550426639
3.3342179816773592
1.9918606283498059
4.6462278746260184
4.1442340076332904
6.0117955884542411
0.8246700250503093
4.0644301412862420
1.6490335332405788
5.7733154013325425
2.3774723699558544
0.5173993260657302
3.8003598290653993
2.7760685346903626
2.5131700460542801
4.4424466886393725
4.2631885516558228
2.7047556421022700
3.7684825018954022
4.2418065324842038
3.9049297145802768
2.6341251470538163
1.6682581616532182
4.2578904333534231
5.1200830294399164
1.1714721901842691
0.4461697735762504
0.4837195909750606
3.8036486236382077
2.1088898344950748
3.0308407991172222
5.5456008224493614
5.3939288186745191
1.1460153377931588
2.8054895931908113
2.9575208870810936
3.7125781501407125
1.7534704273916837
3.1712241670434813
3.5569935208644283
0.0033448638296719
2.9186524865160774
5.9876571801381679
2.4397786856992560
5.6945603697793352
4.0324118110154661
4.9442887106559770
2.4315884773523866
3.9898872346959644
6.2390588289716025
0.6449909256845283
4.7547172447031434
0.2111430562843970
1.5492986748032027
5.6918070319436698
2.9274637133012753
1.9671597258736084
2.2176148517037388
0.4077213314132778
5.9886727698677165
3.4271784706871791
5.5777307349936853
4.8609139190074364
0.5597127257328907
2.3990014228004770
1.8651865974572837
5.3918290183466588
5.5547339334862418
5.4308209509158152
2.2340046748653024
1.6033196827400686
3.4739755413148394
2.5790757646820950
3.4129592492857808
3.1438215500282385
3.4094975058608323
4.6766190721464298
1.7673325822515509
5.3254910947544722
4.5611142747668625
0.6460003241326683
0.3301430633430092
6.1262427402749653
1.6936492376329597
0.4483292888188128
1.1794663864555894
2.4018048304402897
3.8265651601847628
1.2577286619830919
2.2046500050349715
2.8295037042146536
2.9983217046460720
6.1414171212833875
5.6145314201267116
2.5369033035212323
1.9885374336486392
2.1871555525381097
4.6940087709340368
0.9203328404619080
5.5854182794581391
4.3848668705495166
3.4465794481347141
2.6585784492965727
1.6912255701261754
1.8840339587060584
2.8860870022900547
2.5519781705098161
5.4318106907640535
3.5431074241773497
4.6187979346335242
5.5230127553016404
1.8260744327054979
2.5049900405610228
3.3650631084678460
4.0859655240730781
2.1780123286950261
1.3757598194707270
4.0529079178950580
2.1135701778078082
6.0533506429935731
5.2720322628533305
4.0860126954330704
5.7391512558652433
1.6321765570956177
1.9652891320267425
0.8704784670408475
4.2280242424234649
2.8826667929447582
0.5462502923166256
3.5602356767684755
2.5722382575999849
6.1708308081804697
0.6639516307886753
2.5348067154452965
3.1816803122491990
1.8198295556766444
5.3389215413463917
0.2439767938504925
1.7758688303733410
2.6042408098553134
1.7681236767120401
0.6586422489139846
6.0598063094027035
0.9096038681828569
0.9767553172085423
5.5011381109575233
4.2151560874656804
3.6727988153611788
2.4095134146647226
2.0322264877940968
2.0425112623908457
2.0103939224345040
5.8943496424844106
1.9625213872511431
2.8261153715657636
5.3147353906062271
4.4206206257635694
2.7515636555071374
1.3103114565110563
4.4122233795189665
3.0836446591678079
4.7457680439400605
3.3665585046948618
3.9030920711870811
2.0302087223433913
1.3868377342037936
5.4698489361815668
2.4669359036032210
0.2536748595105271
3.7209655738135163
1.9435350530153699
3.2770860852787163
5.2748346403610435
3.5354111467672134
3.4647092749255979
5.6549385208255130
1.7326288805128172
3.7593815380604769
1.8187156920638945
2.7724134649580110
5.9672825401337439
5.8504448914260392
5.3780672026621525
3.2206982281816567
4.7932266792924452
0.3678428794348844
3.5083276428683106
3.8472039302096470
3.2942041124653851
3.3594232399780761
3.6160566871615836
1.7080400659069539
1.7452806026035297
0.9044978673946786
5.1535832186630746
2.6857383533894645
2.6056078737780455
0.3589418108049828
1.7224354168845071
3.5814035740293075
3.6796410459830380
0.4817652312368857
2.9060400403152151
5.3509752597831737
2.4426194894675555
2.2118586910106250
5.6530837057289940
4.0862014912876541
1.9227820721173416
2.7168352153559523
3.1098244623274578
2.4041428525460842
2.5669920289608186
2.5289512949519355
4.3927732867121350
3.2592949958357180
2.7523617908797688
3.1465713816259995
6.0669066774526659
2.2038895450125580
0.2752957091560951
5.4897854566257882
0.7833593679028681
5.5149280043745961
3.4188916239387503
5.4770455872904273
1.5326827705229138
4.6548695097015163
2.4858117673981117
0.1699154662199295
5.4588009325903828
5.5671152456353754
4.6322408039735876
6.0770683618110750
0.4865571454959888
0.3698905634386946
2.6371017419744476
5.8466501845923631
3.0765950707762397
5.6061437620641836
3.7553305865002820
2.8658158729636636
5.5872516167634840
0.5688300312680329
4.2575671610989314
1.8578287242629834
2.5482606255803799
5.8200470202778813
2.2650620160810631
1.2705342635795760
1.2740539093385455
1.1608688966612108
2.4468219347989733
6.1627033475059241
0.1026938419182270
4.3939312446260983
4.7391144181030622
2.4556081356363126
4.0963788331261730
5.8616065465388143
1.7874957170841519
2.5016761087228132
6.0959757848405163
1.1168376141269152
5.0052160557420446
1.7177311787125151
3.5672924824186092
4.5344119015208433
1.0566725019170939
4.6221930657203858
5.4160090393911844
2.2336238208244450
1.5188811060307881
0.3257759531946323
5.0943952390251166
2.5991040526807594
4.8076876945678251
2.0417085358334752
5.0921068669690461
1.8623232537400789
3.3740496287595811
3.5571320047480270
0.5129529207116595
2.9770506322261108
0.6172088055612748
4.3630178304047451
0.6870606270463275
2.2480881179068386
0.0253558863049785
4.5636813750039105
2.0712405447554345
0.7925644516800093
2.6187133282166943
0.3174605211884895
1.5724930995012352
3.4371982055909860
4.5933447247956769
4.4962757908844386
6.0204940865171102
5.1369615361817482
5.8407851916348958
4.3574224916238338
3.5914020106730207
6.0446080092418324
5.3994675412498925
5.8459899825353947
5.2028531021077722
5.4592939795087787
4.3377500738432442
0.8819709773495511
3.7281210943578427
3.7484307843822222
3.3181268463240490
5.5550763243582981
4.2993692739445892
0.4343968220831629
0.6334320476947511
1.3636552791673988
5.5538780866426309
5.9795463486297340
2.0207291927956654
2.4555124018569243
2.5136784880701013
6.0653258299351638
1.4104481179378323
4.0719953651496308
1.1321283962390680
4.3958780852050063
1.8969952019837295
4.0624503974541453
6.0891761386972281
0.2815270813233907
4.4931302263105719
3.2112840217100831
4.9602932036050431
0.1859294660009444
2.4009360418939303
5.7454765951489311
1.7782723569955825
1.2050275376766759
3.2144297875089443
6.0231874307729028
3.3947041033553931
2.2705085425812266
6.1344325832344442
0.0135280535127438
1.3837886075360972
2.7731232010002871
3.3341095335381365
5.3623634289840627
1.7370514359489795
4.3488573687387744
1.7651486240466376
4.1485980350224878
5.3539608595970689
6.2329202737787366
5.8146020247519479
3.9155514168533134
6.2357799290073510
3.9202117392511733
0.4536352437606825
5.4989977127966645
1.6002679784280207
2.2794831275015448
3.5014516912056739
0.2647319978012350
4.2400379957937000
4.4203313855508881
3.5082983009764446
5.5770237648992156
0.0494325346151053
1.1411861332925044
1.9471860512728869
3.0714150053912830
2.2988313426709310
1.8093796065816847
0.9909303074199598
4.7912725515004029
2.6331587594230124
4.0133123648165707
1.1198403312212908
2.2945374243164522
4.2968628427311044
2.9966430775591664
3.7442598560822207
0.2049976984241704
3.0420209104881639
3.6128925131313330
3.4943108463039119
1.4921443617681476
1.2310526517349842
3.5566585214102320
2.7245932803252910
2.4184892086256355
3.2382817131868369
0.2444350975254772
0.3801128357359621
4.0828587541200960
4.6784367750976728
1.8358266595093160
6.1820959939747873
0.7720965644854630
6.0825224954578685
5.0752266853411294
2.6775879356123324
1.9020190330537041
5.4447172408152360
3.1454181467179207
1.8311536440367120
4.0102726717610544
5.9067319079728948
1.3972278621327539
3.6081277525117597
6.0190340926921149
4.9967661422530449
0.2503809115989571
5.3625202638184488
0.6265966982097604
4.8771353528792734
4.8292826826607751
0.2996282267353389
0.6938946415631181
4.1584464957065093
2.8489238363890843
2.7698809520354111
6.1357728079284310
3.1222247076577889
4.5765010356672935
2.8399262850526417
0.2698994419131249
4.9444223320367193
1.3582378835135320
1.2712055209628539
4.1026318012567273
4.5474854667706852
5.0089772358807023
6.2166578202794600
2.8207961651185380
1.0773524661728404
2.3056270311799008
0.3139279430514248
0.4588953649570368
5.3667589700423681
3.1372011128380608
6.2423486441693656
2.7621205821322179
5.9373815918949822
3.2029204926250450
3.9610398235991031
1.9038825617274038
4.1833509323889011
3.2894009370732484
2.3114283740636381
3.6453714181618406
3.0556398188035705
5.7616036267717643
5.7635329520910163
2.4658970444220412
1.6534640570025561
4.6745703787457584
4.9176222751702205
1.4007058267856676
3.7784257870065141
0.9411013695861677
5.9937834442133386
4.1884823087618619
6.2712459455631526
2.8441724120988465
4.8357942377823084
2.3106455900735616
2.1889449005739201
0.9866664923716693
5.0309733696883798
3.3102262970549026
2.9582964268174359
1.8231919353399326
4.6825310084245890
2.2712086579142281
2.9378779156791790
4.1167869665011221
4.5124422155558213
0.0359406368156062
3.6122975890121314
5.2237929246764292
2.4317196260511889
0.7840463929403030
1.4446245047362645
0.3525086064221131
5.3529126660733386
5.6641235861188743
0.2932296742640294
3.8150182234045498
1.9465318987244078
4.6135813253110456
5.5233155107406127
0.9404818300983434
0.9394284158855690
3.6377480480141209
4.3369996210663162
3.1334262137672804
1.8776420779862759
1.3698752704155572
0.8098962502580375
0.4734431623194549
5.4291405840397298
3.3217293899931883
1.6542542342311100
3.5405878977590199
0.5876259990034689
2.3051204922373496
0.3542449604566734
2.9250068832596421
4.2492472869350157
2.0486311437917561
3.9146058559187704
3.3687918779770616
0.4310236758323120
3.5055327974879664
1.2778081602877378
3.7168028782967646
1.8573474833257386
0.6642543483438897
4.0421778083633102
2.7819677270663581
3.8447338328490575
3.6934217636935891
0.8849033452376359
5.1019332992090956
4.4616445821182555
4.6674863650917029
4.5246304084555824
5.7374566985084634
1.9757382837142443
2.1728304261442610
3.8227504741469871
0.4777005477973004
4.7746912947354261
1.2412948882681949
4.5482698671970949
6.0756214670249813
0.5779702063896265
6.0880878752236374
6.1937970660367991
2.8117312380020345
0.0717697475198267
5.8184121808307632
6.0843852122395923
1.2813841190021920
3.5760674959402001
3.1841969520446520
6.1056299756214196
5.0603065930168123
5.9483368056267771
1.7461485990136170
1.4090925967088748
5.8714284241670178
4.8059350907336285
4.2370655756606439
0.9963699441448155
2.7523467574076275
6.0172792997531923
6.1261463431298004
3.1242908283826538
5.3799752692424931
0.4126474007028571
3.6280534009368126
6.0064365082571740
3.9052342803044029
5.5415922335989611
4.6452556390662361
4.5552373925538481
1.4567054765490997
5.9642519860426120
4.8954708933440738
4.9041223033979451
2.7769962663776835
5.6665343438939457
0.0270591723981378
1.7929031983962547
0.8062738324548058
5.1762931754291452
6.1048135413469584
0.7807196176360138
3.7311156148377331
0.9341728169286444
0.5599016819623793
2.9475666156052576
1.4037089064831794
3.5361645301555118
1.1647631178271447
2.6693681661647557
4.2010651909963954
2.8231978730833789
1.1849369980792217
5.2934869421403468
5.1964014476827334
1.6784868115723690
6.0029307918100248
1.8593647097643533
4.3211079690142933
0.0998730075389460
4.1176402634274893
5.2335291648857680
1.6040539468147499
4.1532496152008758
5.6554988598091720
4.0915966600210298
1.9170640175349611
0.1920815287591734
3.2708724564754235
3.5615918500598940
2.3148959394124784
3.2067525382396083
4.0174118135971932
5.9042431400190258
3.9760244517122350
4.9522009828482663
4.0900807668367625
2.8408158807593384
2.5369033836113708
6.0015954887512448
4.6255864111676139
5.6279475273500692
4.9130364711431129
0.1844952703587963
0.2378108206379049
5.6248472519632209
5.6639319944049129
2.5854484701550895
5.7305485369631102
3.0276723532368668
3.6664275671733852
6.1378409533102225
2.5461332050218144
2.1587601411899788
1.6097188300540017
3.2623436696717780
5.9834646744956101
2.7190251076913139
1.9948764669361174
1.8096100917742211
6.0452573197823716
4.2408521899889964
4.2561434654267618
3.4005483859417005
2.2139733828828740
1.7774217193587132
4.5867765350763401
1.9697484135367118
0.1887999369071302
0.1522951692909511
2.3110511520523338
4.7813659359285881
1.6104249250548779
2.8081169224964926
1.1283861906383212
3.0765092836343713
1.3956918238389298
5.7874933199224898
5.7672625679761280
5.0177009350692146
2.9958404228930906
5.8689822184185747
2.7364187005674387
4.8809455486456716
1.0321588376474260
5.1551519294774986
1.8915302335401945
3.3397862075549680
6.2792913770765173
4.9967647065781540
2.8060234000107220
5.0622069606880205
5.6802522713626660
2.5375799267200261
0.9040593098903876
3.5596196794647259
0.5643199406670677
5.3735435416889121
4.5023419262807414
3.1753112014196336
1.5828701523235682
5.5275322922740626
4.3367073714253754
5.2194082576849334
3.2993682267067910
1.9370130571904389
4.9492281827863778
4.6875324296632845
2.1266531460570617
0.9786181833276524
2.1788877755552289
2.5083153044252162
5.3106709238418803
0.0712788048661395
2.8346465043297675
4.4137252956220303
2.2949403797859826
1.6095411499258248
2.7661898870167332
2.1239379249910533
4.8466462624485498
3.6458687968922043
3.3731581937771198
0.1410028846146342
4.2256786133058437
2.2050237284847172
1.9936374294780534
4.4812289038015685
1.4206301677695710
2.0784985911817255
5.4722769200333774
2.9263615868527353
4.2028537433489879
5.1621754619474194
2.1844557546309451
1.8817356421169809
1.8347491943814627
3.0966122002998206
2.2984129729321827
0.5623788729730019
5.6326023515800339
4.8360918021346837
4.3591835635539518
2.1172194716313308
2.8970593470872976
2.7903994712646529
0.3373182384976917
0.5391914675069832
5.2536983464923299
3.4124310409005338
2.0234205790456681
2.4120249475095172
4.6664265097933253
5.4620158574596314
4.2517752817138801
2.5530714326126218
0.7102015249064355
0.7354018282332411
2.3007828947894606
3.5280207367690926
2.3773149110432974
1.5138201502289645
3.5573298037508660
0.0986302293240998
3.9701056848582943
5.1829745131345133
0.1100660890641443
4.3068728427686418
2.8324212666158708
4.0440423977599105
0.5585487946203693
3.2030143362391583
0.1085601601237890
2.3140830182974361
0.7135342373187502
2.4878957334326026
4.9703581246005690
2.6434024033633272
3.9337688840764558
4.0479035443449067
3.4177313862467269
0.6439295845697635
4.6104410804637981
2.7729378578610171
4.9862925770017368
1.2956503224302431
1.8451410134713571
0.8009242200695349
5.8379140060866153
5.1923648803557887
0.5976980505872808
4.9626510246159219
2.9103883422218262
0.1493947034374438
5.9158718234196472
6.1523737348479486
1.7821519023884445
5.6294163880856187
2.8431384972519296
4.3501285300307497
0.7210231021961104
5.4015078436127606
4.9963340706336963
5.2036657636368133
2.4415448295237852
1.6788023450884386
1.4168086307523768
5.1063336008658613
4.9086327027516239
3.6942928967703361
0.1691839350562656
3.8602112049601285
3.8962213533317778
5.3478087092293762
1.6630084484657202
3.6598178687557668
2.8554106103121391
4.8647670897720294
3.0285300429430158
6.0242032687262048
1.6757422912592148
5.9167039947835152
3.4043617544265432
5.7272359839150049
0.0784585879733462
5.6516231874417286
0.2129424096000254
6.1560828632570113
6.2792255004405204
5.6036606851024686
1.1389255098603779
2.5660443672730096
4.3124872499737794
1.5711029575901871
0.3356221989035294
1.0810943141136886
6.0798425321648741
4.1531030030021521
3.6604667078048405
0.4818521433141371
1.3463926033234430
3.9490170847106505
3.2654174176680195
1.6647670904256353
1.9953947003487917
3.5717062290684449
4.6423920968017498
1.8346220619441613
2.8890130036407782
1.6442985082286288
3.3320012472112834
0.1087421389876389
1.2571054069355887
1.0895217676229256
3.1660211090838515
4.9666682546281162
4.2019696302423899
4.1904861758597853
2.1138649729506858
5.4271412299695623
2.9545156930984544
3.4257068012650254
0.2904150087426841
1.2738916909048343
3.8759259199646583
5.0055469762056140
3.3802231965674232
4.9924493741460774
1.4987408096464789
5.6366877322268092
1.5583415181660674
3.2526880574534465
0.4336705744237118
1.2842812176972691
0.2336819840191918
3.8005992314529657
4.6750400273749877
2.6530633352257671
0.5316454374484226
1.3345104586321594
4.4719828140039937
0.1398546365290227
6.2584256059140406
5.3851564149895843
0.1626262312600102
3.4363446326031450
2.7945764826180226
2.9943454703942427
1.4576355861800319
0.7238394146044306
6.0354002385958161
1.2080823127623415
2.4892535192352847
5.0631310035694463
4.8040216133211224
4.2374316900401361
1.6468155062827545
5.9518153781364154
0.6360770799247000
6.1593187390018276
0.4348189611365694
5.7256885862173164
0.9263118599744681
0.4893602085606711
6.2499031111621299
1.9687883774188961
5.4338642927200489
4.2043131305412187
6.0836142385027605
5.1802912358935860
1.6606102527301387
0.8402893376475171
0.5426945361569241
6.2692706911202247
5.6536489396363070
0.7439968875672976
5.5285634956496024
2.9429500843544214
5.3905632275157256
5.8284765716976725
1.4121802615389518
4.1522285834050985
4.2376226773744907
0.8079617435354267
6.2336631244183724
4.1354767971032711
0.1430451234454033
0.4527341691747095
5.9366642159587792
4.6156819528176998
5.1915819891229500
3.2895260083053466
2.5834595618273917
5.7807091032505946
3.1753841181442501
4.3021447528729277
1.3775392525307117
4.1870093788113110
2.4071831668966954
1.6531436230667562
4.4774154951056122
2.5764243046536177
4.7118411074096569
1.8199427394925096
0.4737027395065191
5.5696843100448534
4.8177988912088381
5.9979972119601666
3.7034136640887767
2.1851016289368150
2.2166317340183652
0.6666660904934407
6.1207366707559743
0.8715709510483550
1.9729436331591188
5.1529368802178155
5.0736467449253846
2.4318525717343618
0.3572602261322104
1.8284821696012445
3.1968626981933355
5.4387320933666849
1.4900913059957532
3.5550309395676098
3.6049274261883486
2.9737788034585741
4.9318683266269154
5.1223531921997472
3.9095145162271381
5.7873336181341779
0.2990835103487395
5.5891148479762345
2.8948381532662615
1.0198418980645139
1.4470461326488331
2.1190183326580683
0.3768589741367708
1.1360893636740828
5.0572023996729039
3.1862855978560147
4.3064468085204179
3.3372499783842930
4.0824176649404835
5.2966803582712627
4.9194211789120645
4.2334827920492657
6.2675868720925934
3.7486147397315208
2.3893657971511622
4.2602733915741453
1.3052308964651442
3.7463210275345120
3.9694299421017116
2.5646663252961255
0.2589358729173414
2.1341254919939336
1.4849610423132227
2.9500302418967213
1.8843853990846162
2.5909449756349727
0.3506409099723618
5.3181902672077559
0.1350881296210496
1.2514630402718543
5.4622060344968100
3.2215720849032903
2.4509972526667871
0.9963858668212536
2.9862953981907565
4.6109973789955072
4.0332219546992789
2.3268359673940160
5.2022596373490240
2.4767189016680713
1.0482309413529194
4.5110063502591853
2.9394029054778548
2.7255260800021506
4.9001551526448175
5.4520766597584167
3.7287602519719583
6.0753139633949038
4.3195983597285323
5.6717517986664880
0.2151995717389922
4.3235762337048183
0.4772270617896909
4.4599460806203508
2.3372844313820194
2.5507108448465927
0.6105667617098488
0.7070360847223244
5.3409993257988795
4.4784422923165002
5.0608228441827983
5.5284532763519616
2.2868783103017019
0.0218740729730947
6.2735829914008638
3.0968833754243459
2.1008495717308202
4.2828537045856105
3.8616862591315089
1.8421389432216881
3.8855918385825912
4.6762303449641056
1.5268957621219550
4.7015561647218362
2.7465536351116664
2.8152164604572141
0.4139662459874047
3.9404821964612906
0.8983589167002780
1.3034813657854487
5.8960792740219583
4.1081788188955901
3.5554629013493986
4.1236457761481766
1.4475414731254310
0.9010383852808695
6.0095252433413231
0.4528467571431626
5.7799718360261441
2.0544797696690482
0.8720187166179435
4.7025283148160160
2.2179989315368220
1.0779159137850158
0.7968627746067545
5.3235778021895159
0.1843566101722617
3.2498080314116931
2.5098159434485154
0.7962797036849873
3.1557353005038395
0.7687565223656199
1.1034177410061852
4.3024721440778606
3.7769943492993008
2.3341399077713052
4.0558464476828675
0.8437533514671588
0.0934617408526178
1.3386077569094974
5.3266719034969316
4.6499995807524375
2.3951386101023884
0.8986807604385700
3.9296774175711957
1.2850490292902801
4.4721460907843031
5.7014426409419112
1.4504855358537410
2.8810642453693238
1.0898930643391991
4.7806386906906706
0.4701344267697407
3.8061962405381431
1.0860110538004477
5.6806508466864774
2.8020013706744709
5.1360924176120655
0.9310031495716646
4.6162997997737678
2.2553225569530206
5.7808395202031617
2.8150234792326239
3.4959160573800889
3.1310841076642055
1.4382675387535915
5.0972181539311032
2.2891021964682028
1.9360969542544513
1.0894728752305862
0.4090030733989047
5.8463421120162424
2.0468381131145392
2.9488919840218677
2.1857657036901279
0.7171264054252379
3.1991252249820477
5.3963729945575682
0.4466311697652607
4.3999265000549652
6.0564766167242681
5.9447452951518622
0.7250216561687343
6.0179041371907775
3.3175981926853875
1.0299772140901300
1.7793767633991351
1.2678370224585587
5.2359254424340831
5.8626896959867496
3.2526823383316268
2.4349554423983899
4.5491945910079670
2.7788331185776332
2.4679046627309500
3.3313655184727731
0.2891695629243659
2.5767324943574565
1.7954989287662662
1.5765045596842173
2.2428047561360027
1.6611924219875378
4.8251822187996920
3.7541313370753535
0.4542649198311324
5.0828110630995189
4.5758232971277781
5.4403082597657750
1.2632412274085485
2.6866271640278274
3.7391535645148837
3.3173315204173717
4.2772675100795654
0.6572466545912828
3.7644291113316419
4.4461310834048033
4.8893250214998023
3.7475772326731644
1.0194373136034023
3.0322235166015079
1.3669905214453477
4.4062966493207796
0.5864599773557218
3.9135513721335395
1.2627821001155306
0.0164988686155892
1.9111180070247720
3.0663836613188304
1.9344019983701473
3.5319297054396790
4.1331015651377978
0.2091142685232479
1.9791426570399884
1.8360464924734365
1.2439417502728469
0.3476712826662020
3.3057200382868488
1.4535667266958845
2.5912315440291094
4.2415364548851153
5.1616040218787100
4.9882443224938751
2.6982288839873698
3.2246105730574208
3.5536943793808091
4.8809663143763116
4.4239694799353115
3.8582204328457812
5.5711287020065825
6.1963780793209473
4.3749590814900614
1.0540791137578716
0.9362021263204759
1.2807760617080273
3.9175657821817782
3.6853359434114261
6.2029635365496434
5.0550365189848607
0.9354094700385606
2.6407825493643684
4.3413643219203237
5.9553617590557009
4.3186515987784579
3.4843918463657331
2.6729443687214562
3.7497424679346820
2.2720807042745745
2.2976748744849087
1.4602569944284107
1.5635949325909211
3.5311969115743094
5.2727779335838303
4.4206219207015591
0.3839284644567089
5.5981725695536815
4.9711482202969295
0.3913229125950031
4.1245485319815103
6.1958603606207232
4.9244208923869035
3.9169796644909796
3.7203191794305099
5.6223806032797157
4.1716530531321565
4.4894626926056711
2.6697533166276171
1.2334864244246782
5.4684885444638880
5.1564162031165592
6.2731898344911512
3.7052547003873992
3.9983434452275843
3.6306255840237727
0.2319259441036869
5.6142427045946066
1.9636573198004623
1.3367942625839093
2.4613157461208073
2.6110809991207127
6.1846905992456387
4.1605852351876660
2.4752215621653528
4.0022698024401135
0.7437836656088883
0.3908070389946095
2.2269182111253851
3.4837228051090943
5.1939828155229675
5.6266995771928787
2.1899541434217125
2.3942270195513173
5.5689972686232005
1.8848539694948445
0.7344061422724678
5.5981003338864976
0.6492141850848058
2.4304410047991039
4.4937020835852257
6.1573172199182888
0.7823858096925823
4.5277647441155002
5.9375557458557582
4.4826181010558379
5.6577862860772168
1.5639530234988948
3.1019639184924648
4.5847138005373447
3.8905067967928000
4.0015517114816763
2.2820406898592598
0.8323085563509315
4.2148052202613080
2.3796469326700258
4.1088533298973422
3.1593183750900358
1.8206168153026820
3.6720995735129414
5.6547450808105477
5.2362936902318609
2.8924044091562826
3.8397336767281462
1.6096917663142518
4.5252881365323052
5.8560331339487082
1.9664432274178987
5.9873624326245061
0.9802181124891757
3.2597271161549024
4.6073398513458548
3.4832456939004777
4.4711555990556828
3.2755998968452396
4.9364112408226433
4.8395334999627897
4.3406348171855944
6.0522209250199754
4.5749020343111617
3.3298211946122893
0.5707383248511880
3.7955304634102931
3.1437888340096616
3.3821027815762057
0.8341012853655579
3.3437881859032150
3.0248202028402003
1.1206922476152625
0.0768696017940364
4.7328458307060455
2.7594505070058686
0.5363675061853522
0.5975703616863798
1.3981871390712191
1.4254819292475609
0.1273021855574323
1.2344404491031233
0.7562547684042775
3.3116851597035106
0.4800789147896372
5.0954286833441760
4.0305215835868049
3.0970034044208701
2.8981256528492709
1.6414514144767365
3.5473394043446413
4.2465647793843173
1.7317123411026309
6.0447858822433949
4.9961306109664605
5.0350321992006304
5.6561267749090156
2.6059159557848361
5.6766080425333074
2.6207286164192665
5.2199702749878050
4.8698668751810965
2.8332074501628610
5.9527752277304540
1.0070528215814694
5.8279025348701179
0.7379018456417459
6.1566573266722502
0.8940578157637634
3.3808329172754430
0.3744099859991434
0.1002665931548142
3.8665446288531733
3.2877283001292774
2.7115611603653522
4.9458682129540659
3.1801721865492025
3.6093607217796020
1.3008655128771285
5.4828627379110024
5.2977937103016064
5.3682675484747735
6.0506607389636304
2.0534289906124630
4.7810977428573285
5.2316633457730690
5.8698577562096785
6.0148306471920057
0.0347199808450087
3.6452387610577519
5.9497460696819022
2.0151945060132235
0.0546753762603284
6.1067183160425129
5.4780703690819585
1.3986388346196215
5.4813560227016085
3.9207046358032360
5.9669857951305687
4.9903067112995272
4.3606576189576938
5.5473985717086061
5.9722427382126337
2.7404789615331171
3.6426800212186441
2.2183776615066391
4.9758282974169203
1.1261023531670575
2.2215429415846399
0.5093311079490793
1.2025803074984158
0.8406835039316900
0.5314065429045721
0.1685050278683626
4.7510817752452228
4.3432415754798424
3.5263070038949405
1.6757123865932293
5.3771054054372325
5.8329951128748387
3.5166005816822778
4.1051750185139868
3.0950130992564073
5.9634102069064330
0.2977813202458217
4.5546290387015897
3.2315710372064341
2.8735282324928204
2.9968336635283226
5.4264239260409521
1.6486066719844670
1.8864136392248221
1.2231120381400344
5.5461744023609754
3.0621913050550362
3.7750631511672661
2.7365098373781342
5.8656226448351996
1.2543669915780824
4.8314522705971026
2.6470670869100656
0.7917300389355539
5.3469919890388953
0.6152362859663166
5.4193601629973429
2.6173937340947875
0.7257566840158484
4.8554782348668706
3.1637862877980489
4.3083701332583031
4.1167270236550308
1.7476133326003147
0.6169377601561443
3.8398510747610177
1.9214092520821195
3.0966531252862324
3.7856091556849729
5.6502116158421698
2.1411423349696430
4.6094144297893429
3.2275011440525367
3.4833223633680830
1.0753784220574814
4.4515462210714807
2.6912286412395665
0.3401682278310572
4.4455410405485640
0.3031502871130223
3.7661461646865591
0.4860491467601202
4.8374227643762264
1.2611173393048878
0.0726582797442739
4.0872568263504609
1.6045932329995674
5.8944164292698265
4.2369640138860722
2.0662065504768656
1.0409472289139603
5.1329878084682861
3.5632107891739393
2.9992594050747083
5.1159438518016387
5.3150565480976155
5.1442928312878617
4.1193388828558870
4.3831037075169021
3.7405622215655643
1.8080834126733225
5.2443680547830960
1.5831982375175444
3.8230832953116654
4.4861692268051172
4.9928661289759075
5.0494549102106792
3.7933542888882661
0.6058987692567478
6.0964382301566298
0.6289484493115517
4.8772823671772469
5.8216348623829477
2.6713620771863553
5.6851391542574152
1.4342749771092316
4.3907647060105832
3.2126913231325163
1.9506934420785083
5.1020214866016822
5.8779731919000859
1.5230924848841221
0.2052488010473986
4.7992720927548849
4.7490608007593673
1.9809178625039534
0.6233408882876892
4.2898020682317153
0.9843321702388018
1.4956665799065609
2.9533827870215035
6.0132154019503270
3.9705202708663743
4.3294064961338359
5.6420625851532016
0.9575422249677777
0.9407928698582763
1.2868509284888980
0.1083215614822381
5.4838037809966123
2.5496091952371525
3.2093812121137026
4.7770398853416127
1.3051609843616128
1.5280348325264392
1.7236113083851421
5.9213463654502441
2.4807714603729321
4.7748399703261173
1.6923879031656683
3.3004448332790473
4.4357564660726627
2.8279768262717910
4.4887159174063074
3.6617902740511963
3.2574653549133945
4.7352574660446924
1.3069408726057983
0.7633144554241843
0.9497315343375965
3.6665787874245499
3.8083685134476926
1.7191337582068629
5.4356925513473033
5.7800680230423778
0.4454108355820437
4.6167299775672124
0.2745851625095165
5.2001475136252893
3.2194977356490480
2.8362091238551441
6.1773534104290873
5.7782625104636880
4.4979973618345834
0.8469235420712764
1.7864845286091378
4.0806230245434669
5.0703149361402096
0.9800345138685832
1.9855292279750585
1.5095327378276624
2.7530434236169392
0.5049693823110952
2.3920037855202323
5.9648792396577601
2.9288741875884665
3.0217955236869813
1.5220949437272200
0.2429753253932865
0.4855784811739797
0.3116364839019637
3.7007754841714262
3.6255669377904609
1.5823737188485456
1.4456781362317761
2.9219700802560786
4.9217454476496050
3.4413934037798577
5.0616096566920232
3.8700738422033027
0.3651815120560192
3.1736494169728542
2.4913063656331622
0.7326257326895198
5.8095017476814590
5.8615451916998618
2.5725605074005404
2.4885538124953266
2.9485396884390411
0.9001984788858370
4.9326504731094127
3.7023374939716485
6.0679403192431334
1.8072983483654022
5.0576218779183719
3.6564607281599297
3.4712882144210959
1.3503605418692455
4.2296136102269095
5.0262101588864594
1.1438804359334493
4.9198942608515690
1.2476991712798813
1.8003636149251880
2.0756129717837588
6.1285445439404622
5.9804522283919006
1.6301170536698550
5.4964658983383545
3.5428807311620809
1.9881264904114182
1.0475014015692852
6.2769194421807368
5.7880005428131440
2.4166254924860020
2.9619442670193377
1.7087735264127224
2.6372421517472326
5.2998069242822865
1.1323866037988131
6.1416247491179368
4.8836627202218237
5.6387252040946434
3.5729521436707228
4.5919728183452158
0.0936921270439398
3.8181211743036121
0.2607495423965528
1.0711285276427660
0.2242012903489491
0.4312167443312531
4.5960194654699418
2.4066188677916407
1.2116672289191557
0.6650799775787546
0.0799285662318356
4.9800153256690756
0.3601825168197113
5.4136058933607751
0.2977392231924624
0.8166411311883106
3.0420563201098454
6.2768058606880262
0.2083444566242571
5.6060898856264432
2.7059877851108531
1.7475872036340883
0.3588287397099029
4.4845548318878805
0.8898467916614060
5.7537224815260108
2.4941356463256117
3.8011648811225851
6.2282513690458190
5.7725492159484597
3.4191461409465878
3.4435385614962142
5.3148190757836788
0.9344736490466518
4.8627126316630100
0.6827166376492712
3.7946379651271824
1.5839545747582198
3.6769602713314011
5.1118934151911075
0.8909595309610702
1.8350819726893886
5.1116161072568804
2.7686521841207643
4.7977055763787213
2.4695337624691227
1.3079658096816280
6.1068009080572239
4.6459961878472047
0.0282319823425196
2.2931998926849495
0.9194960924642306
0.5721369472245200
3.1536800000030261
6.2010593875200186
4.4472670035835016
0.1799206432763617
3.4391742068033295
2.5273585818777580
1.1977766733173405
2.1876098955170407
4.9244559292623125
0.5419096389085934
3.5541022027153910
1.4264578596445912
5.3364410323527798
1.0204038237037227
3.2303744471394782
5.6748307296945235
2.4451982836128607
0.1238543341082321
1.3869602087088180
4.1810395171614232
0.6494473348113873
2.5913991300940080
5.6485236603042850
4.8081739319696606
0.1231667269832055
0.3282551858760143
4.9599846695398648
0.1366720952035235
4.9907283658942116
1.5031716279894034
2.3233860755120705
4.5955802136461532
2.9473293318984308
5.3430044768150049
5.8296988998467816
3.3989698300791265
5.1866559733625364
1.6506908112857752
0.3229208319772757
3.3003352520579021
3.5828748177457146
1.5663872294369685
0.0243678956533758
5.3590943587303785
3.3382505094596597
2.7251885927344457
3.1709505988091178
2.2691630140665260
1.5782247651447421
4.4597236459001577
3.7166490726490720
3.3622339746904761
1.2224452594714235
6.0322999540635944
4.0753239866034283
4.6605490632493849
5.3169193126304597
1.2977071849378172
1.0992753394666639
1.0447259681537664
5.4429795150844154
3.5039654953617947
1.1476582038741572
1.3460711331816888
0.3487241865049794
1.5837205623753468
3.5304744163179844
3.5501335317773459
3.1709169397257484
0.8796515100565878
3.5658592520422396
2.1600404454464455
2.7419182587922188
5.5573543725262988
5.2312974073238063
1.4744919850232738
5.5080552094950423
5.5159638960162205
1.3298751370117476
4.1816980401364088
5.9392269728661500
4.5453445972899491
2.5501862087093152
3.9153098586217099
0.3045822472376157
2.2245543295735262
3.8045433819148053
0.6586815737770034
4.9730836485995980
5.3393808115509227
5.7523138714355451
2.6694312451335405
4.3506075697848514
1.0089291986567370
3.3211081945162690
3.6041181010325896
2.3321075975491006
3.8965425247140542
4.0023093847202329
4.7594815521343570
3.3726355810688657
2.8636974447315411
0.9463772102737995
1.6750385921288302
4.2269368840357808
4.3806044954644179
4.3559161821740666
3.6859097185296990
2.3558204176149511
0.9992966131315010
1.5185115725563256
5.4888395994830699
3.1033405484877221
2.8968814177345519
0.3051574724969734
0.6278716609847623
2.6364518436904518
0.9199292870501409
1.6683411908764501
2.3701387711731341
5.7058040472808855
4.6407317245816566
2.1626677806018528
3.3601454313171679
4.4027518296389561
4.0466433861816169
5.1688405604299126
2.7220446378935290
6.0816520007031825
2.5977182786227053
0.5576121588801676
4.8052168799451636
0.5139722857844312
5.0263241306838484
1.9192159295669855
5.2092878610066133
4.9364900127589157
5.7038093152257110
4.8885845696698382
2.4570978416986300
4.9525510381473854
4.6291399486594385
1.3958820898584514
0.6780281424446267
3.8035214028061888
3.7424611612050738
0.3844479914666366
5.8342799605625775
3.7763897943591003
5.0548516798585554
0.9242264048902928
5.9899279599259749
3.5587832840354126
3.1924098307382716
5.8294449283833902
1.1916119236817710
6.2186004018681267
2.4416458677590578
4.0550837219534079
4.9308139150411359
5.1505322312862853
1.5985599309653997
3.1835912588777546
3.7377504788163387
6.2806669387299596
0.2394611817147564
0.4524218744002332
4.8611075259602883
0.5233683452246128
1.0292270215508914
5.7846330407805473
3.6756637671569119
5.1657925920316297
3.5755909661888823
4.9649926501469839
5.2248054698312218
6.2804177598176540
3.6315122355501352
5.1832867685874762
0.6237384198335190
0.4928277355787018
5.1137427340386594
0.0022794387160253
4.3500035974236928
4.0072123373714055
0.6958835065038997
0.4533661758434163
2.7467381256714072
3.8195065757082562
0.0817337877175163
3.0529638886476209
2.3099566234250211
4.8188614001585099
5.3753738207521886
1.3753304273460143
4.4587170738694368
1.5265860388133394
0.7772761673759870
1.1158463362105819
2.2620895843950195
3.6688420425280017
3.8013546604503055
1.3149943619007642
5.2291074536620927
5.3990353734375276
2.7736632558183629
5.5163661632455359
4.1638931291112282
2.3880519876880073
4.8743225292949317
2.9999099861588023
1.2650622325008594
4.5830408131410998
1.6932356653111100
5.7647146454282794
5.6006623684778596
3.0649018206319507
1.5888929698427114
1.1061897735325037
3.5458925705088866
3.4860489090897917
5.2460662775567748
6.0535122669629695
1.9978479178835677
5.9141540387395937
1.0224618204869460
0.4647892516962884
5.4429876821891749
1.8310715638550825
3.0326539163458399
0.1633575152005931
4.3066933639129861
5.5833276072448861
0.9249722049699020
2.1925614868724179
1.9229296591332850
1.3055962679339963
2.1120831970666463
5.8701582044601226
4.6895239292930313
5.3825877794049912
1.6251084830562441
5.3970453960148417
3.8971783363832593
3.8809365526403425
3.2530417444418438
0.0402842336844776
1.9416892365400780
3.2323636415083050
2.5924076070132700
1.8157875718049301
5.0677290976865210
1.5278863014734827
3.7356262763167982
2.8669993130489884
6.0389034098478174
0.1980367006219693
2.9264736791998232
5.4400981107305215
0.8497433303735682
5.9387424194442238
3.1899206275072549
2.2174560495987574
5.7557974938120360
5.9916270294115970
4.1892683974837457
4.6188569355768623
3.1231139317029695
2.7229762599575484
6.1744075157892579
1.1170044423562471
5.8525963528924994
4.1675826378267748
6.0315335085122106
2.0736729966612875
4.1548759123772196
5.3795791527961798
2.6445908018254447
3.5052966779954500
3.3685079011061827
4.5345652797173548
1.4812276781064684
2.9821366297848528
0.8727837172944768
1.3182782601584762
3.6196139082731840
3.8844221346977243
1.7633124098077417
0.1266971511476357
2.9912438754175850
1.0156910466294755
4.0431016275054681
2.5160945566705513
3.3805759611136232
5.2426510278727108
1.7363141189947766
2.9127442253257927
3.4214221175916188
2.0678180726429876
3.3089496448456193
0.3858465681281392
0.9795234027856161
4.2762130196992612
1.0527190732702691
1.6361756907326874
2.3665668520837739
2.5323598567237724
0.8683055603603790
0.8588960484176145
3.9842858854484744
4.8613979383100441
3.5978605933486554
3.8857523829198448
0.0859939112288028
4.4765318420946727
1.3310211839693318
4.1168176960134222
2.6545828435653829
4.7566213995994140
0.4862522588455698
2.9037995112459183
5.8147094250700011
6.0858459950301018
2.2622123453290564
3.3141906169489337
1.1843206809322719
5.5228781946743073
5.1193638768869949
5.9473865585433838
3.0891840417839624
1.5018345339072592
2.7916748454872065
0.4398242468115309
4.0004889179564413
0.9151412183592051
1.7904225689858366
4.5049355297975211
2.2368151375040499
3.5740654528135405
0.6782771291874049
0.9307306478604804
5.3316456531537497
0.2526162263857037
5.3086050140067682
3.3006598634943289
4.2358963430340664
1.1336847917873212
3.1058599862475140
3.6078299390313622
3.6062456097605509
5.1209748829738198
0.8198560581467293
2.5280165506348520
3.9981917633885411
3.3291062768740529
3.3164217462895071
3.3952670864412013
0.3515481244661110
6.0152175318265657
1.0294979951683860
1.2348191356019074
1.4435242084022366
0.9266130697104062
1.5458362761874722
5.7124780573249057
5.7131470709570511
6.1385981663092517
4.1056256960720141
3.9654155473268378
6.1467594780490664
6.2461438975721935
4.2549998573857089
5.1458899323940370
5.9850435703812757
4.3745692478633904
0.7079511844699627
6.2804688772577570
3.5432357842378761
5.2491325309852943
3.1224047610747343
3.8149655422201341
4.0035015262830775
1.2875383372825726
4.4940744533547070
5.5214025684601360
1.2754584687729633
4.9879507901447440
5.2946339990036400
4.9102293238374104
3.3356591473440576
5.8475668069662605
6.0888933374844330
1.4214892493615905
3.5080678439970834
1.0318874839807715
1.9487200122198345
3.7218623484746214
2.6325241268892392
6.0151766097176598
2.8636511590911731
0.6337944149889109
6.0257252409461213
5.2611901296730039
5.3229374384804835
4.6839620692681896
2.1063734517417436
5.2299458885596284
4.0937996464091331
3.1304900072547808
4.6422329281345256
5.4925036397340419
5.7695415894103990
4.3769521102778794
4.8945488871370673
0.8688366408040864
1.3917536166667788
1.0338134552392531
0.2981701452877977
3.6753981385221919
3.9011894636705828
0.2112828276262831
0.6045734431433442
4.5973973875145289
0.3522667695873763
5.9018836058733477
2.7417886823033997
1.7660564216696366
4.9044257556917001
1.2978175009618909
1.9514317721690313
5.9846673977053078
3.7136593725630220
6.0928773864534662
0.8574025567975144
3.8725204208168877
5.6749720435886841
2.8755835454426233
2.7829592471013029
5.3116491026476451
5.5501843137533386
3.7526830434860181
4.4538240163742859
5.4517188260194640
3.9935598905448804
4.2978916309978707
4.0466509350829813
0.8212055906888366
2.5947703126757489
3.3788752233337731
2.8503940228095739
6.0036985126367792
6.1567667916792939
1.4111629299479942
5.5135840319563600
3.9029971428667136
0.5284628483038020
0.7554471799651253
4.6498080178332684
2.5232675069588733
4.0343049843574121
3.4907302674046994
2.9415713840324691
4.1057573841235966
4.8872127144953419
5.7066468581214540
1.5081752737256335
2.6552435177971203
3.0413138460163136
6.2230693138399156
5.3190144865360498
0.4312227723574178
4.5299978484502343
1.1040026953639916
4.8869805577854608
4.0642289630653199
2.8251108244969467
4.3491025087417494
1.7512550185815960
2.6407442546812332
5.1044079352212401
0.0649881870294552
4.6016502414202538
3.2320851069381389
4.0980735664963666
1.7685277071070886
5.6492346455184501
5.4633889956810906
0.1166823156631671
5.3405333115535951
1.6717622929371661
0.2313333752205417
3.2170110273903991
4.2435576855166239
3.5116421542840208
3.9600138910553464
1.7235805885678446
4.5487827581084179
2.5531295461073737
3.6476732885831979
4.5848780906009106
4.4552959939503438
4.6333807806462168
1.0256994863696081
1.0181122888674929
4.6884001888718823
0.3820111469401952
1.6244419550419502
6.2382781479417790
1.5815395141730892
3.7858495327725916
0.0536688978691274
2.2066155590889713
1.5586773697653888
0.2764561619112540
1.1482645338986182
2.7683001736474484
4.1561358302414266
5.5026925234284265
5.5868498506961446
5.6522688138559003
5.2408641095030761
2.7217252094077824
4.7293518952347826
5.7180435181180096
1.1204096545869202
5.3087867795429871
0.4402791169791498
3.4285074409774094
5.1855153670816136
1.1031781290950191
0.5391558580786615
1.5501751506678667
2.2555605341709573
1.9643123610319435
2.2602883371457563
4.6565813793311133
4.4238254012520546
2.0605355459533490
4.8053532624665412
3.8895533266127678
2.5652507153683661
4.4325162258763173
2.5840584166388170
4.0651369378158169
3.2445037553041893
2.1507831682906922
2.3993163207842003
1.0484260405148726
5.0188159979117941
5.7741740015158740
1.3342244706280513
4.4361291661966886
4.5685733136045066
1.1970970539547210
5.6919307234813621
2.5514400041370924
3.2280076035244925
5.9883558214011376
0.6907247533588351
1.9324350819911651
2.7310614081460778
5.8989987218673914
5.3602624397175624
3.2374456762813253
4.1936394004207829
5.4190838473919980
1.9715892994405004
5.8561652186271047
4.8316530893064131
4.1814600822744756
1.5494986510525042
3.7276272620997370
2.4537099071802357
3.5529866102696150
2.0765002768775229
0.2760093957202580
0.2364530531160135
5.8338419346925443
3.6443618666871820
3.8460849409548188
6.1477141293611632
2.0284416371603822
3.5507924644420537
3.0903696646583239
5.6007169833440393
0.9938372082878673
1.3236031358608737
1.3126993589289651
2.0081175949120906
1.1488255800669385
1.2512082428833662
4.2103038972582221
3.7628159004569444
4.2416282480288459
5.9073368506135120
1.8606965878766448
5.4034753889562825
2.7338982310671889
4.7034488583577794
3.5729162580426959
1.1858919962452550
0.6379054857570553
4.7557434660756250
4.2268928509980661
4.4860325680437807
5.4766109088380936
3.0583625229932641
2.7092281010348436
6.1146483839984658
1.0878330922289368
5.6905910916694964
2.5182271467294375
5.1609530876520360
2.4147939673002572
1.5242760432848566
1.2776764721795115
2.0401990825259047
5.7128276945345364
6.1050187182283677
0.7327372040730064
2.6082512819509076
0.1141861729405668
0.8805731489623456
5.4373871508822225
0.0156363348808594
5.5652835582100328
1.9853470531608555
5.4482553666296969
3.9899081490222676
3.5497442033737321
1.3947853840800979
1.7758276696320703
5.9776299072973043
2.2430181731400305
3.5356876888786615
5.8098013023906852
3.7147450292721742
5.6885177228399320
3.4138286997196561
3.3312520314346350
0.3734718656183909
5.7237674889192593
3.4850697172315948
5.5036029127035038
2.8733931797834869
4.3598835470426600
1.6627203103183970
4.7027696897249953
5.2845089141345820
4.9026905069178035
0.3221372347331032
5.8631932288026727
0.8669732475141265
2.3973930548837523
5.5212298669269142
2.2041363279011188
1.9477237405120984
1.9466649248869596
0.5250367672419531
4.1471169476429521
1.9437620884842080
2.3147964727232226
1.7235030545156660
2.2784972536594279
6.0191541979503942
2.9356404706093198
4.9742506016606098
1.0096649396505319
2.5531876868622749
2.6669041564973708
2.1091682366031805
2.0973423136150084
3.0460825436787977
0.1357016898982937
5.7491177753707703
2.7622912025530031
3.3086483572643886
4.6946162916747349
3.9589333871840013
6.1468523828391142
5.5866914591950785
0.3559660328261593
0.7882220520599325
0.6989480698112500
2.3457250240608327
1.8518443552812773
1.2155369342533662
6.0950148705099769
5.9996262317415221
3.7884527111327402
2.3979920821887801
3.9769716032079279
0.7356394245356082
5.6252088147491914
0.7001700672764727
0.1862615288252699
3.7210686376787652
2.3739288882581318
2.8760214334692615
6.1211118115133472
6.1521949531344946
3.6849927512790184
1.0768173317758514
5.4794038684454689
1.5676675686998633
2.3885606347770829
2.4560061409051852
4.2553639723085723
5.8860426776740900
1.8023817391704142
4.3576125255375766
1.2128453810313775
3.5259120695707544
6.2372759830238742
5.7999300667504148
1.9505486353212833
3.3068919995038506
1.8715388724009734
3.2774686577251981
3.2498107561839853
1.3010932407539724
5.3367856086245888
3.3705685853386860
5.1422859195337729
2.3028023204108461
0.2379298129116345
4.5115593116023192
4.4064151491735277
2.7179917848230599
1.8538194952047375
3.2478545258649278
6.0622152638453253
5.2100210790221047
1.3847213606825302
4.3174529291082804
3.1975184287447100
2.7219890758132164
3.4478425973372442
5.0916466707910857
3.3152200278433042
5.3749398953122300
4.5235841112165485
5.3584873694001924
2.9504017198611359
5.8217586148577238
1.9297438114069891
3.6501897728155059
0.7043442783063756
2.2981434217136796
5.7981398822270060
3.3366415275932320
2.1042560932742229
4.3760116690625015
2.8833920494446250
3.6549413892082474
3.3364932725748702
4.4218141314621535
2.5246893922436300
0.3780376470215569
1.0434267024645378
0.9519216017505500
5.3223525321924372
5.5686560911925422
0.9525117029103550
4.4585836553234479
3.1191185320355155
2.4774244369264089
3.5615850956494497
2.4846234387327670
3.7596397898906369
0.5025366728445100
5.8255343397380308
3.9039474853770506
3.5680455204955046
5.8169843111658865
2.0739800936910431
6.0762606052222257
1.5395431445032119
5.4284653121274662
1.4255537713616890
4.7983574855841420
1.6249777860501127
1.5562109484363578
5.3160788859190582
3.3968034655228072
2.3236939553741873
5.3718708009932614
1.5069203626433398
5.2005922950582599
4.2191658578148798
2.3091303463527972
2.8872752865458442
3.7176561462720712
0.0761132963835980
1.2040288806425077
5.3077102712083812
3.3172509919763336
5.5617925056063200
4.6807977009262913
3.2251292817418880
4.9272242515561180
0.5991579150920844
0.3472886281826175
2.9860236335212895
3.7834128748427602
1.0190950576465783
5.3412092603502677
2.2716748245502894
4.0575894660557195
4.2134888315858348
4.4958635187597045
5.8543253324987807
0.4980432641870043
5.2180994112957420
2.0647587440265633
5.5555716689157313
1.2164255302171556
5.8493828390038933
2.5044272233591682
2.4754073126719067
4.1168586033095931
5.4184114978665914
1.3426828889072857
1.3807505066360255
3.4387149064583395
3.0564529591283391
4.3175198382935394
1.4522622835371430
1.0175397705992950
3.9434927669468443
0.5573434103653986
6.1230175719085329
1.8781455369741038
3.0645241233192015
5.0292098585177039
4.7707238000905310
1.3016196662467701
2.2550311553726932
3.4300453077667892
1.6584924121694797
0.1221119475687010
1.5878963007669689
2.3105012341035605
3.5607573530257146
5.3947422431739458
4.7818474262710895
1.5486107221514196
3.3894182996952718
0.9743642475236051
3.8215285403711343
4.4790476040305762
2.7812244677792957
5.7907133557520778
2.8025634961502193
2.4264792025576734
4.1726296300206203
5.2297286797136149
6.0316782132623814
1.7430945478664241
5.2610406749267504
6.1859059096942541
3.4406461714091607
2.5615737093366611
2.5541438285594880
5.0523011580733934
1.3599035693941801
2.7702650059588918
1.8723029852463291
1.2934340019691759
5.5011539317448124
4.9144439701530898
3.7894987980994865
1.3454884703772660
2.0567151925028480
3.5091466239713820
4.4514459221434395
2.7270579469554925
5.3453805287137071
2.9315294836469188
2.7490568273412217
4.1835271127085187
5.4569612199605215
3.6296184363914716
2.3133737918779631
0.0130311642763534
1.5999560599665659
4.8864110033476518
4.5869487077900484
1.5935791303847995
1.5321562186180580
0.8458132485270753
1.2666995973071915
4.3077363702620737
1.7328795366254088
4.4269607445157275
2.5850681022368494
5.1496797177409004
1.5410142478213351
3.6817407960812258
1.3431183643735642
0.4937193508063354
3.0556640082060662
5.8383436086423188
1.6737895893690287
4.5986581716321977
3.9528332613964774
6.0819494455263641
2.8172975880518525
6.0096024415577718
2.4749632386195088
1.2643854062956290
2.5007167285793037
6.0661301584863097
0.2987525755956347
6.2742597560462761
0.1461942145716587
4.4948853136875657
5.4117529669713376
5.2799932354722126
2.5171374421842274
5.5750004370772697
5.5231388061864317
1.1945678091409651
2.3228488209596598
3.9135308639041471
5.5567140891719928
5.5386685953986730
2.8885545905962062
0.4593792089397945
1.0068109947066739
5.2213744985048152
3.2733607275826366
5.5563403743001727
5.0574920371491672
4.3372334828651358
1.9896402001643632
3.4192978934849223
3.4450767186918987
0.8314106466379948
3.8025361798655068
3.7461037527587981
5.2262467088015203
2.4043245636539554
1.1437043503737183
1.3989849748943581
4.7444065391599235
4.4883971802245650
0.1027789664491379
0.9548262937996992
3.8503473181535988
3.8758132907299170
5.8899012289729979
0.2338272901892617
1.7455503684094158
2.2838376226060486
6.2650121810989710
0.6391834040565745
4.6525547316111933
2.8956485414500541
1.9393173917110231
2.6190892259218876
1.6466058732292330
3.3443518137968105
1.9207192292255824
2.3710274862896190
5.0084378888458856
1.9370443824624726
4.9433806639902080
3.4458445453040958
1.2557617638410810
0.6002394810574296
6.0674383931101614
3.4903080541585583
1.6317586423177513
6.1342985843229476
1.6450701532021497
0.4018474762198337
3.8272720932779891
1.5718242305769188
3.6803989392573988
1.9079887407097489
3.4652854203248555
1.8339661736964212
5.1021005361568612
4.4268187945147934
5.2511651080750381
0.1661519440325384
5.2172180151099470
2.0476171047148077
1.8100966097853068
5.0167264167088801
0.6359177682789495
1.9910416095218626
4.7621041876452423
4.0872005886085816
1.0261097991030614
4.5523114394271200
4.8820681568317648
5.9853537431696768
4.0724767460839084
2.9701258969637565
2.2395827590203794
5.6479896452822009
5.1946724078863671
1.2697067034213558
2.8413029533297958
0.8069310613280004
3.2276687517481828
0.0369397550083545
2.2061320383917158
1.4298133863146283
1.4725999957669513
0.7705063052406983
1.0910459801865127
0.0456970603729644
1.9446349745729867
2.9912929677784406
1.8450486149015874
3.3153989321392059
1.6777057516627532
0.9062215249037900
2.1872394049670860
0.9327165912844269
1.7235965792495678
3.2602209555159569
1.2469575110493221
5.4533385558901211
2.6547472359884643
4.2026142099150912
3.8452213871846719
4.4072674837859687
3.6220291241814375
0.1626500542389052
0.1826883939298803
1.3231372199928935
1.9640041056978119
4.0043011249837619
0.0968541245526059
1.4922969128788905
1.8885569601716135
2.3053229266822060
4.4690114780511259
1.5640209708234962
6.1207369556909326
0.1780331818814064
1.5503648701843336
0.9457683443797174
4.1887969539473948
3.3553028416765152
5.7108810685292148
5.4989359442142982
5.6690964822371894
2.6927317463477021
4.0125258773239487
2.3837985968400428
2.1697521994760911
0.1568856078428549
2.9628059004498981
2.3231340450229458
0.8912611359843323
5.5273129939096632
3.0471166980201851
2.5820531411810292
5.9746483880994754
0.7893779376856103
5.4538626495135727
2.2516863228419450
3.7845156748560234
2.8887370808618758
0.3961852423409760
5.3723825788409760
4.2192152761380006
4.5614610251954391
2.2799099383206793
3.4991748922018022
5.3664419158642165
3.8600400878401517
2.9265964247220828
6.0761439747363051
5.4850479072873588
5.5573551649734529
0.1089453743409212
2.1494794640641937
5.8877710590201389
3.3734145023890680
5.4784996190515720
3.3754523318536225
1.2946101496989431
0.3596636023433749
1.6236257364728035
2.5764932389404018
0.8566531323764305
2.7855565716134247
1.2828485365844280
3.6977470232588301
5.0950987764751030
1.3321075430181213
3.1980568602129633
4.8736938857446557
4.8286814880775282
3.8879998259878525
4.7279036672005361
5.9278965533760237
3.5895603066336550
3.4796628267776510
3.6341027438508009
0.9106448274062723
3.0503988425822937
4.3541718163169039
0.4037289744572527
2.0405278769885098
3.1402697873343115
2.4918532959754836
2.6212444604843737
2.0995956637627140
0.0593680833687512
2.2050718427892964
3.8350223440328417
0.7630657043551333
4.1528481007964491
0.9698977778369510
3.4264830905370669
0.1807598604419289
5.4881879605770481
1.4075194447253470
1.5754194619630131
1.0878758591276223
3.7893029898648063
1.0194890837850445
2.7494743550169503
2.8091356802024130
5.9601590666643967
3.5317375686727597
3.8616972460785064
5.2610568649852700
3.6206362276377977
3.6575911988856329
2.2130413548226682
2.2932510459926516
3.7261267879296445
0.5919885502928592
2.8284541476201790
1.4240548602307386
0.5947021093832090
4.5791122013878418
5.3669767864700164
3.1583522183441906
0.9758397223639426
4.7885859488152986
2.2789758686021959
1.9194083965441731
4.9832212346041453
6.0217079276390253
6.1698881070171785
3.7920639560539375
1.3069805255976223
0.6056296288741465
4.7080883519896375
1.6555620238489930
4.5428288597664466
0.1606872252594982
1.9950403988928214
1.0908404162849967
4.5811686055307552
4.5221299283278933
2.3114981406754298
3.1903251853190695
3.9248141273595669
4.6793616362321275
5.0036283124294725
3.9928437189646537
2.9534586920644377
6.1240622266649529
5.7565080531352155
3.9281648673301963
5.6445502795851104
3.5384280703275008
2.6673830263401119
3.6253945922760371
2.6045179901808750
0.6828428509221961
4.5736187827322086
5.3832684488159472
2.4962743032212780
5.2344046399582300
4.1451015170717982
1.3962740978169919
3.8820899255828714
0.4436733176303639
0.2633280224596241
3.1123663324558182
5.9806994992103508
2.8260318939575693
3.9542696005547100
5.0593485169877059
3.3656975819647892
1.1793400098450419
2.9175873021888945
3.0694345473653315
3.0084497446718919
3.8570754896800872
3.6880374567626020
1.6103301463782937
2.8348336951200279
1.8754454319635043
3.0763606935947116
4.1303213357514101
1.8496216455245476
3.8549835115337623
5.5182478192870796
0.9696646868874222
4.8477321636384110
5.4976798309062778
5.3070952116778054
0.1318445102922546
2.1053677665067805
3.6940145908911939
1.8374773719619248
6.1935892785715341
2.8393970362821013
1.2047408247030293
4.5585401504655794
0.0803608650651216
1.7128419731833562
3.4702153747861653
1.6933246930108781
5.1433066758317594
3.0360901059886487
3.2674801427988656
3.1995668580692720
0.8394597444144359
3.5650942934362146
5.2079975066965654
3.4659131619810908
4.4205853917635611
3.6550424643059625
4.3016308388167408
1.2805728801332337
5.2552535262324502
1.5365458085696651
0.5358986649169862
4.2021570162766304
5.6743214619228963
4.3914505362229477
4.7073362839913662
4.0321767999424667
4.1529891088366169
0.3654634299003055
5.0343764289383026
6.2008436101228481
6.1335952947192132
0.3752070766259987
1.2205209248691420
4.8830090174001253
2.6366635038302029
3.6597198887142426
5.9018515790345756
2.2835411185953158
3.5079748644602216
1.1151052578316125
5.4330031716664280
3.3037028648273186
1.8113117944391175
2.6077502400998447
0.1808506839345046
1.6290009647510724
3.5790086080155890
5.5246675840362354
1.0743827830929289
5.3095599955351700
1.9879019660257937
2.3664106645688125
1.0584782296432338
0.6876908978362952
6.1808641138637705
5.2919019004853745
0.1632139122213913
0.6675949299957240
2.1444815196013436
3.2119905446765258
4.8431260652857011
0.4002888430466000
0.7169964573442941
4.6782040903390989
0.2643870242055630
6.0966840121332471
0.6668883091972354
4.9228414142188752
3.0644322725812168
2.3720142538678974
2.8266837318387199
5.7112754066025682
1.7916782038479946
3.4317187123520849
1.5576181788358121
3.7522511963445782
5.2415721462421123
0.8855917132229763
0.1926818242731085
4.0717527517032561
0.7473275723223600
3.3846324522174096
2.1678083671425590
2.7916714425766984
2.2605622630436115
5.7892097946187082
1.1155984152949621
3.2342698199094291
3.8515202299400761
3.6773184722794201
3.7559905915898280
5.7739430457165177
1.1438053327920943
4.3367699607889003
3.1460022843640658
4.4738236665967452
0.1459340648243702
4.3843676958109183
0.8620730307383215
2.1729039994027661
0.0006693862903351
2.1282410043573483
4.9332777076109835
1.2219426485077289
3.8239143063720240
2.2232771390823567
1.1149612776660784
3.2940546688798844
4.2255757286247126
4.4446033833446839
4.2694138910691199
0.1198330369802177
2.0364567713678072
4.6448589300380396
0.5198288573814388
5.9325290730681219
0.9470469165258719
5.6798210235196587
1.2440721105727497
3.2089594229452651
0.0027916144922558
5.4121163982669005
0.2455729518436857
4.2281186848904460
0.1047786434584454
0.8302636010779540
6.2146528587327818
6.1113142082504082
2.9774284907591237
1.9784896587407841
0.7678393687468896
1.1886156902072278
0.0982683838227190
4.3020354455263430
5.3316885399565450
2.8735350678083220
3.2416109734461620
0.9298710575973131
4.2415912609680770
4.2192310653140623
1.3868083123331556
0.4766033944513613
4.6846647988808945
3.3882900561262947
1.5760560510214350
4.6338619291660059
3.3521805758815812
3.1999030651918972
4.0931442127617750
1.4185934801449180
2.2531955129065673
3.3745357673650065
3.7212180849857406
6.0524202629906005
5.8548681711136599
4.6328918056479305
5.8544722667388651
4.6272924218750271
5.4943443331846540
2.6180981288804359
3.5821439393736010
5.9160982799709272
4.6703267242671949
3.7298775340834993
5.7984556615678482
2.7804019742050516
5.6258045783816675
1.7980072183985427
3.5432820666979357
1.0062738878483004
6.1381325266339859
1.4140077355728573
0.0181622975923426
5.6405924437765789
0.5159846351218731
4.1026824710947265
4.8846917146768725
4.5019579900885622
5.6550370983699310
4.8952393053444725
1.9406215144477625
0.9121114036693405
1.6280759747964428
1.6433519293102044
1.6434477515175983
4.7507168683967249
1.6996443908696797
5.7829465441070793
2.8459698522479835
3.6102177672314060
3.4801772582871604
1.5913603449158156
6.2739761587367067
4.2104783142811186
5.8274766300175163
5.8132821142088034
2.7332316430494719
2.9161403932876229
0.1727998364781609
3.2099174799304646
0.1878528726692159
4.6503190948783981
2.7489352039185779
2.4766210464777889
3.4744203548378905
2.2697141827401981
0.7783281072865690
6.2133464443654116
1.4378062959902083
4.0473678466447298
0.9983297135522485
5.6233656116215265
0.8978410235380230
4.3542016023183692
1.9543601705120670
4.0364723698467975
0.9020350904288157
3.7302092375043379
1.7919509606287956
5.5639052965121447
4.0782412034605544
6.0068776458248063
4.0755731168588794
0.0639211659884229
5.9394897094983587
4.7787361439422185
0.0231962449617618
1.0963580706051781
0.8562063609728290
0.2396356508997525
0.0346785114853457
4.8697172468438383
5.4680213262304473
5.6841995766398581
5.1762210550449588
3.4383330822976923
0.5611852159933846
5.8742245751975508
3.7570318148183657
0.2139306748856481
3.4707053520314273
5.9620307420851031
3.2906328743549249
1.8716850089453010
0.2338814178429798
1.5548089045514337
3.3424423467886579
2.3216349937213074
1.2183858021979461
3.1256410025964985
1.8475674715109771
1.4635799708008534
2.9228905969289301
1.7793081243318254
2.5992132362766909
4.9157268448506741
1.5010048781226886
4.7452582173018287
3.0153830446751813
5.8306178959335071
2.3418110256505100
5.2286599742798456
3.0241596314350474
4.6196607721431819
3.7576491888308410
2.7490980953363984
4.0171764436108317
4.3756443149383699
4.3960707156672205
5.5888885665263563
0.1630390485119093
0.4285153829729826
0.2246167452945412
3.6962438155270743
4.1808548762262241
1.2488756375499379
3.0464400808875838
1.1847937654131975
3.9604054148913259
4.5897950227287430
1.5567342333659988
4.6926090281450961
0.2087104930274100
5.9507205004236337
3.1414615591269630
3.8096043493129450
4.4175827716962042
1.0688413372827974
1.2152425575140404
2.1809967881696242
4.2580686962371921
3.6220078725254949
5.6450847476606905
3.8084238743986538
6.0484834664927378
0.3987450175979402
3.7058591563146148
1.5847210192213366
2.3366819095880977
5.4349643840814039
2.8733514161953688
0.2679823777911916
3.3818097619107599
6.1934630174657679
1.5201646923761698
1.7036070089381170
5.0988483142874745
1.5040887782082375
2.2634867465708552
3.2462856755207112
1.6600625807891152
1.4561736569237194
4.1007530154751271
5.6777418631103229
5.4979013406201904
4.2168888184815962
2.8435938800951268
0.6351731381296163
5.4700124895816202
3.1891995767022676
1.5161220524409580
2.2836046754864818
2.2310438929927354
1.4666180551053196
4.1255128268399197
4.9001956501698132
1.0570708102115605
6.0902921479623924
3.4245035063436240
5.9814468572208694
5.2254587178736118
5.1976769815545696
0.5126109028297090
5.7469437192167749
2.0306055790641149
4.8921118283174057
4.0736178768059874
2.2940428138121485
5.2423058644739635
3.7896899795096330
5.3641896401829161
1.7171430260414087
2.8705871819857105
4.6333193730789448
3.0356309625176019
3.7151374975549070
5.6194844175121217
5.7528725904947269
3.9809469678389187
2.9490370056028463
6.1430374850983815
4.5823464116776176
0.5026568081794074
4.2643971086110168
6.1497800454826290
4.3088807937114453
5.9381970311145400
5.7610253167769327
1.7509326638939318
1.1936227286495078
2.2332577184250435
2.8149226645405685
0.1595840291854455
4.5261547271209936
0.7409782933079089
3.8383071863967668
4.8694869650827171
2.7752927526247282
0.1702662498503066
4.9217332016133879
1.6084922456748754
5.9636326310350141
1.0954011607045770
2.1428950448669206
2.6900394405987647
6.1441258227558588
5.1953141654581021
0.9255804269914409
5.4183371459732381
5.2922685828880143
5.6630520719663675
3.4872239452945610
2.4606314425833022
1.2004467291555188
4.4957696750471445
4.8702358238659471
5.9202892454839811
6.0953736956260700
4.5979307078567411
5.7739967807266046
3.0326122813849814
4.9187422744436464
3.4001196905692805
5.3003167307025087
1.5905400076853105
4.2801390562933985
4.0196534984868117
4.0351979040651145
0.4981463493951448
4.5697270808990433
2.5376759630236636
0.7765043742273536
3.3020708084791144
5.7016562198027874
5.3788070760498039
1.1383678471433309
5.2886412276856447
0.6525828301683938
2.8734492613565132
4.1576550117807134
1.0012385016505922
6.2495063800480555
5.9501859463157123
6.0306746744748754
1.5662962244082954
0.3463842685339454
5.5740278525485758
2.5140622572855378
4.2911087265849837
0.0481691775195372
5.7775539180638527
3.9035942549000491
5.6182626123856680
6.0683042393989570
2.8722503406466848
1.9524258043521792
2.4262581710030489
3.7544571108301796
3.3302037653012242
0.0962626387656893
1.2916086055269687
0.3228206695744357
4.0102327678927869
0.6063659792694017
3.2952430665750763
4.3623110174981017
5.0639801812880183
2.7706041818481517
1.3336434248208406
6.2755434703648216
0.3694493492903843
1.3408445035790224
2.7366486922069666
2.6523563876765928
0.4816863924096055
1.2247383330953345
2.3646266952571589
4.0167294475397295
0.5933920055577921
5.8392695833535022
2.7982478474331107
2.0012499608972094
2.1120843267383305
1.3588117979860344
2.8938541464392329
5.5681019902935143
4.9285007243556906
2.6973979519824067
3.8872544449647481
3.0305832661257743
0.9833617300664333
4.8121073762330671
0.7061096379694310
3.4588958378644565
5.4168583396314798
0.7688978298961511
1.6321605066529403
3.1691005201495268
5.4778838019439693
1.9380921796828678
2.0528118007855731
3.2517715842461659
4.3117394160070015
0.4504147464265223
1.8907824099707193
6.0527915610700367
2.9672609850761789
1.8834081882753784
6.0096590207328084
4.8660498521309146
2.4147541862057778
3.8609199586124294
4.8208479925427428
0.8046192675902692
3.4293800593146107
4.5761218160645161
1.2765725248753397
4.6856092725110532
0.4396299767990766
0.2026851430402306
0.3331460425314075
4.3011487245133777
5.1539885950653241
0.0273962492159291
2.5230844841699858
0.7796574925488173
6.2817017057463653
4.0594208263875418
1.4861407342046391
1.6530529913131373
3.1475898406415901
5.6182360669673006
1.5676717710684642
4.1841401481653460
3.3705313233496943
1.3965377149405716
5.4131004257138979
0.4910565811808125
4.2666913899436540
5.1751670110916121
0.9965816845196673
0.3125731571032201
0.7137188482954092
5.9655451637299484
6.1098733481394607
4.6348944828622098
4.5442817692617625
4.3770990555738809
3.2519984714238888
0.2160202322807296
6.0028842177328503
4.5571800128577884
3.9220259722047559
2.6642441790299736
0.4035123805600920
3.4029111355700481
3.3974438265453357
4.0180342213476123
6.0790134839132381
1.5444593347494431
4.9739197984548831
5.7342976838455808
4.5753845342175907
3.4022687043362669
3.9036931319280730
1.0448882996570932
3.3186545039466635
1.8467953932181331
2.0891271862439478
5.9965363180781557
5.3172368551944560
4.2829208115044874
3.9005541299906938
3.2476537042202951
3.8392739726259149
3.3804804660713219
1.8019657639191162
2.3587161158431020
4.3026378228002686
4.8769000736723216
1.5998047851218096
6.2571527246724976
5.3339861770480779
1.5609946258503489
2.9142582008101510
3.1412384439154470
0.0603147141944799
4.0081581142133498
6.2602504787279170
1.2964985761992258
3.6170089035589057
3.9550313970731037
4.0856827886000415
3.2789976526451015
5.4082498188316901
1.7869485905859026
6.2098585955012009
5.4190066121919171
0.4514015189544019
3.2783231702904150
0.2348554115531603
1.6322743298434084
5.6125288524395485
0.4377360083979088
3.7889587659541624
1.7305141179701580
0.3293682051408885
5.4550212119245129
3.1569434470069386
3.3633935483044670
3.0293736724447009
0.6815710857909740
0.0133132207236843
6.2649950187628107
3.6917895916321033
0.8502523140561334
5.3664826793197618
5.6504423948097751
5.3354540728250690
3.8644973382215571
4.0611886192475595
0.5465860560940294
4.6234823554454714
0.1536159800068227
1.3639220810485289
2.6228990658599964
4.2008881471148580
3.1891025578301422
4.9366380927572102
3.1612639316393922
4.3871178236331936
4.7087621932198616
3.0979241110944433
5.4670179107451187
1.5619501021478508
3.3777029762445561
3.6824664097017625
3.5077022368606601
0.0880258938777284
4.7595522390599196
4.1802217274092337
4.7579467085243676
5.2061776876766324
5.7068013719364155
0.7027839427731609
4.1642911147524142
0.8527860367406316
4.6283860425071923
4.0751818693095361
4.9853744123293007
1.9782936115496099
6.1273701057199412
0.1456523853318384
0.7269700702656228
1.6734452862579801
5.4319699587042720
5.0642355317877978
1.8246569527207728
2.5503625943903225
2.8919259763380358
4.0736960782509977
3.3338009795172168
2.7257434389611674
2.8927828883205846
5.2421697216332976
2.6229393275068684
2.7262041322540131
6.0589808991564942
3.6535827615603420
2.7642825933624540
1.0254301434305086
5.1822233230735781
3.1028215367702643
2.2906762159994516
0.9877278104154626
1.1789033040334347
4.8212753752109787
3.3476617243698206
1.1340530561610445
2.0668509445995005
3.1807584679531531
1.5507816119682787
3.8189133079825850
1.9939357349132201
4.9933713502766981
0.6610443162025037
4.8884211481507975
1.4291510582117777
5.5620979010304614
0.5549908946681964
1.0000392166371277
1.5443822827486771
1.0393751372436466
1.4493056237440340
3.3507191045412572
4.0914179331043350
2.9806718998827506
5.6506334403730012
5.5852648202225064
3.2466899970781320
5.0633666770202490
0.2485070665598468
5.0839023987585978
2.9379977365499830
4.0478471843821522
3.5591765785661940
1.7528540791544169
4.0969638819413099
3.4638713948301594
0.0589806814266967
5.5946189584025658
1.3963505852845497
2.0734909714725753
2.3213345025187353
2.7699201881216875
5.4416997028914285
5.5908165692993457
3.9458417844416096
5.6281163388848077
2.2243828490574322
2.6967686547961387
4.3515871148472502
2.3694759673197949
0.2865791481114118
4.8738402937580254
0.2151458151754420
2.4527437401749972
5.1288265355846265
1.9163216437669834
4.7692066065897798
1.8926936962455214
4.0860164205115010
5.0170974342382424
3.7491058680142384
1.8910904590993782
0.0626314703044083
3.5779488939935091
4.2672682956216557
3.9892008897369964
2.0696628539828223
1.4059970528986341
1.5230510263390411
4.0479459214160611
0.5023270209768272
2.9033925605920099
2.4229546871324774
3.9305175985242977
2.7700294129409668
5.9627015502744189
4.3465853452488652
5.4394426023854576
3.2801985004800311
0.6025156942039910
4.5095572128260049
0.4691758261187180
0.4353774416113735
1.5133172182062222
5.2088431414986607
1.8917705702415735
3.1833749942008480
5.2018802069584744
0.8432831693675729
2.5054468173255242
4.8091257365210813
5.4248109841607874
5.1000847984318618
0.2527973535021044
5.1552584153642993
0.3819930265615226
0.2913428272536535
0.1975586772547397
4.5147197802147945
1.2574175860397894
1.9948911648263514
2.1681389381879126
5.1020784077605734
3.3536641119645476
3.6456977173475482
3.7406364240484340
5.6038840532590202
4.8090843473842559
1.8061936089624102
2.8623794295569116
0.8944532590288949
1.5249405376777541
0.4803021492217009
4.7179220737719127
3.2306150461933236
5.3774751859134380
2.0407197599499716
0.7100940660305555
1.5757563573681956
0.7124621641269178
0.0746139300315478
5.8666765022966247
4.9345729958937268
2.5324666795443083
1.7291835556968707
1.8190160632673806
4.5474244567299555
4.3939727698255746
6.2281070572265866
2.4745612359682823
0.5229080199902387
5.2960818634927653
1.8467501794036598
0.3038382185649931
1.5512928846044860
2.3530647128588553
5.7691448139048358
1.5369155962140952
5.7979583513287611
1.6279157524022434
6.2109340111054427
5.5266196165491355
5.8020897133231193
2.2804260357438682
2.9489404782049609
4.0208083462848716
0.2347372635456929
4.7480764140733180
0.7693078205582340
2.7034441781412486
4.3898839056091603
6.1722164675666802
3.7296024513653525
2.9776646081791887
4.5146492331281411
4.9970994257393597
0.1862263317340847
4.8164974319454084
2.3284669002799516
2.2792360112331660
3.7290406969135677
1.7612115716369510
4.3928582427495684
5.6200744946383265
1.2324149382116909
2.8573518249152388
1.4102576703881584
2.0759636360594507
0.3066005223703206
3.3528348587301013
4.1220787165938031
1.8353171952295264
3.2541198207327717
0.3802043319604842
5.0026415544664005
0.3798921516456543
3.2867338164356243
4.1515960602000765
0.3762501817842578
0.1838731342426774
2.3350356110304156
0.5054264392253680
2.7585388130359103
0.3042942893988578
1.0146203092379058
0.1287029790351783
4.8483007730719532
1.5006275944269254
2.7167577593629653
0.3499606794421475
4.5265266294327864
4.8469958139349734
1.5388704696163289
2.3627679240224673
6.0436659691410792
3.7473904499129769
4.5534058808947151
3.2412091004954755
3.2579642107776543
1.3753114482128177
4.7488017456405585
4.1459953695379301
5.5353976986121118
5.2819630654971244
1.0455712550959977
0.2041731941289436
0.6631610148224405
5.5032002682193877
0.5447488899384526
5.1766463089079346
2.6138261207787306
2.7720954483829785
4.0022877033789435
1.7735434208430041
5.7989739273676069
3.8601944258369438
3.1255026471402130
0.3163789376475357
4.3302055271691593
4.4761983899447690
3.5239907067290632
1.4400291011355348
4.0609084517305005
4.0887448642381781
3.0549267299095670
4.0494983355254250
4.0454361124434994
1.7736925405027568
1.3478381745334742
3.8716210843806058
5.5810945262755132
5.6673414626840444
