5.3098711842448294
4.1118043829274358
3.8135563569269424
0.6243242451991345
4.1660998227129289
1.3226267844807229
4.3054339171147040
3.7488898609680832
2.2848734364748413
5.3995125497512202
3.8801739929227144
1.6768981636406914
4.8222108167471855
1.2244225160184372
0.7325063517312894
5.6211627362534076
1.0513887580844474
1.8779533710686538
1.6400673344330110
5.9553607844536600
0.2750048371018797
4.3976829096362708
1.1040940313758421
4.5306458080419851
2.7733355383098264
4.9887875838048767
5.7294948208593457
1.8541426027069523
5.8780454902665209
4.4310837328485499
2.5072796339546883
1.3656372213745396
4.0138101832599977
0.8002312860225209
0.7009959858337838
1.0922871028658641
1.5079614319745247
0.9723919778305568
5.6323269607361883
4.4563137070211880
3.7256799781111232
1.8258769190732003
0.4457159673169766
5.7658716586247785
0.6526101228075353
5.3975888943874279
4.6544751974759411
2.7979875365179807
3.4105328023138108
4.5589149302088057
1.1878177174758775
0.8358434215443536
5.6102874742941946
5.4047588501479460
1.3613783516582687
3.7998616272174419
3.6820386372039109
6.2573235728992564
2.2521000773977109
5.2128568833502706
5.0770267318398981
1.6915911183703902
4.4607481978823342
5.3353604575737155
1.1635087809256877
1.9899233064277222
2.5339138133251331
5.9748306007115355
5.3366427606730236
3.0733673671069117
0.7943796933760316
4.6247369757056545
0.7070117255489010
4.7808218811824919
3.7236523496607936
3.3979419260242012
3.9603981661589533
2.6998323616275957
2.5770816955193525
5.3988200167173233
5.2052649991686897
5.0442627167929528
0.9398472843484412
4.0999178592890253
0.0305643342308477
5.9580967920745866
3.6637710549909062
2.2234954123505819
2.0001600781690656
5.9125565327243708
2.0803473175478300
5.2688631672203785
2.7635249336608725
4.1485503612566159
4.8055329475584339
3.2668557035232353
4.7047486741894451
1.6303972228257699
0.2868000813214519
4.6250394878605743
6.2734612262251712
4.7227637145602142
3.9520839914577848
2.1279692596463242
0.2298915395082176
5.8255778726763872
5.0933963441183527
1.0097720418787361
2.2784028898618947
2.3294399314583081
3.2465223511691543
4.1854413341969741
4.5812786132680916
5.0279633323869781
1.5876166069026334
5.9252157392031037
2.3842308121913458
0.8604078235078463
2.7936137581439477
1.4791923996611824
5.0881636325011774
0.0959581729074667
6.2050944207570957
3.7449619896191919
1.0728712296001544
4.2332634958524880
4.1501815352849905
2.8905846427607820
0.5853465421446155
1.6316130186831890
0.8404289760145450
3.3634495842580732
1.3740853878195354
6.1412162569634328
1.0831278157773530
0.6287501896393964
1.4421438572937311
4.0869564938526484
2.7758732443062577
1.6479065250589289
5.0704056141200313
3.6815054255971793
0.9904947313875111
0.8650774333252833
5.6217940278821237
4.5725742074262872
1.1836533487314782
4.9973932794384632
5.1056311663954004
3.2053503631622622
5.3950102744115371
0.6375490172629389
5.0938505178207247
3.0959206446247420
3.9746609964845785
2.1103271319428138
2.6891634220048433
0.3339317185478549
5.4738773196715069
3.5039652781675357
5.4465456312023797
1.1385942874930830
1.9521666296336344
0.8093102450375641
6.2016350006083121
1.2864795269955189
1.2562629745027858
4.0271796247899330
4.6919783032614877
4.4769502425637135
4.3444752876803765
3.9053370267294421
2.1017874939648147
6.0166196167543422
0.4488346704814064
3.6043738765223408
1.3405796391342444
1.6149282576170021
1.3621558066394388
2.0132805273660117
5.8597379934752745
0.9764784429478179
4.3841818853416603
0.3576287278223220
1.1548250848580759
0.8898743950354741
2.9987959131546593
1.8774229344885620
0.1602737911046043
3.5505675187387356
1.3322637908896107
2.1066142725032946
0.9259571453395375
1.6827741374641456
3.0436619992642955
3.8807140161219689
3.5087416219137526
2.4878497588303632
4.7449552387128220
2.3614176868197072
5.5330246849286278
3.3537795492511635
4.0237617169534774
5.4776841227346456
5.6417517807842872
2.7858785037386422
5.6965531430408145
2.5572315535855914
4.6825682152015231
1.3321785723358737
2.6014294350238178
0.6549514784306653
2.1168918691623793
6.0384019952533130
4.1794086537190331
0.6955188720445835
2.6159474821582651
5.2789263418170478
3.2859860540614196
2.3515955343540762
0.6054227728521037
4.6609951955588587
0.0478730294942939
5.8590330154647976
5.2790578746819614
2.6849209541999439
2.9027631769693842
2.5094703917468992
1.5674811342625743
2.7273918787086786
3.1754343150479030
0.3340232773221051
3.1744490904099889
5.9986861691315614
1.8762529776507664
5.8396053557808605
3.8158374325329194
4.1981454714443842
4.1500827141285406
0.7771489893022954
0.9555489768497213
4.3874401412920507
4.4352191936264189
3.9845026899585467
2.4299616736438079
0.4138976663458899
4.3204349099951633
4.3282759151817443
6.2476123780984585
5.1103390689177708
4.4923629657551949
0.0905485397154094
3.5400012563024728
0.6113378877156358
2.4570080702348727
2.6193107089832925
5.8405568926738312
5.1485704784165049
2.6565632341439147
5.8084390719200831
4.5556970773133916
5.7382223608422507
2.1226996253563364
3.6829512795577926
2.9889231825246720
2.3543351831344479
6.1677374195542747
5.2961665280447976
6.2594851825168174
4.0742774507353969
0.3424638443190579
0.7261518170438286
3.6371662204333006
0.2414624185898631
1.3704975570805022
1.0993893946568556
0.5643083359951374
1.3714524351788639
5.9152935545579499
5.7723193661211996
1.9922222275839874
1.8808202306570978
4.5424743026722627
0.8048167598681354
4.2282619125023828
1.6498106589536683
2.7116222371253422
4.6950812961261024
1.7843583726254584
2.8056015302214354
5.2624568128506723
0.3996234229170999
5.2266235181217260
0.8823969946968089
2.1676720043790874
4.8803965790735369
2.1971142167361823
1.5002673519753369
3.9170144854492701
2.4040599564984140
4.4006296003418202
5.4096244850021646
2.1536109237554162
4.1249686246012658
1.1767402709068264
5.0871035347713844
3.4486784387030576
3.9515640108086418
4.2450811125340984
4.3037042993841457
2.9676521497201405
1.4986077156586655
0.4682355247142801
3.2731567744172665
4.6734679003944262
3.0230998938219353
1.0456436150040802
0.5447579939498336
0.6732838451947318
1.0047558267014796
0.8471162478041003
5.7493193075699809
5.1144629442956786
0.5365002556446992
4.9347960621321496
2.1089940823951325
2.7241646906857140
5.0481709625976379
4.3078266732507471
3.6934616260092592
2.0847604853866675
3.6806900321551668
5.1072699798773113
2.1568553500869418
2.6951404352759369
4.6706456503335207
0.7512211226950506
2.9405305145539353
4.4380097355374204
3.1553343943064851
0.5342647161572223
2.0808703448796666
2.7228190676242963
0.8224791315118993
5.9882232195890426
3.6305093099596779
2.2899331504566764
3.8602603414978276
0.8032212489020553
0.9321351848475655
1.6600174378248143
2.7030315726955267
2.0508686853271243
0.6088145729096265
0.3100369676616392
1.2113126295253145
6.1266000716749209
1.5542313580460929
5.8549403455187718
5.8025713806047596
4.6527875170172548
6.0222054594581005
4.3465275712605926
4.9145054109859831
4.5064616961310699
1.5441428746659989
3.2402868514687868
1.9644390926681790
2.8269963722163562
0.4428040979124563
0.9385572731565718
2.4816198887827920
4.9908496066000856
2.0944039829219161
0.1245631542959764
4.6917869129340932
5.2174574890260050
1.9394965701726126
1.4908789051804026
4.3040150651114750
3.9174595231576395
4.8545689197281083
3.3914567245552019
0.2311142045157647
5.9279385994403206
3.0230594039826326
4.8741934525631070
0.1752424433005702
3.2084752196256585
0.3084441892687959
2.5579705584334835
5.3519666875790284
2.8912373193980954
2.4969288641737712
0.0700395200919499
3.5910034325268225
4.9154886343569677
5.2614358748400658
4.3256133403674175
2.6945775145374755
1.9075641243341286
3.9941558409788125
3.0353149062631881
4.1557415230446564
1.1037717926179393
2.5966163356971088
5.9307329729079648
3.2701271662073621
0.2635789174208653
1.4282705393816801
2.1707883233883747
5.1784737401980330
5.3058357134680918
4.2231065449647547
4.4271655240697871
1.3697310837017420
3.6429490461845391
0.2270212635140527
1.2836926400904149
4.5301503337701057
5.4973203062681284
4.2015378702753035
1.7542097934344731
1.8897332992784250
1.1757407415609824
3.8462610218529480
1.9368027742761378
5.0535034057743280
0.5984391838271792
0.4085253170915297
1.9792103958840979
1.1958519200961508
5.0462704902745656
0.0828128072009797
2.3892527658174370
2.8602389428953163
4.4938399994053411
4.6183581582245017
2.7689206357901739
1.6340243950140352
1.3243190248340875
1.4086747963927286
3.8918958268900972
1.3671686518992272
1.8920524805105681
3.6741252584062400
2.0869023477948825
5.0348997842140646
3.6872348652856823
4.3857923398849481
0.2995647281979787
2.0881979713597643
2.4856419664752956
6.0464770641996868
1.3952811994364598
2.3627951179784112
2.2130224401667844
2.7214284031051759
2.2306685838302758
0.2331847867060765
1.8176309331044211
5.8768127550508966
3.0086623434255295
4.7473506340444507
4.5242863346869315
2.1228343030332271
3.2007635023757950
3.5665123592286903
0.3472435066474617
2.6244756103626306
4.1711031156649447
0.4070796648945767
5.9614452399354780
2.4022939852078302
4.7452260247146008
4.9359467634447407
2.9844495768122798
2.0055442684410552
3.2410447761864365
3.1778466444076829
6.0351872367926518
0.6240443544919345
1.0052686028189548
4.5654542586924869
3.6472683764576077
4.4662575324223397
4.6406487705415840
4.5386506671798497
4.5028990529177646
3.0454863138984951
5.4130626790371821
3.0182820189324926
1.6994783735927996
3.9038305923092138
5.1345999935898385
2.1415979014777098
6.1059384864619828
2.0527026286239844
4.0192120534425948
3.9340447350474239
3.9771459900819202
0.3053152979266875
3.7727266614352186
1.2989095705374356
1.9932993287273419
2.3662090907083417
0.0047568561740694
4.4443329852970432
4.5474887044130670
0.4714386075300641
0.9432455313327158
0.3383528434521496
3.8957106796653522
1.0492533212545736
3.3950858395711996
2.1038584326682348
4.0216229465530908
6.0849222087293837
5.1257074849675677
2.5779791480223091
3.0089594628066325
5.2576332809389719
3.0637139745905939
6.0233590395594723
2.1715338540855682
3.1325647186812926
3.4132364845810659
3.7880021824707275
2.3807796762573292
3.8656756263017296
2.4464973253911464
1.6300486544498851
1.1025276643540840
3.3765602977694673
3.1259453563389470
4.5908382581126048
1.8220133257878828
5.5460992035018055
5.6281493194574992
2.6830164601888491
2.9949867122520373
1.6293390457065251
3.8334580328212255
3.7441598779495870
5.0815608621184873
6.0205909955915908
3.2280172439460220
5.6344912585507876
1.5423232301406185
2.0416802342008200
2.9775990344052614
3.6436531002577985
6.0877929421301307
5.3939622006175583
2.4495872525827673
5.2498230397749142
0.4072381401795414
0.5771876934750271
4.5141603611672183
1.9241225194336753
0.6515678237415362
4.7125058920575214
6.1581353222766282
2.9565119541638061
5.5185673504787927
1.0219584520803158
2.1860031702219849
1.5354588772454760
4.3303576569533844
4.1336121591919932
0.1556560901617798
0.1793432278726152
1.3678613896597762
3.8683331619480463
4.4340050014629142
5.2170748306221926
3.3240323009532746
5.0219297168850128
5.1911719798607612
4.4817386573113156
1.4582884089055670
2.5457445586849050
0.8561445747856385
0.9210809294955792
1.1568433481357145
5.7442384698388302
3.5370230694491926
3.6588777010579170
1.7421828506706456
2.5569160786579261
3.1354926934574214
1.7079937609640425
3.6894754648765300
4.1416645054238828
4.6641772421627534
0.4052321184733800
0.6835782328962819
1.6187626358300589
3.6383807287847079
5.5522671843909723
3.8582727493145414
2.9414991154132659
2.0254907749835702
2.9568408431339579
3.3625605668564043
5.7044912997366506
1.6315978493710108
2.7095711086353953
4.2589163161096977
6.0371175787383784
6.1678182910905655
4.1097973790416571
3.3938767613386749
1.3530287561078267
4.5327183210981659
5.8725939992795224
2.8900771806219594
4.1074298170382555
2.4415040468749445
1.1999289473533927
0.8332801433588116
2.8355147402945424
0.1937838432097038
4.6103461596481967
1.5009677875576437
1.5470143707698967
4.6641339048366124
4.7959438432451824
4.1731544770194704
6.2680062587150118
3.1389860768826106
4.1374711459307116
4.7919343413014008
1.6048197708421694
5.5535212394504576
5.0598588399778421
0.9180091340045310
3.7653943269609833
0.7232855952788484
5.3909215169262552
1.1190243957649464
4.5179637456824837
2.1595803266829483
3.3556634342123450
0.8586650676938227
1.7450176817078953
1.0047746943616365
3.5319283604018175
3.9000358939956499
4.0059428016877092
5.4549263728163968
1.6495344533613805
2.9586093181917681
0.2838525733141902
4.9778903688817806
0.9803465086829527
2.3814867914735314
0.7929568832838441
1.7001788458327138
3.1099771745844724
0.4809386977633477
6.2206566408989907
3.7084891188615026
1.9400962660620167
4.6400806373059149
0.9189350226710542
0.2271989647268439
6.0670753211000923
2.5944324906146958
5.6554420029867263
3.5294188509670161
1.0465370355915433
4.0987876475724816
0.2883760054732628
1.7295554471337613
0.2523134386743498
0.8111651085836831
3.0886225775291076
4.7476989607260087
5.1466074268067583
2.0734156809396742
5.5420061418432605
1.3660900779295404
2.0032805977464632
4.7295800700035162
6.1847195612260188
2.6337665656635787
2.6609729793782222
5.1368015685651853
2.6459001348821780
5.2390859822269720
5.0663376737270056
0.0224771883179049
5.9421468464711902
0.1587463063492234
2.7300264128658815
2.0717327670146943
0.8001530354660176
5.9811443496374794
2.8042247174379176
5.1328761239550191
3.9900301743021331
4.2476295941533149
2.7137809851319359
0.5205017589995672
5.9657702448182279
5.9143758361875340
3.6398144224457880
4.1865006861054281
3.2549469398026964
5.6027465714305009
5.8855385583238409
3.3856668814275173
4.9671354749898606
3.1554991995307273
5.4682665211751642
0.2740423182487523
4.6802899878722446
5.5894121220503967
5.4229756116562751
3.4582323902686549
5.5613813847583273
3.7689108063563372
5.4061620543382825
2.3314643386507075
0.3477045436668864
4.3529954354120450
3.3287715306671055
3.3086171134121423
5.3922314043839643
5.0075619530870616
5.4225495628464575
0.3914560139267448
2.0369267203537400
6.0524770378011468
5.9178354462470679
5.6091322151346938
3.4702191269694858
1.9869218293182316
3.4831260050825228
4.6895756703751603
4.9444049597938626
4.7804683458815465
2.5745534036552198
1.9283944903395025
5.1018354040192335
3.2279458437005779
6.1569447008027947
2.2840935141759919
5.8555035952371135
0.2704284357829189
0.1779296288294145
4.9198171001532645
4.1400692476859682
1.3786674676032811
4.8089969466837896
2.2387420094957404
4.8289525805039180
2.3242846114673745
1.3285879032937520
3.6528994738523921
5.6429345520777749
4.7527180079074602
2.8342101182248394
4.5253527112001697
1.3597617390005059
4.1733381872319004
3.9409430640951895
6.0819003561821621
1.4391848160411811
1.7699421941812477
2.2358395783033047
0.8670307013511327
3.7912876843132386
6.0304452478752166
3.2612827710807810
5.4602881921557902
3.6302552525933534
5.7137380109412801
3.0321700947604207
4.2087419400079513
0.2853594296825655
4.6145540863327108
5.6969379067538517
1.3537598327441396
2.8544826752193657
5.3089420581975171
3.3749596157379278
5.7403042221431679
3.9954245628142790
5.6747677977090634
0.2898637971663257
2.5270238388753077
0.6312912578751090
6.1249629916355257
3.8018738872832953
4.1533660023823202
3.9620304759301055
5.7442449536790985
4.8739332122641903
0.8354471742245778
2.7363610230384698
1.0709525517837373
5.8886524453615294
5.1261793096120618
2.9184023160413868
0.0171841908255941
3.1928484990718600
4.2736179382175505
0.4143409204421612
3.4235510421658355
3.0266540716665662
0.0610709691185987
5.9567297357723099
6.2063210377396247
5.1032960955754465
6.2055689813112220
1.3489487986321356
0.0158148739245932
5.3142338092635892
2.3535334909445620
0.0946815218194994
5.2346700614037180
3.0138149966238119
2.8091327549317073
5.4233201622478120
3.2318406114677871
1.2836387320996865
3.2774202825278560
1.2094552674481713
3.4605075824601315
5.1664324992665165
0.8596484777464437
6.0958672062196610
3.0858872707816363
3.3601729790924990
2.8946693643561776
0.2044207926418302
5.6112033951214180
5.9430765454313992
5.7457058756851112
6.0010971791452876
0.7333569973614917
0.0507928301333595
1.3163035882618215
2.7670200936785525
5.8475815868764736
2.8784012955268583
5.3332887398571946
6.1241327023643990
3.1732240838302639
1.4301550590215213
3.6574165272846928
0.1035505632073336
4.7286961148292797
3.3807385393983620
4.4285233314873595
4.9966838012828045
5.1468252251548892
5.5702566729013059
2.9702965300254158
2.1565958603200897
0.9280386999661838
4.6426009853285706
1.9425864283463796
2.1188307849970047
1.8427463385988108
4.7530885589622374
0.8607855274167555
5.3353280158721104
4.7732062975637533
4.4728362608337324
3.0883613839940840
4.7336578156829807
5.1361432443932378
3.6106115816349971
2.8735754938063565
1.9499805240375250
1.8030676437946873
3.8250988511135136
2.3196217909098129
3.5929447414285369
2.5774984722524947
4.1311537297676937
2.3716524727159891
4.6468138431322510
4.6415890877076285
3.0059857959366596
3.9168819484659751
4.6254327676408229
5.1005126542597186
4.7258525345478288
5.5753789858056910
4.3570552888142879
0.8442453101656537
3.5478545540388113
3.7979383526453723
4.0551519327121275
2.7018899369009985
5.3848471354219720
1.1154634101923762
1.5371470690572109
2.2889635185111699
3.3756703219423381
2.3292786377049035
3.2130893111979653
2.2528666883643180
0.1373056717543291
3.2391493330031258
2.8720608336804379
1.1659784814714229
0.0519421077820155
5.2719736135561872
4.8068557116844959
4.8400704399603356
1.3753935645199482
4.2163795585915578
4.2997034935856995
0.2486097189743640
5.2380964360355486
0.8322915424086953
2.3598495549583478
3.9074307308838345
5.8659569296761589
2.6466989698297052
3.9137904776807124
3.8170782709241471
1.4729942761637778
3.8110279461006176
2.0905983674486763
3.2952207942647678
2.6818521058817413
1.3470176139790233
6.2411947474039691
2.8020666814235682
2.7534389461935493
4.0144945790195923
0.6139184697959961
0.0621555801916442
1.0157259289144527
3.6577841572045471
3.0322004880727560
0.1691034693411945
1.5740890729860320
1.1406723237395597
2.8253601079871693
0.4368102701839249
0.1356976453327182
0.6771834757779811
1.5790436062810973
5.9058051355762435
4.6352989234777784
0.2459426374356228
5.2327963167202656
5.5754443475131215
6.1550818113936554
2.4345692440838604
0.8019563293165880
4.6080597020081058
5.0783155157349178
6.0877052029827263
0.8277847547495177
0.5703532972692482
0.0542198114745592
2.8698736309802864
0.7279591895646352
2.4347827177440160
4.6200515482664803
3.8447314420573266
3.5109516049798102
4.2886114595803555
5.0557036649919178
6.0353396232082579
0.5782721646005928
2.6670271575678144
5.9021487151645902
4.2682322551193499
4.4049129138364087
2.0644146794514251
2.6769920984916604
5.5841693363603104
1.4060383560708891
1.7953053649124566
4.3375360065271531
4.6538790876857350
1.0390785090621235
4.0686889853419874
2.7518059467436884
5.1109702957423186
2.6782721246332439
5.0897540282708826
5.7161365776975233
5.2539326022749755
0.2318336246316164
5.8793882616513544
4.5378627310649096
5.9652912349364646
4.7690408798868180
1.5968774327167379
2.0540466005649556
1.8819993697140440
3.6839560804650802
3.5357388851501002
5.0943510461204768
2.0308708758664293
1.0549389342360518
2.0044982133020159
2.7378824700591542
4.3283252237045886
0.8253970031978207
1.7156803860888377
5.8731976245580446
1.0069202671226858
2.9816860412895223
4.7481287781413819
2.7628584624801191
4.4771641261388231
0.8668318066191513
4.2210382516880758
6.0935011572019500
4.9460955877916533
0.4879180710009797
3.8995897953656553
1.2629872782904228
1.6399079544436241
1.7163146471795980
6.0010511075404898
3.3388500376612713
3.9348632757596937
4.1253200377361701
1.6129951931770503
3.4298350894575154
2.4125320207286642
3.7739388705740353
3.8826732567958726
1.0814780571156208
3.1446993865609749
4.4535172825495213
6.1655657734801270
1.6496316309593781
1.4658111097878508
2.5473857969905409
1.2290451210678148
2.8186030575798453
1.8941763032262817
4.0699268979705314
3.3234653897924891
5.8228189182616248
5.3267364458342659
2.4327935882196172
3.4963669474473593
1.0293174994660954
0.8636268578797603
2.3149629244919665
4.7025599941037139
2.5109552277968885
3.7288203377833868
1.2189441558929277
2.8672489825152949
4.9609844487308701
2.2067801577832360
0.0341235889906452
2.5195322702431211
4.6785493557038187
0.8701944985876330
1.4000937486418672
3.0822607531423234
3.2365986187384448
2.3586462254290805
4.6099874436750863
5.6606643220895343
5.9701238416650195
0.9792345842659649
1.6875805226662914
4.0706220513340376
2.5054112840507510
5.5950094272420117
1.8619370100991128
4.9416797480584309
4.9441368418234726
5.7645537021860420
0.3318203228604967
2.7980973066737973
5.8419945305212062
4.6384402149278694
1.5099493876644823
6.1378398170509092
1.5900755030271003
0.0225524032583938
6.2794795676825377
2.3472421437514068
5.0488089734960386
4.0139548669094758
4.7054753650540402
4.6037686067665602
1.4468377895495776
2.3436206901442724
2.2695766129200594
0.3965955265669123
6.0416150023461279
0.9308482895724857
2.7794730261241152
2.7436209290563651
3.1588247517268648
1.5872143035022011
4.7524330610671344
6.0189291217369183
2.5258385996205295
0.2107306005717066
0.6549255606841416
5.7284742445700099
3.8941366802741064
6.1498609585194002
6.0350801778568330
5.6505713437705110
2.3981958233723346
5.3216550816602197
0.9368796337112436
6.1935308309483519
5.4742882756763978
5.9958259912981804
3.0905405791131453
2.4947036931432898
0.2100760095401185
4.7274155109721576
2.5626557299622243
5.4503299487954555
5.9109937294373820
5.1198138638308324
6.1529427969605726
3.6205489377809159
0.1373848262020580
4.0414982209161412
0.1866480398509480
2.4595077112251458
5.8275062365509456
5.3645397101659436
3.9282277488458432
3.5071850520825740
3.3754087421418841
0.8446000040316750
3.4066455145487322
5.9019004419457479
2.8593718441843601
3.9121393550788310
4.4801591611590661
1.2996274468393829
1.9952955660857401
0.5474023233048352
5.3564954049657123
4.6226068339269615
2.6854332026765353
5.6148639114113443
4.7241514881724331
0.4294641070471375
4.7878842296589497
3.1474170108610253
4.6145075423247217
4.3343377070277285
0.3214143911227512
1.0081410922761325
0.0718482049984641
1.4817478673166600
0.8170759232453964
5.1857358112458645
5.5941031943195982
3.5071699574535780
0.8206662072204712
4.0030674838266931
3.3877856766023533
4.3338804453297097
5.2829930465341866
4.6438486342393146
5.9377179916601532
4.1925274461657498
1.3320811894107505
2.6601330091774296
4.6300645971055374
6.0602102442612269
3.1779658994836639
0.6377923129004864
0.5685658193025691
1.4690436508100622
4.5048518493989560
1.6723046916784825
4.4803613316744624
0.1431678437485882
1.5741603680682827
3.6744722343862715
5.0645473137520556
1.8680773674035867
3.0756831147999475
2.7675939790900981
5.6012069875162487
3.1221866140443404
4.4873705697021782
1.1431577325765196
1.4925544609608623
0.4420705873595501
3.6592087098684090
3.4762428996063313
4.6583148531857628
4.6978432665882055
2.5356612060431734
6.0961278853812662
2.6734320017979893
2.3802697141723410
0.7638174214916023
2.5116359293535013
5.7735052929838977
2.9003747886245983
3.3927819846632752
1.2916729054811631
1.8190323086421636
0.8186786725632389
1.2103639934934227
2.4435782949287139
3.8251782797195677
3.7605679906608507
2.1243884720407222
3.7334983281443268
3.6983021649156358
5.6589442936234811
6.2115298595849353
4.8832676946827620
2.7254503228736193
5.1247828979764707
0.0561553519375781
4.1890352598634806
3.3737579690664949
2.7568234281348363
5.0023332289849911
4.7278445093696879
2.3422406905226398
0.1976065599532042
4.4830123611693589
3.1591185869814131
3.5010637648565641
4.2523410859267115
3.5477429444129989
2.1650285427395111
1.9406705860889140
5.2769805359874979
3.6546377157270533
3.5269133543323168
0.2142139210248098
6.2323067593011814
4.5584164920803705
4.4572710679339549
0.4593184478450571
5.1721112643058795
5.5685777290683847
5.6174642469194591
3.1331499088185728
4.6358663207056159
4.8047531432518973
6.1396909538230888
4.4514765388438562
5.2700220680734571
0.6242343476766297
3.5315181022102715
3.6861998792247550
0.3463307517510373
2.8005945694784695
5.3676546815994559
1.2491166190739358
1.8025056899972487
0.8985507990695784
1.6431283837972763
4.8967492453654424
2.4041585108028833
2.3736649503413032
1.7199540382467018
5.7080260437134980
1.6470538493932192
1.6805530198719003
0.3812718561662239
1.5653768905099077
2.8516671024377684
0.0800646377699943
2.4320557191255845
5.8348091006468685
5.2598997927528632
2.1376778457492489
0.2686588250245712
4.8733936956879820
4.5178550414951157
0.1070356761279400
2.6727563149248064
6.0856801027063998
1.5361706774926684
3.3488710964423110
6.1550603888671711
1.5297189589888422
2.5130186778156984
3.0157930536039306
4.7352757792374183
2.4334880884784513
2.0583155500782739
2.1351351772008513
4.5552650151502956
1.2447694068209592
0.1457740195770578
4.6215187274093346
2.1459518335277554
4.9420859027080057
3.3407613791215680
2.2390040419825645
1.6991789701713882
5.2536490154396658
5.8919193360929025
0.1937013562923835
5.7950849051658864
1.8775792633479182
0.6427424530434361
1.8111801328292272
4.3208927747743866
5.0304772369255319
5.2223536476291352
2.0613323334251872
2.7141136805505370
1.2331073094438294
1.7940768127861280
4.5237987931249330
1.6424767591449425
2.5502369235223203
2.6654887723687795
1.0604957745023411
4.2173823860537825
2.1091848010610907
0.9292812386331607
3.8725615758680965
0.3617461254140716
1.5489435806290315
0.9885772823665946
1.1152477586607543
4.7591325436124690
4.3906567638878036
2.7540530794088252
3.6997548274028320
3.8008871059748346
5.3326714258671997
5.9431686290233685
3.2499051619850956
4.0901658078472014
5.0577617164458317
3.0045638418786003
3.7695744193343441
4.2732875819034692
1.6086677940220939
2.9625012890074363
4.4232835140063766
4.1966252555063903
5.0017411955825812
0.5000226121211041
2.8428221149311250
1.8173424563632006
5.2558354713668383
2.6878318329071731
0.8462491914368336
4.1708735079802697
4.2935071330599506
5.8244087732760903
2.5650267489490077
5.5722024209471508
3.9122787987716592
2.8366734699832774
6.0247352649349848
5.0660705163414637
1.0763404506101646
5.3856591828085616
4.1002681188298418
1.1847206106594599
6.0148964682259969
0.0992350180131812
3.8809401938929584
4.2040825490634077
4.6921624863208766
5.5070326366953450
2.9624210708396990
4.7967069959744482
2.5925230328596105
3.5612550439457840
3.3476926208360709
3.6723573449253104
3.5995949031913304
4.8823684996802044
2.4938447437669553
0.0833886798744992
4.1203373110624009
5.0975589786576823
1.0698494370425269
1.8904437476686118
3.2089990633181595
5.2316531626347800
4.6546746105331893
0.4168201118348278
3.2184948039429084
1.2680629836517572
4.6121182554298139
4.3072204405926957
3.3529251560615108
2.6883506781346402
2.3349511843564157
3.8877192444405950
5.6910782869622540
4.6065137473887248
2.9941833906953592
5.6312278698260361
4.6308984229989090
3.0252939320183629
3.0140232025509301
2.5276688885143512
0.9787054201429171
2.2830275437021950
5.7521456476337374
5.0779561523098860
2.2486609433238787
3.9509664788335224
5.6002394431618869
1.9242865582392794
4.5203357598098668
0.8389473321048205
0.1083071216002799
5.0996250253545456
5.1227994091959177
1.2935420264138304
5.2983032725383641
3.5456184126745440
5.1739925432375573
2.3721119290682444
4.9409450961685764
0.9613427494408480
6.1192426916986848
1.7302156893424274
0.2076041080331990
5.0609649155111507
3.4805222497322621
3.3698277938285566
1.6970490601814916
3.7186568992917630
4.9329457214840984
2.7507837311564338
3.2962759649479323
3.5010782540381160
1.7520730722175755
1.1401559061679543
5.7758548638778988
0.4413044886236853
0.6856190571128442
3.8795685399865363
4.1054275521537535
4.5407285676297100
4.2477999002302056
1.9421099566690694
3.3928134277610273
1.4723836552125977
1.5170269753247527
1.8153595990624285
3.6183339755929755
1.5596667955192500
4.8629162902804044
4.7453336739120049
6.0747295856872343
0.4296768554808778
5.1960434157416175
1.2030442452133852
5.9553956253906426
0.3964852414777629
3.3015452444569422
4.5958374863518170
1.5432907897669175
5.2228890126638570
3.1827323250565658
2.8471135088009580
1.6022532767929687
4.8745271188565580
1.5989710070377015
4.8003638143676426
2.8287446764126214
1.0393785702214138
1.8228743935815552
1.0259787044699666
6.0834345199417026
6.1987350022541339
5.2654566056129841
5.1315364739966167
3.7168005610095474
5.5775432567518815
4.3904186800390352
0.4671995781292769
5.9562463648639241
3.3010415726114859
6.2493770070406542
3.3647579146555002
5.0939185147996646
0.3401459654193871
2.7577221020134104
1.4722934356752413
5.2516718367521280
1.1383398670689053
1.5231805339354867
2.5275827782900127
3.1620335932007642
1.0758688881029677
2.9751788634737317
5.8066873454103280
2.1864206959379273
2.2077805205896452
4.9316135187417309
5.4585961788495574
0.5514971859799771
0.2542549279097083
4.2378959625285244
0.4449985413983911
3.4189003435418832
5.9635492337113378
1.4839528082286104
3.3479530636210195
1.7452140621823200
2.3925787618409675
1.6514344053354091
5.4825534041803543
2.9789267753199651
1.0039461599367814
5.7899760794377162
3.3705445488209524
0.8322511345444407
2.7805654578446104
5.7070128856988269
0.6940017778826021
1.1468414331504271
2.8615099716401113
4.2965296093306096
2.3917317805829130
4.6799973368351857
4.3965136877723747
6.0173672258116042
6.0092636583281935
1.5371662462158067
1.9600227979583877
0.5931146746215877
0.2265996097167700
1.8852990086029882
2.1934592883783663
0.8371597800781432
1.6525582226436764
4.9571073513710857
5.4573238315992914
2.3103951734262957
1.4787031507217046
1.3219967895789944
5.4212074679675695
4.3019483579217708
5.0026374193394609
4.9343041009915316
2.7741671160586598
2.8122737078143345
2.9448755823979424
0.0007613614969111
3.1873329247794100
2.9414227984130048
2.8172260368984721
3.8806620693342091
0.1932921006047992
1.5650303529767386
4.2475983692153472
2.9043463128045426
2.1842473737760257
1.4524102095920448
3.2329418211777745
3.9437014328219595
0.6895745663654145
3.1924320297554094
1.9523618209132894
0.4075365281725952
3.5885475864046184
1.8483118974242843
1.6794471758701388
1.8700904231081714
2.5125445389146375
0.8487589991183400
0.5852823291879963
0.7136437325736584
5.5003809083165427
1.7070501488610486
2.1693018714354348
0.2947160015971178
1.2409206272062419
0.9262257420547009
4.4777302106506438
4.4429349387981967
3.7162471813907278
5.9149313057050765
3.1484431779961004
1.9095432506203971
2.2868885502350422
0.9051453977111614
3.0401224013341333
1.9067572044682932
0.3041381699816778
1.7344749408226499
4.8394252707103913
2.8306540394158084
3.6506325250975942
0.3987061127219886
4.5076271263390089
5.1586481138222720
2.2106715229985499
0.2254659828122863
3.2854179712635001
5.8880092644448698
1.9730805909500151
5.4740031282653545
4.8323924383087071
2.1084888806181792
1.9112468161703866
5.9151662720347957
4.8191876932745092
3.9210635306684285
0.5922202584458618
5.8096369786387134
5.2082095583233361
3.6087309764158073
1.9276985503440915
1.7064712608527353
5.3475537347324043
3.3342479571972321
5.4041897559541159
0.7789930443565253
4.5061826646615408
0.2842206439666508
0.5451441628577203
0.9443746730542520
3.2340430906622801
5.2249247648619885
5.3056628376659045
0.6770864259234854
0.9736959203342984
5.9841971722599956
1.0434544918272590
5.3837117866296405
3.3549401426076728
1.2985802691890789
3.2718289670331413
3.2281243864673308
3.8942600991182799
3.3009906167568475
3.0899709512270892
1.8139961268351796
1.7712104024965589
3.4922766745933629
5.8365755650895830
0.8078458377175560
2.5513112422675368
0.5524501194175946
5.1640951555577637
2.1171573401604529
3.3255485273060308
5.0744238050296104
1.3133453321358781
3.2041504518383266
0.8356278906103758
0.7681986600981529
2.7966387157587778
0.6709690090360293
1.8247486316595491
3.7144971123989410
3.7209846141822220
2.5607948788820099
3.0862172107353416
0.7442455772389571
2.2891532649250022
5.8137595532456139
5.2187117884756713
2.0309528128767638
2.8889480434999490
4.8048423793031034
1.7016969877462647
1.6063462921480220
0.7504317981369448
0.5043039315836688
0.5425898137653825
1.9701498526534891
2.3593481080218166
1.5276963131502141
3.8531715186704112
1.5245977523637413
5.6884574649117123
5.1170563227933386
5.9189332424210184
3.7815808990878352
3.8234726293638297
2.7442335589260614
2.8721550020545257
6.0329595984920026
0.4792276846149753
1.7141344707319766
1.2940618026599335
0.8010232228720402
2.4821610907856821
4.6876900740007681
3.8275264965139515
1.2320214791825019
4.4770734167103976
4.7896622085327403
4.4308447504841002
2.5524484191098891
5.3430823036948505
3.7673825160319692
6.0456714722717368
0.3605597253966961
0.5581523477671991
2.0092679165928060
4.3700369785246034
6.0595467049855785
3.8268926769111595
4.4211006367375596
4.2835167230228457
3.3157849887455031
4.0263484770998952
1.7187156168422439
5.7562813171622684
0.7824474489933174
5.2327058647770244
0.0639395297862220
0.8670588257030079
4.9259549099587474
4.7040100226879646
0.8274450826199941
4.9914308033046728
3.7825162091906162
5.8562752853264666
4.7552874303541781
0.4564786374898511
3.8625710014743784
0.7184927242843486
3.4104765990432986
3.0550947443281342
5.8584329606215713
1.4873302403595583
5.4594741835512242
0.9626031103112054
0.5838944548729785
4.9965295125232920
3.1609237247320379
2.9272565803787840
0.4376560123483980
6.1683357958920189
5.0169531850257947
2.9215375868901270
1.4504854185879767
4.4448566844854716
4.1601905067556073
3.0444459742131413
0.7783545303198778
4.9463836622280102
6.2652061372112566
3.1440800720142179
3.8025967202447739
1.2447697178565231
0.0776011037740914
2.9305238228673143
4.9149810891453969
2.9668071865883414
3.1227372203581996
4.5440931927221140
6.0966175038453283
1.3186932284153867
1.1076283259603019
3.9159284178351159
3.7332830504780161
1.4187523816325689
4.8415984468143645
4.2423041285710488
5.8892833576388028
2.6524838287887418
0.6093552082101663
0.2228713284558681
1.8403217072527860
3.7826525304387251
1.2560183489998027
1.6781769576716214
2.4357601873226926
4.7047007183918907
0.9904808222548949
2.8283393923914897
0.9275834803911703
6.0474349770716707
0.5229015510218517
2.3447773570334194
4.9689968868830032
1.9193984482699793
3.5597590634874323
2.0570454864328864
0.3976982806991628
2.0052357170965998
6.2220615300926836
1.2861203030581974
5.2355252815029640
4.2368525391962351
3.2599901041337724
6.1876963019838627
6.0473994674886375
0.5061230692226173
4.0057055676531004
1.1517869629364987
6.0971261451905336
1.7564811817685593
5.6770774021754526
5.9091681624399577
0.6631986399930434
5.9081421976044561
4.8895677423274568
0.9234245270863992
1.3856628444771220
4.3865447429127569
2.5879405449838093
1.9729061940586723
3.4425481062937480
2.8107850448305469
0.2824924114962484
4.9201227487630970
4.1563054222865583
0.5050401279881152
3.4748347773052686
0.0176738580084637
2.8111863097106977
1.6327354482871879
5.1446164005304960
0.9894256086594485
3.5808748373606551
3.3325543701991389
4.0016965868606924
0.3246460656306985
2.4288381133596135
2.8209425987547694
3.4149098397499396
4.0142731271836825
1.2724150523744626
3.6551562143910186
4.0572856073363388
3.2731788425309882
1.1821120552387574
1.7666953058528698
1.8630770426437395
0.5973795097359248
1.9744246567414256
2.3323846758281150
3.6697997298149412
0.0070364441930248
2.2024563389530241
0.3603602896952957
1.8439007247039312
0.9153648534095424
5.0814117961506184
0.4375225384200278
0.0413249000138499
5.5610976196621698
3.9878076109285256
6.0091777493615410
2.6352585259845607
2.4107162027015141
1.9785827818494173
4.6594515340045568
5.6749466440272966
5.1423845105034953
5.5439171206263733
5.6771476168639534
1.9519080200175529
0.2381602046440996
3.2210024526693997
0.4303878148013619
0.5825447606253096
3.6976286456979901
6.0444147033593882
2.3028469750898855
3.2265127235195070
3.6670395719967015
1.7714913224280915
0.7804492291193427
6.2251964062996681
3.0719447030205589
2.3299825539878092
5.2416004474419253
2.1246797988214983
3.2909123392948558
0.2729787793726567
0.7799312388565929
3.8926648593816391
0.2558166109292173
4.0004974599978418
5.1533779352045936
5.8600535820780202
5.0423615534288446
3.6482700223176301
1.8019264805905177
2.1884570150436171
4.3329597402434628
2.4754035271182264
4.9926070164228005
6.0790653779879724
1.2712426606502463
4.9788487517255104
1.7959131587427788
3.7238099635063304
4.7115441840666081
0.3750201865161917
3.3590287498205100
1.4249016344243983
2.8604985249242096
4.7243804074003561
0.5604213774264395
2.5566177441036713
0.5909517716170514
5.0503779251278678
5.8168834784481973
4.2705489246040615
0.3128484438736157
2.4135831492472271
2.8101389622636419
5.0486807143680315
0.4802901179251627
5.0696834406307385
0.3432857684230398
3.7597819541550415
5.4328241936972645
0.6403243040933095
4.2324970810041531
0.7690210061363716
5.0455800696143704
4.0996415582703918
4.2740928030021816
3.7858156992349628
4.0637835125213897
0.5375422963023627
1.9331159090476739
3.9211202136063705
3.1218974650275579
0.9752851105306241
4.7341180497863711
4.5691435053441829
2.8485111052752718
4.1608300835355445
5.6566535171124066
5.7489872245596620
0.4231724835033996
0.6318980066458809
2.7724997152720103
0.3166748108141691
1.3098597325979506
0.5265880214400690
3.8657528774685184
5.9848605384074931
3.9372495347242591
0.0198800111398804
0.4251825419468794
6.0583010173013250
4.2230847281341486
2.5460871891445969
2.2472255536004706
1.0806292802697690
6.2579633598736795
3.7411781404136661
1.7803747538132719
0.7548362234616924
1.1576691243384165
1.1823219010370782
5.7171842831954116
3.9024430994258563
4.8234458467243906
2.0435260304307188
1.5297135368270933
3.0953851733593694
1.5590801698229613
5.4206392025063366
4.2289007155615437
0.6521031755907659
3.7405489791168072
4.1791611312071630
1.6910297383611146
2.6120077611315606
1.1311336655278357
1.1846239442488016
6.0481911453654034
0.2000007621922534
5.5782687718987800
5.3831184541183923
2.4249501175897183
3.6580249054731526
5.5830983420993245
1.6863383721720560
2.3996318216758290
4.2332149795846705
4.4923187637005109
0.6045916373053970
4.6594402222330418
1.5989013795086504
2.9343584630501902
2.9742755512259103
1.4591358259507416
4.3884263284544183
5.9099095539892499
2.4023223111863521
3.3136293165170310
3.3151359551145503
3.0801729914188516
5.6697002680319102
1.0466731892908259
2.3095133515162165
2.7952730870674278
0.1351467168971375
5.9703890690163410
2.9964598443242951
4.6004466289593937
5.6274175793640726
3.6917681560649611
4.5818268009134959
3.1829906151644671
0.8694762997069265
2.3197051015272163
3.0451352221033590
1.2835069300495623
4.0718459580789004
3.7480180655247435
1.3566500756258468
3.7686397411039074
3.3263142276041724
1.0347141300475224
4.9738671243655013
0.1795249615452460
2.7586458727221133
0.1253952490145115
0.6570346246777439
0.5936681079658725
1.2081358258573804
0.8947913808921586
5.0832663885355043
1.7165173199213002
4.1345987212574888
2.7890952013633470
5.0198389866789821
3.2530658611535248
2.7304763356579227
3.8899964053758773
0.7052525417355450
0.7184845570071559
1.9954759155964865
4.6225782966102864
4.2496687661302710
6.0915642762542364
4.6193291827381859
3.2697519629249814
5.3766220550077399
0.7969705689076931
4.7507540117886800
5.6457539356958382
5.5893228507927004
5.1777589319979729
1.9441748416978639
1.5767192946873698
0.2566776113569048
5.1374969517963427
3.8931905561968976
1.3428424191500588
4.1296073226125785
3.1684134115759024
1.6200058061237919
4.5304354618969001
4.2282124954738629
5.0902023677125143
1.9102290788868426
3.6965790146285458
6.2267015298362427
0.1922099841333410
0.7525693805103062
5.7809943617393582
0.1355763542973585
3.8027304619837952
5.6557830688136077
4.1960312379699900
2.2596071519481389
0.9321309716633920
4.8306288898902192
6.0726421195522704
0.0007277163908173
0.2807249364592525
0.8933526757576938
4.5902047691340950
3.0521104032413118
5.6130688103507058
4.9245781846125771
5.2001420436169274
3.3106409810244535
1.1325789055904487
1.8915448821429388
4.7754641750228517
3.2065781982261923
0.6777886129909291
5.9347339789262410
1.3366909499820991
0.1496764110406960
5.6835999008279856
5.3319617929918257
0.2419386425019616
6.1434858274329383
5.9683332282074799
5.7441184769714591
6.0530739195076420
5.9350697569934692
5.8504178670622125
0.2229932975706549
4.7898882455831764
1.8580284826347329
0.3278971719333894
4.4150677830106559
2.0453476432825339
0.1736829182925632
6.0833456044000140
1.0500780407718904
4.2595840754663090
0.8679854173786753
4.3320578455750418
5.6893368305681191
5.0113326817060102
3.4981220155341268
2.0898863102413845
3.8452316240940085
1.9602848796563486
2.5974189714664035
0.1192018554571971
0.2967380754953849
4.4957899375049983
4.9476914280304802
3.5245899882774476
2.8486040262445251
0.5865354771423089
1.3386141003526071
5.2082746885481637
3.9738079200333809
2.6968903786309291
4.3805956202764813
4.7267742803688488
3.6717326794240339
5.3520785265527140
5.1462504220058145
6.1013421510935100
2.9769847581397961
4.0318235982884749
5.6456474002836607
4.4603021249920971
4.8004123208477472
5.9971936986881946
2.1526962642212966
4.2321990016083246
1.7145649305806370
2.6003477215924291
0.0325574748315420
0.8304541592133357
6.0338848441769066
3.7491742235229606
5.5934002898063389
0.2838674970348325
2.1810351778777219
5.7275621775654484
4.9609311704785615
3.9188712932090919
1.9455068091362648
2.4651143949942269
5.7163397098489179
5.6900183670807811
0.1022312419508386
2.7570982627395848
0.9496110314594172
3.2032230700879718
0.5137674645509555
2.8789586486175085
0.3527152038049562
1.5267642104137591
0.7644649047860462
0.6801581948051719
4.9160075245908779
5.5517577310117074
1.7325996149104321
4.4762354594691391
5.3169069739654251
1.3345530765258617
0.8493263602446025
0.6998507911090658
2.0693212192534003
1.0338197056968439
5.9775070092377858
0.8126902542884691
4.9617647918632271
5.8712761651036782
6.2499148980317294
4.1437453625797795
1.6274755001304479
3.1211296664557100
5.3377256916276643
5.0494260833051525
4.3698999406950341
3.8589407216495624
5.8295654675351551
4.7846228363100201
5.7509930554179274
0.0514806064004302
1.4064734652816508
3.0986549051348140
1.7211029699423592
1.9282627992892796
2.1920321584597025
3.5322233229083477
0.2407400262749025
2.9798634211492088
0.1490659319807589
4.3446384461076324
4.2548337331265929
3.3936662022418500
4.9017027733703395
2.5263412476086797
6.1200114562745309
0.3919197771335975
2.3453273525263478
1.0451486214330854
4.9928751359244306
3.1927219319316706
0.5375302679456825
1.7281514573507355
5.2382731193048544
4.5110727906680523
6.2382427867924815
4.7434828188960250
0.3909642951985428
1.6403992659182254
5.8830217396390072
4.1741138267755868
5.5841782199362759
5.6301881734991870
1.3211486653648068
5.4355443000797274
3.4580775069438099
1.2351232486928228
4.9774346966802225
0.9939985893978138
3.1128291827561214
1.4967107044738130
3.0798051072519526
2.4826401642724116
2.6843650088926068
5.3115743862888838
2.1702198157009973
2.6133956887745140
0.1338074749735635
2.0199384278673564
3.9293353581845580
2.7266009646489446
6.2737257042397472
1.5190562326102439
2.5733218881391919
5.7004856023315584
5.8301974078726886
3.8224550367282828
1.2033797416989926
2.6097387994345107
1.0274009733683176
4.6015582246542053
2.6549108895978093
3.3717729271972616
5.8820501723662595
5.4023987009804850
1.1891886244743246
3.3254840089526132
2.5195563917152288
2.7682713964474863
5.9745511599538821
0.5228165068211841
2.0971205771073547
0.7036471397276732
3.0155909723511543
1.9548678519518730
3.4540043436859000
1.2415006203449730
1.4872846704591429
4.8135632023200916
4.9162167190158019
0.5971184080039517
0.8910536596195350
1.9002437428840491
0.3125157945937332
3.6936658889906089
0.9879075650235098
1.0082829478187436
5.4177465569080203
3.4020475266198948
2.4532644196244600
1.5789600068383447
1.5229943997362492
1.6020492165485323
0.6586330406795562
1.9591947917985217
1.3362739863958166
0.8902503478916471
3.8795518536513844
0.2305217952850872
6.1013907884803400
4.0984858745828658
3.8279586720991112
4.5267189111381008
0.1763392961804976
0.2894194775100251
3.0751203690374536
1.3617721903713291
1.4464482911530456
5.8260937565422157
1.8952503957507090
2.7988635457337141
4.8544318957816754
4.0939209544895840
3.7641461004099557
0.9206773198443809
2.1314735306098331
4.3096693342289791
0.4396506944282969
1.8144672441631899
3.1298702249757393
1.9789469973599920
0.8309394967789042
0.0291826393424041
1.2699310578634275
4.2460102880270867
3.2876141980574705
4.5857543495352386
0.9143490831825513
0.2216235079552077
2.2025031943283064
3.9249975208220840
0.9856287635473868
0.7616249005006019
1.6826167593974228
3.4851722807867724
2.3901567554302829
2.3450627670851341
5.2173772042362394
0.4918434776723896
6.0794809676243684
2.4949608955175235
3.4585426212017087
3.2393774171791652
4.1155715940218389
5.6699235057734230
0.1672538373628421
4.4715184269526826
2.9470087993708658
1.7003580751732432
5.3983401229131731
2.2754860165352886
2.4134796957134736
0.2478995275362217
1.1158690321034730
0.8720354692498413
5.4827672682044932
1.4477287179916070
3.8951625782140002
4.7721682446929599
0.0606005177280057
5.2819708638500336
5.1208255555905406
4.9521806058722779
5.2705939527308336
3.5509608928287912
4.7888293603631729
2.3771070350084811
1.3754794982990222
3.8735740266708478
3.6148060285662402
0.6696140750320251
4.6476057792162919
0.2324088037775892
0.1813512055507467
0.9814525509418340
4.8143106607740354
0.2383204195510816
0.8142811289753825
1.1606095002539398
0.3807650369845352
1.0419502489984547
0.1510962506429712
3.9523396554117536
0.6446527178590330
1.4266723632511120
1.9733469146435916
3.0744777360212243
0.4595110234810368
6.0689640114022811
2.8991085123259728
3.6860039676627516
5.7255106184952158
2.5440942168822973
0.5286016447590344
0.8421005615831905
4.8426916579540915
2.9866921633175467
2.7510989577626717
4.5741641516520595
1.3227142783045305
1.9923779450272521
0.5064603414294514
2.3875272892437955
4.3513688473347445
3.7569108043728727
4.3449252842730814
4.6613426650744225
0.3246581872985463
5.8392873190929517
0.8583365476851312
2.3922277932074061
3.3956724292927847
5.1048786376795237
1.0453513109782286
1.4104119977966743
2.0959205998950741
5.5858117990571658
3.7213899520914002
3.9800132533126007
2.0209252096682837
5.5450677800127597
4.2426679940206045
6.0876279653468242
4.6065387016310106
0.0127630868482341
1.8402318492447702
2.4421733660670069
2.5607610777638121
3.4318682073761297
4.3412005058187093
5.0907627653098526
0.1971531591165942
1.2235113985624984
0.7986160626209429
5.8244024874408966
5.1801686027722882
3.7245041931844383
4.3180465881871992
0.7164960206606656
3.0608472559789845
1.3469927787302582
0.0755141014214324
0.2573432282418996
3.5589494220547855
5.9311527508909538
5.3357029648090482
2.2669504410859966
0.1019326364928852
2.7538327450059410
0.3472839026785902
2.8341083773224560
1.9173511395096392
4.5234381130718564
2.8118032749703192
0.0667944110250620
5.0511353016968652
4.8624079358734402
3.2944738920672196
2.1847743080648003
3.0452769291445847
0.7990539868707089
1.7434860969134012
1.9837749811156122
2.3227970282545667
3.2943376558432980
2.7509119085389897
3.6659579502756792
4.6746787781579151
4.8526804210566441
3.3248384651902305
2.7515241559911994
4.1610703067739161
3.4893309667134300
5.8191553017345736
0.3482273267735597
6.1426686140870466
1.3184681343618188
4.9336490416786720
1.9471976275592144
0.5601955787575574
2.8088160190925224
0.1683042751243830
5.4547002953311372
5.2845687222310209
1.7286210218236762
1.8322479064801986
3.2978056144755312
2.1188325349296826
1.5784016081811227
5.9912829838491310
0.3682336728875720
0.1909262960885747
4.7030791224177415
5.7498363335197045
2.6724523269021545
0.4478384973803236
2.4164685062236488
1.3791741095562440
2.3351770995851409
4.4267964673176730
2.4369420728385549
2.8982369506051437
6.0247460035619600
0.6145243224032931
0.3675499472055826
3.1946332440759493
0.1808918470527542
1.5724069512611862
6.2447423003561919
5.3368767701824895
4.1037348589714044
4.8812700821289896
1.6184179720241589
3.7881716268672969
5.4235464076570796
4.1053990977494346
0.6282309829778523
5.3205834541370907
1.4406087608044695
2.0208827598527801
3.8733671252741928
4.2679607755148448
1.0902802902373057
1.0706101345482650
0.9030315785756693
0.8751766679272823
4.7147349987048610
1.0300981278188581
1.7219761029634892
3.3855365654702987
4.6409656815325642
3.2860221490627515
3.0243736646771762
5.2273120767563777
2.6879224799540831
0.4889730055992683
1.1958421804784192
1.7117853814934934
1.8780238165165399
4.5972203896227066
4.5530603842767325
4.4174250807575799
1.3206659702807542
5.6690926105890371
4.9320816803124972
1.6814629610278511
0.7688450917112627
5.5828395776690769
1.7603930638141476
4.0158305455062040
1.9165102397536986
4.5325239754822375
4.3148501381956192
2.8667948115773179
0.1145477478623474
2.0553878774156362
4.6879685838600871
4.0081366301850814
2.2988538396493143
2.5746859178828023
4.5019120082695911
0.7826581973546771
1.2547054157114577
5.0163288780506976
0.1548314237516089
5.9249455545918472
5.7825269681275611
0.9447665795536967
0.0035973522640775
3.3225474850268601
1.2952697139712748
1.9021620160954948
3.5278235608569148
6.0886870449270694
4.7590668250547585
1.3404424693946841
3.7501588499195488
1.1867607501176338
6.0028279303219900
1.7288523806994849
4.6948654286140075
4.8861531811384697
0.4576131137920260
1.1837251009746199
4.6257620817896772
3.1108269311524053
1.4009084516269705
2.7793799757734097
1.6900330660243197
1.3159120890840825
6.1811146457560326
3.8160374854377577
2.8251268084866199
2.5018407586019156
1.3097571996498347
5.6372712468934489
4.3903863830814984
4.7054067086881517
0.2236300298097031
4.8286816323426587
1.8679037692910991
5.2020087712191270
1.4984897851648957
2.5374954844754294
3.7318074170297075
1.2812774544842815
0.1100807818230728
1.8133619435212629
4.4810319280641888
1.9556213741182036
1.9915524105627844
2.5207933452878257
2.8158897339380076
5.3640577855636389
1.1785379404837677
3.8873825048134010
3.7560626761136784
2.7854934239781008
4.7985170654068252
2.6332184024058738
4.5016709607340202
3.6235020985028616
5.7290616904565193
3.7238681680535444
5.3514379422437282
2.7722080690953899
3.5297681373079630
3.8840281354082453
4.8580354117338462
1.4643321818213588
2.5732837521799041
5.5359724894711011
3.0982626018561104
4.0100562750703732
1.3052920907148844
1.0949326204284389
2.0202471867557055
0.8127959664043261
4.2766954368999599
6.2216787947374943
2.3601161878333423
1.5793933144512515
3.0645558249278708
2.1112646596340801
1.0574915977753956
1.6264237153405086
1.8046317621029677
1.1533148355673692
1.7389471011382012
3.4193047806439334
4.3378759638206414
2.7559662143492560
3.2763956781538734
5.2922022339021355
3.5114663870846594
2.0920195578278493
1.2861047770168248
6.0062704975724506
0.1783261197320291
5.6833064806389908
5.2258859666679660
5.6175157449075783
3.3118175555041671
3.0394394597162071
4.4640890289985862
4.9672845551763274
1.3692974857923590
4.6141623801312539
2.7281268029986148
3.9802535301080115
3.0432026096035951
1.4090515142085633
5.0086597337918271
5.4448298034732145
2.0551628615050288
2.6452768734468042
1.8303340457250208
3.8274909023394286
1.2748558912629551
1.9287379432727387
4.2824523932117513
1.1433030284112191
0.1726215070347747
0.4530780422944061
2.7849044804899181
4.7293048416571573
3.9119615746060510
1.6108367303125755
0.1233585688847906
0.0824261186804536
5.7413171832749885
1.7635689505022865
0.4192377588315446
1.5167535829723229
1.3976498700294269
6.2781814363433792
5.1851819485159174
1.5809790097995258
0.4297325847878577
6.0508883928340511
4.4176252098344095
4.7028604771403559
0.2850725568952160
1.7526616658960588
3.7018036718379093
2.5136121058914020
1.0670304478947654
0.9018579223777146
0.9237940747514471
2.0088520202797580
2.4488061120295384
1.8324294215024817
3.9726805664672979
2.0116686067567389
5.3140178311656348
2.6662335947857785
3.8960413164764138
6.0760613118517179
5.1779626285913256
5.1131702462296822
4.1007401764716072
0.1461294737326877
5.5086877317853800
5.9763455505448144
5.8061336671306139
1.2223204631271258
5.5142828707092484
0.2641281763114152
2.5830713584152787
5.7652211435651424
2.2948171145016039
1.8690262267267737
2.9761291476334319
4.2747338749851309
4.8582724919166260
3.0222720178284952
4.3274659426472697
0.2984633615946538
3.3856261931191312
1.9127395125326903
0.7962232526337607
1.6812977555798032
0.5971610084668799
1.8675331240384936
0.4259192167960115
1.4334666751745837
0.6849779742489290
2.2999712561279084
5.2332582710954672
0.3990597499327620
0.3257229083082994
0.0466953909761340
3.7204725852395151
5.4532837674287782
5.6266241079727903
1.0139667449732399
1.8852183731835681
1.1327783579427653
3.0858865080004443
4.2314741211329734
0.8729296360156346
4.6085886726739611
1.8095332302686367
5.7028732813518408
1.6856295828509593
2.2344950285877450
2.6740474552480209
1.7418047031947737
3.1912445795031936
1.5375703644790473
5.8541789433368621
0.0052765904218321
2.7650018400077729
1.3109269155900214
0.5733828033944345
6.0857995322700917
5.7737684239574989
0.4036365386026147
1.6288365422201905
5.8143877756464111
0.0171236254802067
3.0698150167436862
1.9657067549242295
3.1152697006983936
5.9290215770138373
2.7788813007038646
5.6500577559209200
3.2473006545045591
3.5716220103209007
1.1733470027811410
0.6292197134301193
0.8748511520291273
2.1338429498454961
1.3281550426207001
5.6360151811597063
3.8480171875939018
4.3019331277255333
5.5375263676212505
2.7163386768184368
2.8826468389049187
2.4001381222455445
2.5060676785622871
1.1786277877666682
3.2561450280882722
6.0436272797804342
0.8386400689852642
0.7626410850106170
5.5081852075469104
3.7243561867793900
3.8930766059512760
4.0071401914795572
2.2131257353761686
4.5378325429252691
4.2711415360935252
5.6762361570300923
0.6588151074242306
3.4416783864811116
6.2473359257510657
4.1220243991709147
4.2521311813897098
1.1513466485896644
2.6372448118723582
1.4651338913740182
5.2125192971137393
3.7481327431857587
1.2766038004064875
6.2487810365764362
2.2604861187753200
5.7201916437762748
0.9535154788293206
3.4227199694021779
3.2617104036757958
0.9920189892395095
5.0644834879506373
2.0393989663289407
0.2079091416729828
5.4511347094995877
5.0250155493983915
4.6526001890485071
5.8458174619060772
4.4311182217403386
3.9195406683983065
4.9973939631519073
4.4818397820670954
0.9381895707615753
1.1696430304469649
0.3249588689630546
2.8788684828122584
3.8658126306049700
5.7470817411268529
5.7125834623036127
1.8831450910574881
1.8758789598387626
3.1848453263036056
1.0207134794945651
5.1139843554649804
2.7009472771235656
5.8905652812964062
4.0290172021133825
1.2254764571921182
1.0330942368924600
0.2984351062655407
0.7509890742867938
4.4991370563441295
2.0405635966439784
2.6706722393611253
2.6772332951177518
4.1121012328394526
3.9065694488258034
2.1639469366652047
1.6617917914706142
3.3353488126081103
5.3758078285348629
3.2909236743779360
0.9691260923528628
4.9406321256005006
3.8623979844373491
5.0270803270562983
2.2179658538541593
3.0716395081932601
5.6907343825184089
4.4360862383681763
5.3566111845959155
1.5460215122140752
6.0198642409364069
1.1476105618593992
1.2408550446715327
0.0938132035875540
5.1108378822617073
5.4849017844686694
0.6484476550872564
1.7253673912148844
5.0411295049900646
5.2527966571683304
0.6331136270290697
5.9474867063891530
4.3528307488257028
4.8434481166039998
2.1047772610840680
2.3803037886361946
0.2911417300256380
3.2430338758066015
0.5852559965435418
4.6346665114357215
2.8762140253460848
2.1159880028460045
4.3078943719812166
2.9823585872435090
4.1836433567464244
5.3230427073796065
6.1901091713359540
4.8659963416627763
3.8183112366800356
5.2990417916605752
6.2814795710392994
4.7707507871924033
5.4464146323860225
4.9071072106338649
1.5780212693911118
2.2544701636480982
0.4986832570134998
3.4816430588365934
1.7030067946601601
2.1965806516424538
2.2616898978558222
3.7797876029611479
2.5113301286556236
3.5467288346823280
5.1278511148142982
4.1605283651725404
0.0776337903765041
5.0703977729044816
1.2893136030458106
4.7536074338842527
0.3312495821116659
0.5860399577760734
3.2814533819624407
3.1672612422564717
1.1385915218283233
3.8956781606315212
4.7974700951585048
1.3145096231237021
1.7676349871566002
6.0261691451635224
4.1106954515571275
2.5050122669403296
4.5241314901437910
1.4028309231447498
6.2576305982188671
0.1084925364730151
0.4912206585544092
1.9412302636932952
1.7962710862362832
5.4060901050954460
0.3920534780608526
4.5371125453744154
5.8352154978523654
2.0391606976343284
2.8043691617921911
3.5458514839444950
2.2919476748661580
3.7142449507243849
3.6187107018924385
0.4032286479503724
3.5892200323363932
4.3068810548939922
1.9520768567041591
2.0443180391373774
5.0897458459683298
5.8867463712779813
2.7905538828070506
4.3157576383053717
5.0575208968173797
6.0478791580476496
0.0366149300744601
5.5053888577336849
2.9076936492161751
2.6721941524835868
2.9019211774046187
5.4992881830284617
3.3787524994020259
3.0238954788105947
3.3149593197071741
2.9021231095350690
1.7584380603920311
4.3169307783892830
5.0722286570152280
5.5094645239600313
0.4551586811265938
1.6750864529478140
4.3390023197169523
5.8514429649027919
2.4644001242816675
0.4292381524088618
3.6534430932053281
0.4871273734997988
2.8865793735303256
4.7385494765814480
0.0410435080167218
6.2705655819082731
6.1253276283958593
5.2969682737228876
1.7145225278903502
0.9891315113160334
1.0120368265339690
0.1375481686203722
0.2122809504178459
3.2237122936729077
2.7825576583010294
2.4057386668539023
3.7120785964663607
3.2246407203168319
4.5190634041211748
1.8618886295204427
6.0536295877901098
2.4875826689541580
6.0802781257570055
4.6906341658730701
2.5600889526152706
5.3544662955243911
4.1092207884231113
0.6980062783194553
2.6371918093642672
5.4571817888688461
1.2431169901915777
4.5377781595263196
4.3932573913044672
0.3692329636374341
3.1831899910108215
3.5423916932390336
1.9585671696517770
0.1822699130017588
2.3260335986915668
0.3474636670021808
2.0452729599093966
1.2729609690194288
5.2692283803367417
0.5922471286671567
0.3419888212284466
4.7536934880239281
0.3094020275231322
1.3834156738230474
4.8790465103940033
0.0365439413700005
3.8086053538937810
2.8168060351632125
3.1390066494890525
3.2238613383664800
1.8419613383908058
0.8528199963722136
5.5941023999531296
0.7761756192142820
3.1119401507219782
1.6201113044096558
1.5158606245080788
0.6874984181157471
3.9969754814855776
4.9281863221091076
3.9890818589312986
4.5559637807560458
4.8141901164811847
2.9844471345342356
3.3124540678517276
2.2314339914829415
2.5054435165504785
2.0270935871023479
1.9017151184957466
2.6128030827151933
5.6014785129134896
3.7935336929892802
1.8707045100360635
5.0625952233710336
1.8818974654666885
3.5234942710761410
3.4230877135395636
2.1177252280173500
1.7975132931960209
1.1107366389426974
4.8490440493318490
2.1662914371089230
2.0602901086790504
3.7121370136970069
2.8194030054457770
5.0114832605131605
2.2315225227421807
0.3130647931952296
3.2383571015543167
6.0859504992263878
5.3196445791259679
1.0971065158048179
4.8790203542424644
5.0191125222060977
0.0476671016966847
1.0576734153580158
3.6024524666801532
2.0604459303976723
0.2155309587009857
3.7076443335610239
0.3363281764748763
4.4217335435695047
0.4016900412919477
0.3942320381158477
4.8661736036923111
0.9653670203061729
4.5606773105350094
0.0312714310356079
6.1751785828828529
6.2308895842387431
3.0678058586062043
1.4854254042900856
3.3866045722471978
3.3530873083996018
2.3248668242835393
3.5730050298506848
4.4026152997869863
5.0091777832778570
5.5224096748846110
0.6728903824030933
3.7055072362268744
0.6569826251309652
4.9254023446239490
2.3627752749528113
5.5947365207609581
0.5987501675326622
1.2392669655065733
2.4406345564843339
5.1269667860284391
3.4275725346586903
3.3990068611776838
4.5910349673133055
1.4016261340632066
1.5427013824280120
5.4390497634927977
2.3493397528640081
3.5370447164598549
0.3395524498555574
5.2653724023451245
0.7476569889826717
3.5592903346742961
2.0674802249113844
3.1214709851502835
3.3391993414155516
5.8887935651679637
4.1635259525528037
2.4345567998689002
0.3497657730490970
0.8070105998335252
5.2780876171769835
1.1660292385282689
2.2842273082411562
2.7670745639597483
0.1645085353127204
2.8657089366122950
3.1805731351475579
4.1826723708651210
0.2297661036739227
5.7647578639519832
0.4426728752836381
1.3771498399124276
1.6863271164363169
3.4452723182278446
0.7699741303730772
2.8874665351653475
1.7597431821599860
1.0986549644123587
4.5276654597204455
4.5095934670349527
5.2579070041165146
4.4078320275089249
0.9095371957953293
5.5316572124790753
2.1786914398793820
6.1027636009621151
3.9071717340235250
3.2934592802760121
3.8640405779787934
1.8699788012499146
2.2324097625871611
4.7251098375918366
4.6883479355169024
5.4229675902474304
1.7099826249817534
4.8409981813377145
1.3456202910198707
4.7463080671843558
2.4200651931090023
4.9802246329319253
0.8323723257308736
1.2237727240223752
2.5869284006120843
2.8242485259565147
2.3749025743991363
1.1501701807650071
0.1833549356653492
6.1149799070439235
5.0974766924896988
1.7619993097797273
1.5024570989105572
0.2674821285383440
1.5577247748305474
4.3207200484163089
5.6842724131507154
5.5431201242764683
5.0535905203169245
5.8998826923559422
1.3228207125380287
0.7122590002371479
4.3919241330911669
0.6600832478080785
2.9509128562161226
3.7461674824744207
0.5106089604140468
6.2442418380149851
3.8974896390941667
3.0238431350923349
2.2659717456138639
5.9186587961939034
3.6088523314718906
3.1214467558991426
0.8405838416996548
0.8497088621143810
3.2206633930289796
6.2572718800982461
2.2399266189054834
0.6265622535103652
3.4308021337361314
5.1638675922466728
2.1761381505070641
1.3791497106821706
2.7963597606712658
5.7441737905744210
3.0183015700947760
1.7740947009920807
3.2098685368430395
4.3660793410069498
1.3179904495831751
0.5806416755362380
0.3679554748753808
2.8579619290725597
4.3308733338579062
4.6474487278219208
2.4404413471075910
1.1720154078911524
1.2271390486022298
2.3280252174583955
5.3991742566569023
1.6453034311912640
0.1768985035273715
3.5285519284269142
2.1858024327442207
3.7645263541980665
3.7411112391606118
3.6025609679371327
1.2011561222393907
3.6813453523063591
2.6557416390456487
3.6410624117947008
0.1351028576871750
3.7866690233995874
0.8194496385957378
3.1661794192702057
3.3341536783413659
1.5941926578627241
0.3315288446082579
5.4190556719584313
6.2332380409417221
0.2322582220522020
3.5522162610907944
6.0054715358758735
2.9802013473737778
2.5016232504399385
3.1843086225707848
3.0548071258698877
4.0340522260102043
5.1183039766928520
4.6481480340567689
4.0235234556924597
1.0156909039346247
0.7141560085533569
5.2102068670255912
5.7284697485753471
5.9750849713155381
4.1114494192481201
2.4202302759668881
0.5452568821315353
3.5304503449373277
2.4147882559456715
4.1873377160560814
4.0471650499427909
5.6278425273251846
2.2773747779514588
1.2764634417052172
4.1556570984764605
0.0132867852165404
1.5629561976602788
2.2244804092045825
4.0102270746309339
5.8918871068232503
5.4430777855125854
3.5167801329820150
6.2460386110833781
4.3388120443988081
4.5197815371108181
4.3227990935935789
4.8268221099189894
0.3526655576971626
0.0783513351811410
5.2819840416520121
4.3844886041235238
0.3055181989881623
2.1328085040465457
2.3263075137147120
0.0236170554013162
5.5088257612406677
5.4056144942056408
2.0579236879146050
1.6066100439806266
3.1576765380490532
3.6472374009454880
0.6629230282706183
2.4866500680900105
6.1300148630937272
0.0073801098570517
1.2984012690646467
3.8982728547730363
0.8084506030421722
4.1288898661133588
1.6035568575353540
4.2431566069108806
2.1169833339676285
1.8193575790926702
4.8511088385080825
3.9253857871783597
3.9217825018133849
0.3717614424901518
2.6850364915724074
2.7961494475265405
3.1996319288600676
0.6423938530392320
4.5037489641315007
0.9423169570762544
0.0875352568552220
6.2448448249543800
5.1552870440784213
1.5452843196108133
2.9994890217161538
3.7549530438738001
3.6638318871226208
0.5910527107890884
4.7690942618653098
3.2369035546258260
3.9211542149843699
2.6047045255090366
4.7019878935039436
3.6457243362510945
4.0685431876696327
3.2305401338299329
2.5885967398887919
3.0550041219880479
0.0048429370182737
3.6141202071783223
0.1969672027082599
0.9985411289770540
2.0227012484549265
0.3857289355357584
3.9937982832568140
4.0725956096468510
4.5844299663714514
4.0844557896238713
3.6441554734315269
4.5769550448036878
6.0131337230130990
0.4164891967175743
2.4084250916055567
3.5056265922100240
1.8508898250290569
5.6069767265599193
4.0433328617327433
0.6912669673229759
1.7522055501737606
1.2476836601278583
2.1462318271579841
4.5598209493873476
4.6339214995364504
6.0047187577562156
3.0625755900050429
5.2269892733621894
3.7266229299731197
5.3293335113977394
2.9106241106746782
4.2279917423869726
2.1516033504569854
2.5365514929448101
4.8275224561995493
3.1256771682513831
1.1761904373625394
2.4945571149397301
0.5234888189440043
5.9366365039902282
1.8237177420008936
4.4157744761017321
5.1574892285090588
4.1019939599333739
3.5870115772742834
1.3594295710863320
3.4167421168817613
4.7064138595472844
6.2188980736150716
4.4083377900401599
3.0475083928033353
4.8032300717471754
1.8636276326525547
0.7595235617926156
1.4625840445136047
5.8656500562128633
1.2198341807496988
0.3868989209341502
4.8721599025758344
2.0570564730114187
6.1696631516975540
4.6762227751904053
4.2914126910651405
5.1629214691922796
2.0294654445503579
5.7157174586250461
0.6366953032066290
4.5166003543839093
3.6482091500611151
2.9319215730728807
6.1395575926752084
2.3693062134549501
0.8327509134106474
0.4551630971109042
0.4177888793320009
5.7939744101596808
6.0992640116030445
6.1113367933045728
0.2034166578504385
1.4452005857463102
1.1849836583797373
4.1227569026897557
0.0532694620060169
6.0045032440730166
3.5359859488959349
5.1421076980926665
4.1366666160485188
1.2200357298899542
0.9947141827197609
5.1672727520161406
0.4276139639185853
3.5667738633780530
4.7520120817242431
6.0823892902033716
1.2372736905366242
4.0264940953910600
3.9954348091259666
5.0881579237937506
4.4035070151878823
2.4516128788944664
5.1283310926529726
4.6483095391130735
1.1635938322345838
3.3421310186190349
4.4849305707236828
3.1515936046241784
4.9682953099272105
6.0494645095628687
2.9648728719772395
3.4775072279961114
2.1724998085732401
5.4593498601650845
0.2314525872678802
4.9895457478614720
2.4664622968231518
5.3006400960531819
1.4749312586252414
6.0085116768603202
2.2146610751019686
5.0600577318736990
4.8891345119503100
2.1761531495727162
0.2791231886075001
2.1652443355336968
0.6905977063758026
1.5288656545203922
0.3082593913645034
0.3568307513633381
4.5018365768657818
1.5247936562417632
0.0178026980195933
5.0824757427548111
0.8061314510505101
5.7111223575291010
3.3861471153487539
4.7134959878768266
4.8476154382849588
1.2835462931619352
4.8729269269827666
5.5833105325136909
0.5177375409760373
0.4509393810895858
5.6910760133546434
3.4758661034122054
5.0995334021199952
3.2188635976445550
5.3948101082183335
1.4767864723291300
3.2115382424316663
3.8239996372224181
6.2429164346419634
5.5470966158975390
0.2114041576117648
4.9540074907679257
6.0509265472843730
0.2420510651889522
1.5708212636927821
5.2703686078309220
3.4037755596619501
3.9483895967901095
3.5383178191889018
2.8987285271949061
4.5280041400390463
2.7390544547765776
3.2135039777930379
5.2000854388468181
1.6427022582131774
1.2494908355408256
1.0669331309964329
5.4100122718701762
1.3669152906830377
0.4041244701601481
1.5505252604149899
5.6474537707898760
5.7507955144340714
0.8009866966689247
1.2466209009601759
5.1514849634999047
0.4032817671889659
1.1806872659580956
5.2517343848941263
5.9327453407818771
0.8074156615219135
4.5510479906971693
4.1148814333488879
0.8223079854362031
1.7051355244804285
1.0029938578210671
3.9952373649894537
4.3372903686274293
2.5607532485368187
0.5413381959390281
2.1231603504625047
5.1383579103391863
4.1835406390672123
4.0709184176671496
2.4059131233956812
1.3934605044302606
6.0786750078005269
1.8769700984970425
4.1928165739783712
5.1475248357066556
4.4193994900062270
6.1910049433035805
0.8168478576539943
5.5358768862199232
1.5077701124193708
1.2387369953072092
6.0601621346669141
6.2369627557067195
1.5198562748418818
5.8555241142878272
6.2710983152076425
1.6511764447520998
2.1688634696427487
3.2098897758517744
4.0582862052635704
3.0045116080128769
2.6599881694128085
0.5637215475651283
5.5264536051856661
1.1927522419668226
6.1570008497434010
2.4832650347566645
2.2950325761830053
0.2976646104130717
3.6631181676404987
6.2121849574276542
1.7894689138351105
1.2865834853266900
2.8845429915408061
0.1170649108077398
2.9074942291559345
2.0523166878203791
0.1969116559148848
0.9454890037579515
5.3982420706831649
2.1376282977383334
2.0939039303607245
3.4925405773176172
2.6651694370338679
0.6423804490436229
3.5531108891904548
1.9578011627383718
6.2571835665564413
3.7808098436431892
2.9190066115747659
3.6539515160261788
2.5267343996599205
2.2843596780145434
1.5849493328797568
3.8771845485112717
2.4394597217567187
2.1473899814194581
4.3329878457240634
1.9427280107917919
5.5129762663596606
1.3525746517094195
0.2900651961215209
3.2115493221260598
2.2949002123189319
6.0234881805525653
4.3152616471432994
2.4880080492922261
5.0038697411827737
0.8546622085812448
2.9775486298382350
5.6044876554067251
0.6815827676944967
4.0123684484350726
2.3558060160377190
5.4950094044426487
5.4285619547809274
4.7588177683693642
4.5134645723229996
1.3726894810819272
2.8594072159139787
0.0524861400141315
5.7962275663495708
2.1899949986015894
3.8319060976637958
3.2817809391282471
3.2552997568337725
1.7442835465722548
2.3064317287578349
1.7191947562544370
5.8759664424422633
4.9936503842675695
5.4589132725632172
5.7965941230965781
2.0045885287986644
3.5756309395455252
5.8972794488802265
5.3297956855484587
5.3455522449971644
1.2162891959651612
3.8015825821207643
3.6562592257022595
6.1761677242171915
0.6899274972123921
6.1964492369039208
5.8748363268748340
4.2708210593938389
1.4896885718517454
0.4311699394014459
2.5778106296117200
3.4114823083081429
1.8265880870082487
0.7779647848656991
3.2961194041417254
0.2694419750028107
5.4223730485211288
1.2509448613195100
3.1201161730077085
3.2944361813161938
2.4257245872907665
2.0018202674676977
2.4030390774930064
4.4742571002592086
4.8234193229856634
0.6787287234140476
2.5298227497029591
3.6381773139901084
2.1767230668796134
1.4963543321314026
3.0506446900225508
2.0338125710142121
0.6366474811857694
2.5539792764041942
1.3660776623425586
3.2355194017523425
6.1483210979400562
2.6374961608283951
2.8929228130251108
6.2177229921457000
0.6463868446927222
3.0092825540381432
3.0787992383302241
1.4868570175779188
4.7244139686494453
5.6459594828634332
3.3665244606214730
4.6422308560917847
2.1736650329664058
3.3464452422335698
0.4832530819428343
1.5447313622389718
2.2451193587068006
1.2178767398340971
2.3071576238625475
4.8633729848828491
0.2391395980477627
3.4429815371849686
1.8056488766755385
0.1069751924901978
3.9574538418685519
2.2777800876237215
5.8642538686865517
0.1325350225082298
1.9531905360355812
1.3788923058710982
2.9569985094455089
3.6408065015313018
2.5734904107372238
0.8084238194320931
1.6482975868892449
2.3017887172959495
5.1845984732311710
1.5200455869164964
0.7766490785140484
4.8282341833408502
6.2096832929132244
5.8381869638467068
1.0525761841365684
1.5610874851006753
3.2426365082538120
0.1135652430595452
4.5798123199643710
2.3276862883836134
0.2151956356812673
1.2856063076447704
5.5407727768459774
3.0890601033855356
1.9152125740094039
1.9495059168243576
2.1160892502035713
1.8887739576338354
1.0934622554655757
5.6286819688346625
0.1288082430323386
0.9646894675566666
4.2523553480882326
4.3612394757779773
4.5203288624995865
4.1647799664589664
2.5469564209831548
3.5847364460083342
4.8188464217903499
0.0550596657623745
0.3727902887512166
2.4098573760065420
6.2596300972490821
2.7615290971251256
2.4316228278135470
2.1935542527673961
5.6106896565710294
2.9254435468469921
3.4738195987720406
0.8910183187421442
0.4417617513438556
0.6144710692406153
5.0583021248085984
3.2602562473675456
5.7500336000879742
2.8127400194812662
5.9990649847316728
4.9482386875955484
1.7868679015153490
5.0496578410432065
0.7241824156279705
5.1036225921406677
0.9586759292344369
0.7348515151258910
5.9658081027479346
0.7482854519445592
1.4925179511206872
3.1363178497737425
5.1729439695994479
1.9504324644663689
4.5183116801642935
1.5895282331216967
1.0732982983877992
1.6803265118727757
5.3432801225502891
5.5826248405055194
5.1925864225163405
2.3996682207673654
1.9815662750146525
4.5536142495851974
1.8894430579078023
4.3084174768924957
1.6009051319582117
4.8755951252677345
2.9735769800715213
5.5017740441204852
5.6415946567166051
5.8440036412993477
5.4910981896737123
3.7157036750393733
6.2399845439214650
4.2923776520654799
3.3786400793167384
1.6606608978847461
0.2584488842045473
4.1195459274279500
2.9597147176476013
2.2023412184838174
0.4891918338553334
5.0141538339290523
4.6677224725189497
1.4513668692053079
2.9284283261932447
4.2071108821132759
6.0014701677697619
5.4085607601631569
6.0121571339276016
4.4027193149027344
5.8707354501725248
6.2573485450820385
3.7402425308127669
3.0786286138462806
2.6736480712096431
4.0222448999843925
1.2593113752880936
4.9846583684408658
2.6004512872853542
5.8462871588943601
1.3336416591831590
1.4436007231015726
4.9540143366744012
5.2794784347017840
4.1418167289626462
4.8252594932246167
5.3776040169803796
0.0223574480196229
0.0646431464023569
0.6179071336377109
1.8662029600001504
2.9339806423934203
1.7968458646605892
2.5612058966194340
0.1192569490534072
3.4573029666802375
0.0733284824174064
0.7597129553971927
3.7004379510814598
2.8621034058414110
1.5157696265949712
1.8970438807074352
4.6222425899432205
4.2505168905441248
2.7499657357567195
3.7818539881071418
2.8513872115942491
4.3398402937047180
1.2892092314270058
3.2615222972743538
5.9836826889970967
4.6652367568689970
1.5163510329875134
5.2617574434022627
1.9540533362746639
0.1254552295093998
1.3332621213589404
6.1881466269821894
5.3863386771397925
5.8411219037279185
6.0852233737383097
3.6665176262741683
2.9582020037987884
3.9507137694479879
3.5829375462091666
0.2260715930483026
0.4931657856040561
5.4971080260704763
1.3051628100251513
2.2200492305267425
3.1408153834746111
0.6930064808563364
0.3898313664392731
5.4383390089756736
2.9013671835880537
0.2533215861186205
4.2351537742499445
4.2449458213602025
5.3234455627328812
4.1443020400765391
3.5036843030953757
0.3713569596101820
3.7820606214511794
0.1649754781269307
6.2168060719436635
4.5081788852321187
3.8804523963895599
3.2102392479914297
5.1921279839594758
3.3424137126156994
3.4027592515897176
3.4315225089698758
4.0402765418477911
3.5695161234866428
5.7712370084829159
0.7943621370211403
4.3317270482246331
2.7096855794232058
3.0105207738561965
2.7795524924094743
5.3744199981816978
1.6998315851680961
5.6759680778236712
5.3194819028228499
4.5195828523630119
5.4285958348378074
5.8170394072508342
2.1490662517318788
1.6097037452840903
2.5447641912153069
0.3809339101602463
3.7046073414338236
2.4943007538004336
0.7330682754332872
4.5251463522350575
0.3324306723851991
2.3076560227708991
3.0642468208105198
2.3678005878942181
1.7451641637442097
4.7041944849925850
3.9876869653926144
5.1696884868738522
0.6059167419707706
4.0279027332644741
2.5963012983049403
3.5350420725539076
0.8442022740911912
3.1919763433495856
5.8131619906997578
1.9788488209247697
3.2572182414148680
2.3168084445728510
1.3898598769038792
5.7635071196998329
3.4765817963087242
1.1239245310397685
2.9647407029418722
3.2991865358346648
3.1099842687301638
0.9665783742782473
1.0807936951963950
5.6169232587867866
3.6488293263590985
4.1775050647232419
6.0895943423836174
3.0855967835701033
1.7412458456901521
4.2060614156221083
4.6749932631140227
4.5044775985634073
6.1165319072157951
0.2722771851495803
6.2087059234136621
4.0321807473785372
0.5384313683579093
3.5632061756745559
1.1256678964381222
3.8487460660546002
5.5640659782925130
2.3436633986044324
0.6613746045931709
2.8643219484411246
1.5611792827749644
3.3568468011416259
0.2345478950549603
3.3891095788606229
2.3801622642076046
5.9515156450390254
2.5245376448402514
6.0769531643962722
4.0099309432918604
0.7370196488005629
0.5747859831260690
2.0934199169349905
5.3267641272315878
2.0946271185827245
1.1064361729894774
2.0646135849518568
4.9648360823434814
4.0858597828630998
2.5457145439396989
1.6750489735060121
4.3292117958003082
1.8358826953606258
1.9243617013862755
2.5307950547489426
4.2790275900862405
4.1044220859732308
1.0055041502061506
1.5860014621721139
4.3496904697204979
0.1474821393527270
2.0290390750451039
2.5873413440234208
0.4840937081759537
5.5035311964715250
4.3957033919311597
2.7597828467357792
0.2916804092949071
4.9827678847805039
4.5560586448865266
5.2282461541099217
1.0811323424788304
2.3071267894188088
5.0588380487593563
2.8438577808755281
2.8019207518740168
3.0099632037436082
5.7373862518297800
2.7524525060280296
0.0771641019158012
1.6219473149775583
2.3305539852023354
3.8668009224057416
3.3993598413752100
6.1332542788597282
4.8455952173883530
2.0553086563096961
1.0228269768642926
5.8768995927452705
3.5033535951961521
2.5475579600335783
3.5581368704374703
6.0372157947919787
6.2678350744086995
1.8967618414593299
5.3661978398073922
4.7939304214486631
3.5893431667311351
3.8173457085775668
0.7962225450248670
3.0137864872336531
5.4844552809280671
2.0841414347814253
4.1724218061963931
1.5728384170806688
4.7336872045749399
4.8915481089882746
4.5294228063472843
6.0410252687109702
3.0280495423441609
1.6244252617205768
2.2615368662815616
1.2536961399727036
3.2356836520080630
3.1451553413294309
1.7846796914166072
0.4755478929031700
1.9939529376172296
5.1126589509690543
3.7728158835399288
1.8573702448345430
2.5858828380436201
3.6755011410242737
3.3938033622991219
5.6093671235501326
3.0442997702080232
1.3406706768278400
4.3879178890132930
4.3624923354915266
3.2804538499843741
5.3070696473459673
0.7229294898212628
0.1813365976779300
2.6698047048769302
0.7253946150174857
3.7139036715893243
3.1687189455402480
5.0607080443533929
3.0917099118829912
3.8905248500852156
1.4253324310053745
2.2951400690824380
1.7795814945048758
0.3960204740989562
3.0054219614231270
1.8320708666811223
1.1362370657095024
5.2212968240333639
3.2516416409353419
4.3614795492301432
5.9010448577352594
0.5148648166496747
0.7690999380849505
2.6209005612793304
1.7122349331301183
5.4649620466400082
6.2498398946102753
0.8820889423082784
2.9028871452368690
3.9011581192232687
0.7778367403069730
0.8044622756647619
0.1858717117072210
6.1208142104646530
0.4992185580820701
4.9253853834581323
0.6315788288202463
5.3452253076756211
3.1472477067339284
1.9957517855558129
3.5728624827182593
4.6801156160531479
2.2001133268348747
2.3088970705384302
2.5332523783616234
3.4608209958073237
4.7065850655857648
1.0769652514114239
3.2713537398851185
5.3023580327811173
4.5126676904430774
5.5976478270402579
1.3903737863837484
5.3275484498438166
6.0771131800638551
1.0127737074153040
1.4689093659153896
2.6531077821596267
2.1021620473772709
5.5949931246868250
4.8060654633298014
2.0111497902011530
2.4312158323570725
1.1537086264218173
3.7993273169895945
4.2428373463575202
0.3285462981805001
4.2223011417419292
2.5753453840926057
3.5532358925874776
1.2360411864835599
1.3538116320528268
1.1303402559575848
3.1632482465775027
6.0970144107888107
5.4904029203338709
5.5481240552960678
4.1395346794860650
2.5560534869622771
5.6838665153272565
0.8228670736630844
1.6080062821430576
4.0977786499531224
4.2605337533289749
3.0650064062912707
4.5701435298165460
1.6052657891561559
1.7611656894711198
3.8710056736983023
2.2358594426286187
0.8519803069257281
0.1930415069371830
3.4934144655786956
3.5601600542268499
6.1105499604418370
2.4917362865238846
3.6608936403224042
2.3915095419497168
2.9532993090722264
3.9884588560238989
0.6543882699612106
4.7797177399213444
1.0035438488760622
0.6596781066111802
1.6213406014787974
0.2719907557369952
3.5915950038263702
2.6815682102266094
4.6106264123677398
2.9626682602095484
3.8091281525884839
0.5401880497609738
0.2859546198665160
2.0971949276995763
3.1638979934735620
2.8312199478753644
0.6622644862037235
1.8890496466459379
4.8838602555607169
5.3970141731659274
2.6962928458028759
2.4873226360990897
2.8253491724725017
3.7857752112128105
1.9874313477638426
4.3853546035426829
5.1972757908348060
5.4664440899176538
2.8494104998536431
2.2863571522851140
0.9725373512418093
6.0854683746263731
5.6573703128860915
4.3076565945903837
4.3495438318231994
5.3955610560224825
0.1973894447771223
3.5050054571363045
0.7339000362529894
3.5247694017501106
1.0791006879077369
2.6659519717264120
4.4492807521833555
2.3495106824044125
0.0221120354561359
4.0998811936317558
5.7604189999712050
3.5727240047785864
3.3329448953700203
4.7229402584899685
5.7342652788788788
2.6584195068764278
4.8802446931385024
1.1675539454398081
5.9147269323077980
3.7296945771845791
0.6581494062666915
5.4710511945040849
1.5878645350213538
6.0012109981444324
1.0619295599671497
2.4465060031615571
1.4462494598892581
5.0094187499163523
1.1591170525201009
5.1164872063182072
1.0812410137312007
0.0062680451082064
0.3524651656639607
2.4742217602789669
4.1751499400948440
3.4712448777291600
3.5684694415323328
0.5920953160042063
2.7686792343823670
6.2702767976618468
1.7062628084380462
6.1811574684409454
2.5115331820369118
5.6283901390049014
3.5474522359197498
1.8206260635148024
0.1310646985050772
4.0671654011391221
0.2780647596314189
5.1429494261182542
0.9239678111693175
3.3357133790916262
0.6639857608183867
1.1028637745940300
2.9059531096338165
4.1423088078640911
2.5975959562858293
1.8882690262832045
2.3267374287478439
3.7004909128290020
6.0452645196772625
0.5362210853771178
1.9788912181771545
5.8994811944576435
5.4201364954960836
4.9005948849930769
3.8592082339841740
6.1309492772817746
3.7396456435151690
3.5786575598669672
0.8679846205224069
1.4696048673304629
4.3436511561407940
0.3111889637833589
1.1187144580243273
2.4155272299648320
3.9052139535235662
0.2536199633405463
1.6085674467605668
5.8874814924729142
3.6590135800363912
5.0780177259725390
4.1461964772133122
3.1585167139096981
4.9346415024401269
0.6192561426184806
5.5640576339552572
0.9250093172637432
4.2435328070582292
5.4608736761015679
2.3159793824750712
4.1830293218740477
4.7457764219770890
5.7058010427213155
2.4655266527887125
3.1512974998647620
5.1921771973363544
3.2978091894373569
4.7458255205975748
2.4868038402565387
3.7788706310619768
0.5513278020772562
0.1940242462131706
1.4059350204085970
3.4199400739144927
4.0232020843711069
3.9966729867028059
5.6692204211030006
0.8771448775157206
0.0356489837404778
5.4771421288524378
5.9424305689426493
5.8816290686923232
1.1857284341743120
0.3874169130329824
1.6752954527169630
1.6273371569370330
1.8111982320272324
0.1238936157943764
0.2647897020234307
1.9045985653851114
1.4510563899065805
4.8375129067075422
0.5718133036735159
3.1763284476257154
1.8103669702119400
1.6815300841476266
3.2948439528609712
2.4512667670538981
0.8616730208461582
4.4559048193963369
2.3642322288733553
5.8865054374881058
0.1875101558433782
3.9758179228403483
0.6092725980106413
5.0352512639877665
4.3792697819078583
5.2078638389261682
4.3072778583802336
3.7917758640656483
2.8956482927366074
2.5813959787261225
6.1491416667460808
0.8773050232287566
0.9622939166232979
5.9932482797337343
1.5697977531651934
4.9527859289233440
3.5359670040448701
0.8479035022101368
4.7855136747044522
2.9329731925438733
5.8104053511098748
2.0846011886997067
4.6124621659209240
0.4924781367426356
5.9629491852017429
5.9081628763416978
1.0672692274377786
5.3416367677145855
0.7548042835918365
4.2236064830349171
0.7216124670000458
3.7266991879758753
3.1669312614987142
2.3576526586864275
1.2047018940943841
1.6514364719215802
5.2347333577555597
0.7001432270883706
0.8924065967484605
4.2233386056474549
6.0015552132136181
0.7545728388137652
2.2656550187771658
0.4516456894173118
4.5608597458979698
5.2830046164654298
6.2308147456210756
2.6760637328934189
4.7217408551985027
2.6263072066973145
0.9132438567096547
3.3460913274749728
6.1186621892158284
5.2042325660759534
2.0969838524823010
1.5635007201533135
4.8526092537738759
4.8975590053307698
0.1440212175616428
4.0448317238203426
2.0565353375848776
0.3117669669775596
3.3012860320570345
0.8669425762000051
4.7706524343359620
3.5256081282825589
5.8122425068552657
3.3484194002506089
0.9261595728257469
4.7232194578789564
1.3624001370304208
4.9920902930920130
2.6854594867551942
4.1399790650159360
0.5994987455123905
0.4195810436205910
2.3322722032087921
5.3422423548065590
5.7315540786359795
0.4754052404162350
0.1659375024778132
3.0246433329172859
6.1995268700794650
2.4384803735009868
4.8802239640286249
0.6547648401156769
0.2543626901944396
1.8941094457248060
4.7412755075686261
4.3255317498870429
1.5753107899519221
1.9896849961440644
3.3578638579771480
4.4863487166110030
5.9328102145449675
6.2496627311258299
0.0252680894045586
4.3917538518389216
2.5946572696535002
3.6850582913083763
2.4769051462901430
5.3858153010637189
3.6259555363442959
0.4616258699455064
2.0598163710743935
0.3829922234047911
2.8450473166132775
2.5859455426245948
0.6393793740175324
2.5876601833098296
4.8195896321787774
3.7554671254001257
0.1646362627265167
2.5740184133361264
5.4715763586515873
4.0914613124828989
5.1775873997917019
3.2136178325967903
3.3379823342874406
3.5908963236946505
0.2121065289529689
0.6311221017506796
4.6418864421702315
5.1489716360243181
6.1251196448761354
4.5447865554255964
0.7453374818541094
5.9582933579150907
1.9621746057992369
3.3421587790182614
3.8468926967310271
3.2182684283294209
2.5942308019447959
0.1376252046904538
4.4103754165902380
0.3301823688263243
1.2228320913415269
0.6450783026772181
2.3146828982836625
6.1579352988207310
3.7287292581439582
4.2692303059565200
0.4912898677432787
1.7506052228978402
5.5940086062132091
5.2985631123693864
0.0569242230465260
1.9503863056727380
3.9745045610416656
3.0152791440622946
0.0144758277684440
2.8713170770360703
4.2071302075026802
0.1355256049382096
3.6269759986706829
1.7613044812380327
1.5242894719061462
3.1429589645847407
6.1353385543747141
3.6259676752570527
2.7763267761749915
2.9055936248684873
4.5475741375002325
1.8653459252668143
0.1634860190235338
5.2339694273788675
2.0910622270327792
1.3592089799085223
3.3274396526979109
3.1737604093671350
3.9880153555814317
3.2751873861446597
3.3158258658959618
5.9780357742637147
2.4086305655300086
5.1815435804023311
2.8406404892450516
4.8839011480207013
3.6769136271860487
6.1605151077542875
6.1079274982912031
0.3481589533306673
3.6953258014279315
0.6508497723850907
5.3968095703385153
2.4765669579735503
1.7932025890703898
3.2274335588673471
1.1173502396743922
2.1201689457909176
3.0688926161489345
4.6770590705441411
4.5944538538829942
1.2697236928094064
2.4774116158737978
1.0848227645286865
3.2685613891475227
0.9438142728254815
4.2841177428106194
2.8970371451058257
5.5078307483666071
3.0481176865186588
1.0428549953884543
0.2070729430504414
2.6916194348819613
0.6562213249513306
5.3266606838647572
0.1963596839943669
5.6689129877764328
2.0947003513281506
5.7779854821683010
5.7996693832494817
2.9982419999632213
0.5263108597415425
0.5986331784974480
3.6182146392723582
4.9497753353003464
0.2255150614769326
2.5728121666284078
1.2742692326163212
2.0816013887497506
0.5846344682158082
5.8157000054739063
2.8092906595180187
3.8441342195725032
3.2520877176033247
0.8954255319083473
0.9669386381551281
1.1129916371107245
0.2755666653682929
3.1104280115897773
4.0016654608700319
0.1064582580881182
6.0550416748122267
2.1992093217878268
0.7770158626875935
2.3776703009307090
4.4314647650870631
2.7123213944397082
0.2083943926485619
5.9470401571490648
0.4768361757083646
5.7613874064691188
4.0880964429461297
1.6672545627524709
4.6127976876064078
1.3877166888631751
3.6090447940855768
5.8856739879605957
5.1425603498042669
5.6368034634836119
3.8976357505232300
3.4516740535686536
1.6042092666190566
0.1021810471789451
5.3447023862612308
4.6306476075534011
4.7539777591794339
1.9163808344043785
4.2047552620474882
2.8797579264686668
0.9880490075538078
4.2724809826412233
2.0148031345409816
3.1673556259366427
1.3552137449826482
1.6668330419678463
5.1812759168040623
5.2325600611792034
5.2356678598441651
5.0996851150255376
3.6821912240216972
3.7520382653390834
5.3123550198359180
1.5803698333749370
2.1729278231845242
1.9622188668268867
4.6673045787435150
2.7350169720899253
3.6478617081243141
4.1205830846929210
0.8152993163451290
2.9436065883338007
2.7267338988785577
4.4390148144243842
4.3580982433119191
3.9947908850777814
1.0924454729047428
2.1288046860603487
3.0887576886169485
2.7122595378774923
1.8789495348932885
1.3481358695069336
4.1107968393821750
0.1983348514954398
3.6367262290926279
1.5981146260705537
3.0353851675561829
6.0656754785046747
4.7936197754151575
3.7331484119713987
4.6333006560235956
3.9117953765368965
2.0710516924018263
5.0190054786839013
1.6815410912714461
2.9809852383036901
4.7213836557972479
4.7417880510163499
0.3006354703559455
0.6835322783152170
2.7282743792448310
4.4878905697364733
1.5378997945393722
2.0147112294849396
0.9483985758856678
0.6208369865628823
3.9872266055349228
1.3562664934799851
0.8280136966988705
3.3620727891605067
3.6958465973113155
2.6926222062432439
1.4655207851663397
3.6913822490881181
3.6112872920752337
2.4058082271557333
2.1065880923181077
4.9781428036629833
3.7046539228393325
0.3566176988946623
1.6268607104026898
4.7427167043999230
0.5193857989380598
6.1995101736048150
5.9881500547935271
4.0193761063913307
5.9905102964898624
4.6176747634015323
1.3902887384457112
1.6691012895524846
4.1279516475680653
2.2593855986572051
0.9539801448531905
5.9005035759117055
0.7791526380932984
1.8689513073717625
4.8860727719155816
1.6567053159150824
3.5923951465853632
0.7782363732114419
5.0260131483323631
5.5404890507805025
3.4040072354593973
5.9456273338458301
1.1292078468098690
3.7276962827346041
2.2554452884890583
0.4092730579475101
6.1149590588305571
2.3103507685070390
0.3858929899506100
4.5613832009239683
3.9371553370000907
0.7528424051045436
6.2774891801547259
1.4042174789421058
0.2313135182215890
1.5611953210605087
1.9006392132948913
1.7304403271335305
1.3184679707222122
2.7738100655760354
3.2828595902374795
3.6483239189189915
0.3460417103140880
2.4909587086133920
2.4008318513707176
5.1845679536096867
5.1438021659483004
3.1265128747845412
3.3001540086684304
1.6492142358903548
3.4808502979496199
3.6354866227560114
0.2654258659500375
4.7623045141271882
6.0997836438253863
3.7370522876333401
5.8532364524354206
5.1027179734732933
2.8588246894262364
4.8159255436034716
0.5410784688074202
5.3298105601330628
3.6205879261748679
4.4687487020327623
1.7550124180202336
2.5228536962251225
6.2775553671388069
5.5772027161730184
4.2332461338434344
4.2484148418876737
0.4773566776709385
4.2284084665218407
5.2602729445198877
5.4896413242113073
4.7717510095464526
0.4543833788327662
2.4607077590703859
4.0420628118581243
1.5868806856743429
1.8302704757388100
4.1118091213204027
4.1593475574627519
0.9781124041627144
0.2983283378666347
3.6684623465295263
6.1876005321474041
3.7783836204108092
2.2234007001532978
5.7718917085030323
1.8081996065054013
4.7161965437970199
4.1615845620683407
6.0814702020132154
5.3988346745995299
2.5470608043233285
4.9221101923275352
1.5162448773607962
4.5579159550536588
2.1469807777540781
4.9510693877482632
2.5110712298851885
1.9681439224112831
4.1697053936230173
0.8006249722533292
5.0302155494863214
5.6333757106827891
3.1732805085175277
1.9514639908094975
2.0954540397785291
1.4772861406641200
4.3889729647138607
2.5258016642447778
4.5551522195096128
3.8363628048360381
4.9904098107701440
6.1255689455483937
5.2338056499908108
1.4168428906978952
4.1588009383332141
5.8352600475214231
0.3938225891443264
2.5499781526465153
1.1207815207583165
5.1616186110778797
3.7231689900233813
5.5456107776564956
6.0856494398168985
2.7125116855906737
0.1486535988683915
1.9716603004341131
4.3837212326075798
2.0545492776149330
0.4586717101719971
3.3432789062215926
1.5354561737441792
1.1223186868861144
0.6071460925222369
1.7494372231526547
4.0302565369779577
2.2274414912143516
6.0625931348482975
5.2079632967333689
0.8904354137425130
2.8085886247182965
3.6724269633520623
2.6433543340612498
1.6654194724314599
1.2133740561956006
0.4591326004836639
0.3108288722169513
0.1229769724999111
5.1430916224488055
3.7147168553565133
2.1268319853812643
2.0348779239917234
2.2069889563315703
6.1027085940623929
4.4406035817725948
5.3224633005989199
3.1162239633430597
0.2021990698524335
3.5111597762530602
3.1107379912989281
2.1238861363892405
2.6975905341982345
3.8589498321007465
1.6407601685897397
0.0487495810612757
4.3285689938329872
2.1684729966446410
5.9184639379464317
6.1327079435577101
1.3266272129895662
5.8995692298384101
4.5531915998627142
0.5063673485931984
0.2320425573426938
0.2440386356855052
4.5042109787957498
5.8449065172971313
2.9897193001385958
1.1166741799969473
3.5291773778791495
1.9038281508121015
5.1251707944236440
3.5208920863979958
2.2687215098885054
0.9468333396811958
1.6313548426752638
1.1512560013894795
3.5554104585917949
0.6832838777218069
0.2229013338460925
5.0308170193903639
4.0562520591810616
1.5333395333317152
2.6952698729686833
1.1597276523887077
3.0340770437836815
2.8148941549725026
1.9335919941496538
2.6936620222920853
5.5669896316720315
1.6731680227212000
0.3936938898190424
5.1045785405084629
4.5022235669685609
0.4874560559863980
6.2006066365781054
5.4870308200568489
2.6997309086494226
2.3304877849529739
5.5677092339056697
0.3434524185283191
3.9467215236427196
4.7467428094017805
4.9657483105264175
5.5209567589506117
5.2503672990374834
5.1097159957795144
1.2754907722074813
5.9842165275263239
0.3301307274834052
2.4084523034361118
1.0712433921453623
0.3652999681207799
0.7781936102281217
5.3622975608061214
0.2397433682354498
2.2860543057599374
1.1979280195387740
5.8893535777383796
0.1063012933736481
3.6759353744393852
5.5157081611258576
5.6569497952529311
1.8838358642875492
4.2506596656654283
2.7567773225022716
1.1742159121408853
2.1717179983691177
5.0031597349645294
3.8252590467070955
2.0294403980622358
2.4440252461700092
2.3782415080248627
3.4932411137779886
6.2148906706308669
0.0573763447662004
2.6158217112535036
1.5124863456718800
3.9804697941613441
0.0473688146347421
1.3421841343287844
2.3768097376679123
6.2028259934835850
1.7445303076480490
1.5239387690697350
3.8549946492385052
1.6008581599104725
5.7389898434326669
5.8385681835623071
0.5595857948009415
3.6186027479120186
1.6545191498576801
4.9236968996522616
1.9231767889394060
3.1879243495807703
1.3613913408853315
0.8379557815546009
0.4405791397902097
5.8246403623487994
6.0665979389199922
0.4418738333541263
6.2264453071759425
2.1183173559435646
0.1280966089218230
4.4187019328149724
1.0050271573348608
6.1099149349942596
0.8575745276516035
1.2484916598667974
6.2486039827090174
1.1497585179627627
3.7728721836449726
2.0519462554336161
4.9498870439140203
3.4756652417355642
3.4496194581976627
3.8540591143458696
4.7243504209953109
2.2349949342281432
5.1957578314462713
5.2490767004167367
0.4898869911900713
1.3615733738869435
3.2756575416985014
4.1436779604174969
1.9642696437289064
2.1965844543701469
1.6271711026258719
1.8734999370379195
1.2302399553245893
0.3155566711987650
6.1167826418829527
5.8043481942448905
1.6855135128629912
1.9471857264534995
1.2248632116997760
5.6711968385941143
1.4046026754526266
5.3695491934647936
4.7205273723693137
5.0023027991980866
