0.3766588813611004
3.3297105882526932
2.6200500581888573
4.1669886166246437
0.9492258351755619
1.9201292870016833
0.7303128546369965
0.3454360728924932
4.7482510390972115
0.2425506271414264
2.4154422150859935
4.0328673180468995
6.0324014826589947
2.6456498385391960
2.8781508151507533
5.4174404027937149
4.8710685750383647
5.3921960437255310
4.6849291755362454
1.8092031660801999
3.5399335571681756
0.2734848066297061
4.1969772527287210
1.4918549672148949
2.3946013238023789
1.9918975559579917
0.2708706209383197
2.2497925981085714
0.0823644812759596
0.1322195149906345
2.7906492153408147
0.2268430435132052
1.9069995378242302
0.0785967402396042
4.2544011514351325
2.8618559857372663
2.4050151701178879
1.0785915399987447
1.0006440034580517
0.8091313722423056
2.6500062067224750
2.4791359966792035
1.7197693941999892
1.3879035017303156
6.2732241133044813
0.1078580014466225
4.5916475535046848
1.0458457108414116
3.8677152446950722
4.6105024595418813
0.3185495120860949
5.5530788124212318
5.7756116501168506
4.4719015637251465
3.1500331947341937
5.5391071993871739
1.2907281700253774
0.6571837971507072
3.8418061413172873
2.4435960748242249
3.4405968426788260
3.3663906742839442
3.7580113316107893
3.1856836649721845
0.6210084641463256
4.4960867119648151
2.9746350625746207
5.8271629706839274
6.0923865735747302
2.6097558217083425
2.1312823758973649
1.9240068759438653
4.9127463086225118
0.3135392810552908
4.7418585244063616
5.9558357185367115
2.7002856164010072
5.3685320505832133
5.6143763782706246
1.6232660895100335
4.0482671926914318
0.0388668234594427
3.2735325278552403
2.8661479720206131
0.8605048873330529
4.8075884685951236
3.0201200699586779
1.4649929531979506
1.2612248003127715
2.7506340423055584
5.9157985365470962
1.2939189665356228
2.6904871593111062
5.6534469678699093
0.3889874345787102
6.1889399892900894
2.1901286239704558
2.7240959815514398
3.7291655914602932
4.8074427917257863
5.7271134327233941
1.4753642696132689
3.8978397217651040
4.3466199201494593
4.8564978690207976
0.1057167229143445
4.3358573312949442
5.8507218986307770
0.4358344993856570
4.9216114471581749
5.9740427387430870
2.6940683762669408
6.1903157747350512
2.0241685204666489
3.6492566423706476
2.5676457718564256
1.9326165732521934
4.0890285411523957
5.2835581843373145
1.3376646810066817
2.1900383778966086
4.2015862582360208
4.2449088463718025
5.1079997004012281
0.7464479418152767
2.0883128037667702
3.4957260959610275
4.2278646294390994
3.1048843851196559
0.5250013084407295
2.6558337875487652
5.4779847748670232
4.0851883453389144
3.6534399859363633
1.6018374381082283
5.3714878428056512
1.8422025640900179
1.8529367472569911
6.0505029690028742
1.4876509881051623
5.3839383240377492
5.3119611104651430
4.3347598776081346
1.5125502917881146
3.5129855386308497
4.5220563831985059
4.6612694003262414
5.5292552951212173
2.6800135975459205
2.9352316847666979
1.1009045043627843
1.1283500046538784
0.4096768874202825
5.2095120583907084
1.2363645912563659
1.0166534007339743
2.4080582167279951
6.2705178714856364
4.6487501417520392
4.4748057222095330
2.4018554739021201
2.2247619825996274
4.2927703170197660
5.2728225573574985
0.9547749915628793
6.1102986769777177
1.2610802295397157
1.4748910798131818
1.3422114978872701
5.3843823218557096
2.0222135502868630
6.1424995268306750
1.4094662160217144
5.7761747101336836
5.0901190442650108
4.9045496629041727
3.3461883565284873
6.2370960635583508
1.6592214203826878
0.8333098106663640
5.3787303702022644
3.1081202512954516
0.0952862410153681
5.1623910933064501
1.3448857574109407
5.2494886168423696
2.4916933476253051
1.9353206652102470
1.9805572655119255
4.2757574621851973
2.0371771125153670
3.5817175568288917
5.6477309376624145
5.5958516759970571
0.8528130371171617
5.3761442395823549
2.0155658046104938
0.0659394843492071
5.5561581800375821
1.1338952456029290
1.3304370854632870
5.4601821684291316
3.3393858406056469
0.4063949384691605
4.1195098423363676
0.6969604761635882
1.2099418908439490
2.7445484340294688
4.5253939976262316
3.6437309253931023
4.3041960271001809
1.3047798509842119
4.6697059877563314
5.0736706728593184
0.2803079034392736
3.5916956377839573
2.4860722627516769
3.7354241086781701
2.5031983526481572
4.1743659423222157
4.7925539474347110
4.4614190767027209
6.2366172752196825
0.9948293585167273
4.5394316121309464
0.0362079983649085
5.7498795350121226
2.7399996455036333
2.4806893792222984
4.7361779810537161
1.8995653783978785
3.1308638288541557
3.3208360537840615
1.8506609393706475
3.6275326118031774
2.5623697705580168
3.7615211130378881
2.0818239927269722
1.2918452461429615
3.0240077781051173
1.3498921210372659
1.0339719559862339
0.9082987267659230
1.5201630068013654
4.3641919096022335
6.2458780534313529
2.9897257376184583
2.1178350362572873
0.7835643775905288
4.6842084631353549
5.1086407120038713
4.8067374529596112
3.5510863593736448
6.0588841234010564
0.9839857690250206
3.8271617140673739
5.0618645722687496
4.6243294330497084
4.0626732892905464
3.2576927852959852
4.6278693895110337
1.5054431215137025
1.9031625926468412
4.5965927486156524
5.4353663113465585
0.0148163837203294
1.0854109786236728
4.5363517058575216
0.4177740358143414
0.1110824216194547
0.4698951212825653
2.0441571931898159
4.6814468074444289
2.7632908820042195
4.5522104203374223
0.3857261983637929
3.1196200694953404
1.1345464895845445
1.4254808220919519
4.1326937173597837
5.7954007744260867
2.8809618204442984
0.0427305894601246
3.7803755658388618
2.1944186704624737
3.5308493042966633
1.2174126115555373
5.1888172245119470
6.0938481023873425
0.6429294652067953
5.2001143220386501
1.5499144994267511
5.2453318374334872
5.1603711032522659
5.6023070686721477
1.6568335860054824
0.5930318342520308
4.7447851532851564
3.3302364542764065
0.6525918537810660
3.1162480395823220
5.8941140327551569
0.2568759469861812
0.3788678294467200
0.3655979754987357
3.5143509812003648
0.0234288448419000
3.2605323509615549
4.5324748810438402
1.0370832407066084
3.8175622065864951
0.8303515875142466
1.2022095455873665
4.6407402821349866
6.1418862548538709
2.6665056866488066
5.3767560202515279
2.0937918021867024
2.3080862761819696
3.1873673118164536
4.7663759893646027
5.8687917279403763
4.3800793625913013
0.0799835239283698
1.5652368693424941
5.7070570422953955
3.8556021989540059
2.4729829928713563
0.5407451529079477
2.7437602817481022
3.6220863623965553
3.3201121198576975
0.5092526804988650
1.1929875185583094
2.3415463666771452
1.3179607099874207
0.4928789018895097
1.2736063801007682
3.6000705489873739
4.2278511181632537
0.4472058152361745
4.0098871366280102
0.6432450870016369
6.0015820505682527
3.4930860809870046
0.4748746972790485
1.2714836544769930
5.4857047447262701
1.4654348394404344
1.9917648070451519
4.1689555559572122
6.2025884284245834
1.9956015688614888
4.4460338250496134
5.0088668149013476
4.4127310021927642
5.8092110050925463
4.8610146485364760
4.0705249706787656
4.6413263858322900
1.0183935070763532
2.7734083792831576
4.6332170350617439
3.2173269738960220
1.7408766435761516
0.8672693872916470
3.7212878554746047
3.8086314416290490
4.6644796791556900
0.9227374830688901
4.5938980388595985
1.3656418744153564
5.4936666913557834
2.6934103377961902
0.5195722242600355
2.9019650336712011
4.3838590757070506
1.1976493297919364
1.0560042607145819
0.7065085887450645
2.8057885450954396
5.4259508120606821
0.7336830042487585
3.6962919563390586
3.4687395817837570
6.2191508135118623
1.3187834138247165
5.3279034301157173
2.4179224668194301
5.1648978695831733
5.8797489850753735
0.7804743608358713
5.7515374963653452
0.8688572340291731
0.8666450289241127
1.1776889496478877
3.6873637438391755
0.5443630193315857
3.4071703854582029
1.7855930136481779
2.3838293292045902
3.2388720586838180
0.4930715823165215
0.9966934877715702
4.2981334274933722
4.4491341022032671
3.4043573461359036
1.3800216953509870
4.1895546798278227
6.0661657600072889
1.3580565138731775
0.2492886308869810
2.9502206259229315
3.8756679525767734
3.6908869610923438
3.1751388173814874
5.1070386005266482
6.0865389480773935
5.3736426241267274
2.8527462163211732
0.0355436861596376
3.8642451586987243
4.7186668493704760
3.0399129913178822
5.2771526453539295
5.5057127735792104
3.2308533227989069
0.9542236190475905
4.6401774952639929
2.5649598610315283
0.0288364805410152
1.1891821749511435
5.5641595999723172
5.4283109252395789
3.6269379680510299
5.6523455239426026
5.7625458487503867
1.6304532015108000
1.0686676882589761
4.2204348251865591
0.7852934178055709
2.3121065228977202
0.8333383918507962
4.4024752293060949
4.6454193107989612
4.1744144863855999
3.1499417409958284
3.1981995856080649
1.1307142450847962
4.1678477103188127
4.8516867255749538
3.2529908906370588
3.4167243762002881
2.3601110732774377
4.6314034833041484
0.8559274184896938
5.3818000703394793
4.2786848552872421
4.6917033447469993
1.4017495714547947
3.1503176028947522
5.1200876680235234
4.0969549534198109
0.6269159179581408
0.9147788000241115
0.7900502320237528
1.6836963978699082
3.0781957653061518
3.4270824146751964
1.3247658563423885
5.5498524571402781
4.6434882779536562
1.3023503113330559
1.7175924721230083
2.8608659780477708
0.9741552131712816
4.9518266887024405
1.2392315435173664
0.5675173084211349
2.3449028141344206
1.2313972557860813
5.6667672717618700
5.6903865713073882
0.8231497393473850
3.7584975256552164
3.9329556149378977
2.8106338626409948
0.4790597048737972
0.0515217186265194
5.0334148530579714
3.9786711099025802
3.8524029597865930
5.1775317439505599
2.4116945541711026
0.7803433894864910
2.3219593833212513
0.6003356514553607
4.1290843914972797
3.7060857082576821
5.5123828129321799
1.2169168576354461
0.3480883652315023
2.3708229367720408
0.8033532099065545
5.9819854690218612
4.9020123707628862
2.6157654248264106
4.2102461998581155
2.3737272886941945
5.8218875317343457
4.6567539755757377
6.0952519463514498
0.8529619080929320
1.7302266476309580
1.5938103380225610
5.8157518973055922
0.0222427163795223
0.5330274583444518
1.2073101671574629
0.8949107994260780
3.7844546418749565
1.8431112942370884
2.2059935327520770
1.4470646003794951
2.1497286120152745
0.2128374459646691
3.9264408096173495
3.9955476353128470
2.1001444972631766
3.1934106437846754
0.1024292182786503
5.0672374224406083
1.8676096234447268
4.8822103954349974
3.5725689922195714
1.7968374795429860
1.1508171213889788
5.3823038227773026
2.7523445810743623
6.1105278649338262
1.4969912275871224
2.6987227384468202
4.6325855176168362
5.6861624356400053
6.2203165988886120
2.8598845379011641
4.5768815366387114
2.3771820048007393
0.7540335546984711
0.0745726364431329
4.7622291488956012
3.9989611400673217
1.5517936446134384
0.1949481710266052
2.1265104019766290
3.5618457995892716
0.7473262754532035
1.5347220984933532
5.1263421920356613
1.9825495081863977
3.9209003377055871
0.8874868516582051
0.2872932123924918
0.1912239091380927
3.6249334374515625
6.1418947230848477
1.7732776372246521
0.6346915313516495
4.8480609437672282
0.6422595390632219
3.9955612929208386
0.8146995713622563
0.6516220419941189
3.9632546541428972
4.9341394224167026
3.3029619303928190
4.0260761085581214
4.2878664623096672
6.0170130833952493
6.0896211138780982
1.9796019691830702
3.3567371268835053
4.9166119944253968
5.8622608616168304
3.7614595195056317
2.1270712610821634
4.9878909439949597
4.7314181520640934
1.3362439482804338
4.3339596614267180
1.4352479955357935
0.7423344076772957
2.8836797226541280
0.9928677706744524
0.3058465172953405
4.5028785099286814
5.3418059033080834
0.2707729872814343
5.3738480190895945
4.2148944027209403
0.9256409831239739
1.3834942474062637
4.1418385107684426
1.0143521639836850
0.3554259467136927
1.1008013487527597
1.4014942821900467
3.0686056044243228
0.9074082783048991
3.6096393269229745
2.1553172676501053
4.1036121865509418
5.6799745353300155
5.8386443797117185
1.9093016925105915
2.7583286786261367
0.7523263153874908
0.0112225940892306
5.7115630529887209
4.0968743299131001
2.2350654689738279
4.8144806272075877
1.6589768861473753
4.2979726639611409
5.3953998394527947
2.6466358254095277
4.6149058088350401
1.9958269703838567
2.4819383613766961
2.3224947135671283
4.4530126360266760
1.0462344304397000
4.2518144361327277
4.4723663368046802
1.4845222375144143
4.8675513218921651
0.3635927648053887
3.5684415938567979
2.8489022164197340
1.3192528570959192
0.1578637863734883
3.3711382412434214
2.7905209222806100
1.1977078764860973
1.8733554870677493
4.0302324634782654
2.9209260492733100
0.8686746989193562
4.5329425372720680
1.1998942272459820
0.6767440622746087
4.6673246030620499
5.8744382132932449
0.8626107946950627
4.1673233613472105
2.7090265055010794
4.5656362260279177
1.4917002648953162
5.4825402079309704
4.9561511455322922
5.7188519701819871
2.3428429280754521
1.8349114879138761
1.5709140601035283
1.1302106484780396
1.9174817005121501
1.2950383245781178
0.9909214379853734
6.1626353321921963
4.9041552446961001
2.3582884779243427
2.1471768952514041
3.8552586652578094
0.4050856332684766
5.6031856330617851
4.3387550187773423
5.4247852129901686
3.9373958698606950
1.0554346890910897
3.1817897654518199
2.8443272233825638
4.4057332273826999
3.6119091767118774
2.5489250951348055
1.0778175205246541
1.2748384160113331
1.4029605309001523
3.4547969512404704
4.0084237936622591
2.5262357636817718
2.2658973120818136
4.6244012358710300
3.4461541154611055
1.8317091235274261
0.9922232877108599
3.4148326313612869
2.8281683534429805
0.9667891731598595
0.9790685881090175
1.0944108219706945
2.4239802119202061
4.5810660894502533
5.3056006656120989
2.3488040307312197
5.2128462104112572
1.8982780423371250
5.9991636299157403
1.9145294766069414
1.9937802065375434
0.0225348745832701
2.4640839178436269
1.1768856770361666
5.2901029252270098
0.0288378763052928
1.3590895457192702
4.3994764178149532
2.2216394021957804
1.8657175458891102
5.2226552610449621
0.3439222312006741
3.3094928343093870
5.6473562353728308
0.8501690152347137
5.9910759298118856
0.1944350639208661
4.8552726843445182
2.4612534811461990
4.7785117060591054
2.4002305083099724
2.2943870446328472
6.0427944715843722
3.8156711075596168
0.2734791103182340
4.1067073655398545
5.8652215053327232
0.5270268261272447
3.1804437472691758
6.2381623499322947
4.5230985881336876
4.5662243723903035
1.1061010870959336
2.8857027336044268
1.7382719859881877
0.7874383131954406
3.3681173010851455
3.2910443645427843
5.6407703436984038
0.9201302015497135
2.7051943941064920
3.5718078018969655
6.0315546763310568
0.1583479379212950
3.7284630224073827
0.9128181913534092
3.9313253201205716
4.9742063114744015
2.2388476110226354
0.2590116118391030
5.2263653534898076
4.5827282425633795
1.7982913121713482
1.7626144715818266
1.8446390294619599
0.9797416465594913
4.0265136353017841
3.1338019896044393
1.5166522977151222
4.7568331359028013
4.1174247286100307
6.2769524179369327
0.6724371132498270
3.5241898155073943
5.1270446683864144
2.4666438606469603
2.4187119235484213
1.2931007548712021
3.4704436350540400
3.6348025586618338
0.6208269938584687
4.3718463193781441
4.3534212985025000
1.6785782390965001
3.9468629491868357
0.5073733911681984
1.9913632581653609
6.0301751311983782
4.7764632026070384
3.5921454726983710
2.3881207177125692
4.4389218147251963
0.4048494766108638
6.2171341778225333
2.0728449660362354
0.1762675477601406
4.8969949981044536
5.9573239840945522
5.6081186472431765
5.8638889633960165
2.8798314212428293
1.2371468789672619
1.8809153065633291
1.1867185319849300
4.4980747765675400
3.2378927996459925
5.8013291591400948
2.7854139317985314
2.5380833342667382
2.3338358479489871
1.4283155225028998
2.4111296743395605
1.9560364053144483
6.1200110074760818
4.2167822640852011
2.6251603757279511
5.2249466164644103
3.8345959175117259
2.6688901337357858
2.4581382663936653
0.2832945902725469
3.0251336058576506
5.1421379892534436
0.9961563332316526
0.1702616144791535
1.4666281725072272
5.6664137370686465
5.7049190259447107
3.1544729286910358
0.2300530554325318
3.4256345911523707
2.8547216343986936
3.7010429434926500
0.7694825216058973
0.2552880014117835
4.9757245735789297
1.9826136319899150
2.1236489871685720
0.8849672977456168
4.9313625247454436
1.2306169686065169
5.6022220362504385
4.7596840184547613
0.1942432227368018
4.1317487989661688
3.0648364458020412
2.5626317532117509
1.1261655735599629
3.2204223939663414
3.6258220744991188
1.4508751490425700
1.5332698437099361
0.3177434768261652
2.9235239216032753
3.7299603399243364
1.7267837189569277
4.3325811958874025
2.8184553852333756
1.2687377296021747
4.2363962337760288
6.1968330286389079
2.6933016955785058
1.5472153596442499
5.6068876170884909
1.2057899137890342
2.1403962884762620
5.6978854168951498
0.5488525098821450
2.3590504980152405
1.3771514272974430
3.3770837410624708
4.6175584572031001
4.5248702796198828
5.1457217596531883
3.6489708609929150
4.0774664402930716
2.1078216421650557
1.0717986255460754
3.9259477617417513
0.3212937929076090
2.2397967751034602
3.1558555676157467
0.2539883469997029
2.1379906027643827
4.0436181869562597
5.1392526256917144
4.2584899290727876
2.1577676396650500
0.8587936156054449
2.7229808531685200
4.9463093203905650
1.7461039518607295
1.1631519675232689
1.2883055238285057
1.9107684798131854
0.5325087512657667
0.1884326763660130
0.2927763008753234
2.3045366999407917
3.7987632070418020
5.3178604897998492
2.9410627289917928
4.9099471443810909
4.4685801760327948
3.1563934689951623
2.4826007405419102
0.3689372087736533
3.4227493117291226
2.3242828048334450
6.1375970959711950
5.5615470561804079
5.4440995369857932
2.1193990054240563
0.1531985996812771
3.4349758718464156
5.0370956789898278
0.0290273102564858
5.5378818507975032
1.8540759298353895
5.1774993172334076
5.7603517027984008
4.2898394393241128
2.7603434417087023
2.2277066547160564
1.8680430763781219
4.4644734330985338
4.3616354314843511
6.2517106557145832
1.4826553171109944
5.5223371582771321
5.4422822380767402
0.8640884863208765
5.5850935534546320
3.4212755407607878
2.7577368549716015
4.9002842615728301
3.4354481802330414
5.0447308493738490
1.0766694158520393
2.1603147525515456
0.5582134053245770
0.9196825550459873
3.0113074923529766
1.2318465691577305
2.6262195359974463
1.9065391306274819
3.6859867290133463
2.2995720102354738
0.4220154354016424
4.4705272704365289
1.2379332768831244
4.8059149232495182
1.7768891468335772
4.9775705446004972
3.1843850102537106
5.8484187641233758
5.3861160118992730
3.5182373335435200
6.0792835456023431
4.0162201924816356
1.9284297499791259
1.8397494049047964
4.8757488127845701
3.7006635854729577
0.2808038203661274
5.4760748504705106
1.5404023255965202
0.1951460801183706
5.5739951206014311
1.5640513642668969
3.4141770038942232
5.7910860226222036
5.2790027032585236
5.3497733724462604
4.6045463230830990
4.4186978518776865
6.2294414960238216
1.0484690553471732
1.2862584711675902
4.4473544682864823
0.1988620303128579
0.1358072375545708
5.9148396855343224
5.9056714211162289
0.6079003368404813
0.3303148451314012
1.0819197915590388
3.9342588507728307
1.5772119686729180
0.3723253338978639
5.6544984646750418
5.3798986932560968
3.9140702225027404
3.4297934740426732
4.5963887140104225
1.0850047879634639
4.0518197759384575
0.9571118014915636
3.9577683367362697
0.1485743851844235
4.7582485828324099
3.6814505224923302
5.8235212374590688
1.4846238358784112
4.9814095041948567
1.7229589664598144
1.7822244578968962
2.8326718886834494
5.3793344573306019
6.1549350428249721
3.0254241025599793
1.6802085561063271
4.9031099615953888
2.0173712935747679
2.6547805645532301
1.7087091714584857
3.3379323370142653
5.8788123035436213
1.0971738693816753
0.9307706233438439
5.3882879196614821
5.4683432855770988
2.7326665716063010
5.3282929693207661
3.1901258695474057
4.3985453027751715
1.3350582321059816
0.1289616017766078
2.7472503067908223
4.6256640564036164
4.6384386809571785
2.2220482304214291
5.8140088557444303
0.7060868717254316
4.9739967956413853
5.8911527070723384
5.3803443436128697
3.2252218425095411
2.0731008958310562
3.0467578567159350
3.7113426384253203
2.0524745794317019
4.0351350907757570
1.7792047519087986
6.0379929478000900
5.6539099257469161
0.2464890830057730
2.2974782637631463
0.2322059810598841
3.8676620720452055
2.4594145823223106
3.4612470830865547
3.6461347168658289
4.7328737496199693
3.8544170845396928
1.4162164884895054
0.0513505748782422
4.3400333006887530
5.3877877539655561
1.9782213813476810
3.8388166051177492
0.0887030566167934
0.6861674984348030
0.4224493350445815
4.4468200562205231
5.0734299867996757
5.1535868425745077
0.4859387735474801
0.7775242083720851
3.1533674918576269
1.3692126545039704
2.4993499557207830
4.6758507767475042
3.6232400021842470
0.6796088283976707
0.6134008591468593
3.7556453717982614
3.0700493618697964
1.9161679826725539
5.1836433721610264
0.8021997614960327
3.0019659876705824
3.8623386630238525
2.7137476225178094
4.1522421958061910
1.1137031356517810
3.0510831480911080
0.6470602387837043
4.1670981301953249
3.4267197429330509
4.7386110249962226
3.8227527438620315
1.6677890639270869
6.1091940983674329
1.9801852783961469
2.8096774838599794
5.7804537745953946
4.9416461834290013
2.5261476596195931
3.0459125898040482
2.7112414585916849
5.4269933524691707
4.2160496138416992
3.4277267712352493
5.5302239632899193
3.6038533311721865
2.2024067274507027
1.5608276423303018
4.8603212733719712
5.6472215407385589
1.7777735202525788
1.4264589339434128
5.7152255404612333
2.0779743314915073
1.1697668988467165
5.4961598485556182
2.2291502233378306
2.9731758771871930
4.9037768388602903
2.1354755766365368
4.9190025712914185
5.8713253392297107
5.3605881183411981
0.6263697966481163
2.5263941035950310
2.4468412036379461
1.1196138898227317
4.4971629298317577
0.7625614683694533
2.4500132880421970
0.8306488945815432
1.6288415578820385
5.9768750331748688
1.4283488607622454
5.0055761658721245
0.8679333395215580
2.6625920037265201
4.2011951990447427
5.5681395876864883
5.9016335632227088
0.1104874227897702
5.0389155697987107
1.4397289996081764
2.7640582140954071
2.2620756362365069
5.3990070445945815
3.1986544848591780
5.4705257372691580
3.1384927246757757
2.9559187611079198
1.8983451394772184
2.5662962994960785
2.2313763591873137
0.0678299165455757
1.5538148486840668
0.9515608525895070
4.2351130727249693
4.8519276149707737
2.0221415555694771
1.0400078310669247
3.0600576580577288
3.9738086429001993
2.4490836502457092
1.2243812156686398
4.7371251881035628
5.8820291597546568
0.6098487213533955
5.2605022282123493
3.7123138872010935
0.6111303301590149
4.5139858025913382
3.4719670103323179
0.2359654525975930
3.0926962966980152
5.8215775949353228
0.4191725422587103
4.8988963076637839
1.7945538406464652
2.6471378336062279
3.5836981870397651
3.3781408349101065
3.2249896115543653
3.7086752969293872
2.3723697344483172
5.4682058257887993
3.6123594429532573
6.2099533630907251
1.0079556158028062
3.8286735696134855
5.2902884779326840
2.1809405946020823
1.6529522684012148
4.9774181701506421
1.2778965802083646
1.0780832402805600
2.4125562010854198
0.4248071814048204
3.5792991255793742
2.5562106710363546
3.1786065013872467
3.7137192345328822
4.4382587754991363
3.5407525240517606
2.4969219757302343
0.4733228732087702
0.4194706771955216
3.3481382086942157
4.9341977048400558
3.7127974194410989
1.6628734238527638
5.2051293720615170
4.1498220220563429
1.9179886843776139
1.4815158926031422
3.1615529270746872
2.9598440974546243
5.1106394798071495
1.7611943983292826
4.5980572708801057
5.5994652943168850
0.3154811600813528
4.7377546500413708
4.2046048848122552
3.2914891247575184
3.3183166991489061
2.9355542724659314
3.8776245885630569
3.3332967374847997
1.4533608043070554
4.9580677252976928
0.5727807082700543
3.5868116621813644
0.6107678437664267
1.8487829794404282
3.8438410074445426
3.3605816413766774
2.2486128408907886
0.7251026461846987
5.0006019938158124
6.0409092910815048
1.0216168914803816
3.9772714769166027
4.4021643773911316
3.4295908579248517
0.8906607591728222
6.1553948943933605
4.4916668493452567
5.6861033000474235
5.4053992391987800
3.6209132947925355
3.2531286094860588
0.8989014568503956
5.3665262229400543
5.8528177199509663
0.1495895729864812
4.1521096613054214
1.5264556904118012
3.2611007218500330
3.9336527635473995
1.5051776105045622
5.7436273838309573
4.7784653553711811
2.2103645627701991
0.6633916724038309
2.9164055022976383
5.4087608286124542
1.3594546443571531
2.6682854905259616
3.5947550909245107
0.6194890104970315
6.1172154929058431
6.1735492410545030
3.0210628477781567
3.7625003881430850
3.2353945897695113
5.6262555586272747
4.2521391502324786
3.1881973456277235
5.1635841943761678
4.6640035454623137
0.1749247303260487
4.8340953056355991
3.2966371563499206
0.6610011587317638
0.2777241597016958
3.7325231046688208
4.5504811358096706
2.1813855928279318
3.3165927387887142
1.6834075844483640
1.2497592496988414
0.1102926789621540
3.9085707188631322
2.1500645540556982
0.3788197810785820
3.5389564729027185
3.9293798804822426
0.1361079190853486
1.6305015721774250
5.1272963991298459
5.8528407283330948
2.7499885132704618
1.4670958041151683
0.0943729888952252
4.2666076971189293
3.0976222015695272
4.0817069338363128
3.2684020775176150
2.6113505107728678
4.3225700226883532
4.2546708252565493
3.5420005671673613
1.2424109634373905
5.0230177733392321
4.4444027164165663
3.3815677445246424
0.4619600431885562
1.1565082889664180
5.8037800710501983
2.5810020131315685
3.3409635937916780
3.5677054926950400
5.1665682484032054
3.5070021529344180
5.9668256311342169
3.7444742446546302
3.0943886751561291
4.3447193411771918
5.8216232539898982
4.8638984559591929
3.6429922284108089
1.2860964616032964
4.6667956445681620
2.7805319618247211
1.1397637210083527
5.4238189740915042
4.4574677177233220
0.6108558963459083
2.4113940702336913
1.2741091221525764
4.4927631028955073
0.7087782380776447
1.7372616110062999
5.0828336206448572
2.8701151994119090
4.8193991103929541
1.5067788661011416
5.5500940535867107
3.4147995072459629
1.0426283567198578
5.4972500087039791
4.4312342041155777
2.2235233548292506
1.1112610625036687
2.5305734957924706
0.6733890811792208
0.0505158501539076
0.6375828371609116
1.5254295296540632
1.5695056435201613
3.0474363374823850
1.4244455311150352
2.8913014383358679
2.7380821204997075
5.7888947857182096
4.0188713347877165
2.6453231863884206
6.2734756395909113
1.5711739168817502
5.0655905801898475
2.6805044554484030
2.3258923082470178
0.1932716999945820
2.0724560475681151
3.6176898959086690
4.4226120113699583
0.9615288932643263
4.1046486010849534
5.1632691121645991
0.6438113193806279
0.8918525102445038
1.8547676735140177
4.5152342945777386
4.4341049430377302
6.2435992213639988
1.4185465537437971
6.1895711347956492
4.0224350228655554
5.0021546745599075
1.8649840963259070
5.1368975147125049
1.6973961344984156
1.7354352786632923
5.1396843163098165
5.8675621032185203
1.7834745309736071
0.8157313718619685
4.3843557765867658
3.3093456533345287
2.0539887866566215
1.3174182983718687
2.1711035380935941
3.2799303358960752
1.4959891037960293
5.6442302937332354
3.7893839264352449
1.5127356603673450
0.4523266573412710
0.9381560698991517
2.7572761211334593
2.9686820269614067
0.5501394293364560
3.3632655433389438
3.7972688004528474
0.3126976339942607
0.2203685319500731
1.1890816774546134
5.2938481608584391
0.4177738775653844
1.4864370179137332
5.6624042406048893
0.0626956861578020
4.4732714294815361
0.1606664157774514
1.4726213777075832
5.6513016538887566
3.0795763575612982
2.4649452348566361
3.4276619948865683
6.0254483305450162
0.1183389834723608
4.2376371192985545
4.9622370589206941
3.3177054067021912
6.0462670016704925
5.1824040287491204
4.6009350408996603
1.4467389383506564
1.6964500993984812
3.0056398180317299
1.7963374660490381
3.7629388022326924
4.1747118080438996
5.0166654791725902
1.7753325769221873
5.5573835577760562
5.5135542399696140
4.1660056640555947
5.3729998113815354
3.7877367344864696
3.4302866436214283
0.8684219984456119
1.6066701384802804
4.5145220094737795
0.7821013777542044
3.7569930891061443
3.2343553776357248
4.8077416091034682
0.8003901577502386
1.5209170007948314
1.2322663030147003
3.2409018412212105
3.5211537490036831
6.1043728460989826
4.5018295705410631
0.6104462432762775
1.2478570314914783
1.3621660391838963
5.5352865600514205
5.9024285521336335
0.5174346283684409
1.7636380056237813
2.6420371044858695
1.0407926592066081
4.7861647309581663
5.9493242340279053
5.6733046237947775
0.1797139943789133
2.5366633243138166
4.4130789574234850
0.1233541762503180
1.6799065433315039
5.7305707514757076
3.4179967842972809
4.3942158908228794
3.7395671046027643
3.1276226929025550
4.8518558247076529
2.5545442955062216
3.5345635758101728
1.1684292599094710
2.3210517132935320
5.5909439697656973
3.1934559056670753
2.7543387901194323
2.3409593614228483
2.4782739518681467
1.1092255203244132
1.3720939671119576
1.6487625770301961
2.0669791188437610
5.7077182479998596
4.1151203814229049
5.4466219249954477
6.1509719598948136
4.7731817245527539
5.9646468451206029
5.5099242551226739
2.5570474206833005
4.6975267664318858
0.4169304053864627
4.0010117762562265
2.4976571075832736
2.1579734610308816
3.7242266662119090
1.1867548523259348
2.6434816991783370
4.0843445147237141
1.0373210961502801
4.6705275716010028
3.8877165990342242
5.8654510371130613
6.1069622580647049
2.2515598068890563
1.8136490151825444
2.5925399357154286
1.0484639066591954
3.6366205152749647
4.3510225658891484
2.9250154847672163
1.0144515209905047
0.8400515614948983
1.5585917773527085
2.2930253009758479
4.2500337955277958
4.0658010675509804
4.6018155178499303
5.4202876873663470
5.5631758870914183
5.5024753596416902
2.7763428285622811
4.5371440730617136
1.3958571076857684
1.7001603118584827
5.0351056144678656
4.5399147798926407
5.4850256201813279
3.1684003376423830
4.6172613796744271
1.5724432845850651
6.1180973926885240
5.2600622195877067
4.1697664742845486
1.8456774651407610
0.8785751879252617
0.8462734523873683
0.2103939610136907
5.7390987291076323
1.9848054338714101
4.3884271123381078
5.7467135841269164
1.5857447104349978
0.0398160581957190
0.3037482088724789
6.2435315933882434
5.0480997433146007
5.3464681242925227
2.3115077675389322
2.9502635016170204
5.3990041366039989
0.7802427698033004
5.6202218365804741
5.8905071505618860
5.2088904859829031
5.1102788320630781
5.8406581740254406
0.8203771342261820
5.6836846170299786
2.4060833272634157
4.0021318801998333
5.1798293606158525
3.0760704127621521
6.0478591942554347
4.4294033709579663
4.5421586633957043
2.4372233892409279
3.4296933490912132
3.7844721823354028
5.9766556948209244
4.5205094418566700
3.1591785903296006
4.9627908056527712
2.0861580687935826
2.0621251721965508
4.4639877343387875
4.4654211892966851
5.2530820059825096
2.3934794270947117
5.4547359511751372
2.1084449255897675
5.2951326270295258
3.7313739940074027
0.4574162014621348
5.9579130807686118
3.9593501053938476
5.8959173755603960
5.5696750890232609
0.2495493086436704
0.1368042213267253
2.1853897818944512
5.6426003115177830
1.5053822705596933
1.0137541066677105
0.8778085085955727
3.4617155331740102
4.1115973686965148
2.4569191177914957
3.1363462801538988
3.3263437108190272
6.2047408175605741
5.6401955075610317
1.1501771746102092
5.6473374037438964
3.4459264336406954
1.8460590382570967
3.7077164830595932
0.7384313904257823
3.1653161276455553
5.2895611409614993
4.9394929349644947
2.9321871359428071
3.9021975579847670
1.3729841815389376
0.4226151037866585
3.4798450495455340
5.8468908941032129
1.7963680345814459
3.9161274859784223
1.1393220528961421
2.7672815572674634
5.9721834990051343
0.4187465531527816
3.9553964737989573
4.7998619465435484
3.0606498312348775
1.4014973768870342
6.1713901779675027
5.5387176627260466
1.2271857300122240
2.9508565504840183
2.9709118185918144
4.9402140979900748
2.3076829875014671
5.9506811174078180
6.0672043390892130
1.8901231745841873
4.5834526892762772
3.1209416225402511
3.9931401588593829
1.1447341553073176
0.2447467974280673
2.9347285018746279
0.3376654942282423
0.1118694016541657
0.7156202351710607
3.0637762077241488
1.7774497238190325
5.4069093382162032
0.9295676244314116
5.5448605039140553
3.0434068363716569
5.2643531482091888
4.5812009962311402
0.8210453357547836
5.7636925457430355
1.8337835809436467
3.8208311576356322
5.2040209252738121
2.2999623666010569
2.2154431807139194
2.0424326869696094
6.2816157983057854
0.3210599186508074
2.7416940906335459
5.4431280453917221
5.6142937095760237
5.2975546700199452
4.9255112199752711
2.0392968644840623
2.6955441204292137
4.1962357463528805
1.9478777335695909
4.3779652368177242
1.7077563992009972
3.9232802614940527
0.6490762212408544
1.7733679147817216
2.3264054333507973
4.9383702249859400
5.4527176512175952
1.2368283300090590
0.8955435788098175
1.6026233937977623
2.0777870210242138
3.9627285884012733
1.1742887362298471
4.4974059000064397
4.5037417174355756
1.9599051144892721
0.4687359559733823
1.4851093954481991
0.9554796409273600
1.3122235030086380
0.7286376937548044
2.3151103186054076
4.7563462761219766
2.0072768850580154
1.0911936954262673
2.8388586215945928
1.7419566578004264
0.0590908775465842
5.0382860793732416
3.2918192138020723
4.3310014925877907
5.4406045992069298
3.9547372786248953
3.4032990868912494
4.6004174242420826
3.1112166730320867
4.9256548781589862
5.2083883459865001
2.8161650560954854
3.4386160358567692
3.0253120038675179
5.5851419618913312
2.7203728960260114
2.7222890434845102
1.4260213059637987
4.7737834964822703
5.6626889183076852
4.0244126916691956
2.5205885560416932
3.9189152667056102
0.2326389511222644
5.0743063178876486
0.4779953430779417
3.4808065684477039
0.9726713822659482
5.2440257861160573
2.3884139606774517
4.9650568642275985
0.5114733052111119
6.0948791806948224
4.7310129347159906
6.2202426608650088
5.9994959394829106
5.9597450650690700
5.4004238562993265
1.1403993508592831
2.5727369691239645
0.5375489617300959
4.4410410274663592
1.8280963548504907
6.0176083853579714
0.6797090933024414
5.7099990007949275
1.3188400698091056
1.3556179966231325
4.7641864821772968
5.9383631450886618
3.0049852593798265
1.7742030233999948
3.8092737709018802
0.2285110800001165
5.0055318404484659
0.5442053572160676
2.3172939172951263
3.0902009629933245
5.3604348778007100
1.9826889908869652
5.6966878159572047
0.3782265553277714
6.0595959203005680
3.8146560101901499
5.2903735360368191
5.2287675021062023
4.0669437663333694
5.4437488205758786
2.2182938196385775
4.0588618290027956
3.6934166464217966
1.7249742961850636
3.3290282840565215
5.2620618375235271
3.5939214831506154
5.6290924527799628
2.6113592605198992
0.3803078096997283
4.8646922134395654
4.0505975565352701
1.2536906287871430
5.5464429541802920
0.7450198824517922
0.2501806677493412
0.2532651769190570
0.6048495331685217
1.7496453973515114
2.3499082592871834
3.6590417977821872
0.4836643169281351
2.6551631194071375
6.2344709255660549
2.1799284155507928
1.2423317046812143
3.0770049815103016
3.0495263068414173
1.1518244369807544
4.5074049291739984
0.3234909531449636
3.5087022155536727
4.5184076553429655
0.1393880926217606
3.9996600119384675
2.9169358232126923
6.0317697836196809
1.2558364143619050
4.7006734188649686
4.5808892703976536
4.5150743947093579
5.7987430321038493
2.0473240797098224
4.6460149680685454
0.1844006633229066
4.8492259884852089
2.8671707618688025
0.3697461377237827
5.1851953654509346
0.8100894435641430
4.8868794450159747
5.9555301475412090
2.7356369617291465
2.3917150608545343
1.1971472857605385
4.7195987975115559
6.1777607165746522
6.0117814938554446
1.4313688045316972
3.0074733436500063
2.3439222409344143
0.9561245371616263
4.1193633937443082
0.6295261985704721
4.3295128571468764
3.1831843094230967
5.0439037262703881
4.8582612505220375
2.9311465406129367
3.2264352901390874
1.1307005730694983
4.1591389484049754
0.8398825473904759
4.7941184015478484
6.0608211876482612
2.8392896632461948
4.1480102255207170
2.8197286609697758
2.5078290486401085
2.6711922754279200
4.3584585104653728
0.3136262421037039
1.7332846131175423
5.5062686447691584
3.1321833035613547
5.3495626155787219
1.0422997290656861
2.5139732516973794
2.3241990435539583
0.5240134109273660
1.8212477620243854
1.6167136007889604
2.4965044848076094
0.3959225461488121
6.2220547430540440
4.6611601060229670
5.6293025653719706
3.7787090669043635
1.4635704245967502
2.2929081842081995
6.2652767255070891
2.4392932148317916
5.1460958950029037
2.1215519289864138
4.0465762879569569
2.9730175305448219
2.1672336727237869
5.6672757193403314
4.3122846300921989
0.6471068590832428
4.9545592423307738
6.2578244723484389
4.7836504964123625
2.4177221177874708
1.1330892816926637
3.3960129420336425
0.8778626696527755
0.7500312912046470
4.3079017174800258
1.3446589202476333
5.0104586808659475
0.8349094216441488
2.9599782485068098
0.3201753513100864
2.6585434341381977
5.6858143169967725
5.7789544030587319
0.3591915495334703
4.1550035240287198
6.0031178405123837
6.2071143121195833
3.3345428168956301
1.8185370985847593
5.5631846028619565
5.8083421648443840
0.8937087035013530
6.2652484771188970
1.8563065103135081
2.0070329389168085
3.8302393289770795
5.0207962866929057
3.3541842527793131
0.0840879743467776
3.9395990366399980
4.0268034726654838
5.6625760032449390
4.1182988565895071
5.9620182931593755
2.2270448266246716
5.9788044192274485
2.7746285955939727
5.6792799384390431
5.7135717756852404
0.2978035503131680
2.7100635666417712
2.2123508772196869
5.7138739731313395
3.1790662140142980
4.0075767265395337
1.6371233341113940
0.4926362139291046
3.1520483913533788
4.4422390330771790
5.4806329923415449
5.3939282174425633
5.0825488276973427
4.4618154982921387
1.6147111423196896
4.5688072609483585
2.3648838082017356
0.2261251672526162
2.6441335955814158
0.6147540323592018
2.0603738258503381
4.3245216372420225
0.7909385605590075
4.8133182255530862
0.6459681795470167
6.0649429288313366
0.1402569830633374
4.2851155719766592
3.2223003210394641
2.0688882741985233
1.9681445101502020
3.3576666361420515
0.2308114461007559
0.4313146943202239
3.4582569402184826
3.3407688324581386
1.6630101994583917
0.2538321658027891
0.1372404235255605
2.7133948612684704
0.8047768971524630
5.0213294569105802
2.3414377725054165
4.7567309290608160
4.2529716904914796
3.4390923033432519
3.1461205189667978
1.5977234855929221
4.1836573559164671
2.1028663059275465
4.6371746876755724
3.1844345511544385
0.7175285237587523
2.1465314127787023
3.6642678279256411
0.2763339832435894
5.2503672254456317
4.0314844703287527
3.5072245610594046
2.9318854168839197
5.3435238666440705
1.0208694744893743
4.2058716338872149
1.6773784533804097
2.7918642166787100
0.7950890592100116
5.5096118110034418
1.5476281557165510
2.9586014895585975
2.8697466441908595
0.6721080596862427
0.4287843849431444
4.5899951307387044
4.8974237054938454
5.2219740509777033
1.9554043147119085
3.1817939214200330
5.9608318876454174
3.1117126626700236
3.8534113318032990
1.8784758614603063
5.2301800800868046
3.0255934186996272
4.9685318229864084
3.4109774488480178
5.8206317592058108
3.3974045379804911
4.7784494730002391
1.7486290223879382
5.6223166790307264
0.6618639627694226
0.1598960088280473
2.5295634175564299
3.7560520623287532
0.5997310051629654
1.4296603610273209
3.7602219295572681
6.0102734810580243
6.0240801459147084
6.1400948414101357
1.2068994967540680
5.6519536470763292
1.3399621049866401
0.1870731509220963
1.2196219775523969
3.0427174914621653
0.7847385589099684
4.2977198675428916
4.3877642144995024
4.8062823982536225
4.8301576881644932
2.6910415269220826
4.5936864393072874
2.6202939507657739
1.6924660052525451
5.2057528858861577
2.0844865477029266
0.6604579626453094
5.6019405302972842
2.9707610013836274
0.6801785261733497
3.3763920439334063
5.8987383305896488
5.3579721712080959
3.2471952108082394
3.3819686388826686
3.3916353552537197
4.6538947619970914
1.0480164825218403
1.0763806611430062
1.9190447739350325
4.6767237337765852
2.0638707945017996
1.1519188954655477
0.5340667638467432
4.4705848816527149
5.6577818957198787
6.1063966171666708
3.0750764220094311
1.0490148837996762
2.0866331354597101
0.7319276998490561
0.7025262665376206
1.5090205201831353
3.1156425688580098
4.4175532749309969
4.9056463133083081
1.9794966576886823
0.1228272926417332
0.8388359210468099
5.1981856562770066
5.3074933684482790
3.5419445112816512
1.5452589337544227
3.8692408536808962
4.0857476256442133
4.1381592915253309
6.2314404235298237
3.2792775303149835
4.8464896906937112
3.5853645706471777
5.7818846225536866
2.9334999160287989
0.0930575123938985
2.9672799082275425
4.9524093235957984
0.9115617523157207
1.7312736797611994
3.2079425000272854
5.6408323589385621
3.7889529147696615
1.0584509137192410
5.8286126925698785
3.5370202326298008
4.9895416857029193
0.2703514506920256
5.2104057744056353
1.4081745411115949
5.9220785749336233
4.4425631718108383
4.8294968862512402
3.7140801202378251
3.5115029220180483
3.0784306594752695
5.2040352719742176
4.9117369546880951
1.3625457088884270
1.4270101273847338
4.7531240287246161
5.4829684938656484
4.4961799501110606
2.0119285195072871
2.1900828456041626
2.4539484864029237
1.8015961875760114
4.5112257179782782
1.9459707227967185
0.9560645530452492
0.1628882379821094
2.6250265437438003
5.2788410804187933
6.1108642185904731
3.1428832432697797
5.9117694178203202
0.6315364446307289
3.0816602635562589
6.0056276212316302
0.0652277089287414
0.8770257316024175
5.9237065347679838
0.7766081052797364
4.3279301242664410
5.2006332261175849
3.0629597210901522
5.1943402864985107
2.8458029010083381
1.4759388539948266
0.1455780608738714
2.0720295449201598
6.0848752061392819
3.9424132903854416
2.5922640711892244
5.4656749966269560
2.3232062263160285
3.0888086724397685
5.9337490234189225
0.9898653230720710
6.0374353946438424
3.4624835505823430
2.4752419956211602
4.0725480820817905
1.7597764191160619
2.4967282398357669
2.2228162380117862
5.1537941743694642
1.3880164917844180
4.0409456135287529
0.4346208818712766
1.0578812354245863
4.9843078408642247
1.9996557274329216
0.7828547044480729
2.4987961471376399
1.9219287193499173
0.7066441029400697
1.4469959537047090
0.6801523690879197
2.4243119448402646
2.1066827086959106
1.1325609900180549
6.0494111249918934
1.2444027452771238
1.0518430603855771
3.6340728829704592
2.7070750175575209
5.6039359013144043
3.0839059286677046
5.1652518400355198
4.8008096603969239
5.5389048834872696
4.5164000011465646
2.2678604635246042
0.7134480762559464
4.3792292689346857
6.1661614030444092
5.5138010507956006
4.3954600236135812
0.8595272745436285
4.6214413868217141
3.8766615271826748
1.7508292503508034
1.2326540226260145
0.0214295110116487
0.6646461534667756
4.9659653476714594
0.6405696870238190
5.7297954716741044
1.2972460608693468
5.4450910771822283
2.6311112202446223
4.3673086506955743
2.6825623481662277
5.8909944481801908
2.3183917122133488
5.2398041511708886
4.7422349344558166
5.5773158757040626
5.8334776234763792
0.8527958279100509
3.0206416860201548
4.8027229919494561
4.4761807819784272
6.1656777343341478
1.1099991027829712
5.7273433510864287
2.5157689051490699
2.1457582287160268
0.5191849885846508
5.2599518050658407
6.2376001462604913
4.6648320410306532
4.8457598302799321
2.2687659905505595
5.1459532244636756
3.2375099320703145
5.7536318814382312
4.8235161760165637
5.9556285984524111
1.9955423153057503
0.2502231366991240
3.2437170753136448
2.7204901064292399
5.9010948460394292
0.3535443167999134
3.8170206314532051
5.9460634339608864
2.9918079823417023
1.8654830874613266
2.3801426724048502
6.2480446107080043
1.3111909453499158
4.6837590505163496
4.8625564265396921
1.3665690836772995
0.8938983149947223
2.9655388079281155
1.9088425581829802
5.8970694525296610
0.9880643505638111
2.6913961060692619
5.2383866530266090
5.8703761930149918
5.9522267763564685
5.2155811841582649
0.3537630614822775
5.5052137362931477
5.9151404290705054
3.4290645005569118
0.2186240427499318
0.1113258867160308
5.9752048037540071
0.3823713218261677
4.8201373902026452
1.4951055934361905
6.0354142240243691
3.2657072663889597
0.0134687093399391
0.0822049692463573
4.7854175908821110
4.5380071615037245
1.8686151935137147
1.8170027447257757
5.6297247228326004
5.7092567228451188
0.2641752901156416
5.2938872231683343
0.5235682981594995
3.5587512009865252
4.6861744812052111
3.0260323007460541
2.7743023961945199
0.2034227850911279
3.2124927768025553
4.2678805220346527
4.1035780761038154
2.4674468798197897
1.1978758745257840
4.1366683837851115
3.3111530352938132
5.1011593158952824
0.0091708294375182
4.2293079569595156
6.0949051620988639
3.3198127904257277
4.7449458790867478
5.5701041156337894
2.9960066897757769
2.5364788068291122
2.9535618892531335
0.1771726595971462
6.1200766806056421
4.3602050546958475
1.7387712463185536
2.0889836911352129
3.5745285715207467
1.0790818507624631
2.9615303037519256
3.5870015656936838
5.8994667748465242
4.6032458700923735
0.5687748591316665
4.6841759723129863
5.5198612587985885
1.0342503830640528
4.6281307207812192
4.6702023281625689
2.6295517223870450
2.6812622781570217
4.6730755797940375
5.6240798658706321
3.8863681504671446
4.5201810433258487
2.1182052343024451
5.8595988417542939
4.0078672377236000
1.2536457883080270
0.0404731356528668
4.8893942431725943
2.5777246463325585
5.3812659401300671
5.3635429615380863
2.7924392500916446
0.6593562895341676
5.9561828671564330
0.6382071549462262
5.7209395111398713
5.3102159455781237
4.8629426426848861
3.3554699802278898
5.6273451891861939
0.5388682450184671
4.7804563099675850
5.3560159227686386
4.7533348390545918
5.2427013260386985
2.2271067249791070
2.0942017745693899
3.5525322398661507
0.6040758522699118
5.4660841624331002
0.2176348304474605
3.1268672885950162
1.7192807484709374
1.7682124505170904
1.7096512190376272
5.7587030116407396
2.7160607828769532
3.6083935665804066
1.4376888920787445
5.1674258496724796
1.0308849831619356
3.2218962767666190
1.4318703838001183
3.8885757882152103
4.5852542152935030
5.1410633988234258
1.7166743748781546
1.6212938683267522
0.6823459923720971
0.8136176020781025
5.2778840128569771
4.2664604080760844
2.2496801847415870
0.7433786587886065
5.8597761892629601
1.4791880058175633
2.2206498638793311
1.0769496982226707
3.7447578825514753
1.8740614933904745
4.6571179974927910
4.4228013757572251
3.0684869962666079
5.9934422128461744
5.6823648297341522
4.8100918661235053
6.0066943815734160
3.2881404623378510
5.2646004886208999
2.7877283735260576
0.6112246424499103
1.1294814500979853
3.2181925884759321
2.0566396327100405
0.1430113075548289
4.7292029075956155
3.4400141234139596
4.7272402771201776
0.1461783484519102
5.3281399100830837
1.9417436661854419
0.0222237234849901
0.4112707088918079
1.4441152459398303
2.3165697832079983
6.0809235308560901
6.0253496185148787
0.2816192593430352
2.7188909375486587
3.2318126671148590
5.7467119063048582
0.4678757902982857
2.0249409326566288
5.7827912100832206
3.9730825263276826
5.7332693292791097
3.4795184214471568
4.4183543298244699
5.4238022250440956
2.1384691650079097
6.0284368437821358
0.0920414331662036
1.0880474085999565
0.5428334312669160
5.4847488642157423
3.9872706546023844
4.0732963104280984
0.2752827009134299
2.6650157432235568
0.9100396416427486
0.5194807214872029
3.6204535759466694
5.8528425793292884
1.8907457985358469
1.6033186895060227
2.3852211639574694
2.1700032769955881
5.4984843871225300
5.1815848292787550
5.0107249002772400
4.1714096733536810
2.0473445842021687
3.4669270531529035
0.8470400056691604
0.0785746471498266
2.5105293295630422
1.1347894516662116
1.1723654125544487
5.8387503913565135
0.9014995878181207
1.8981884390242121
0.8476486343530744
5.7290095353754333
4.4828398263457547
1.9809764760756294
2.3373241150448134
2.5871361283630558
3.2315626612068042
5.4491133932624765
1.2071556150248375
0.4400003250179458
0.3313594029466760
4.0908803832634764
5.5105313073232214
1.1883770054278568
1.3149609044771080
3.9762382237770417
6.1408667022992773
5.6225445411130170
3.4962993926808004
2.5721890571300117
2.2088701535970663
6.1343047095192063
1.2550338302663264
5.8463436640887165
1.4385652393988264
4.2270104726755884
5.0132034746108394
2.8108664657925946
6.0924699145929697
4.9640327922117944
3.0556189680882673
2.4908565599366210
1.4257613282971442
2.8152565525652604
4.7679848199769825
5.9814295201145473
3.5559843946460723
1.5947805595164311
1.6446967305554274
0.6866406087386108
4.0130035598702598
2.4577621391287123
4.9585407384337215
3.7974948822324719
2.3429998565999179
0.2393820590720123
1.3888640058920878
2.0098948794911622
1.3110605144982761
0.2032039312185752
3.3151921310120702
4.0887351684799951
0.9739863514257507
3.5385438996952092
3.4520589666620838
5.8529749584951478
1.4122468170464413
5.1495104130425791
2.4986316444403682
2.7740689763317476
0.5407714513406067
5.9293093772073231
0.1186361781134153
1.6522825029841193
5.5953959951173902
3.5136324254168767
2.1700948605140544
3.2193344909932549
6.1676357388088983
3.6408332129328755
4.6528949590272060
2.9801629947454717
0.1245714037287181
3.4762689175885537
3.8987276235211370
1.0564690742938145
3.5432319258087328
4.2278752580974022
2.7536521061261903
0.9824331771700873
2.8459878436984982
2.6196524200475508
3.0970713433286887
2.9969605220135325
3.9505231778632304
1.1909471465292258
5.8318122112710737
1.5166856296241835
3.8049911706167339
1.0887707336469750
1.8501300170795616
3.0611905500153638
4.6436988524013731
3.4112759912448993
1.6303323866873167
5.7002562073035978
1.9269955635204652
4.2403763364371754
4.3961117048988498
1.1656187980580253
5.7049093120711678
2.0113719330382045
3.6498587257742821
6.0603285961166300
2.4635643640635152
3.4681736492679907
0.8018246334090240
3.8936734036671710
2.2869002119569233
1.0675557128865345
5.7712275854845814
4.5607449439111090
2.9925198589594886
1.2750272958806155
6.1244004145656561
4.2282008628970615
2.0738516333163379
3.5888141635496726
3.4832990252524851
2.5163933799643461
4.4718590330134411
3.2790952551841226
5.4636553333605136
1.3095490495277318
1.3219752784824483
4.5339881270088558
1.3125732199854359
3.9499391236676140
0.2688277022590521
0.7573715711559498
5.0417728365392609
3.5322886194954441
2.1493490025605135
4.9801163715611860
4.3441463378472660
1.9781304634350974
5.1041617743049521
4.1481807616919850
6.0634489860045067
3.8228921772820801
1.6879777388106345
0.3339102516573816
4.1940746216996017
0.2291585385961306
3.7829080383296718
6.1181295512347544
2.4719871746302386
1.0877167071715725
3.0837747069878825
2.1796305678472261
1.4728879340223036
5.0776431976955374
2.0309086654905038
1.6007560974809414
0.1008551243178176
5.2599955045570699
1.3979415813612510
2.3811586299509364
0.5586274244487444
1.8337245536672870
0.3849573492302253
5.7128100581104340
1.1630636140076003
3.1960469871185908
5.0806708008195205
3.6623625164602474
5.0476940148977860
2.8309324541006053
1.4577073432532488
5.3442950721889479
4.8691445535088853
2.1835356135532864
0.6771697664245097
4.8289908920334526
3.9976557861172068
1.5342427797081626
5.8379399388276259
0.3023032294079062
4.9867095872741523
5.0499716667927403
5.8485341025804800
5.4788405984231492
5.4956752385830034
2.5960134237888375
0.6713579841861023
5.4282289485748469
6.2274632207356024
0.8535191101753600
2.0952200378998613
5.0582317240766645
2.2867307107798100
3.5898586904440157
0.5962720784375841
3.6867717138201481
3.2132889627383010
0.0081726044384433
2.3243344898941172
5.2211461288611281
0.4584847656210734
4.9003677625405677
2.1611641372416948
2.7164473361935157
4.9918432087499891
4.8167348724967001
5.9483631942857604
0.4742177918129787
3.9020945989030977
6.2118604830317281
4.7225762573636052
1.4947833388729372
2.5307429292394259
1.1196921613431963
6.1796722307453660
0.0920383227799478
5.0845599519236320
4.5427490298067736
0.2131240186423052
0.8219865773703813
0.4212479715689255
3.7328424426632334
1.5341193982774195
0.0706682700428557
5.8899630184548979
2.6749609276147912
6.0504734305826515
1.8976381848988138
1.8826175879318257
4.2601735428280376
5.0927132733873526
4.0937389247061313
1.4108706843531760
3.3978412168877412
3.5331323226852613
0.5023886258184393
3.9975855016499784
1.3245139794299647
3.2954884862812177
3.3440180002583908
5.3039637196784204
5.4195623492312679
5.6471499586862892
1.3229858710327291
0.3805154922182731
2.9392457285527467
0.8953164757777307
4.4991078618621358
4.6297294954573234
0.0735673938639818
4.5771623948245717
0.8569145002247438
1.2454710510098563
2.1005726748073190
4.5331706679083137
0.9377150008395475
5.6814026482619413
1.4702244427972671
2.4584803199171046
3.4991225141638589
5.8772590170778587
0.6831134685733349
1.7425395075851899
3.3910580240365387
0.6635468289750117
2.5983118968931289
0.2073398582385918
1.7882241008334663
0.3050378769557269
6.1751130520365383
4.5896491528572518
4.2666452112497097
2.0621312679878026
2.4839496602596776
5.7856804468100895
4.0541693162072283
4.1825109826664706
4.3671442126327893
4.6670622721426938
5.3661785856050761
5.1736994138378236
5.4868776240639914
0.5026331251814380
0.9721731677861627
5.7900836894090277
3.9722262764199368
2.6537441568491222
2.2650143785709127
0.0836080920496734
0.8652017536422077
0.5679430228551577
0.2032694810888125
3.8890031274884618
4.8076393822979782
1.3965495707872171
2.0020269997827551
0.8875406023666746
1.8994500434321984
0.8899361508304282
0.8298898459894609
3.2981225588148599
3.5095791409913581
0.5036813712599838
4.9757852923462478
3.5787558991939368
1.7782991628312421
4.1211913445041413
3.4434741459587079
2.5905679452521579
4.4027582507435774
5.8116324788336300
5.6059138938597615
0.4309047613482617
1.5381049777201958
0.4602858448413271
1.6686970671746744
4.0056900979618630
5.0869424331818403
2.7379583147783082
2.2967798646146105
4.4877667044938043
0.7452847349406257
2.0476229555146142
6.1895675001737223
0.9911007358911360
1.6725406703844439
3.7745049269837336
1.0714389428709257
4.2575465924660332
1.0008298895869330
2.5008772891144790
3.4158875236341881
2.6566017600395950
2.2612775535979464
3.3054608346528291
0.0019881487887683
4.9723733963539711
3.4262897733925315
0.6977035806146951
5.6388735586020999
0.1869685341571246
0.9235817420658949
0.4551059992200032
4.5038001238924679
5.2058036931219451
3.8198888505034230
2.8525162379763032
0.7852386091323988
2.3543412216119735
1.9160256799584006
2.8356331658116387
0.9391355766663775
2.2051520442376815
4.4611052678312237
3.4318112747515479
1.3670564009705526
1.4112698554523353
5.2997495143279236
1.3009468355245055
4.8967782330481402
3.0675588978555464
1.9696194812835681
5.3132631124443099
5.8439059069773549
4.4164218891684284
3.6411365798815916
3.0050530930383781
1.0739092066287181
1.5782380083478187
5.7649954892062949
4.4001774796849809
4.3122704945929993
4.2407644429845357
1.6032627036038827
3.3416669049294905
0.0820482160881666
5.0561260152470275
6.0679754578257272
2.1837395946310045
5.6908390931298936
5.6073359516280812
3.9735868089299515
4.6100133742984095
6.2179580182684742
4.2911317323616522
4.1931648417047080
2.7276983991022972
0.0203418872967551
3.6005005933799583
1.4236333638394294
6.0991827884611816
0.8890011195560857
5.2002038984808863
3.9237301779863629
6.1443199540271660
0.0307438383544740
3.4503549597787484
4.2809710487164709
5.7818333283462104
5.9503466024241982
5.8914223839777904
5.9452253376442741
2.7783286628832942
3.6982887082525169
3.0377164024446954
4.2916940662536538
4.8153529300057114
1.7384628234503223
0.7319820664848661
3.4691758530613832
5.1478882797826353
5.9178906477410935
1.0905369243647818
2.9032935932685482
0.2041269688824915
0.4873102719223329
0.2402921580501320
4.1592725408744435
2.8381855154638145
1.6406354757405093
5.7531861148699264
5.9531417490998972
2.7597789467050506
5.7301323025817394
2.0412471180556242
6.2437134793833913
3.0365043959724374
3.7151892190327600
4.2076395545182175
3.1313782425310652
4.1237305595550957
4.0175041566118592
2.5201597842651613
6.0047563381764517
2.4915782621240368
2.7510755680954539
1.4133937428721735
2.4150798520562158
4.7907980271267085
6.2807449084203935
5.0014689923104196
2.2159937279890496
2.9356416482162939
0.5256245511944133
4.0284330501279042
1.7537415058497898
0.7686686742941685
5.6114788206541855
1.2025928342522771
4.6448338460050032
0.0541124528523494
5.3381152772418377
0.4769342104539275
3.5341630707162612
0.2873577863057296
1.9499842958914368
2.2216409148489755
3.0475322810947119
3.1719786079892698
4.8917252814929117
1.4360828487761184
4.5539272501666863
0.7191215095388678
0.8618078444409413
6.2194527384198635
3.0277133521810060
4.1478512722211134
2.8560355984957289
4.2587495997776079
4.0344664452769035
3.1474111737332726
0.9935901747095922
2.0952786192872868
1.6619957250898663
2.8387638133354636
1.5030292354539019
2.4887895918887564
0.9400518580298085
1.3589703540769333
4.7521705273224430
5.6046862075214481
4.0204939985760273
1.8941347044871126
4.3961184555452792
1.0561752189637288
4.6118918575913188
3.9672692613261908
0.3550814792803195
1.3780632835557505
1.7684979730043606
5.0065324554064725
6.0761626552950139
2.0364433872922718
2.1314198651870204
2.3276143153311533
0.7291342110240093
0.9444586121776959
1.1599152865921836
0.6534498198853256
2.8031362604821060
4.8474070474239133
3.6551888468998763
4.9614814110988119
2.9712581602152586
2.2566082200046722
0.4996668389518185
3.7941541949964614
3.6588902304030015
0.3961184038853138
5.9427454555370494
2.1964688068500582
0.9913584929649891
0.7603006475262355
4.9442379261615326
3.4612206428360235
2.5681397771537076
5.4672187285119831
5.5684966968339475
5.2502681785101615
3.2882603773932346
1.3522912382741632
5.9471607429215458
5.9198765270289764
0.3333485005964171
2.3219343110380661
3.5141125263636535
3.5553117159106078
2.1475036424873069
0.0165127189051579
2.5199881264938275
2.6535921723576923
5.3732065227132724
3.4931084818123357
3.4618521153814124
0.3648016427747867
3.3214473300979583
0.0167804674610613
4.9488195118076224
4.2000341165127786
2.4685760449970240
4.6558749303905307
0.7581114318472841
5.8194772710330529
1.2942289689916557
0.4122386294295884
3.7704947733589922
4.4272326071623418
4.0019966702746652
4.7058439967450170
1.8082076947298238
4.9313485339072018
3.2681704082521663
0.6147035960921549
5.1584976878256334
3.0541113643191866
0.4659626150456218
1.0385846211237848
4.5138098846230941
1.6597876509150855
2.5338239449153970
0.0698801175494424
6.2317816147263612
4.7887619606956546
3.4677149760055781
2.6021210298196809
2.8525241954546621
5.4607529979442342
6.1767811459216810
1.6050067675233428
4.5691052580477676
0.6113782843891035
2.6138191229231982
4.3222203779352713
6.0211912417111728
6.1844498559716286
0.3821434546734178
2.9074626373005614
2.1339455233775388
1.1211877946637483
1.1873219225455540
4.5482331216637357
3.8962616026399655
0.5493155813244568
2.5999920516131581
1.1087366259091851
1.6441539317375906
3.5291131478197908
4.7989898001287132
1.3036621081898676
2.3113836526660361
4.9626673980384934
2.9453965079702309
5.1857700825201274
3.5802315823436914
5.7019420716332343
4.7148763398407230
5.2641262212715416
2.3409870520134195
5.9792301831997303
4.4648613122381482
4.2500542425435288
5.9226046918708395
4.5766253939335630
3.2126760330745951
0.8149792615950623
4.4176693339569981
4.3180795091255524
1.9568254261848610
0.8875532236789445
1.9199370980355817
3.1511849242476351
4.5028802216412007
0.3147420267775283
5.0940400645181825
4.4622806975484615
4.3667995902215804
2.4798828488151332
3.3593352631150184
6.2183659923881613
3.4416918502741201
0.7555258605838951
0.6146215588251603
2.2168432940536844
0.2589549455557484
4.5932109076413941
5.2372699243502803
2.2773077271320137
0.9166179417947165
0.0577572424940331
4.5728137138088041
6.1575808316405478
3.1496110919142062
0.6924400226961438
3.1991856991441701
2.0082768255809484
2.0771863613443431
4.9031942370264714
3.5866392054716130
1.1179030040640092
5.7146039069358192
4.3064777979818087
2.9305064557399048
5.8858404250014020
4.6544679795462187
6.1065560706996731
0.3490683823319903
1.1750879460504655
1.5053095468675426
4.0677130135692403
4.6776102072222479
2.2251520674971550
4.9737046516385490
1.8381748032389666
3.1708576537062938
1.2353459214762041
6.1820111126936963
6.0350949290806799
2.2620963428172960
0.9052666125316913
1.7066104273605214
2.4807409849864706
2.0147881635786602
4.8794230862668133
2.5782317000998995
4.2037931617223956
3.7745986708682766
2.8833766218336145
0.5456985388581790
1.1033909759354366
3.0450770084468535
1.0594344185597759
5.7028951015955016
2.0581927409504615
0.7851319556140753
3.6960352840146511
6.0190057108997568
2.9785712317283100
0.7398079293437559
0.2057127728572080
3.1878562185184403
0.8327600718860033
5.6814509844920771
3.8267564777679715
0.6076215297724481
3.8657068434028941
3.1381528490763473
0.2268980697031499
5.4889353820381483
0.2176715236057187
4.1764856727099726
2.3320143497668449
1.7217553804399286
3.4594282204712488
5.1960809147194391
2.1678065943573683
6.2543725110328845
1.3452206105744295
4.8777755291482272
5.6509136764578560
6.1834844545939536
5.7251695130807327
1.0636900832676366
2.9485216468736843
4.0619726165027510
4.9270640579795755
5.7655703066191553
4.6664321002189419
5.3931369714652515
0.8095303881875990
2.2024066958324555
5.7055779635110273
5.2960552200716213
6.2540393273441479
1.1589931798203184
5.5532962176992529
1.2116026878832953
0.8041230729871777
5.8459382073199224
1.3972019889154343
2.9314006139144815
1.5239209700638880
4.7345238420642870
4.7800762557481615
3.8343778242838642
0.2901212634431392
2.5532836867269295
1.1721905312183731
2.3863619219876138
3.1927616585800824
3.3810368918978915
2.5172108007163629
3.5992124392871814
2.7538262983575410
1.2349729707726391
5.3726824432266636
1.9744376219019530
5.2605837840498184
4.7577821279510077
5.8324066631932592
4.6207903999316198
2.7374352844973933
3.0165862738880493
0.1177790002021294
2.0433027711294383
2.8042350696326177
4.5706256953382649
3.2283257309395688
1.7864231401322266
2.4987828317066638
5.7431190623091855
2.2379557134321639
2.0559133279400545
2.0655208767373612
2.4053398922417424
1.1203366758495155
1.6665636605333509
4.9206188173110936
3.9125106531725895
1.9576986042323030
0.8592389915041979
4.3168362520744443
5.7801789008291129
1.3140852547806476
2.0683629170604436
0.5610398043547844
2.0948071346385175
5.3840136610613847
1.4520544694673743
4.4786666078670745
2.8971898127648155
0.3780164576443640
0.7208453592912373
4.5331006446315074
3.5867705032838781
2.5068665048223928
4.3461060848121971
2.1487998347058608
1.2460132000882209
2.4716006645882631
3.6940527942285057
0.2784227060251651
5.5762846577910228
5.8470309385470074
6.2373327807773657
2.2524017688965903
0.9009289259508227
1.1558466397018992
3.9923022387008475
6.1811743093146179
0.3893964869458457
3.4772492750951596
1.9387290609740238
2.4326936968718726
5.6392921435879293
4.1991792776507602
2.7877458206990218
3.8804689757048063
0.1762861430187918
0.2369453654080714
1.2630258230668303
0.0437861070822772
3.7019179042493371
3.7924234101783250
2.6174485762421664
5.7449381768447223
0.3670039881673544
3.4602946353463735
5.9298939764641707
2.2820084899714792
3.9901565547587992
1.3195911439502213
3.9273990464773227
3.6509648257445471
5.0016927238581550
2.5915095978170966
2.6601009703425520
4.7230853009976350
4.8312243246832320
1.0571121697265509
1.4144751594685805
1.9953845801849284
1.3584899601553739
4.7393881517493126
4.1934619235425457
1.1310920450293667
0.1768490403850458
1.2173364938527398
1.3055985661368148
5.6446175075121010
2.8434738468315235
1.7693227343076932
3.4777395950155245
3.2236047500757632
0.8390294403396344
2.6914381944739127
4.0164830661940965
1.9493329350007935
0.9668145873363512
5.9226300897873836
5.0983834954339615
1.0878706424102080
0.2416358443715060
4.6545649149340047
5.2185724905046431
3.0218795089968546
2.0679054847190779
4.5777907208041899
3.1548081148068334
1.6152937399803902
4.3745138722959842
1.1206180234239254
1.7912781271145914
3.4783018905121348
0.6230659393908192
3.0708055591642638
3.5645207053962902
2.6124605286889730
3.8459399690581928
5.0156919264372792
5.6696850106877221
1.6965253381632877
5.0544893543592533
2.1219403345626695
2.5251390251476780
5.4363039776217645
3.0789315524992129
0.0570333159511165
1.7508023842100509
4.5232190900088955
4.9090544429396337
2.2457295164580504
2.9192399756203855
5.9830990859821842
4.4041118834327664
0.4052490570424571
2.2531863431214552
4.0872747483584044
0.4980313275550530
4.9330646675897167
2.9217850379067185
4.9591978687319740
1.5597605607505181
1.3350987764287363
3.8014572509555511
1.8747962357528725
1.6109113591885169
1.8946209739751860
1.4057939501442587
0.9156447074090681
1.1781393777407567
2.7085425059453430
1.6218696930078937
2.0421348796366003
0.1762345264036048
4.0011957158528482
1.0078374007575290
1.0427198340002124
0.7437110491675714
6.2119351825452327
2.9191353695489073
2.7730015570892772
5.9091780574669563
3.0360984892430101
4.0895649501956095
1.4482563690478529
0.4801511922146975
0.3371658517801753
1.7363069796057582
2.9245790085684971
3.2464226254506379
4.6202319513003944
1.6441351493545997
5.2254895735698978
3.5747516219813384
4.9040301305810337
1.9771933507980965
2.8620042020088841
5.4207037552165422
2.6659473479322480
2.2105560069018146
5.2453630434896219
3.1702122785223339
4.7806429733971658
1.5978462562296887
4.0185273200873857
4.5853819052871678
5.6972578564424206
2.5822611692042234
2.2272657696505505
1.1350436501569086
3.2169045389632149
4.3695455039830415
4.8441040803443070
0.7022670774424726
2.2501824750134509
4.6544214398777317
2.9888134589552990
5.1020696257528666
3.7276658335036013
0.3018795079513945
6.0759804864822051
4.8200247065904405
4.4738621750985308
2.8594213810029947
0.4529615555579775
4.9410659390810094
5.8276482916383623
1.7889092131085469
5.4786172618721594
5.7855278368479341
1.4223628247578493
1.7606402596517150
3.3700419819061711
4.9824186090249691
3.0645474621549353
2.6558225597625280
2.3999542700535228
3.9696106016782537
0.8472322567625026
4.5508514964490780
5.5119394208959074
3.9413139055041997
5.8235866766555189
1.2740845675094694
5.6719973552321905
6.0351121206817622
5.4638825252370182
3.4724251818678562
0.2501363961920696
4.9766232324834370
3.4656876295268733
2.4442494896998976
1.8074741322063885
5.7641734629601338
0.1340362195208801
3.9734179918412429
3.0296773331352749
0.5760878163771939
2.1249195150466051
1.4539873529285456
5.0403555104121969
3.5251182570430184
4.5766392251209105
6.0625487861957410
1.5184334943616071
5.6747547782805468
0.2823418330143279
4.0609821563988717
1.9285232023263903
1.7494700040295135
3.5464079197280913
5.4675085640309273
1.2303759003896646
3.0503744297242421
1.4715374849192471
2.3364883973067037
5.8721150196745162
0.7191914571009131
4.5396665217293135
0.9485692697210253
4.6774540504369257
3.4947899717494195
6.1633554527975578
6.2313608946031085
1.1012464488155371
3.4184008638977113
5.7869653997995716
5.5489900894971509
0.5062139617110141
0.7707800422942922
5.2680159685220795
3.5701510523316449
4.9168449854836789
1.9040377224564804
1.1535814164559439
2.6223018794529152
2.1041839514797998
4.7994319337555948
1.1174421826439209
2.7823952918574504
1.1257664111806047
3.0407636675847103
1.2513737488923620
1.7825602338936051
1.0559781761322988
4.7340694731273443
0.1835789311063050
1.5351209526886349
1.6991965296612972
0.1384313899905437
1.7133941835555651
1.1198451807546352
3.3656376522241516
2.5051710192299961
0.8865664936919803
1.5400762573120337
2.5247152528461494
3.4809424278841763
5.0512356385867117
0.1637158906457817
5.3703532278793622
2.0494812798636857
5.7461906221005714
0.6739493937340555
4.8884231139488259
2.1679730424261607
6.1624488606887562
2.7455478348598441
5.8001781520026983
2.4113633334033042
2.7500874880563959
3.9359116041070616
0.0372098070880346
1.8112358600140734
2.2499432790348886
4.0810671925950688
1.9326894467387616
2.6611971512313715
0.4408828212242735
1.0336996353524290
0.4192873190281362
2.0968432430798907
2.3101604464416616
1.9013962219503036
5.7643411999464336
0.6088678252493606
1.2855857445900529
4.1645797244610021
0.5902274249031593
3.5790244173501566
4.3458247594880870
5.7882835450024759
2.8323201721943088
3.6754711365636381
5.8673002027650192
2.9473034134639962
4.9827249138585614
3.9269981354754222
5.5729604629415492
2.4246811674756485
5.6654920602454322
3.8677698139711736
4.1764966157397874
3.9770391757545398
0.5498039408706350
0.0941965476382631
5.3759622943185104
0.4444681031535872
1.8295996400635144
5.7451442646867656
1.0653963488761546
5.0223302351526922
2.9595572377095558
5.1726972800528142
3.5697809887265342
2.9105504287229325
4.9449401933296375
5.0890755067895919
5.3658944118729242
0.8294182148920964
5.9050994945217612
2.6521568425172912
5.4308288886401552
6.2337183069024125
4.2308256427731514
3.6823889456060108
1.0642607533642805
0.2855458180478790
2.7430598689836283
3.0037669653004921
4.9497616102196433
3.0140958329750029
6.1021341530320150
2.2929529451739081
6.0558496370808328
5.7623993308195853
5.0901618015068051
2.5010940386866092
3.7319927054423072
1.4209077869566111
1.3616397513235010
5.1083647421644240
2.6246692666563480
1.9700064101493699
4.8091983212631764
1.5497384939549690
3.7116425613396897
5.1697432923623063
1.2604657260502359
5.0100009360233742
1.1869525064842672
6.2546967252699268
4.2077043974809225
3.3351356325034449
5.4297867992221178
0.9869683623952297
0.6952756050074146
1.2231158480509094
5.1183554781870741
2.4574378747882304
4.5564206695590350
3.9851049782939283
5.8436317765816259
0.7569264151220979
4.6894407123858253
2.7312566634104773
5.6905541874975905
0.4444657299601151
4.8967126535000167
3.1252239461875675
3.7657046036203434
2.4996150450692918
4.8800595677551692
5.1294438520189898
4.7865615886666717
3.5398475973238974
1.2480196542404927
2.8677142490002128
2.4983704923555514
1.1216797955064974
3.0672617957659929
2.7729972040363626
4.1815953367456427
1.0905002795870105
0.3142504079976183
1.4413050896756769
2.9097058404801492
1.5324242565034747
1.5584312228990922
2.0893059225583199
1.9109260749603980
4.9614326489977545
6.0160789586550578
6.1703557924406534
3.2038637536167398
2.1637725281446496
1.0364517985610171
4.1593781705348434
0.2493510861446672
3.4592663002786312
2.0961571264384777
5.9823234695265075
2.9452510800992986
3.7386047375336044
4.6333408315036113
2.0309353100375072
2.7366839018727740
6.2190951248225455
1.6864080284367924
0.0944333119006689
5.3942453215190849
4.6666104393291477
5.6990706475263817
2.2948600766318319
0.1166584588778835
0.2635656226306616
0.2371899878281491
5.7760968199694664
1.8341456543434593
2.4893692788643729
2.2409135507598950
0.0426232175408940
3.9770789259249151
5.1903139808139551
1.7411237516569036
4.1308568979529063
2.6260832844269242
0.2333835823211286
0.4471553696154078
5.7086231320475704
6.0863106115749428
2.4691889087093819
4.3445737363899406
0.2534608885340822
0.1289373943177377
5.5577390156218955
4.6202034962824694
3.4964976150943565
3.8510778108923231
1.7544464901744410
1.8845949130901998
5.4493418825114022
6.2119163415923628
3.7359363237526666
2.2183528689345158
0.7560135973562446
5.5558841012662770
4.7101056498596714
5.6296608292995325
3.9056536406565621
3.5424586573417884
3.9387756220791514
1.9144453046581793
5.7265820655185875
4.5335231029329055
2.1178246744805636
0.5798974604122314
5.5315420958523829
0.4327464323016147
5.9309147221837231
1.5471365997479145
3.5974070240544020
5.1326468118626725
3.3635562329666882
2.4435864554575786
0.3014674835080060
4.0457117568358001
5.4698828475271508
4.6913814824879045
0.6798284684708743
1.7013499284726061
2.4138615718724132
4.0817343275096682
0.4627509400687856
5.3610913190210452
5.4090579068858800
1.9403902000485429
1.5228628447851082
1.6243306524844536
6.0886657523133829
4.0963174493662349
2.8509450249352564
3.7726858487972321
1.7800494443468378
6.1467404935770027
0.4344058554381368
0.8924006108247512
3.8593484969361436
0.2494301311432919
5.9521610637900606
0.7591605688838725
0.2189380630733823
4.8382642470453971
2.9131382504661851
0.0506996813776620
5.6735716986988693
5.8562869834268607
0.5676025916517471
2.1341288992616509
2.4185509754477539
3.6738988917376196
4.0625732032756003
4.5479824814413439
4.7462466273352595
0.8694160585315858
2.6522597715287501
2.9851520431109742
2.7183352899593691
0.5234681669438054
4.0497246864731773
0.7373798856881730
5.2338755164303112
0.8978825329054978
0.9143929562876134
5.6420292863510237
0.2887641282068003
1.1639291806372094
0.6181606857488245
4.3752884204900129
1.7343704919252145
2.8684484100585181
2.5393535768345528
3.0357724946345508
0.8200594411493197
3.9927372770735707
2.8516984358653370
0.1631146420991922
5.6955423315292144
4.2168124167325258
3.1617190336302148
2.4113423749418397
1.5698731836445758
4.5915566911871677
3.5241434538408041
2.9305918724539071
2.8893956895195410
1.4062129535093566
5.7979531466268472
4.3654385538654905
5.2102570799497485
5.0213302724233966
5.1186806074598463
2.7180409192518731
5.5641913204131965
1.3274348019013378
6.0746592529376500
0.1871855072935406
4.7780151084687850
3.9779019676067087
4.0475458630399777
0.6932421388145994
1.8371883330116749
0.5184347969920882
3.0054628052085919
0.8630502257072441
3.2391471830638348
6.1237680132451127
4.5273604215465202
1.5977867262687133
5.4296774007872903
0.6004448684604218
0.9717258176588017
1.3342893838103207
1.5570332227724974
4.9273359067060296
3.0035163315880582
3.1804662035115543
1.6219786272099654
3.1118030988330512
0.4990387814841645
1.6678539307339946
3.3276863886829382
4.7028651045902112
0.4229559749688431
5.5183055175771445
1.5030032497735621
0.3738532476166011
2.9714679841697160
4.9344703898750097
4.5632703951150706
1.7965038429447633
4.7514383953990356
0.3718193229006617
4.4262256246769942
2.7483149595473746
2.2524096483954805
1.6726087024594964
1.0578570384170549
5.6923942713777160
3.3639024078913602
5.9510187931332581
2.7247114752688724
5.7365917936643864
3.0763657678407590
6.0838643387894926
2.9325033867174817
4.8449354424680848
4.2867667883687242
2.3608607422809520
2.5787102314232442
1.9431953378226337
1.5155675002409250
3.8255021110527632
3.7215098900839600
5.3592518571819454
6.2617874309038450
2.5866425235252923
0.9824742812211764
3.2648603873023672
5.0469687787866659
5.3864382825844714
2.3114435726578106
1.4825350953440970
2.6572277318145217
2.7155403601954879
1.8212421644964534
0.2369584916154584
4.3877385732013083
0.7130299752650689
4.3919978231495955
0.2647708658196343
4.1540030638049288
0.2982832870931548
1.5521186239347571
1.5320953124114278
3.0110253359575161
2.5216806654600563
3.5707615640639481
5.2294309749095440
0.6788724681988493
4.8632079207290175
2.3917829521609981
1.0135185228781523
3.9479612067686642
5.7215181945967437
5.0750767177639560
3.8319711092805648
4.8925938760922030
3.3989951303551011
4.8667105131191946
1.4040014064302400
1.9633979124426102
3.5744687099793109
4.2074972732024847
2.9762562008907358
1.1725671264547080
6.0368136920487236
5.3568137356405954
0.2561281208720707
2.3998601727513784
0.5734166861341327
5.4292246651186735
2.4594517128453837
2.3585024209583754
2.2442429601203990
5.0204609674285727
0.4613857172472565
4.0396309520493086
3.9322488630882142
0.8415703750967939
3.4763929498267179
1.8225358148392865
4.1745711487301236
1.4647646964296099
3.0172418193234294
4.8213337926228732
2.8943888002354790
4.9928125409949953
1.9873300895167738
3.0423214736134856
0.3816545571745428
5.7828793739338611
1.8082486787289946
2.6448424191873703
2.1281847065918713
3.0577383448377771
0.8737263881661197
5.0875286884140305
4.0878183581172580
0.4712877651383371
2.8060602107146586
0.2819541484299443
0.5057362301540813
3.0813744592901071
3.5915218814954764
2.5509244632583816
4.1058108526535655
4.5582630818157464
2.1249956736207039
5.4152327864195433
0.1925122686306510
1.6951546182494113
5.2833154529436479
5.2925353628780325
1.7536518240942525
3.1413957840510194
4.8390323203045433
2.5889367633731561
1.2496313473621876
3.8146672899169194
2.2609835861254153
0.2361993249213069
4.2245628352197846
5.9532714413712462
6.2154058073859781
6.2494298307574629
2.4919977692929760
2.4447931525787290
6.2537257173292895
2.8098245932530372
4.1872963626579018
1.8728358513551449
5.2704653275953710
5.6948701249029581
0.6803425879728023
4.5854228617719563
3.1287198215958649
3.7186314324302434
1.6501209442849607
1.0685753914302889
3.9799907431953589
5.5961407075987823
5.4999091205358974
1.7656420258769390
2.8537437935762391
5.2602177899623994
3.0928559669851978
0.5622701799294952
3.4886588645675909
2.3267926041572231
4.0952834094642743
5.8911318548770000
1.3464481773303227
0.2455346017810110
0.5548465036375495
2.0061777450323381
2.1374719636519619
0.9719026698020279
2.2248785364846997
0.3934698914847992
1.5458333932408144
2.4447742686685787
2.4382597532214514
0.7791051639644495
1.8078999172595438
0.6450480283202997
0.2963989416833094
5.9181823332536219
4.6992064329653562
3.2562042993382367
2.2747475583463137
4.5987596631189405
1.8536822928256695
3.8873599071096026
0.0760249418112253
3.3787576022224433
3.8615229905012018
3.2265205599099303
4.3888656788497862
0.5646753805703935
5.6819660472242344
5.1120763456403182
3.7238106861718565
0.9935996212336080
3.2446232130307240
4.1212443709540620
1.3872288616096977
4.4561012560784032
5.8591953732750506
3.6546981992461816
2.4510686856811974
5.8091472956163983
5.3181265677230041
6.0370824190438936
1.5320206232483713
3.8165544106898484
5.5368498807218938
1.2855904462032266
4.6932680418860455
2.5283087467588334
0.7310517400581186
0.7907054832380438
5.7699285201183903
6.1369751241118777
2.2147746833252864
2.3885303972994101
1.6632815690805280
4.2114163455510871
2.1632993157321354
4.1462491724375594
3.5252423175722343
0.0573771402297553
2.2327700140265296
0.5276531315069033
5.8850157386244932
0.7915120249396107
4.9359270761011258
6.0354906379271895
0.8380414505195087
4.9325483962804828
5.4365429534471295
2.6671747918516475
5.6313004180005066
5.9353349117085150
0.9786149212780473
3.7591429911333187
1.3748067267603286
3.4783574974678984
2.2705559826679025
1.9029515455270241
5.5047673297106456
2.2652833293778580
3.0831927061607405
1.1073957724307608
4.4528351850635746
4.2264254046940257
0.1387869812576723
5.3208087065058276
5.5439607291879041
5.2758575616092704
5.4057340594238497
5.1146434769672897
1.2534894368325074
1.6598756101252092
4.0058818153055853
0.6064252869748114
5.4325043224854834
2.0532846009226531
2.4518083331752996
2.2602541450231790
1.7761749599947032
4.3420090696799862
3.6051848110380047
5.4021216952808189
2.8696365255677021
2.5189769216641982
0.1092424180260715
2.9631392997931409
4.9167185106946425
1.7555028986621468
4.2812490728023205
1.0699452633483990
1.3298683257062465
2.6350800435578892
0.0068960583351888
5.6154883956946771
4.1900549156506273
5.8557429859867796
0.7587666728531749
5.2142152082607369
2.9308168532529075
2.1285591350300819
2.0739617655949729
1.0885855420247443
2.4606937718240318
3.0592635263971864
3.7438528959977626
4.0287590013459793
4.8265623609247958
4.8416175102267047
2.1774317468624949
0.2865163429251311
1.2029032538702438
3.3321153618217103
1.8650922975006825
4.2234255252633099
5.3666063524657597
4.5347097109780128
3.3099023152070539
5.6321072417133760
0.7621653726045728
5.6604096350933606
4.8989688412655275
0.1627869948136374
1.3866945967022997
4.5716278293547834
2.2834233678560585
1.4749688097519837
3.6506826612773051
1.9923333043754015
6.0154226921436242
1.9141006573534154
4.9445544437085784
1.6221128622891612
4.6853461349695893
0.2757120441268447
2.3242663266988410
4.0790605412186016
4.5843710308336378
1.4966311436478148
4.4409980629426729
1.6911013101144861
1.2140067114307180
5.0231032829402507
4.5540061964482401
1.2283863594193825
2.1826788677464286
5.2488429926726603
5.3524466972990066
3.7437803906872076
2.0452378919527154
2.1862702391605215
4.4028286620662103
4.9119794542057749
0.4439229840236460
1.4187430763659536
1.4417364852404286
0.3186898644984495
4.2971192466157282
3.8857130567236218
2.2306684162187480
3.6723440777088467
3.3159171624659645
4.9833650294990539
0.7467741420335777
2.8771783721132080
1.8775314546483732
1.5030154317845570
1.0311419651460183
0.3534647156418891
2.2246742224773319
5.8455763135114660
5.8184514434666976
0.5190802853457918
4.9294177270942514
5.2477798280605379
2.7611682470521770
1.9098794951752960
4.8691877482556141
4.0446929443882853
6.0029985853762788
4.1616742431791032
5.3269120886715005
2.0445915977861802
4.1783470769186311
1.8992395196854146
2.0694179892102613
1.8857101173994968
4.7487513691089838
1.8281868426599635
0.7054523161940575
5.4688570706252007
5.7969688357408673
2.2547150139196428
4.9195423618980056
0.2836953856262951
1.0383987111870132
2.2537307374314306
0.8223074967182094
3.8872492265258249
5.2384993317125046
0.7314413070376029
3.6424614355170331
2.7713076082681658
0.7339112542631726
2.8876522833546523
4.6541912774780272
2.8071982661772066
6.1349271628447521
1.1642735651965801
5.6398924263992463
4.1916441251285823
3.0615539116549355
3.0764988409225773
1.5086339173160375
1.7721262009128642
0.0334136095308444
2.5685887495238675
0.8117394513272445
4.8051061360552003
0.5937851729555702
6.0741803973885409
4.4874948586390282
4.6127208423755715
3.3874127727580965
5.6255623950108733
5.0878363041483441
2.7217349952117802
6.1609588345377704
0.0391292989331996
5.7256767451009711
5.9345053767765004
3.6007624453046732
5.0887626468675951
3.7334344916653515
1.3784142110595807
4.5837476744828258
3.8866903254998180
3.8092873996567831
2.0980269731211667
2.3210828565320272
6.2304295544806703
3.3813662014394104
2.4593604654140995
4.9369046158860410
3.1492177474192573
4.4684238817810185
0.7385185499354203
5.7762937551772042
4.3909970750941136
5.7784711730043297
3.3568007608994281
5.8604636655146045
6.1307927764739247
0.1317043155361168
4.6261747461028193
6.0865939825691839
1.5397931454421834
0.7547839167549423
5.2135366646597703
1.3413385552363499
1.8941419396012484
4.9081648331505132
5.5198465482785988
1.6272625931555669
1.8876670902922363
1.4271449227547781
0.0826081113200280
0.2541441013441713
4.1087057079832334
2.1650463628146377
5.5536658073125906
2.0093875252279707
0.1850773415238784
1.3691797505729759
0.3614654789991266
1.8377261587748153
0.7721904731651297
1.5710812478292435
5.4591652086846585
4.8293835884362650
0.0094153712596593
6.0751118448677488
3.8189246806446620
4.3423398835408191
1.7210411657081992
2.0444631670942663
1.4820185849554297
3.4006783090375508
4.6489932394616904
4.6282481650757568
3.3349975594929755
1.7908778191264054
1.9428094405308278
2.0322839954033651
0.2446800505310550
2.4077244738084111
3.3819690478272530
5.6720939301424913
4.6902089192111802
1.4141276713029218
6.0212828275290304
5.8420162775079367
3.6696469333467716
1.4944615384908744
4.2256052155364134
0.8996771071631740
2.8899435321645912
3.6913025180305188
5.2255167338792656
5.4631667708185097
1.2710301666253809
4.4044060484792933
5.0460929587148629
0.2376447901460696
3.3809821162466815
3.5742660419802439
1.4671454294659332
4.2478470645548345
1.1282436814853847
6.0520521641967813
5.9124672579211808
1.3721374226499661
0.5844556250329640
3.8538422442594640
3.5230584596013474
0.7614237233785582
5.0011116849189996
3.4751946177780213
2.0191056466681281
3.2583348587076313
6.2118733757763174
0.4230626995575301
0.1828282926314952
0.4530130128885073
1.0598312622399828
1.0679713332433873
4.1317776078167485
6.1120105644337617
0.4603867342051468
5.6867753971090886
5.8156645393707329
6.0210019878212551
3.3512914227362804
2.2841931507365731
2.7824322560445478
5.5000521927936772
5.3975602074886719
3.3271753016229808
1.5727285595266669
4.7764316779117042
5.2507301119646383
4.5008311581882534
2.5683637489037414
3.5573366063236125
1.5077289878221294
4.6686658262514751
4.4718993591568887
4.5478470337820536
0.9042039117146936
0.2338399712966660
5.9206247666887393
5.6326590721609042
2.2649542738909347
3.7594353924293311
0.3072119525910010
1.6662244865447449
3.1999989459332574
3.4360429106117039
0.0972854968146591
0.3887621938082558
1.9329489341617276
1.1980103565630036
1.5332734580184304
4.5152279648124329
4.0831714145081390
2.2125806939940307
0.1036447366769486
0.7268132425553443
1.0023182445463399
2.6289786133553927
3.2659853012099318
5.8436386130979923
5.5341673881729836
4.1933436005457168
4.5473957296841423
4.9719450044926452
0.7423955741871654
1.9057590211920115
2.8633171553645371
3.4707252054151052
0.3200677027601868
0.1188702225177723
1.0313289719982202
3.3152570719436323
4.7939805026030688
0.1341056528554992
6.1970891764017138
6.0956774261824194
0.5481767749659460
5.8078741550441544
5.3831990894991204
3.2923431920650765
3.9617668944226718
3.1457401118121759
2.4955074601772709
0.2013912851805748
4.7954802202384004
3.5215220962325451
6.1718165869577373
2.9361455251311628
1.9780182976687772
2.7443561346827696
3.9142246578267970
3.6031878679055627
0.2260592125625178
0.5010916609178666
5.6318878784257551
2.3652290595995558
0.3419934826285390
4.5702370059379911
2.2199757623305918
2.4692777749451413
4.1293574492083183
3.1508925780676291
6.1971757558671161
4.0999065032990014
0.0151547562963430
4.0785163505886706
5.6250694766089753
2.8004592327641520
4.1891391446562753
4.0333496895572374
1.8975570335467777
6.1591408861160186
2.8795206381376310
3.6604397134661713
2.5074279778920747
5.8678699342441769
1.8998111579934667
4.8354399868482449
5.4710753905526275
3.8497382437674070
4.4796387005038323
6.1443470004209582
3.1077739867726479
2.0969821637545061
5.9455382001103025
3.9465789398224094
1.3584390116623075
4.5261527846266105
0.8572228654259658
2.5765448809055704
5.0260185584675954
5.8106680044456542
1.5200916728385938
1.4588361945299544
5.6387048607757402
3.6039300165723418
4.2981716505785688
3.0924899420744225
5.0139044430649760
1.5049682543049088
0.2980098003426027
4.3434109157380618
5.8548918026850192
4.0780988513137313
3.9446419305161586
5.1427207462279636
1.3814392010925556
4.4312090351900491
4.2879357479089126
4.2592886306312021
2.8128687759471429
3.0690078663732012
1.2586523228688076
5.6810923805766187
4.3500767518360641
1.0065027071294304
2.9069150923585370
1.3925703880378504
1.8468959038603090
3.2276143428915480
1.6494914946610513
0.7114550149137399
3.0027185496287641
1.3553346006195754
4.1446426117928201
5.0133207704485798
0.8174105126558244
3.1031093811691930
5.6448502071646445
3.3598942564854930
3.2938434530431548
6.0173028019266983
1.3757977638155297
1.3502755745921979
3.3995632889617031
1.4120115574503360
0.3615474443952075
2.9282581551113158
5.2084796595770397
2.2896228191999333
0.1448250853106033
3.2209588721325346
0.5155487717882433
6.1116628690072430
4.9258080660325767
0.0753785214341826
3.6408556558621732
4.9465646242288912
1.7403469327797236
2.0264274878253730
3.1862260959537907
4.9496990509362790
5.2007677695611267
3.2223632085751910
5.4931590861299284
5.5404167159869937
0.5377977844961860
4.1688106963166316
3.8112408961145081
2.2222348950052719
5.6561161887235967
2.4282072131360048
4.7739788498368130
5.8956109302342110
6.2484564605975068
2.7851315438679021
5.8230821950310450
4.7512487313834981
4.1796952145713648
0.4910813557558025
2.9797434341036522
1.6832084863346521
2.6178022249078579
1.4234501422333956
1.1294337162694168
2.0538196129153010
4.2110428461660669
4.4935888867568536
1.8653435479606575
5.3437359946326914
0.9137660449310645
2.6749191762412572
2.1420865339848940
5.7088775776950378
4.5500664225820699
6.2060890186506050
4.8871696692919828
0.1151784484298920
4.8309236734512737
0.3180938948218605
5.1839549889958061
6.1499549617513676
0.1056882411605698
0.7277974828042804
1.8578206335131042
0.0620938915781840
6.2028611807324303
5.0318662608384344
2.4388312797188809
3.0517375129506563
0.6972473272022298
4.8527521555599407
3.6975938658838849
5.0771234546988691
1.9588447712018255
1.3765329368164347
0.6951057751004707
0.9170090281017964
3.2219140163265343
1.0829507997384562
0.2185622585313006
5.2103147054975647
1.7917922790363567
0.7446203354355522
1.5120980386857541
2.4287624425158434
0.0670732611778411
2.1044828609987953
4.5208468835144417
0.4565688230687597
3.5576653897078945
0.8435978738884452
1.1775209032999221
0.0028921708047996
3.0105091409088325
3.9228570509455398
5.6538252702250986
3.3391637516794419
2.1764129508771251
5.1610271010233424
2.1907272537395381
3.2906266112758114
0.4967738817267746
1.3424947607843194
5.5938804050681075
2.3673132218456514
4.4522059491370536
4.1944602082429387
2.1573623422628576
3.8070778447935845
2.6901975278431469
3.7819626361715386
1.5809380845505274
6.0232036895633447
3.9531327062076858
6.2100001682667516
3.0496170615342137
5.9620673487892386
4.0978060012879727
0.2783889205139427
5.9776317924441704
4.2097280588099570
5.3120796498228584
4.1617480910505833
4.0992191909041171
3.4953578310192190
2.3519989354463102
1.3587513408899572
4.1646406204011743
3.8735756019869538
4.2148320826239596
2.5394552130745893
2.3114812880269033
5.6830421738351022
1.4894615991544500
5.4461740555480072
5.8371187054050884
2.4711651294337771
3.9645233061026532
5.2444928191170339
2.8120515811727653
5.0316128932479058
0.0909985011503044
5.2930078366383206
5.2739855690296231
1.8067211400099912
5.3637946159417593
5.7118701397013307
1.7428308730705944
1.3169318615015744
2.5237686929492864
2.9930621061636900
1.9529077619823394
0.6892813190845486
3.8651123913179091
5.0935230541639562
5.7036664458119475
3.3680481163994527
0.2876534736626207
4.4172271308586089
1.2417357652415015
5.7956430049502003
0.7081842217439067
1.6582045055744232
5.6508390158705621
3.3611954737629044
2.2130728542778288
3.2905235184908506
6.0932970266827082
1.9432993869360440
1.6749845901193106
5.9550185339483264
5.7009194441526194
1.8946213678238368
0.3297496976148815
1.8089839013019229
1.5051853952498206
6.1870947408979129
1.5266985110547446
3.4930875386519524
1.1911262110396101
1.0188972838669794
2.4861220194160385
0.7305269730490861
3.5634765147756005
2.2916450034940987
6.2339983199053979
2.9786449744215795
3.8602016578324045
1.9256618295324139
3.3828762128297392
6.2522629554882059
5.7820583269067249
3.4352122072381546
4.7546437825239858
5.4927585359385764
5.3226461511960554
1.7694944163352189
2.2948097216188854
2.2413791382638677
2.0512353793639684
5.0462207259607519
0.9797090526852965
4.5062849622002759
5.5618506414662381
0.7314489365606837
4.5244118045157009
1.0299060268154963
1.9398174034699400
3.7026580476517923
5.2706515110244734
3.2922289928863271
5.0378420603497824
2.7987376755043507
4.9317913137277678
4.0869450037618007
0.2926952405510230
4.0326368793862883
6.0195767104333804
2.2581302032280037
1.4538576874600631
5.9033257094617202
3.5493125232273020
1.2997955300642934
3.8437295625362053
0.3603714785079241
2.6422343523743779
4.6907427210341215
0.6654096518409001
2.5594216610434550
5.6328552960917930
5.3976403378859654
5.8625003472836728
2.0630624606024477
2.8300351796543448
2.8375019476854644
0.9267112283856235
2.9359927872401661
3.7835157939619442
4.5437922019056751
4.8572086070044858
1.4313225921343442
3.6577979719649938
1.7099920324630589
2.0136540047148412
0.0544196173894204
4.2192595478020971
6.0337177726749598
2.1576205489919662
5.8005209929894210
4.6908716122699596
5.4769797762067132
5.1299457285023244
2.6582533321248030
0.6350263384603964
3.7865841217172651
3.1107039341296763
5.2895182406648829
3.0612589041540548
1.0244646518500786
4.4148768414075761
0.5724718474206866
5.4002364229809041
2.0445070261722682
4.4699444019687835
3.2644942222795716
1.0271220615174836
5.7255085658016753
0.9154402914058430
0.4612000016372141
0.9324690023503815
2.2672739070840144
5.6426534537722066
4.8627144359152883
6.1470544246281893
2.6124963567845563
4.8211697394168382
4.5561812093625935
5.8031585398805605
4.1164056459586753
4.6279476294824180
3.1579273034310762
2.3600689755943640
3.5087977217677642
4.7630691402195575
3.5975469959773552
4.5595976193428926
5.3860297207747552
2.8428315855624988
1.4794110480627642
3.0344542512067796
4.1025067107319613
5.8716337449044200
4.4043754868521621
0.7790580674503726
0.8623028734211065
6.0843723069823534
3.4185597716038374
3.1690114656017410
5.4215866780076594
2.9137208460345665
1.8017628669814663
4.6493159724913600
4.3747551107544735
3.2287029756887433
5.8429731593865286
1.7074765412211865
1.7060993810290732
2.8865522124024703
3.1747679619998292
5.2819867052265295
2.7583703371024964
3.5437730169972008
6.0868887482790743
0.0580744734695467
2.8604307996706746
3.6885916525260787
0.8138650438012139
3.3836712763801637
5.0401762790090379
2.3872056855817640
6.2305558021273120
1.2267337782384091
0.6369259425094895
1.8011172441740049
4.3116878945260826
5.9922919855187624
2.1218053305762585
0.6496609977501826
3.7513566969185668
5.6504275882357442
5.7839821995181282
0.0870588995992984
5.8332521432621185
5.5444389972979433
2.0632536304600460
2.3328928948648486
1.6787481576410899
6.1243429796013524
1.2859819993688510
3.7937433864254748
3.7331177637364301
0.6859854684129573
5.6675839325357895
6.0322641815656706
1.0883246703075846
2.7743981047498498
6.1429882103190474
1.9590446425267412
3.0673870056717440
2.3977130646482281
5.4380059768549049
5.1769875068602413
2.5024185009887785
4.3426532407765857
5.2225149935122346
2.2588837761010692
1.1105528151152695
1.5837768474840772
3.6604113306349881
5.6823578183823642
5.9683271084986451
2.0540576933835135
4.0718976885075016
5.1632710225880905
3.6390595375619275
4.1105412564541872
2.4969856541230757
5.9334864212815912
4.9252635532057356
5.5001548359393455
4.0867458350482568
0.6081327137683645
1.7950304389484608
5.8482718957001385
3.2997175179858043
5.6817560622542667
3.5175244629257345
4.3008490684826137
1.2986070029259926
4.4336653274488222
5.7652007102794469
1.0074847480346811
5.2455932761127739
1.1359332054484634
2.1350553802089625
2.4081148020185212
2.9755337771951775
0.3224088087516232
6.0534957962393392
4.4873839166655367
1.5327442173965822
6.0142008606755235
5.8753335004549454
3.6494022439337277
5.4636077696419472
1.0786558681129697
2.4260377308540275
1.7156877446146954
2.3669299235765293
1.9619348174829081
1.5661057224758457
4.3046684967283477
2.7002150567272318
0.8194292238816344
0.7954129412183012
3.3498869725157392
2.0909751184595069
1.7478628130841496
1.6614517694456035
2.5545781768809297
1.7777481656416709
1.5583199880485405
4.8058744849123514
6.2813371388535524
5.6634221425938653
2.1056280637434446
4.0209946072730611
4.1162596274013259
3.0474605018207397
1.7232490788178478
0.6706692116916531
2.0056289221897621
3.9182255607976337
0.1086264521172434
4.2720513920871142
1.0414802013907767
5.2503024225732711
4.2659182847846644
4.9004691397281803
3.3137993747933225
1.1346395772836153
1.6933607127242292
1.6338227961258203
0.2174734121274923
6.2489374844111412
6.0257096510956680
0.6326898584919760
3.3895465790296666
0.5222964523084244
0.1273930938542847
1.9247563743110603
1.7417046004543559
1.7983253672660418
4.9287557883611743
1.3973764253287138
6.1477355146835055
3.2485801841028450
5.2579275911717502
3.6885092079358777
2.1540229002081519
2.1700861545130965
0.8961993422913895
2.2309034331110720
4.2630598717931356
0.8017087159569347
1.3312800025766418
1.2240546412437088
1.1260650937319974
4.7259210535537362
4.8389747301580828
3.5453447295856355
2.5597250523040649
4.0040350846487831
4.4083240307215590
4.4106474546616194
3.5369870939967343
0.4097665188981788
0.1240189164134374
2.1585275493888956
4.6879044083716606
1.1803593511830401
5.1989260603843617
3.8790779988363360
3.9647706757663896
2.0904578976339891
0.2022699004762557
1.7926734580393615
4.8778040615642686
5.7309116267967015
2.0364531469198801
0.5248380720334062
5.0364101109090527
4.2276509819755841
3.0773962538699506
1.7168803705825306
3.1476048026716001
0.2050061186175448
4.7234408151246541
3.9026620618693699
2.4744082526778151
3.8120011759444816
6.0641966176439643
2.4736111714249538
2.6703125566179176
2.7795418238993617
3.7131377424730729
0.8103171075141451
5.5193244695582839
0.3604579661985799
2.8738776103182193
4.1703887508182937
0.2910794964073982
1.5135853106346133
5.3399168829244354
5.6309219390369734
4.7652333773547673
4.5153476873974485
1.7929980082032566
