2.1746073335551945
1.3277057958427418
5.5255001114806843
3.7462913295691309
0.0363069541662826
0.9811116009091608
0.0963498808270325
3.8432568256851138
1.6658834727386940
1.6577562095048570
2.2027013440037337
2.9384132428917114
3.6794754028663217
6.1534164325681893
5.0968148023031814
2.0380754786994073
4.0313931861719796
2.8888882909892892
1.6749275655842755
3.5572504140775845
3.0004317835483163
0.4551890969840783
1.5923052690361750
1.3751921655134074
4.1643570462122375
2.5766496982510954
1.5066341068256077
5.7053557142116968
5.7129894314115397
3.2380561839598463
0.1480164379838463
4.5500655314038934
0.5096864762526845
2.2350985619121784
1.0587014304159217
3.1212148511797713
1.8890631976269685
3.5319563401929126
2.0970285703978635
5.5268044619242191
4.9025337249629297
3.7114634534532946
2.2582282857167315
1.3482594662770342
0.1981637810895563
0.4967340154410756
5.4468690347539157
3.7597338872206669
4.3949826237242524
1.0145078997672596
5.5210303883449052
1.4588969708324948
1.3246836458066267
3.8973394617938264
1.3860512668951048
5.0283235123180523
4.2444236496099030
3.4974755137922968
1.1228606951829898
2.9335270276404195
3.4133081824714395
3.2280591623492629
2.1298371563989642
2.6500623083585024
4.4130495777956451
6.1187434552916136
2.0511391030328694
3.7098087941942852
3.2543559779332116
2.2098699411730776
1.7384297315779189
3.9123958124877549
1.0821494869714281
0.9799755098599163
0.7640479663103988
2.5322617093633220
1.5702116273572533
0.1075444631649411
2.2254332849561758
5.7544272997382739
0.6101075762982723
4.4649338624054131
1.4778140134409976
0.5468015163692103
4.3426817424517141
0.4592096324851977
5.4030934928020873
1.0593598335929095
3.6122870247779746
3.1490757958246585
5.8680141895289610
6.1499867901302876
1.3341645803441089
1.0697192111570524
1.8211216588959815
2.6273292812047107
2.3143806345881788
1.0166252696618381
4.6268761844353010
4.2836506234210665
0.2636823267651197
2.7985300744818873
2.2031680776119140
3.7550685114772699
2.5388935101633119
1.7044438049526607
4.8041185199548639
6.1023251667879013
0.5694441629517765
3.5594403944666717
5.7486666706817058
0.0264691699100649
4.7854384125195617
5.9882981215341591
6.2025796130141355
1.6228900979801171
3.8623946252248067
4.4993765751518815
5.1750726214613119
0.2596267490630398
6.0287443172326904
4.1596733794996448
3.6626958652436201
1.4157760370458834
0.8895982589612201
4.9926865337553963
1.0716672599925385
5.6456949996172154
1.0901631461677619
3.2412588461254885
0.6185030314458815
5.5216295401050095
0.7860844603354212
4.3014511690227009
5.7592616494971995
4.4027849897238278
2.2148448043175963
1.2563151067192124
3.8788381928935496
3.6454690862380761
0.0446099781505640
0.2924486641653702
4.1628808257333372
4.2661877094258003
2.7398525662083335
0.9631881995050934
3.5846793826374839
2.0056712658497906
0.0455922025478622
5.5411393463204366
0.4907509180533069
1.1255092165177250
5.7316580710406830
2.1859783999381932
2.5824611185762087
3.7516954213817790
5.5121579741425650
0.9551567964762600
5.5024620595357367
4.9671652286001802
4.4683438917730296
1.0907528118595919
0.9526379638304229
4.5975027104895139
6.0522360018181711
0.7110958017294603
2.4052362894146149
2.8496044863737637
4.3901024584156687
1.1124067010063703
4.2190926859417814
1.8558604890469403
0.8226674222845166
3.2876693556735423
0.5684371372157437
4.2472149783327664
5.5126534736468056
1.4272725807421223
2.8026493540271229
5.4260714122106162
3.4808945967304719
4.5033687333080952
5.6841736451080891
0.8807640958481495
3.6452664873221785
0.5860683264645435
4.0013271925514076
3.1048251316100162
4.8097550597793415
4.6002313622584028
2.8707613422356624
5.0474049360034190
0.8594734919206962
5.9962405336854792
6.1416651465908929
2.4546550940679794
5.5922431589949149
2.3978830421691968
5.9007760712487585
1.9909360879259945
5.3886224238394025
2.4387124918960299
2.2517198472170517
3.2742769927128168
5.5008860518426737
2.5057127342184145
6.1139478387775403
0.4453713000197182
4.6405732798551877
1.7139265536485710
6.0192820962120610
1.9273176599909927
5.3618404550030938
2.0542221502395908
0.8767397654168551
2.8784094224579921
4.4209359913131756
4.8465556032698549
2.4242721347433953
4.1285501508479427
1.3887707333300696
1.7949756488625273
1.1941843000390415
0.2432824723951635
3.1860105403730299
4.5973566638456198
5.6242454878880057
3.9474661466586891
5.0591539092258033
1.1301061401642538
2.7125893704268909
2.6139399371717942
1.0011181784006493
4.6471527949971252
1.5873829133496080
0.5941616519568625
3.4024112553807804
1.7667476888070734
6.0821640913381501
0.3597484073728823
5.0413493600823589
3.1160748701241956
4.0646453341053013
1.5971480444694326
5.3771920133669120
1.4936617905620777
2.4047963417699250
2.1695224572622833
4.6217281250282278
4.4775189699427607
5.5021579582267455
2.4777150377737529
3.0110722330135733
1.0068701313959003
0.3596901151246569
0.0333343214756319
1.1408901662308730
2.4148663975964735
3.9372966449206146
4.5110257257859407
2.8058255471829323
3.7048493908777882
4.3881760591631753
4.0838854603971040
6.1392038929057717
0.3114944908469310
1.7185225582527970
4.2829628426663495
5.5094662421126053
1.0787253296323063
4.6757965458652642
2.1449345155028006
5.6856555070885522
3.4160745144953215
5.3188902489184038
6.1535525151421542
4.2311875400518124
2.4010685780567855
5.6014362672165836
6.1700028460848539
0.7082426987402440
1.0671375454550029
2.1054739052455935
2.4038922939872767
4.7908964493443085
4.2550243709504558
4.2933571326998043
4.1143393589798372
0.5653249546977220
1.5607338786817537
1.3890673491249768
3.6037718185670813
0.3562229154128457
3.6571363393349374
1.2928629085921446
1.3034090886060445
0.4441305202175635
4.1435835484903354
4.7631535856470126
1.1155499827817568
0.4376982393100430
1.1876702443590361
5.3514972379646935
3.7826297370883366
0.3939484486644406
0.6143510710012638
3.2809554395567848
0.3448923935991327
5.6339058289789561
5.9811814891484225
1.5577345283254882
4.5815007065661373
3.9558750572528565
1.1006832869011076
2.8547962442598811
0.2051726643730841
2.8940864675978735
3.8512353412721811
4.4163198624340483
0.0420677935760789
0.1165753663790562
3.0925371521464862
3.6444204229649948
4.9620942311076783
2.6812342483658647
0.9382016650691625
6.2671011262020873
1.6348675222980040
2.2207372337746301
5.1577352755411052
2.5730942230923115
2.4904782353851918
1.8983269767921889
5.3468094367729888
1.9225605923089664
6.0314398155581035
4.9080328003199210
2.8776749822108201
1.3823709203007424
4.9579754133875884
1.1077074880490272
0.0951088681743750
1.1927782622432803
5.3099627178023878
4.3167776249773384
2.4916428530537216
0.5091820360623657
5.4938142433847057
5.3311119456039755
3.3151353429787442
6.1648849558125347
0.7698356297025927
2.8390241044270614
5.9125432025367903
2.1989586543139987
1.4810634172943176
2.2886715041026626
3.1059945805714833
3.5454813031395989
3.1959143264550534
3.8150919222353825
4.7381787789683179
5.0330852014248286
0.0040492472752378
5.6974104916167150
6.1948205684186846
5.4228584046148889
0.6690021356859802
5.6718923653389508
0.2927297997187911
1.9612013550548784
4.2793587182713049
1.8594128119969349
5.9366682407853562
5.6068102461409497
3.9834731786119155
0.5728752973372290
4.7758325036365061
5.1897338285079098
3.5996921690188262
1.6958300997845552
2.4869556767879253
5.1020783544416544
2.4216129474612931
6.0555931360284179
5.5389444757933699
0.1820375606332174
5.2470852404039672
4.6899402682048628
5.3077271040740905
0.1763687285884224
0.8338864816172366
3.3256953582652535
1.8502066522687715
5.7319835376087838
3.7115529967867076
4.9359492670612051
2.2448412840158682
4.6913367225134177
4.8472966806895936
2.8959845193109541
4.9329336999016489
5.0872147261098766
2.4856158339234922
3.3450745599866862
5.7130795971746560
1.8209536852645389
0.4119711434996788
1.3568047735848756
0.0566254302078580
1.1435196771845189
2.0382672626010256
5.1092009026771183
4.2500837248626926
6.1125576635572765
3.9267397708479312
4.4052515317573988
1.2574608723137439
0.5077779274902896
1.1639492361457742
6.0499873053219151
2.4144841060823774
5.2819745455050535
1.2439023063881698
3.6329684850656316
0.4866432126708919
1.4155333910175305
6.1591929534215062
1.5636653096063369
3.4127342355246149
6.1603215269631804
3.8164744790169309
0.6186646340508285
3.6660801342770166
5.8430730974110858
2.5248154573885033
4.3009930538152510
0.0171746259253605
3.6925331184175207
1.7984802019188788
3.6031351622822894
0.5291434998217105
0.3960451662097620
1.0904054696162873
0.7628643330632529
0.2759285835255266
5.8891569575447171
6.0135017458540645
1.7764044492423567
4.8458410392530906
1.2697407206854048
5.6840524775961923
0.1671859098370529
3.3396582086013109
2.8187271960825000
2.2064410363970954
4.2322779174974858
1.1893612995935925
4.0916494165702115
3.7738405577869027
2.0567871856746769
2.5944450634781115
0.7917718290845054
2.8217765323558979
3.9168797840561109
3.4861999613292429
0.9777133390351190
1.6078565983026059
3.0911651667032256
1.5312925963919117
1.7744469095675122
5.9299349464311399
1.0376150599869143
0.2265072358785525
0.8023425997576143
4.0053460528535600
4.7304499001919709
2.5456718717898172
6.1451385757031591
0.3280969072583794
4.4802607493391111
2.2590125349138681
1.7184754164770712
3.4736230784137345
4.0440913582386173
4.6886437130868801
5.7154446274862831
2.4773963108036643
4.5319694065265024
3.2572012278629745
1.6156093451880307
2.8325946909040223
5.7201344785614854
3.6438822639245640
5.8265840310053418
0.4537027661624385
1.0387101899663000
6.1433883917033407
2.2722548432560195
5.0183571153159932
1.5129191649118423
1.8734667588215317
5.1837986686032469
2.7648061864830469
0.8008712084159487
4.1238590445049947
0.0668639448592978
0.9278800143192166
1.7174676980602039
1.4081069188434456
4.4495124072105234
3.3183789100313752
4.5229568116136480
3.8330413680729505
1.6789677204589801
2.5709408814024042
0.7895749637553110
0.1330393328236961
0.7758649952396036
0.8501881908406631
5.7000328196083778
1.8699604870782047
5.0019934416613729
0.4522507863753618
2.2567014695179584
2.9813464112032824
0.7430365475103646
1.6552676541504092
0.3335486957113447
5.9144670389062508
2.5622035197217485
5.5303116381454700
1.8583879353382646
4.2879670874079245
3.6976879948516119
0.8146661167555577
0.1926586368531006
4.7859096202275113
3.5692056956861982
4.0399951095137761
5.8908903845924687
0.9244237268398189
6.0856652988820956
5.8423890148977975
5.4978270119784618
2.0561895665404011
3.2594614050672424
2.7342253345828622
3.7027809354857033
2.1169742969714576
1.2366503861476259
2.2772654562907841
4.2700657038661110
2.2099689802910971
1.3651115656110071
5.6956131720990744
3.0972069787652794
1.7903599651838658
6.2821665584203483
3.2697224265795151
6.2659891027986845
4.7859161643569497
2.3291148372877686
3.9641893669777457
1.5513468248633784
5.8508379670150106
2.2291138886597479
3.9745429258171030
4.5892279646467635
0.5528910285162940
5.4546424151692285
5.1475639873095940
2.2147875965994190
3.5807831728425459
2.6098399486579367
2.1670205171078982
5.2103825510289550
5.4442476668716191
1.6690150816334566
0.1039057041716540
5.7752287353552632
3.5511646797546867
2.8084992721301001
2.8804287224198553
3.3511716206104003
2.4236638772693748
2.8290619866641045
0.9209787769115778
4.2209844598120245
1.4144282312014764
0.7171134545145611
2.6077807602550833
3.8402831997343148
0.7672703114519365
2.4916293042976414
3.9741043969236922
3.5226563735647076
1.9278798009902247
0.1041794089973954
3.1785117823316020
0.7046092418983917
0.5956543896547027
4.2385315558469232
1.5509423856323319
1.8880560236510731
5.2506594953688941
0.5839465601799244
0.0402705510026780
2.5826178450301644
5.0824040641181032
3.3359880421982471
4.0319178625895118
5.8117836621342951
1.4142007261209937
3.7974448287731604
3.7559545868291386
2.4090050661296734
1.8995914887190712
4.7977958213882950
2.9271400938318504
5.1092490531735031
4.5498188441489678
3.7862482991533244
1.8648731628351676
5.5799733769719921
4.0725505514492779
2.9217992419067342
3.0979495471515457
5.0180370122889757
5.9470043193462709
4.6749538794288759
5.5052853946070597
2.7470506039948788
3.8788930907426100
0.8794023644333218
2.2468766629470385
2.5924583201355573
3.3658329593584670
0.0181389633474758
2.5738804459897811
5.9811331008834747
0.5148808832590237
4.4353257162652309
1.8952922215126540
4.9078024110546554
2.3200275386297653
3.0596806050181811
0.0411712442500791
0.3613446046568311
3.8169952282192705
5.0716569022052713
0.2337894082300042
0.9925649785200982
0.3297232143144097
1.7791962356901478
1.1361654885411727
6.0127074781434162
2.8467894455529659
1.3597802433265567
1.9495649695626964
3.5653918168555956
4.9173565795672589
4.4321219849155646
3.2262513040368215
1.2974523265759559
0.5071167735184293
5.5380837498837252
6.1897836270674711
3.0135138348850523
4.1339983690158597
0.5659415587535152
5.3549763823795935
1.7694267692353027
2.8105372504066279
3.2975452047510574
4.6448110944156245
1.0594987600673698
4.9646578943196156
1.2212995800497568
5.1414428697543153
0.7406381472315848
2.2828224522959792
4.4825846342697915
1.8544292982998061
4.1163818186287822
1.2195193250707987
5.5092483116681468
5.2271503703862088
5.9388746615947863
4.2924163917912708
6.1345348306394509
5.7361141822182580
1.6867061048754166
5.3232600495923528
6.0985156483652503
3.9003486507845482
3.4144371207404021
4.6538977811649751
3.6941858408434332
6.1059835282316302
3.5726513303436764
3.0064234734965432
5.0621416508725119
0.1682865205430931
6.0720734708524997
0.1966913116253423
3.7377304722863633
5.0534700753241699
0.9594620288733583
3.9649906640358128
5.2684011028584443
1.6125054942888695
5.8570471771160122
0.1729576038558713
5.9371500592899764
2.0190883942817832
1.0529490341971215
1.0287790033042705
4.6815406228441985
1.0916836107875523
2.8534667734593717
4.6663202194661890
6.1763689699181805
0.7221141454814416
0.1864186753108949
1.8909476004690289
4.9114217944709901
5.4667169064510102
4.8484178264374700
4.5958146631659957
2.9991925803190673
3.2282640054799114
0.7165235503171861
5.1883164186052912
6.2512428822678228
2.9975800385845957
6.0205129555737438
5.6494640684282720
6.1981507681182695
1.6253540478786961
2.9707682142020619
5.8544653808806215
3.4344821305796844
5.0973822246450222
5.4045560283060246
2.1115299973484776
1.2543500385318600
4.8197408813063545
1.0240828963177713
0.5704654036754708
5.7641716178630107
3.8313981596646669
5.1465652971761457
3.6690411793127811
6.0272759371517459
4.4445936790672915
0.1126098366968181
2.5459743926892218
0.3156694328633651
4.5350171085316129
0.0693231981631782
5.7110390933102986
2.4063575158244310
2.4463204255037279
3.0605600238650377
2.8573465002908169
2.2534237156843071
2.2509208025866978
6.0501084482390066
4.3709033891540150
3.3351064033822606
0.4464296484077125
3.7080735151520687
5.8093932033144835
2.1842361540227886
0.1304950885339813
3.2396130891356938
5.8244828746350850
5.7858911137030109
0.4790557805146553
5.5221512665575228
6.1490957020884149
1.5604223431901945
5.5633518959380845
2.0999875415387903
3.9401224138654274
5.3310767565137915
2.3110216761607094
4.7298634052071522
3.1798100822567990
1.4996953245117997
1.5495817421232172
3.3610979476832279
1.2142797537855690
2.5653875357474845
0.3533972738174906
3.2584572097192588
4.2827525885512978
2.0457422738053030
4.9783485338530875
3.9386874504184193
1.1466380883087692
5.3990341241608375
2.2011997680167674
6.0240373421780040
1.5128039554567922
6.2494874609982816
2.7540320134983989
3.2459213027228309
3.8671762899070825
1.5374318826042153
2.1688960666161767
0.6874514612957815
5.9243524798316693
4.5452870413194209
1.1262840152816296
4.2589828613527434
4.4228625909480019
6.0356306992970197
6.0286912082138766
0.4727945960701297
3.9947321461580652
0.9852028598465237
2.5204479850178405
0.8518431863799385
1.4944093420224074
5.7741802538681712
3.5720705358546603
4.5292466171065193
2.7330923066653199
2.6810490948210934
3.6924874475521285
4.9958879006684187
1.2872924116298716
3.5687625745248690
4.1396433504412133
2.7073068852550146
1.9401703075740886
0.4488977543040736
3.8769950656766152
0.8190764211318543
0.6137043322151177
5.8985660118712104
1.1976819296146664
2.8519461917015794
5.4222935435662203
1.5092994678599325
3.4922743052826624
0.2971294258076987
1.4074388326169174
4.5577169679529206
1.8922595757748257
1.4078661713749161
4.5575094177992064
0.7102854568176977
6.0286523918706667
2.2893630615788227
3.7312309492895408
2.3991563974767565
1.0314887456229824
3.7581577666524395
1.6915182121903465
6.2002076188160995
5.9664439903383846
3.4821769733325931
3.9528556509852781
5.6801322379612182
4.0278473979649982
1.3261514478663745
0.8975866030760110
1.8743352788885626
3.2857834866585578
4.5000383360247795
2.5026363927084998
4.8104767700477122
2.5453361242334585
2.2186006476896667
5.4483240139621198
0.1247290266701059
5.8653894368029675
2.9507618796921302
4.7180051193435784
1.2971123985177819
1.2052068373059235
5.3989689839983770
5.0661153063915032
4.6028099324848428
0.9407568335500109
4.2021510383032199
5.8518035167714606
0.6755277556410386
5.2398230089201414
0.6780885581725989
0.0872264909708981
3.8202047334257765
0.4651167559047743
4.7104397125979123
4.2662601520528058
2.6240320243111661
1.4844294522079196
3.5773920059853932
6.1465263850541678
5.2597632014736053
4.2147812822597013
6.1670002416150833
3.9016397769669489
4.1244738588915562
2.9937742310335707
6.0972574230093031
5.4941344584835772
0.4220766894550594
6.1909526240838799
1.4800979274148094
6.1837076167780678
3.6639824808188584
5.6364970691889695
4.3094218881046453
4.0953898434139804
3.5260814178604498
1.5572986379110156
3.2657826849213984
4.6330851074044901
5.1341760742428164
5.1578649784645734
0.8697324260215057
4.6212581595459650
4.9923990868400736
3.0077755667996131
5.6725885615626899
1.8573169246744476
2.4205695942721275
4.7841967241000773
1.3596218779720868
0.1779448002491552
4.9403918387442607
1.2903314178418703
1.9449420022256849
5.4718359800989012
1.2264009858991496
3.9540327654524274
2.7518341963515955
5.3905095871120983
6.1753059559353058
5.5150406136091856
3.9813990798873276
3.4386465934654353
0.6180662379498593
3.8056996823371043
3.4796750878430318
6.1228867531554032
3.1227495607887414
3.0540894676791996
5.7784955979998465
1.0298763761053755
1.3304741280093444
6.0659197557517643
3.3340151864411882
3.0134992752160867
2.0026451204734350
3.6007278205369899
1.0273995308977864
3.1813858467825460
2.7609711464913418
4.6102483142163280
4.3941161739013843
5.1484985096509934
1.5377311541441687
5.6747887534882322
2.3116418937524150
5.9087253563723978
1.3746860338914404
1.6843843803725393
2.0147089452087998
0.1971595040687001
4.9868027129377195
0.5698887525060236
3.1285357608952755
1.6630761723305993
0.7585573420320019
3.4066470810635381
0.5321477270030601
0.6427208887939981
3.9837578541386485
3.2357888174020459
5.7561060035093359
0.2963880822012718
5.0046331386281411
4.5380298995919670
3.7577077402035068
0.0798340024138314
0.9988897827691354
3.8004520775622526
4.7905798129112593
1.9521043160801126
2.9523973112797908
3.1088126570487660
4.2666319299722950
2.1404995396211426
0.5857885752802555
5.2015091090701580
2.4530774854601045
1.4380823210438074
0.6787053732792283
4.7855530760560256
3.0780244371286800
1.4860790358787019
0.1019154981502468
0.0015980256513416
6.0718900420927593
0.4153681933669926
3.4642773845207846
3.5631048133050123
6.2793807280304881
5.7243626737600382
4.5216804273350899
5.6175535412032707
3.7754196599548098
0.4223221826890384
6.2723609468317871
5.5960752173094797
5.8751632612768674
5.8218597935531067
4.6592445205036350
6.0568853353646288
2.4000027730553155
0.1686992036464795
1.2667500644715026
1.1900762639805429
1.5365785044150164
2.0306849662971982
5.1395536494968512
1.6183423333586477
2.3560896210356876
5.7605156962731208
4.6335139855640861
0.4022976252417759
1.0115075692939934
1.2919977912981460
4.0133071588019540
5.5861490238423084
2.5482220023148714
2.0767534312371767
6.0995674284530850
2.7299347629267054
3.7137399269239508
3.8582988486038552
4.2044295225654285
1.1472474534053110
4.7730343246658782
1.7512215818019032
3.1485978937480579
3.1836553072289968
5.4498817790072591
4.8695578490801239
0.6157769919634677
0.8501483364638502
3.3790779962545336
2.3304582348058278
3.1825723481070218
3.4009178329405763
3.6660837682837175
4.7028686329315947
5.9986627960183609
0.1811572615633723
2.5876925257688281
0.7649493917190424
3.5715744135107985
0.0932870226800190
4.3509395313384918
1.5314621202347760
3.2801590405355978
0.9233151857089490
2.8717183302889260
3.8758210297387734
3.6683813478936051
2.6570917293388590
1.6444408287692689
1.2901054886497556
4.0528038740636010
3.7248307640580327
1.2269054222708893
5.3015534683561452
5.0084643299808356
5.8491708567278700
4.5623461039049280
6.1678940868910486
5.7380884785875592
3.1859507769931890
1.3802653108490155
6.1753952519666520
3.9469764175093340
6.0184548983446771
2.6969172932833660
2.1669715454210645
0.5455541653794482
3.8827117284955524
0.0523257647209313
5.3924627166039727
4.5914028687711408
6.0536907284017971
1.1628473112595614
1.2864292400193424
3.4529572541183686
1.0231981098271763
4.1625849296818966
2.6329636644121459
5.4229465004569093
6.1745600681675654
0.5996811379647097
6.1378844377326969
2.8650016790371495
1.1599177827675724
1.4140522697781732
0.9792403979221288
5.2391468066733404
1.1220018325703442
1.4086667821269381
3.6892863763026020
4.6193824942431938
6.1306399499015081
0.0390246542803399
5.1780598720915361
6.0758606772404740
1.0482827697715646
0.3889251815462206
2.6450352884525317
6.0659777960113370
0.0404768454219723
4.0404431041394577
0.3981144588486752
2.6373249986998761
1.8346458290633838
6.1379635300263811
4.2515953017123316
6.2008829007821458
4.5462790838995462
3.6867720604508789
4.3825884243758475
1.2339700553373705
1.0580849108212982
0.6542748875991411
4.7470407113904640
1.3267891647445051
2.0743167342341056
0.1240707318564524
1.5197426039066957
6.2336023730605428
4.2871719241214814
4.6807258529726967
4.4787993154443129
0.0497565581960401
2.4073652196953494
2.7989088948313494
3.9015865886690015
4.3563033069192532
4.8950353865762644
0.7679133080394211
1.6402253781489209
4.1649127671714821
1.2335124475411885
5.4997293831493863
6.1976627837561971
0.6348455623216531
4.7377460938807365
6.0251650215843569
5.8872118541328815
0.9480399450220163
4.2326132667109384
0.4814806292815180
3.6122514259689722
2.7799505436413674
0.5368628575562244
5.3837339911121598
1.9299306691603728
1.4735552754264640
1.5081221927444211
3.2458521556148376
3.5592874747166232
0.5636199940226000
2.4476316953655712
2.8411582862168219
3.4807235643990531
0.1712268037516172
5.5810500112945025
0.0780958892108175
3.2282671658207986
5.5273192821834201
0.1650859208359380
3.0106289925370118
5.8741067169630128
5.7384757885785822
6.0445869494700242
1.1050828935258987
0.4756538194894246
0.0741395845591747
5.9132078431454920
3.9384308586596388
5.6086425168902885
3.2246146015755928
3.6434701806225669
5.7771138391574093
4.7964265024693482
1.9248042895237418
2.6046792328365003
4.1110375187108525
2.9324237569501426
1.3472235945928865
0.0297821587483206
2.9576684040046257
0.9329544164165041
1.4508681782195216
3.7545425088815305
5.4014048220262199
1.5511237418294883
3.0392850863567724
3.4174543010684926
1.2961082687073602
0.8063170803030756
6.1841494864850173
5.0705032290453209
3.7574865543685321
0.5684168668834175
0.7325293580693334
3.9747898140782216
1.1121340734040277
2.5352260062084553
3.1164355403369242
3.3831108757865769
6.0367401249012511
4.6277394570148376
3.1291535171984881
0.3066389985284409
0.4618327406662335
4.2443227706133593
2.8298131337147141
0.8544765363906826
2.0976435737178627
0.9930820658232823
3.5629812151476044
2.1059181261373561
3.1279936900287262
1.0707726398606447
3.7084999631784052
6.1379271446790709
5.7074445495115018
3.1980146662864248
6.1513554126282779
6.0859092158611352
3.1946653991409373
4.7106351329134188
2.9890397226238306
2.4102417663688027
2.9543975981123283
0.9851321663987036
5.4702522817001027
1.8169787826464716
2.8308030759347322
2.0153396027694406
4.0330402964097276
5.1298981735260147
6.1742069187703912
1.1492119747113179
5.3475399842819584
3.6497019614394510
5.2359443525233287
2.8897330591919319
3.3552540625990166
5.8219768683432367
4.0857881743719062
0.6860302661381573
1.3473526209910685
1.3242546357745903
3.9071545913885077
0.5742268911051582
2.3074143059742003
4.5393162916914687
2.1274453335092196
4.3025264570648591
1.7117150245506925
4.2237350739165320
1.3227948848966269
1.8186098185780186
1.9144393581458865
5.8304794066350558
4.7599593339397170
2.3319453049105379
6.2522518980174215
0.8965590056903975
0.1959394789007572
2.1690894683431505
3.9705159951622546
2.4425776097924197
3.5022361428227486
4.1867307488432672
0.9110605845662720
4.6881051224307733
4.4033031260917586
2.9022148999409856
0.4116484041940773
0.9333052771506914
5.4407128158881832
5.5681788524629505
3.7207431921057834
6.2691090996481327
0.1466951768485683
5.6472858392465479
5.2730807001522768
5.7991712563394158
0.9127205690957118
1.5578360611456492
1.3467538954018128
3.5259871448193358
1.1649026348480738
5.1730847067391652
2.5650434599134835
5.6910544580399254
3.5033157320020698
2.4921397546765585
3.5164944932045392
1.5314271604859451
0.6512606653520379
5.3711237810776717
2.8888885743880075
2.9129465374496504
3.3299028848164234
1.8881951864215891
5.2295568030112900
5.8995966131296473
0.5802086346794622
3.2818375494782877
5.4724577634283440
3.6698864743885782
0.1718403593038236
5.8124944500673408
0.4108420357445184
3.9907300573716427
3.4198784903915391
3.9391816646462385
0.5064678655870181
5.1042967320778976
5.8981943304210995
6.0870628955778159
0.3609439440290121
4.3779616130776589
4.1815195561225469
6.1723244738745162
0.2302307125367146
2.1754511183608138
5.7231715940980159
3.0339523971601849
5.3443739798057610
6.0649791352240854
3.1728603938809274
5.7207079818995457
1.0460949004637852
4.0411473091685197
1.9238323253099543
2.3512798766768790
6.2775572316230965
1.7974574197256210
0.9403953527113924
2.2159878097738073
6.0586242948310511
4.5782299844144996
2.9602810250952265
1.8084938682138487
0.6251457535156327
0.8351327726452883
4.4127823753246647
0.8976071323560089
5.3417285037935791
3.1380771230421320
0.8980825612517127
1.0653790979453499
1.3345818679016239
4.7679147431262132
3.0200094726486735
4.1620701590202946
3.0916989769098837
0.9369572482424342
4.3587387136038469
3.6628178705559633
3.5525177814930116
3.4732712331109425
1.9349599465655010
2.2344288937995263
3.1450153527949372
1.9828762371952511
1.2091749153382358
2.6736886491398990
2.8592446047898412
3.5802371491341036
3.2918637454933002
5.7549847054753505
3.7265028348929747
5.2184637621770058
1.2767038379348010
5.3475848301754700
5.4724439575995065
3.8769018191672937
5.6535437959156107
0.5325104901653612
0.3851354769261042
2.6387126734687674
3.3230922533699472
1.9104985563082564
2.8515976792968982
0.6233165075261100
2.4508715056048564
5.0091576224268630
4.5025448452573746
5.0025282487757501
2.3054474972446677
0.5877692883118679
4.6976356435956621
0.7661151111070557
1.5919411697393633
5.4677620638249609
5.0281479928532136
4.9154942560486434
3.7481497012947940
1.1043729447895896
0.3313745074243126
3.9465964791354371
5.7147278742446108
2.7790202582424217
3.1279579784019438
4.6233595073004672
5.0940446224059599
1.6546657946297092
4.1136591534597917
0.9146266565392895
2.6048243525396764
4.0515567289946004
3.3220367635844847
2.8668102204281616
0.9068865615979617
1.9452379693110420
3.6879432871704476
0.2820069889360360
2.4575133623087950
2.6112483338629189
6.0550879925103871
0.6687054033528705
5.9471860106981387
4.8822601626967437
5.7303463589782258
3.6430914172760387
3.9101538311221025
0.2933295083189345
2.3898584141091574
5.5289117490420345
0.7009815156197773
1.4117167168838003
5.1192534017449143
4.9481970464442622
0.8489553787371277
3.7147942592132788
0.3270630970605949
4.8050200153686777
4.3249704817659254
4.1833196236085417
5.0112018314519950
6.0081231576282264
3.0893146475427766
5.8695114022293859
1.4861154245965378
6.1030175815046963
2.9231017069721421
0.0990259431653358
5.0243235210658757
4.5826407554399342
5.3728552557024205
6.2753794388677075
3.3624717115247855
3.9398197471128813
2.9438390929520923
4.0618794610440530
4.3524746557760396
3.8017307071207549
4.1105716507812362
1.8031820304077704
5.2145670945568714
3.8530319027984765
1.1290805904732166
6.1688921372651144
4.9773100272107387
4.1240757002778343
0.7893806470330790
1.1817040677431481
3.2126790902523465
2.9335829176521724
5.6846166285129023
5.7365844527800842
6.0036073270510188
0.2236571968022897
3.6975740161683626
1.7420163868407892
6.2803883623679555
1.5096559964270264
1.5841284833335976
5.3561642467768209
4.0030186035494584
0.2008012109462035
5.9175116881377923
0.0857567648862003
0.3941052612865564
2.3273236004070488
0.1765815835154678
5.0572127206912540
1.5513637896367745
4.4349199741556351
5.4647147745829949
4.1520890781426001
1.0563845887511398
1.8156520144886408
3.5094035722368200
2.8299221920947795
2.8452087648446800
2.1698557306235009
0.9611740718533780
0.7206057540611746
2.0249610275308298
3.3170863231063326
5.0770652391125042
2.5626583521779605
3.0471337162334882
1.3580031475626875
2.5028099035453191
5.4867332983121351
0.5948193148472269
1.7090104696326571
1.7454304346693157
0.5927581821091444
1.5067795376889519
3.6412315143165856
1.5856646253105615
3.8464774917390008
1.0504762176659448
2.1058495301172560
4.8185179957326358
5.1397592306790942
0.0782648964945200
2.9436475862233316
3.2215247932416675
0.3919361183667427
0.2746954535692668
0.8376375704712934
2.3905205479103095
5.5745196876545924
5.7328761236666290
0.0941694066377866
4.6034221439423746
0.9698955701449331
0.6459503020593990
5.7930551284318463
5.4231335468600390
2.9806756249647197
5.0054279284471415
2.7641863690913651
0.4520005943874264
4.1948201057104768
1.2573686519126013
5.7113302191814581
0.3882095317416384
0.3369023086689280
2.2513819889408953
5.3123027729871515
4.3549184168965782
3.9828604655088364
2.2050090784568801
4.7183495474962092
6.0278788657184927
4.0291699442364752
1.8799835665766087
0.0036540217569575
4.0027433953040461
3.2694048349855316
3.0415168294359951
4.7815977453814558
3.1362932028043442
4.6379012349242084
3.5207352056194088
5.7199078370776206
2.2919548005887926
0.7408398353494721
0.7683839226527290
3.6287824300417140
5.8107750168898100
0.3007716676750766
5.1711248750883190
4.3137503467035803
1.9476939077573643
5.9420351061172649
1.9844938900765208
2.4987003256199269
5.1922538670525542
4.8286105797741179
0.0866959523593961
5.2468370417569501
2.7811109678261761
1.2716364244390996
1.7789680464759567
1.0310742545813725
6.0650244242964595
0.8844540780710594
3.1175193441631652
0.4139130234655274
3.9687829592603143
0.8991424967080134
3.4740419559647622
1.5922011535016651
6.1751263477904219
1.5199649394535975
3.0187884723511669
2.3584698485335402
3.6961640694121058
3.4975887868116735
5.4043348838836689
3.5498492142516112
4.1049517941505460
4.4111552584460041
2.3877853525843138
2.7475379172312904
0.9068962675187059
4.5794908181399840
1.2959880928552525
0.5454969804219909
5.9558881835973843
5.4053082817303384
4.3365057736821324
1.4040157399738360
4.3567104542051753
3.3767868581226406
3.3401538648936029
1.6889259335479287
2.8248620260764521
1.6208629897165776
2.6399653989450869
3.8536960070428647
3.4328277631940129
1.7603311969782003
5.3820399370208385
2.5454169822252490
2.2812291991969023
0.3511507034498908
1.2014475258741646
2.4213246172063925
3.6024621308995677
3.5738622213129423
3.7981222332389106
0.1860239921355130
0.7247238404817444
1.0333676300739227
6.0465103199115031
5.6992594743015426
0.3331093403357583
5.1905907569872749
6.0892961686820968
0.7338544140982943
5.3722438415081539
0.9831859948127650
2.3574319744493635
5.4224226851237889
4.2142601940334750
1.2788258518759323
1.1469072599352383
6.2748516392463110
5.2826415940415945
2.8494043658018140
0.6630133560626061
0.8958202312313549
2.8040618954126302
2.4519653163367483
5.6867779102478053
4.7932839355020906
0.3326489646519968
0.2853412535554394
1.6865387897045943
4.6917728207960634
4.0347205148046168
1.5485655077535885
2.5319430560177492
2.8338877547292705
5.4717515893016442
1.2000109714190310
2.0889454681462571
5.6640652538488974
0.0304073457485160
5.2784878265338326
0.2076955047097631
5.3547785939531902
4.6554216249756442
2.6476157808815244
5.7894368222742392
0.1558811064898418
4.9857786416014429
0.2634039348400179
1.1405796770204375
3.5757917514198079
0.0239742106425360
0.9499191187849603
3.6553905294810627
6.0729947072275205
4.5880565497348220
1.9223146509993547
4.4315568609089206
3.7583371750058308
4.9802107187543943
1.9434312375612912
5.8610926268545551
6.0537675522561241
2.3820723038274418
1.0737149778402508
4.6631307728543501
0.1311499766088478
1.4722510358172496
3.8754277567807356
6.1613334683885492
0.6602996107382532
0.3256853111955728
1.8288552270234646
5.6936784812867636
3.3998738658277756
5.8911833145592523
3.0364642134709587
4.1180008489212909
4.1495232705871219
4.2142150159489002
5.0119859224435519
4.1774214976382193
6.1883937707805021
3.6257866011345321
0.4637724910785603
6.1379655017922241
4.8158062665570363
6.0600987887537716
6.2348344659610726
1.0102341133099333
5.3665119384175890
5.1737399022449893
4.8828660781612978
4.8722721363969921
5.8968707410493506
2.9890474162443601
2.8797720579847796
4.1378258693222500
3.8300283494561103
6.2020846928748341
4.1534623957044401
4.8958476645945712
0.8472297519069166
1.5523446119985902
3.5869187092362416
4.4568437880234226
5.0022268316528429
2.2432817059884269
1.5362806622487066
0.9130404579033291
5.2313129845392226
5.7747950446678962
2.0385522016400688
0.9285591425898351
0.6911519183795098
3.2639240451608309
2.3374223155776410
3.5846866293048465
1.3446501715874779
0.4567957842987723
5.8178673623694142
4.7391839054911555
1.6860296693401380
1.1760797620334615
3.9777331657858772
3.2789512136187327
2.5948825428709972
3.6758427143713104
2.6311368338905279
2.3350105355044737
6.1515422853825132
3.6630985248042789
3.9157454602518560
4.5118872359043998
3.2474937026818158
3.7195298558728456
4.1546870064296808
4.8801378581951029
6.0320777555164851
0.4933720629656401
3.1960109348437862
5.4185843652823138
3.9014794835205731
5.5412952745576964
5.0991082303150845
3.1628881047892023
1.4921444738962786
3.8362315513299499
3.1697834335290724
0.2734160957988700
4.3034528423640470
1.7806124204543416
4.2806713128402478
2.0679898728427406
4.1505351217713962
1.1294206759030663
2.0908345111345494
5.3173839039870412
5.8065813748895749
1.5769511362502890
3.6779446685488559
4.1487742138194550
4.3088649074649501
2.7778631190068137
1.6636371223699893
1.8557810733394735
4.6053253193949963
3.0457877999017482
2.9153617397383798
4.4660646066953786
2.8653729052558368
2.3025585062018017
5.0423060114712692
3.3715597196041087
3.4153133932109476
0.1416449406155842
3.4906781048361797
5.5103589244276518
3.2459134684760711
0.9043466804849628
2.1827616732278332
2.0881368895613650
6.2062688478792287
1.6780272944282002
6.0196808516350044
1.1130855125071633
1.7882947055760785
3.8519861640826423
0.5297728649956981
4.8815267310707258
0.7298805831210474
3.1836313843291677
3.9751087733378276
3.1284791794004776
2.6327411669766976
3.2851968586308340
4.9678260715431479
5.6816922195539128
4.1129528926316112
3.2844057131801359
4.2348676945072690
2.2797206140457247
3.0354669146323574
2.6437207613955871
3.0034718098524387
3.4548061470591431
6.2011381142329043
5.0270282971998421
4.7331114032525168
2.0558492255744722
6.2171827416831169
4.6267749982668294
1.0696344776749087
2.8822654774813556
1.3407649706201552
2.8895976109397936
4.9206322434830660
1.8015810287542193
2.3856599214064604
3.2017258115159724
0.2688823667502078
5.1151905082165330
3.3303695944209593
3.5138209911735712
4.1147489810966409
2.5007419481546251
1.4007871678619275
4.3162551290069748
4.2914527720378057
5.9904485685746369
6.0910724379456820
0.4315997873162665
5.1048401765491764
1.7091493634310284
0.5793440163576442
6.2007080873758236
4.0076281343492610
4.4719308014728361
6.1243630636873201
4.3624438446026454
5.1247772453352631
4.5357601441847493
3.0693113922465529
1.5011863537997752
3.2557946751291587
0.7620572513111228
2.3214781150723756
2.1738657865814233
2.9630153388838174
0.0550229251662899
2.7908646761946656
1.4150681504138920
6.0852380168111591
1.2898498105298097
0.9108017003979660
4.0001322095509426
2.4525044140695247
5.5721447259354386
0.2204296554755183
4.2462573742170804
3.4257782977735367
6.1687409575272776
5.0887096240472198
1.6278718781556878
3.5039754623398025
4.2934187269832238
5.4445413821248216
5.6095292404438650
0.1868157477423049
0.5700300436624828
5.9034717080052834
2.2760058823798750
0.4644604034134444
5.2478405629564930
1.9060560607795463
3.0062444244724578
4.4876837856582208
3.0512048982144941
2.8582172094245895
1.1910865270768467
3.0019025489464619
4.5599084079097709
3.9095497797807610
2.4061959648774054
3.7180495725816649
3.2971783076407211
0.5154326134345096
5.9021097092557717
2.1315217469424503
2.0663627259515653
4.8516101230273438
0.6933213591287634
3.9652107760617397
1.7290503611385259
2.8678756335832105
2.6562287819792840
1.1383527983800659
4.0346249021794183
5.6013195672333866
1.2804400891891132
3.8130173464776300
5.6001033250810917
0.3287120089602437
4.9427694014010761
0.7493569597440162
5.3757892765165618
0.3915231289591989
0.8274956478823980
5.1401848431256303
3.5175817202797934
4.7002282132920614
6.0416082318821989
2.8661678889627358
4.1645808828394317
1.4885150278645676
0.1294528179936173
0.4352588718571241
3.9658165665630722
2.0379658381546095
6.0279238533517869
2.4544108671730132
0.6540635006377784
3.5123855991860693
3.7232003212682199
1.0598364675189045
3.7469894633459089
3.5040200250580993
6.0618179080552004
4.8859265303121457
1.4597015780757752
1.7935737289414380
5.9645445197664335
2.7670468157763115
4.2966241898295685
2.8805463950698980
0.8718331964967047
3.2038076658387076
4.6832956609863183
3.5032769881348567
3.8263884396670438
0.2034817504742085
6.1314868679110575
3.5574189449542200
1.5822294168745470
4.7573178523142214
1.6418081894659027
5.7919884666991948
6.0121474159179478
4.1027238879555874
4.5006038143119751
3.5639906634379290
4.6526883734957671
2.3192372897064937
4.4130167049141580
0.8637984161162283
5.7205300429343930
5.9997522807551000
1.4930727824914092
4.0454950510372001
0.0390752895693543
0.3980307228792412
3.2129789479126196
1.3959730251878668
6.1295480286377950
2.7776934240622970
1.4708399088370747
3.4938585489080736
2.5161582366743844
4.4024925604020488
1.1098259669273274
0.4115187910579852
1.0141764298896205
5.6092945747087031
1.5103609030833287
3.1603792229447158
0.9216312486870450
1.7842986235481937
2.5018100261074832
0.2738745982136850
0.3835543364482792
4.9173586091917940
5.1205958617182006
0.6989539480399983
5.4075209339566328
5.5069397583806081
3.3943301625500544
1.7439965652692551
0.5825276487232025
4.3740202929010152
2.1635520797156960
3.3205150421170480
3.2427592498136804
5.7395842300037696
5.6157030435220054
1.7049231205303461
5.5784890642589948
1.0900328044972931
3.7204883673443763
1.1900879507049347
5.3764072548963018
2.3230450588473346
1.9739094768774463
1.7492773021387755
1.3642878878762248
0.8873691716881016
4.9492018543628458
0.4363899912747705
2.6662568317019879
5.4174475703879761
2.9630215949140961
3.4948011045604401
5.6898881427815313
4.3149340414330872
4.4939300257999601
3.9685310598426060
5.4890536210965557
1.6460098958390694
0.1369919873185178
5.6113097777323544
4.2552925274999067
4.4594201993080906
4.1186719837990573
2.8005580097383298
1.2856683171691765
5.6417557372288814
4.0724827096453016
2.7650512487664831
0.7797107634856856
2.7306968406337297
2.5057092659497906
4.2895451988040501
4.2223595754896088
1.7973151346841973
0.1683558099711746
4.8839199138104492
4.1373078446869496
3.2548043329295306
3.2597224121555790
1.8301230165425504
5.0279360278187557
3.8857777992952744
0.4781952662376448
1.5134097760451719
1.0243827271452841
1.9639980356923727
0.2541958694095543
3.9716493386887208
0.8586629723387742
2.1749300616354277
4.6524330400444454
4.6366517246714185
0.2364491286084126
2.5001765248365300
2.8731069448997482
2.4880296674544273
2.4883226910591234
5.0277559818657647
4.9604119107791753
3.6627942597138499
2.1414549275050541
2.4148800138738875
3.7668779260103551
5.8846341739230192
4.9718009022365184
4.1140263113533546
3.4748242047954858
3.9220118959878780
1.4659185418482605
3.8456953048669229
2.0756563793762282
5.4133032458379393
0.6148210841854720
5.8651090300934534
2.4591824820056138
2.0094307274962797
1.6188056131745596
0.1349594175071853
3.1744678714049783
3.0140483378683709
1.8543700493308806
0.3715752532058499
0.1507822387450425
2.5765553307283118
2.3298869658572832
3.1094423908231401
3.6870884044790868
2.5929032264173193
4.2719806596351697
3.9549082736108510
4.8781259792236620
2.2155826501360041
0.6727223794951314
4.8939453242990112
4.3141024379401394
4.4948122007175781
2.9662919220074908
2.5252752239740555
3.0647410729225077
0.4469524077604332
4.9435946268002384
4.1002581413853374
0.7909263130146419
5.9839021233877290
3.4103490593852452
0.5772491120561442
2.1615249853863805
5.2259239991884190
2.6682961002760441
0.7187321454911203
5.6497258984645633
0.7729347399053906
4.4728376406177635
4.6816802193760703
5.0009239381944948
0.9668875381503711
0.6614048671347840
0.2214107989015188
1.8092135508664893
2.1603802189576897
3.0879955728862964
3.1192008140248797
0.5374034820296567
1.3745554027887208
0.9099412745149347
3.6490942926388330
1.8949560908364844
6.1647242352930025
4.1225995830788662
0.0127001355086000
3.2489524976024300
4.1595174027122246
3.8285474440125986
0.6059639839554032
4.5337967090004652
5.9963531794618348
5.6056021670866905
1.2791077985496520
2.0773286762634386
1.4050087463930758
5.9014944144071535
0.1088844600766773
5.1095409641161620
2.1681903691997646
1.9217369678727483
2.9504102777900494
5.3220793105943267
3.4001870598261745
5.2083877503932197
2.8622744523668904
1.9091187399326222
0.0512984017232743
2.2006919298502363
2.8025433590890869
4.9096412398846176
3.4270819955024137
1.0785006059326143
0.8976293516041713
5.3338263281465315
2.8676388506801005
3.3576466549112767
2.5512543519095612
0.0640868348896713
5.2555591764827261
0.8516060776289562
0.5375615367689804
6.1860464794918641
2.2641354452796794
5.7221668461638373
5.8367182612845738
0.2827811634197293
4.7833335092880693
2.1497254153314467
3.9928653162102949
6.2666044369144345
4.0958896185281652
5.0246832135156509
6.1317677680759255
3.3507078875784400
2.3473514423125339
5.1626443672475046
1.6609929435179922
4.5088119527000110
4.6738550526820930
0.7715669065554308
2.9307304845129729
1.2610458075267956
1.0668536911710174
1.0416603364507984
5.1052560050077886
3.6987426352756372
3.3428607135327857
3.8733547757441262
3.3900325503955866
5.6231289455340168
2.9692230714623502
6.2222196469219773
3.4464507952241683
0.1262584635613414
0.2578347943106847
1.2717574040541417
1.7295474590694953
0.0688982671673614
4.1809676709659040
2.4446741065445283
0.7470031560409236
4.9621324141081304
5.2807638344338699
0.0796770768365341
0.6727020448670221
0.2135127169840749
1.4314376200885550
0.6610673150595595
0.7638281999087900
3.6160607458240297
4.8168923377786115
0.4890851732066577
2.7544357123387635
0.7356257870784196
0.3940878650174461
5.2459630231416448
3.2250251543964827
5.1714435810753425
0.1052255839423627
4.7339916494235297
0.1322167273784492
3.6312034976303753
0.8676243600606299
1.3430416982396434
5.3530581221534588
1.3706734307411850
5.4087654889580277
5.4495729734720353
1.5662319146288988
3.0538046184670571
0.3655756487001635
4.0076335223327790
0.2878843685688087
5.1959164035896253
2.8006834131694824
3.3886592316839259
1.0888887021329321
1.3482447907210926
5.0262642540426050
4.7066577617383283
3.0054478155456019
1.7069293522173181
4.4015502145745202
2.8323347463543986
2.6967875380436213
2.8330949289357927
1.4732740466203538
2.5860891692553407
4.8422616048679865
0.5767429939284270
2.8770348341870515
3.1671677955520088
4.3815487248088747
0.6021372439758305
5.4238719353394442
3.6601203145505914
1.6265822434667507
0.7029203926384882
5.2733406165844858
3.6932010216027584
0.5068465560095210
6.2282846647268233
1.6841064154305334
2.0505927797973125
2.0620378964080710
3.2503013498093933
1.0975731376051578
2.3172332255965227
1.2027197198426076
2.1098836182484311
2.4950837466470812
2.9660973333643716
0.0092294161630363
4.7294201617425902
6.2672461682860137
3.9254951841010421
2.9904737591554866
4.5981954708424491
3.9449775505840168
2.3869960477561065
5.9435327197229926
1.0948230433832222
1.5750264949514428
5.4774177308726664
3.7275616066181883
4.7246661852813938
3.2358081561570708
4.4162344646498237
0.1104367875071448
5.6877183269648253
2.7812608733995621
1.9516124330099074
3.0238779196839971
0.1437185429501031
0.2077399578764968
1.3283632447528309
4.0969739325169208
0.6251237512066790
5.5363804195517536
1.0127938414713149
4.9065597168826507
4.5189390914941994
6.1150640401484351
5.3920245787640662
4.4021876946503378
5.3748613492146537
0.0642847155818769
4.7693910165951099
2.6538629544337815
5.2662000140155802
6.0327163341358316
5.9442769103397604
4.5888554505790582
1.9594986863786334
2.4219498286727354
3.3217133790979618
1.5701442399458145
1.5380237510662529
0.9593587526744247
3.5014794724302987
4.2748896803783207
5.5589368301965241
2.6233317157460689
2.9205442952472009
5.9096358514448148
5.2743611172573130
4.6669570264064166
4.3938806164998603
2.2409912824396265
1.5429690168511605
3.9933802128452665
0.6206330020748324
5.1175560526934971
4.5683389015265989
0.7040486553242168
2.0302768159760523
1.7633161185259656
3.2365546605149662
4.2673383575532338
4.5449852817311678
3.4531273982854174
4.4114323984680164
1.9812149915902670
2.2417378466513704
1.4861538738014866
3.5279757912499856
3.6270261443220622
6.1127436158307891
5.3038747281534668
4.5981443180741595
0.7460368307418374
5.7423774884952445
1.2287407437649613
2.2534549262899288
5.5218560897506030
4.7456374390819773
1.2836596471754858
6.2759097128462882
4.6030387700806781
5.5015464027937719
2.6209818709812862
4.5588044543937416
3.3351015830458861
1.5991445376990681
5.0603318233419268
3.2190157760039786
5.5565701005746782
3.8355458524837718
1.0740808213596416
4.8030398762153110
3.6762982921292551
2.1655933812184713
1.9921067012662164
5.6357590786459779
5.4780563408527394
5.0891654489877354
1.3015617911441710
2.1807814076486087
4.9276431151737423
5.8719430742132204
4.1567813947922252
5.8071721526108542
2.9603685377574291
5.0457116900456578
5.8950721267974284
2.6915176813191537
4.7364701287483344
4.1748832347023290
1.2624159278266511
2.5800367607201826
3.0172422276552244
3.9338846785402586
5.4594860032089940
3.6240245132851028
1.2996940820211589
5.2873797094024111
5.5447020954271684
2.4064079384928738
2.9985505088673468
1.6079256127974328
2.3658130323264923
2.5337107457089316
5.8634629172032637
3.1182588707877685
3.0647432568739745
2.9929852821335778
0.6420847374065716
3.2854597627673510
1.7550555949734550
1.1651982181415921
3.8722660837758234
0.3575547458080137
4.2958963249764528
4.5288212299848194
5.4516250151566528
5.4132727175498179
3.6032676575424221
3.9360459466482713
4.0069292046370855
1.1477425468820153
0.0215151854570318
5.6316731079685454
4.4639609023843470
0.4728597349273720
3.0176899437368085
3.7114674834602819
2.6376183116057894
4.9044804886068425
1.8410696484323339
5.9097014779514696
6.1483543586427905
3.7891986156276807
3.5554849887294804
4.7308072170001587
2.8294298291393138
1.2399630878114845
3.6288269467009875
5.9816416124144425
0.7342908797646713
5.4340101571511639
3.5338145013566766
3.5261674354286079
4.5726338243852513
6.0019845205185733
6.0775388393999217
3.5740986537671611
0.2225291891410713
3.6106923298288440
3.6672729565998199
1.1887671956619652
2.7988830164672627
4.6256549392736508
4.6689126141403561
0.6678908719451639
1.9610069259864078
3.4740792748612539
0.2582231505059084
5.7031253898994496
1.3268757613481004
6.0584630807848683
0.8473011434207721
1.6975565041630163
4.9003407822457481
2.9687018917480472
1.1478539995149990
2.4453720286162262
6.1584541072243084
4.1446734086293082
3.0067857337214403
1.0980391559884513
4.5800961262191517
5.6189882576577608
3.1275037188025459
5.4690233371622750
1.6926423769700614
0.3797120510770672
0.3197945076749688
0.9251154491699273
3.4146573499438198
2.0613375995573451
3.7760620758480807
3.0953543904882643
0.3958984433069232
3.7802472468437847
1.8390564538750180
3.8886172523410520
3.4700077034892303
4.1070791449283028
2.6114533174392882
5.6138438872936911
1.3555379336014404
6.0427322470742411
2.0297553186914681
1.6396256056932876
0.1087614711788062
0.7477665397341823
1.5863492411679974
3.9173103735346282
1.5514417212360334
3.8169909814378533
4.6290413724820043
0.5630231802329059
2.9124735730960980
0.1154744029604475
4.0988949010441376
4.8466757597070664
2.7273403956541937
3.6562399956447540
2.0832515096611592
1.9103283443670340
5.2525849537424723
2.8106507363763891
2.6634359323944556
3.3010302231429125
5.9238583156142335
3.3903509795254774
4.1853445660939759
3.6805187201441951
5.9114592992268591
6.2477657384781793
6.0941824782321738
2.1844107794806598
1.8400208712502801
2.3909205441729546
0.4190951262697615
3.1406561034986717
3.8725271161617902
1.0672120354582495
3.8517379568061290
5.7555275866770002
1.2865680834908058
5.6834901878612696
0.8291666745121316
0.5679030977279202
5.2832969023827587
2.0952544711452319
2.7762762004133950
2.2941115516340429
0.4536176376254434
5.2903484365095537
3.5666428015045342
1.7733055539473681
2.6682237857757545
3.4167151557336584
1.3717580703664209
2.0997110093266658
5.6666950761207469
1.5624285732543470
3.5489981097551615
3.0626212781074207
0.4329466292126132
4.1690166630352072
0.8418864925068446
1.4908204045156834
4.2735598832190620
5.2211038502613336
0.4191735589154310
2.0291101866444929
5.8071596194385000
4.3361636819315379
2.4388526873180241
3.7248537258756551
5.1411385757667807
6.1997016855768488
5.1475779735721465
1.8986117467343941
5.4377223238169821
3.5220824209281694
1.5612878678082196
3.6673561347197703
3.8899718204834928
4.2222286651798386
1.8304072053557439
3.5957436430261880
0.7526703119647958
0.9343785910538132
3.4688611645498675
4.5298984386891012
5.4754298684883445
3.6367350952775896
3.4320978668773949
1.5283302526310836
3.7910020086754663
4.8726528131807019
6.1609340387276355
5.0956461505116604
2.8129436032601811
3.7637500280140852
4.6999561388658586
3.1632339820893245
3.3594214515892542
5.7250520321931777
0.2925943807855385
2.7884902631958535
0.8913312200753627
1.9196636902828095
0.6994212701200554
0.8045884499314806
2.2131524137347252
2.0626393353608736
3.7236392320841145
3.3801413270653260
1.5316910064762523
5.9390276053284436
5.0504004519133776
1.3620739707555600
3.0141880199561091
5.9966756444093630
5.1866832867180941
4.4220139799952003
4.5444402978343073
5.3200666000150170
2.5343701113717692
4.9605911263458253
5.4598668506465691
3.9601658521930361
1.0162693220430705
2.0157097357337288
6.2141314790318880
0.2242167471650943
1.8282808881826307
4.8518329013065626
3.2138760865019886
0.4936932116417370
2.4566498683609033
0.0229174964441210
2.6210435514718746
1.4342617607329686
1.1334279465583481
4.7478420417645610
5.6318526894427690
1.5601028546784279
1.3216005420690418
6.1453250428123232
1.4187501837211964
4.3179219120195231
3.9770603911501778
1.9429285130717184
0.4560020691967860
3.3056924758403698
2.4230205223318877
3.9813724899324270
4.1408307737256793
1.6221431794710783
3.7630654701150714
2.2366420312169049
1.6228423534968419
1.3291740592687198
0.3452141678433797
3.8014131062347536
1.6699457523058554
0.8120401726964450
5.5672456966959825
1.2869362350582392
3.6883572890406939
3.1753576364645002
4.5842454689720231
4.0421655379501704
2.5236948870906728
5.1056471325221997
3.1930323006906605
5.1544243156809175
5.0473530982580490
2.4622903505639222
5.0386284999385014
3.9969722315465996
3.5264217178322554
3.8043411260029414
5.9292177014043963
3.6912783289965692
1.5248639177096497
3.4620554591618800
1.1985112050465216
1.6008400056049765
3.5142157497823154
5.8781148515911816
0.5922249824664552
1.6836790248779094
0.2282800731772172
5.5676157853948238
1.7840822766064521
1.0326304311169172
4.5778956754102555
5.5089683856066616
0.6904964753372465
5.2240593373450555
0.5257795369120210
5.0102230472677993
3.9591364058516665
3.0284672908821646
0.7415804729453901
4.8941290288061579
2.0897406456908731
3.2793333569892180
3.5207642443091580
0.2405341354886746
0.2494029684326414
5.3082508253940865
1.9338135159700518
1.6412310505802390
1.4590243895688177
2.1166231737514272
0.9130532179670900
0.7021411701313094
5.1015859986560645
3.2198379710920415
4.7432046992633845
3.9743735741906110
3.1299783092206859
3.1426381842970450
4.3144499510528078
1.9240671683161259
3.3065027996174123
0.4807674173446567
3.6366076315203890
4.2164143805622327
3.6499435860560085
4.5758201838870507
2.2420227228627132
2.9216156130267334
3.9743853538006113
4.7058496513243444
1.5936202848343175
3.0294213333471438
5.3825284396304456
0.1635190930619222
3.5516737037147856
5.0222046182494102
2.8170946848981981
0.0420730919458146
3.9780400453665865
5.5080350216816436
2.1729484920417903
4.5464535777514170
0.3966742703629049
2.0744678140042310
3.1575402774294981
2.5858537440792753
1.5415903373170943
3.6176388062848726
3.9419316995282014
4.8213118276681639
5.2865481113909345
2.3357128366847051
3.2830436565532737
5.0520870177906421
5.7101418630030043
3.8526341029802089
5.8317071983150459
1.5007112889333223
4.9286459914938900
1.7098956896750028
5.5377698153380708
0.3955404842797846
0.2720531813051459
2.3378351362117304
1.5582271621446204
2.9183113491396768
1.8338497442959203
4.7658764522700583
1.2511816932059896
5.4188052709017551
1.9374547949032537
3.6745279658928163
1.5747189071562313
0.6516690710757914
2.7877219691097679
3.0693637642670697
6.2521678861311170
2.4995099998450292
0.9149070082857760
1.5571647228500161
3.3738428297759246
0.1084026992665403
0.2211363973144407
4.6932736534310973
2.8808384558695819
3.9895103199946456
5.5461803763622903
2.2669800448554422
2.4853116801095356
0.4050548576677735
3.3997656986910623
2.4059607078672385
4.2946899919586565
3.1240929129855397
1.8653229771998017
1.4252189959157398
2.9290246741596242
3.8966478737684951
3.4435804439932087
5.0233320888650663
2.1434432152841794
3.1648257375449718
4.7873110392250524
1.0243692728010159
1.4219842975952091
5.3535403703246311
1.5988378629226192
1.9756708129537661
1.4842248874372437
1.0685076205808899
3.8339255654162163
5.5152181929986996
5.8062516880811108
3.2432476662692311
2.7267546486981940
3.6714718775055029
1.7255346586615927
0.1712359447713785
3.9997130350262116
5.7135021625507658
5.9272230289804098
0.1694413550138435
5.8214061836809057
4.8973473589234775
0.5908841206028079
3.8265060321792665
0.3016711488860680
0.8892326916761430
3.1144750444295162
4.4499784191239309
0.7497886424910426
2.7848646435358866
1.4890694781712623
6.0820029986595454
3.5380242782537890
5.3871158602885947
3.2035825787160306
4.9381485845502127
1.0316865734234411
0.5192338505362544
3.9119688295674662
6.0570203084688581
2.9198061165267171
1.9558791867078305
5.7718504198344203
3.0365102419638448
4.6501318057122765
1.5378452851613400
2.5453112531194906
3.2987686542690162
2.0892908786094595
3.8670993531406741
2.4769538894010017
3.8401581059522876
3.8843686542822486
2.3804918344621968
2.2098375404446680
3.1183849649388447
5.9693702831132951
1.2443242240973738
4.4899523455864641
0.3537288298915625
4.5636886993653105
1.4915734121953479
1.2736181784847720
0.7058941916654844
5.7475566665108015
5.7280714248741917
6.0680076166635404
3.7594739984732861
2.4109670835243948
0.9256473528930712
0.7896016654657895
4.7512187096139318
0.3674030850910907
5.4282412501731612
2.5143844237729129
1.3470131326905928
0.0613123824897548
6.1753527988679302
5.7040763535619776
4.6856829937994133
3.8916680606678691
0.4775284411145408
0.4571044143065310
4.0379304038324033
3.9541659817735688
0.8767159300177092
4.2981372280961265
2.7807613313317368
2.9169887710751321
0.7806724013094771
3.2277710293082094
1.3850139777395882
5.6206992270534410
2.3634102176709049
4.0696089251638110
0.7346974557473498
1.2347378955366552
2.5393699015722047
0.3413049613066023
3.9952033217079999
5.2099122216460225
4.7799978032568662
0.5910870754047864
0.4239549930312802
0.4410757348192992
5.0989998280589761
0.0330216583490734
5.2474624416382794
3.6978812731037967
4.3419075671984286
5.7439908903513057
3.5594950277798909
4.4716840713107953
3.8868420288547485
5.5597394564725118
2.8338537931378984
1.0840520956869932
5.7813875323737385
2.1178908070781381
0.7297804816014090
0.7490112658768535
3.8699697179285866
4.6257559063654980
4.8971442391223317
5.3037451520350416
0.2936532661827408
1.5888409091492444
0.1956642906372028
4.4862528023578587
0.1993097846643458
1.3887065467715312
5.0405153363467363
0.1321581905650283
3.1874541089525152
2.3690582383652892
1.3077847812083312
3.3486701978715314
1.9677642520967564
5.8851761088134937
0.7051130276690448
5.0292237493735410
0.2307646304321359
2.6284872908420600
6.2044380861575439
3.1656119443357738
5.0728064012417606
1.0161490817300607
4.6600339853254971
0.9770482084327675
3.9483255666637476
0.9099086404517229
0.0249404953311771
4.6609495184987040
2.7468735858134887
1.8248916388069225
1.3895112237824290
1.1589684652780423
4.7815279657657888
1.7094350553031334
1.0081679033085782
3.5802748814514156
2.3811636139294121
3.8509688321568221
1.1812692556422217
3.0118039150967499
1.2147644623563199
0.3153905770823437
5.8340884587200978
5.6467740940317528
5.4537592771352124
2.3811027041568957
4.8208896191964579
2.2600892500562404
0.8334358011447066
2.9723310103562244
2.1976079729307836
5.4963584727809121
2.2670918907424218
5.1164348322247726
0.1796889765953008
1.5598180444003515
2.7017231020353951
0.7718050370893972
6.1560970675573730
4.1880882787276690
3.8852214780556107
3.2595209154915050
1.2200449133406013
1.8260114873801725
6.0697009447370656
3.4901958779054105
3.0901693086115887
0.1414912622850761
2.1078098303049284
1.5726361334859122
0.3147343339879570
4.6749418746524540
4.7960849815294608
1.3344256933807013
1.9650275458291793
4.4525365290407795
5.6878347512117271
0.9368909519935632
5.5283301244397443
2.5646884286821665
4.4914047474029015
4.2984603000637129
0.8750229289247563
5.1175642971456270
0.7019479953169333
2.0535416652423448
2.9562503585008053
2.3637162390775397
5.1367245402195421
3.6039762598380523
3.9006126959431584
0.7662269286995670
3.4247956284501941
2.2783107867790244
4.2763450560148648
6.2436179967269867
4.3376817077976453
4.0537939226020381
1.3160693918402131
1.4562409956123221
4.4794186342226263
5.6957974595145533
0.1630069018205714
3.1708174294362852
0.3997635412784693
4.8404499094856170
5.1398349264971195
1.8416348657201500
3.9553825958664701
1.7335298673613144
4.9280571718799902
2.4532344261709933
3.6429308356560708
6.1213692579911587
2.0392360051373357
2.6157005276639071
3.6831948291252692
0.2438201021662198
1.7825425240759292
2.3359898315691772
5.5766370463363275
1.5401567188505971
5.9953611499232222
0.4719344203484093
5.1489130863942467
5.6493786019751910
4.6152795352724603
5.0253375478442823
4.7539914488184758
4.8974576886433105
3.2938942740323776
5.8124528181201383
3.5912634180884888
2.5321532898001831
1.3600743805525517
1.8803685725352524
4.7235135563626187
6.0838879410754503
2.0179759325653195
1.3788418130870042
1.2378955368034215
0.2671728518380069
3.7498685715835602
0.0124950007273135
4.4179770895042347
3.1471518535688094
3.2626577388764528
1.0310826249296963
0.7478547919215347
4.9980080111350063
1.2569627339723419
3.0537423858204833
4.7059950300198699
5.5096041940910565
0.8103218263828429
3.9739948885318532
4.8888878353665577
5.7507483962885013
1.7123098110379105
5.1720362194679677
4.6496155611455583
1.6550901562305655
4.7887756559790660
2.3983492818408041
5.7010242453616318
3.9211166700380056
4.0679710520896553
1.6991278391641325
2.7204838022204867
4.1299039264193347
4.4034727145805634
3.3223513601364436
1.7929822490014753
3.1429372164731313
4.6723613915239550
6.0617586419975593
5.1521325423548854
3.5331415517304645
6.1498364787129915
0.1979625089273798
1.0404395121018404
3.1682753801106864
4.9831416655382172
5.3686006778644355
1.2934302215093085
0.4686422612097593
0.6935105917793971
1.6238127014789627
4.3708587711174038
0.8279733825134209
3.6272127000099430
3.7335112962896861
3.9376514226097230
4.6212993709399166
1.6658330589879462
4.7618730482682698
1.6516238187501586
4.2511459118826735
2.6241359424724244
5.6115756926493665
0.6405742649018853
4.1713612075978466
0.1068035145164795
3.8106069285096313
2.9859711644133009
1.0646169065828894
0.4851663713554105
1.5594684179769387
1.8605235281438495
3.9220750596801124
0.4139996355146586
2.8606245386391143
1.3289752864436815
3.2711189297020744
2.4905230352376022
1.5735705016127519
5.1199395991222314
2.7163504229675559
0.8128184373157503
3.6965868299451770
1.7515285547406634
3.4263359950207000
2.5589191462829759
2.4608828785369967
2.8268314594671655
5.6493915995550168
5.2127907926179526
1.9311334338664752
4.9435273747386015
1.8069384520180134
0.8663599003056780
3.1167593444406241
0.6768760069389601
5.1842687427377090
1.7095755916602935
4.0923411612626950
5.0784650096261634
3.9779790936922277
1.1134571484359987
6.0382861553568734
2.3156832092892055
4.9415230768646872
3.3336560850811598
0.3409486310455840
1.7664470996432395
5.6608864974079705
1.4196814308431536
1.7901604438901564
5.9331212276273062
5.5554972397711966
0.1643285859994711
4.4635979540654223
2.1938562923844143
4.5255482798097866
4.8953270677531453
5.4152083307685839
1.8101837922025878
4.8600492269359945
2.1499282663860702
2.9196951458374354
5.3844697652321631
2.7432605104874477
2.9847191760370686
0.2420028723219234
3.5908558266227741
4.7531914405183056
2.8337638869615032
0.3732480817617485
2.4991299876193658
3.9654209967968890
3.8060390321412383
0.7591000835686337
3.6454470859667909
0.3108975620131320
5.8830736705372955
3.1654304517026621
3.7435806122477526
0.5523822870156958
3.8979256433387177
6.0572067476921898
5.9877402989458117
6.0374565972412748
2.3017134163731590
0.8836015349802430
2.7916926698224662
5.9211877572606708
0.6583937318988535
3.3733862550677438
1.6427828058922715
3.8545800295033015
1.0031118167841875
5.9846108223085341
1.4631192331032223
0.5477774322648237
2.4547052273987089
1.2692373522778355
4.2813927093733106
5.4776126487017489
5.3342619362589723
5.1712000625794490
5.9504300367385117
3.3371033766929132
1.8849258875959845
2.2369779247537114
5.9052730291671134
0.1872714596975741
5.2692255120786236
4.6972665187450211
6.2115486659994215
4.4458320630216193
0.7814964461438804
5.5151235907316867
4.8997936302405174
4.5924899547586717
3.0174281525022679
4.5020434055743932
2.6882952318198172
3.6233126885758877
2.1638472290559605
1.7757479746467715
2.5197891997050483
4.5738350027340822
2.6303153996530919
1.7518037377323827
6.0437591501000121
2.2928214981679709
2.2661282111546197
2.6685240541360504
0.1096482808438812
4.1194443211492846
0.1318985669806730
1.9476200979806502
2.2695233338657284
3.7360158699469466
3.8332674619676017
5.1941656368086333
3.5189290101038293
2.3890144905930626
1.3064812825874310
5.4621206685159382
2.3815735576896131
4.8386392276554249
0.6287130029918121
3.8896028042341064
0.3432435673446012
0.9673073760191880
3.1344120798135888
1.4199641506649952
0.9554168420440666
1.8477904672077645
3.9745406457988954
3.6713165874531160
2.6695330973362577
5.9822952522470878
2.1899128778863299
4.2721702755427113
4.5668373209097197
5.6329227617686035
2.2480599570213569
1.8207116456461030
5.7727873776703378
4.1189484286968954
5.3577776231497518
2.3964529610172067
1.6072617093918165
3.1343130006195228
3.7885973794049592
1.5380237123898477
5.2346482141135962
2.9201477530361757
1.1963181059790082
2.2603320264206110
1.8183579860056573
0.5545688169413427
3.2215766538046591
0.1710524768147653
0.0166755105785030
3.2065523031589582
5.3801876646543390
0.7006598507811980
0.1547640910792591
4.0270560045177870
5.4433995850549444
2.0874230426042515
1.6955695649687152
6.1886332608956529
4.9255150131980470
5.4112285885413351
0.6949160723199828
4.3190103979263847
4.6697131090525694
2.3942958212923218
0.3605330239086649
0.5860483987095283
2.6047098223328682
5.1905105746527704
1.7418798980819543
0.4316497081508489
5.6957935565980611
4.3478572369714934
5.9589147010860160
1.4978925473079567
2.2020594754271392
4.8491397844182682
5.7342063475276266
0.5404869645621990
2.5517756636190505
4.0807026555944237
5.7766932418000589
4.2886549238864733
5.7110172496508973
5.4949849876829759
2.2763519034881914
5.4385477051393165
3.6520184662971373
5.5820835473133554
5.6466249040516345
1.7662800522449660
0.6029816820561381
4.7292541110385553
1.7535182002684908
0.5701848296024112
6.1462876781432758
5.3333025760274193
4.5636542871406691
5.8574046210786879
5.7594590605994727
3.5108656705324552
4.0606266359462486
4.6639174404062356
3.7409510172399725
0.8138302487283209
5.7852015046423011
3.8141015722215079
3.1752372702269471
4.6607572142338363
2.5926763132319790
0.2568034831433719
0.7068887347987465
2.3682863040413014
4.0874287841487984
0.3553874396174108
2.4616462689407936
4.4971518142041189
4.8461344891654861
5.1006449785939951
3.8731928030750069
1.7877219911912650
3.3747716961874596
4.4879417144036964
4.8144088457692806
3.7969264143246848
5.6040757185909449
4.5061142652633066
1.9200128705688284
3.0054954849873012
1.8167540857293238
4.6067785030020625
2.4302707589524783
0.2638913305815354
3.0758495328791726
1.6044993360214832
5.7455744947869718
4.4496005807236685
2.2020528729301914
6.0934680748226251
4.2662827083898085
5.4129352273998492
2.9263595221435201
1.2310031885556612
0.4660470515312155
2.9448545460150988
4.1754867510224747
0.0033075342633296
0.3878367060491525
5.7652256939938731
6.2649855779086527
0.0438986639188986
6.1598248875008217
4.5616411132853942
4.4859928776519791
0.7753243308412019
5.5050600311516877
0.6358355554814669
0.2242794403690821
5.8979043255622097
3.3330655983905744
4.0213521143393907
1.5564407906940196
5.9848843379247914
3.8395504852087532
4.3081342048493685
1.6255719864242664
0.7890725141053903
0.8779597638405178
3.2720719322050882
1.9724519488172172
5.5940546014378221
5.5832287981195137
0.5327139465881380
5.1750319165681447
0.6778235035030843
2.8157319411102026
4.5489634012599671
1.2379705249329107
1.3832773884795360
2.7653984427136753
3.8519652939705504
5.6236435529180939
2.0204863843755270
5.5058168769191429
0.7694737249048079
6.1727024672012858
4.6931257414277079
4.6082225814105344
1.0080939286256125
3.1824460102402226
0.3696134939525086
1.6679202378157596
4.9759615077290338
5.1797591694645551
2.6722525900114484
4.1792380133962661
0.4450610797642531
5.8102161377967150
6.1571222239086385
5.1284255669790015
6.2699407438081938
2.2974285609197382
1.3233875672063209
0.6059337756535333
2.3748884851188468
1.8590690875933833
0.5489450716221744
4.6917010048477126
2.3499601127758787
0.4301733351075843
3.3030689612968809
3.7924905528897117
0.5083593215932283
4.3245217857375264
2.5483602751388346
5.9521377826723292
6.0006076436687117
0.7651997316158334
3.0486882068883872
1.6128232220818652
3.0448896484670231
5.5375002799878024
5.7333499298168418
1.1190794780618361
0.8952923050366351
0.4546313254550547
2.3006736377307764
1.8858995878731297
1.3357678056238382
0.9505123523192130
5.3818067414687221
0.0725274694917148
1.9429467430884220
3.5433327242108961
2.7534170785040493
0.0095223383072988
5.8978703987994274
1.7820486549096630
3.2765837841575367
6.2580419283313908
5.6038818876315970
1.2195153534401078
0.7216537045866463
4.7242987178874500
4.5794669097593310
3.4221721431053616
3.1991584393519785
1.1709253140772107
0.5542521257129728
4.1070550420315808
5.7908412233228814
0.8996027548826669
5.5942264125087622
3.0688225947034828
4.6040236414375455
1.9394148715475370
1.5837028122181096
2.7196391644487101
0.6985418284205772
4.4131955157053433
5.7228257292434739
5.6719528537118880
2.6185349460532077
1.2116323693144522
5.0379596228448271
3.6480069906315808
4.4738584363940612
5.2629558047297085
0.1612849163288406
2.6139641856758504
0.1799076505710695
4.5254760989496923
1.3178379587669169
0.4512827320062639
6.0022535808291204
3.1162640548651761
3.4860834530982538
3.3907971497978515
0.1351583038711354
2.0480967450647460
2.4065383311379431
2.1464932985907690
3.2727306420008286
2.1433075123190894
2.9340390575290485
4.2508662810102766
3.5806595741809626
3.8778769034064227
0.6096926099957175
0.9924937170812619
4.3471191899281205
0.1452306077205897
4.3491414138022746
5.8525168578434679
0.8804371117411653
0.5469679942487115
3.9424342824140424
3.1689971794989793
3.8924929457691602
4.5387296904771830
1.4490611705087080
1.1860265754972856
4.5203494183432538
0.5237819015234429
0.1355109236875743
2.3235153853094048
0.0936742543738052
3.9759813951726217
2.4141844421781178
4.6131208613661832
0.8574195507906008
1.7411556224189590
0.1403106169586356
1.1583727246798410
0.9433541496505025
2.2588982389700836
0.4033819857427915
3.5912064537931880
3.7264117928224483
1.0257996507407938
0.7613449596735046
5.6109724749252372
6.1114637495060302
1.4663603905946672
5.3261656309718566
3.1049021756726747
3.6136830735573651
1.4609041381303680
3.4556384465192052
4.4594939632792476
2.5991407620691005
3.8581216581392641
3.2856578681393995
1.9778620075486182
0.6900783111048007
3.6388956447058436
5.5798326323888690
6.1467418260926623
3.0480551713588766
5.1084547492805186
1.2661885517100080
5.4078027795738475
0.8607406641445310
1.2107013977514709
3.8058423399021337
1.9267598795775260
3.5307650369159274
4.1275143036678799
0.4570419308420079
5.6159712471667609
1.4740989398067719
1.2844114891212950
0.9625832131998439
5.8821845184079216
1.7257213804111606
5.3852825551733439
3.4309151787528323
5.8331031975784020
0.4424489520754866
3.2780632344997347
1.7346532265681829
4.8642977528812681
3.9036787788867215
2.5643614741792087
3.6623850557040925
2.8219994643746666
1.5601368765863330
2.9576094860759841
5.8026420371802674
5.0716483804389751
5.7840415513264993
3.0305452583246684
3.1347319105684890
6.2763875892923391
2.2105427638594692
3.9970524723630674
3.0437173427901323
3.1424454091196363
3.4787869259946143
1.8361231285486967
5.4991725385901882
3.9014053030404803
3.9067812835275970
3.3291156910629280
3.1437625017960809
3.0910566568664390
3.5951822817395347
1.3964614999693208
2.6247702632575347
1.9733329929320740
2.8057610773645956
5.8878756882785730
0.2633867216489625
2.9927456904285199
5.1636753556912431
3.7595939596405152
1.2712983264082440
3.2533399750635832
5.1615621049742995
3.9547365930420133
1.0523887795530116
0.3438341016864511
5.1661468607278964
5.5607356404030330
4.8535767341832070
0.9274273786813566
6.0953429358578468
1.8541304485371723
0.6771760449638052
4.9632037720051629
3.3986828976712169
1.8237203192091942
3.8143882727759535
5.2621440735928795
5.7524934466612070
2.0844086209215944
0.6539936510793124
5.8218800100199406
4.7653145835384922
0.6011854384866495
0.2116574495881869
5.0688633816966640
0.1547778264019164
0.9886734419075437
1.4088412701300141
3.4326251456726569
1.5096732551581931
0.3427098603675938
2.5615248510085564
5.2324068383973561
3.1231049032650633
0.7230413021810583
3.6516984395798326
2.4817724939456638
2.2243910257611019
4.6241143072392470
5.4661263133555194
2.7501737509163644
5.2231010148341630
0.0301556990376977
1.9078069563779934
1.7001715761271636
3.2493952654858522
5.4678583368643521
4.6961971913421969
1.4105088270649586
5.5709749762121250
3.0932658851958994
3.6710884347883317
4.1104854414395273
0.6732263849228552
2.7278355004006745
2.3841605932252383
4.9115973619511522
6.2502622245620376
4.2524571610225355
0.4875504086304664
3.0737724448675361
2.3801467772362499
2.3667771765694505
1.2156933433348711
0.9032025456259913
3.7904864336444066
4.4073092571748962
1.7090942502812700
4.8470043067414101
3.5519745158796252
1.5837102877752269
1.8561500538429769
2.6151194666580624
1.3543626370688358
0.4328770531936696
0.9663384322745556
1.8719540173077498
5.1541307896492770
2.6919449651159346
2.6972428394650474
1.1076027894196285
3.7004881102463232
5.8608646391267909
1.9958783755393379
4.5718980518704520
1.0043511664114475
2.0870997505708297
1.8961020527117154
2.0760910826435865
0.5167597527882251
4.6360593180157093
1.8675841250040841
2.8308831064955853
1.1436376553971597
3.5032652702091411
1.3449440890754660
2.5617361699600543
3.8956398773335690
0.5901592207416206
5.0680371179946615
3.7719423036449524
2.1212275081641794
0.6516344328412226
5.2873249111531653
1.6098594874966270
5.7509741577520375
5.3700552850453356
4.2082462541611729
5.0294379736718424
2.6422593571413944
2.2579701724065093
3.1456529318523248
5.3441600754839316
2.5981270323075494
0.8996626287271077
2.4793574958459406
1.9446088194532887
1.7021214188876410
2.0783587916324886
1.5327320732868319
0.5882010766441071
3.0518864228993809
4.2836253811942093
3.5915523527808619
0.9180584276194946
4.0597798909689740
5.5598316978898534
6.2074642479159783
5.1216119771121740
2.5141814903053592
3.8797939053380053
3.1046644464278992
3.0697689614091992
0.3392199582411919
0.0918776084904193
4.7878223836887335
1.9097660836709649
1.2716464871591548
4.5212626988426221
2.7174402993235218
0.1300721350478509
3.4011120132924502
4.6830823402252051
0.1816745051945162
4.5096400612686161
3.1886616748983854
0.4874931099806882
1.6046580290226755
5.1486263334963125
0.4637794164519567
1.5857462551327663
3.2899336073305525
0.0018988295367333
4.7154767014660628
0.4988336248680650
5.4993299781934706
2.7696252618050212
2.6983109548400233
0.3470057562427312
1.5083380696416524
6.1212026011892755
2.8416372716323410
5.2816162497105115
4.6909093725705304
3.2931367917264756
5.1229968285916581
2.0392859103250789
2.4954746448272185
2.1934278956901929
2.9052530753893882
2.1085069939638958
5.3982362900189784
2.4168970554852574
4.6497528621513293
4.8208814889225344
0.5809250750100171
0.5030356084001466
4.9865242197013995
4.4515103231213722
2.2984098997065359
2.6183292487841254
2.2925491489249987
1.0511380354473472
1.7017314156285077
6.1907121852456219
4.8000177721161483
2.1460336052099533
0.2883670937768281
5.7772340535151541
3.3199419473809311
5.6634467254166330
0.5152245884542842
0.5615153606737938
4.6369136669822764
0.3092815205344894
2.9657380827473201
1.7452333680526839
0.5643635305323706
6.1573222857439465
0.5018952001654206
2.5639375153816655
5.1986777452936428
0.4808460401083297
3.6274438622881968
2.7278685734001282
3.1623866870333925
3.1699640082613696
0.3181678211863898
3.2938814358184740
4.5328062308046233
5.9211984446610835
0.4479424695506266
5.7966214596798125
5.7196455703398366
3.3097546213831124
6.2252133632000799
6.0536372400861254
4.5317696692690808
3.2101911009247517
5.3862653098764612
5.8098534099034520
5.4503167943796118
0.6022564505945989
3.4161118952686733
5.0329999604771007
3.8992044818811369
1.5557497135886391
5.8011355881511824
1.0558738532439447
2.9737054895041690
1.6401062999205100
4.1443590630011862
4.1688033880459026
3.1352315434697373
4.4131022229106236
1.8092477026470803
4.3523881370432855
3.4321157893145982
2.5514251837120550
5.4367273689949966
1.1524198436726609
2.3979887716766304
5.5778994418166095
1.2466167123035545
4.1607100933595635
3.3427312564835741
2.1415041242524300
0.1088410516685498
3.4844018133443617
3.7112288382106176
5.8270863927921557
2.6996853466124060
2.9749346803044681
4.8513957711454214
2.9654281494203301
5.9904636817794197
4.2802961010686094
1.9037348113072783
6.1027503169775601
5.8606944733412769
5.6353747834452310
0.2939504313426148
5.3290371494535558
2.8984553619725650
5.3783363312534442
2.7810908482939545
3.6071466038598885
1.4648179950295570
5.0221442189569352
4.2095390026966664
0.6836893340215277
5.8641141887544856
3.4943498336961638
5.9342342987220684
5.5049417277758019
0.7186177114965316
6.1472483776446083
5.9576784385103476
3.1301000246006403
2.7036322584935513
2.7146642550820324
4.3622059418791004
3.6863125334136999
3.0449422755318549
5.8599764360702755
1.4848179711836187
2.6190639052183933
4.5639953422683428
6.0472828749756307
0.9579592061570773
2.0743880247191440
2.3428960534435732
3.9543479309844134
0.3308454083453050
5.3054322225727280
2.2500095425319757
2.2450333685933064
3.7910082287464686
5.6096152524143461
0.4895147754325118
5.5952079271685795
2.1055895927470671
2.5185604264061587
2.5057776207990359
2.1798757586744881
1.4688108394326775
4.0966183731850911
3.2604507995700653
4.3969565149572993
1.0087132813662516
1.5285367925744882
1.5736502162520825
5.1980873133426346
4.4497663804505265
3.7874595760747596
3.8433869407120711
3.7589588812279406
4.4384170856204124
1.8756198858273119
3.8124933095852294
4.0300110839280832
6.0961864975555837
0.2099533188463667
2.0970564127838598
5.4458595567543098
4.2840823547236839
2.8719339538634605
2.2328747382602918
2.1677852600505134
4.4095876185757952
1.0618785890154845
5.6792207020743213
0.4057717912435748
0.8507871794499671
1.3292604958316754
0.8689105169661653
1.6452338026166458
0.5777412915917640
0.7593544151422681
4.6049541618632288
1.8907617291228538
0.7660780656570987
5.7345298793783153
0.8107880729956568
3.9290084957610394
0.8530966349341580
5.1909425267858307
2.1644080950267903
2.6514576098302887
1.7890740183235474
5.3478938062759198
1.5255902883016594
5.0072674939762329
2.1922550766937996
5.1751586161524221
5.1142939730108710
2.2083280229161728
0.2811221122114828
2.9385040772861588
2.5636878426251593
3.1209958420785555
6.1590192127818506
4.1027983799080099
6.2265600472775624
5.2152866572211103
4.0332193180944129
0.6382142370184933
2.6842917090548220
3.1981466845414985
1.8012850937215799
0.9381409508373124
0.1498039429373658
3.0341765527279838
3.5022671826883811
5.7966568196317860
4.4124857094057788
5.5855549540097815
2.7563558368549010
5.8768761106517298
1.6944286404040869
3.5791413915460719
2.4112335768679518
4.3286724745647795
1.4177663029646461
0.0277263227903722
3.1546324349880117
1.5470204530912059
3.2297801125243448
0.6012873273168283
2.3430998228617086
2.8885046396807210
6.1113262418946954
4.2626574808367135
0.5873726348664371
5.5513810521571809
4.4169352645827900
5.3479175643014365
2.7765020226231107
4.4857927118088066
6.1047305668549621
1.1758114902682080
3.2129552293818402
2.1332869559659970
3.9729697617862336
3.6642878002925308
1.4814482724230311
4.7585292881087735
2.9338783940083242
1.8941531938647862
2.1603930561023601
4.7010737452627849
3.0834442173815031
0.8338414174469236
4.9410217323925973
2.6458719281344405
0.3014028333193742
6.2292012999501365
2.0631803494243481
2.6748364758679468
1.0119157766467455
3.3510718544938691
4.0288940306797958
4.5715001900200276
2.2838122054654413
3.4889597398846952
0.0089343108136227
4.1371797178901915
4.6272347951666406
4.8606969945221241
2.8496965005186721
4.1111176415976143
4.4781330030460058
2.1127901443041570
2.2754428368008686
5.0525925681477721
1.0258556070528475
0.4819458450795019
1.2380504228563571
1.5816578749681667
2.8566962362579882
4.7051088961315628
3.7373127703986393
2.2037907060432045
3.3873023859579563
2.9674045586688589
2.4354124830613779
5.5537717018072010
0.0911288216156580
4.4801144792451097
4.7011095791589836
5.0407322300891133
3.3671904677919469
3.6070569635957677
3.4146218155981396
5.1439262165410735
3.0624853760890249
4.1375088494183228
6.2052790837653173
4.4519777571298649
6.0450618083096508
5.9335195133698484
4.9709282227854876
5.4169936906233653
3.0567065418934982
0.2923257002161060
1.4288793682349135
0.9574645429351699
1.1616770527978861
0.8120149166125681
3.0634793449463076
3.9791851773125595
0.0599230680727393
2.5698809190196394
0.6196770322458173
1.1888306751990914
1.6201001975105818
0.5681170131309085
0.9242550938076710
5.1304710175377490
1.7897591023800998
0.7422520790898526
4.5466742610764266
3.3238946307179105
5.2215695405144871
5.7716855977605546
1.9349487285615121
6.2339146544837787
2.1395991830450685
1.1783360008366630
1.4831995650090426
2.5593611724843632
6.2436273082986462
1.9655592477407668
0.8802882162407016
4.9115696336373924
5.2160005408061592
4.1924247360288192
3.4456889878664883
5.0255283731269902
1.5250182638558245
4.2648376824539751
2.1184355984267897
1.4036037813723969
0.8639101441233102
4.3440351567003628
2.4571804464443656
4.1843423068766041
3.9105415189236572
4.6354277041144893
3.3453483994387399
2.0992978809309024
5.5283189741236818
4.3883087600795738
3.9475574724366389
3.5939645693701827
1.8478799488861113
1.6579048465323640
1.4702877751582877
3.2526655536235962
2.3583164721993808
0.3884539951873458
3.8520408442333767
2.7623434249670047
5.8667632332028932
0.3000072832668905
0.2632820093126947
1.9154931854355826
0.6006767500916891
5.4435895896474413
2.7918893718253774
5.5174974707567266
0.5977570665948193
2.0731960267035658
0.4767595478616419
3.3186178825358064
2.1682337580649178
0.2767523404374867
4.5327380369470438
3.5173102372643781
0.6434444816694356
1.5673633761441710
2.3492254821027996
1.9827963342527353
3.9328196989025264
2.4146787494009310
3.5169651840467626
3.2144714418747600
0.1032691630321570
2.4137544619010622
5.6667540897376005
5.7940758863965671
3.1844209642168337
2.4763860742621824
1.2660068859009908
4.4641025842009237
0.4050622003214063
2.1226837325585186
3.8818024403557088
2.8856076801850414
1.7065330048027618
1.5954008506660813
2.6577815672082092
4.2641532574228913
5.0430822630551377
0.3255144249367453
6.0729468891196081
2.6156296301097468
3.4178309575187140
2.1261251352824551
2.6823907702642305
3.5047829937418360
0.0591434404524200
4.6246495026944352
1.3644782953419459
1.9493510008653496
1.2425133664721408
2.4426476061200844
0.1791481271345763
2.3831669198424854
1.8453687946350139
2.4089318568773570
4.4474902635477047
5.9407500642999498
0.5445003653076053
5.4986118245106574
2.0571871173798062
4.3818774774700753
1.0756412984913306
3.3922998328266494
0.3753221377488009
3.9688386600875680
2.9385952074960682
1.4628323347337833
2.1398009832465386
6.2135080335454322
2.1713998679443924
4.8672046818018169
0.0552861502344966
1.0530088314536823
5.2556767657331882
0.8093426868732809
3.4465906277543152
0.1552934684433580
3.4185886142359760
0.0299415880162068
1.3050202724635962
4.6722075540070263
2.8360425666896245
1.1843605936064783
0.1546325016504476
2.2246565781960208
3.4183927707143105
5.7119279734998170
1.5475497294741261
1.1292425739570937
2.7875485400763425
5.4496747866000481
5.8169815400124065
1.5345994389082207
1.6347311430497371
3.7005879733720093
1.8641660247302936
4.6367091282435124
2.1031420765326518
0.2122689270460769
3.1193991767258562
1.5584453168617984
2.3036632974196691
2.4721150264836731
5.3815353581490548
0.7002559433802897
1.2504178591906117
2.7367964990828213
4.4694073259935205
2.2889435288061901
2.9691704567360566
4.1115598273705203
3.0375090308639057
1.4449613316197061
5.2537748995220683
1.9626175706263698
1.2565150542896402
2.6526063926353589
0.2634688805826446
4.0456629097067900
5.5479271076891834
1.2646277524417653
4.6914813470317194
4.6015907435172210
2.0048823355167702
5.3872953801228567
1.4636756430773397
4.0495703418218456
3.6376393049054521
5.8794105087475508
4.2333129072604860
0.0363064083426303
1.8700814537147883
5.5333427959857797
3.8677920931492431
2.8660934679239163
5.3368419803482618
2.9492891105839818
5.2984272271122910
3.9688033026555241
4.5636918778072229
0.1299739631295855
5.9967271965692754
2.1305898110783863
4.4612805553430288
4.0216768003714805
4.8778800533680275
4.8256384671183765
5.4074763355939552
0.8771759357104528
2.5671995510258427
5.0536419991815826
1.9495740478598493
5.1136175089662164
0.4798686519939517
4.2334325711472216
1.6005116490295457
2.3028452313655969
2.6038424154322488
3.5626104644509113
4.2265248540123270
3.4211137818390092
2.9444996403741004
5.3483942411671181
0.8613633751126054
2.3277483505846011
5.4352626633960313
2.5002162043726113
1.7980148184690754
4.1806135930313033
5.8322757959479228
4.7309961256914894
1.6233652491333295
5.9171423984800455
3.8916318589648586
4.1937936684213319
5.8470669158555495
5.8273478023325103
5.2583666083154403
4.6718577363338243
4.5497384250597825
5.2033863051417555
2.1570370944957689
4.4678679828048571
0.0764161231156286
4.1224001647915101
2.2436483026970548
5.5603643572337882
2.7573251545629440
2.0660421114812557
2.2939867524396664
0.2358276741766198
1.8256538495872539
1.6288703660483772
0.9283404472956805
0.1903377682866355
5.3697981277453275
3.0062836500217522
1.1243563495561586
3.9733328746618981
4.8606603137225086
2.3205369703057479
2.9223122041009111
4.4169847346320630
3.4553347690386604
5.3690925779949676
3.8821408042783769
3.4665893775388570
5.5073624268979158
6.0732460735275344
0.1066946290760929
5.6129853116717543
3.4661653566785318
6.0278785327017284
6.0004254781207385
5.7183127852732136
1.6269165470251143
5.9270785855484549
6.2409211412216656
3.5128712530417183
2.0116179376846590
3.9315282811081476
0.1120165813712530
5.7394851112460916
4.8696228575909881
4.4153696058114598
3.5073926079479443
2.7806635746843940
6.0269339121519625
1.7784767253147447
5.2954334904514440
0.1732969788013755
2.7253469412972842
1.8486353844348387
3.7077015131274056
3.7632070750589595
6.0095048292595443
2.1857480621184844
5.2358399600758174
1.6972949333806069
0.5103980450789595
3.4258116008288653
2.4595129243429619
4.9837372581514154
4.8005768716936217
1.6240949859551654
5.7003338168506037
2.2770361137143826
0.5589393615438785
0.3422133126826032
2.5435593700697861
0.3919929785359356
4.9775465604956999
4.0237794616450424
2.8360672119128720
1.2936833618147803
5.9388411230213176
5.6607264662124042
3.4335810118238017
0.3747233827292604
1.2828396337043628
3.6597410619009128
0.4719591692712000
2.3717261154462541
4.1316095172616087
2.1699238109826928
1.7737605161081673
1.4973489336862100
2.2099591475004359
3.8766631532130376
3.7801226756763584
0.5057180933638400
1.0890146260215157
4.0870963456273746
1.6766877741999064
4.8362015265287086
4.1680188800687006
2.3995562823967473
2.5701681403996353
2.3974608384792013
2.7727880789790378
4.5477444181576248
4.7954094115670491
3.2898257578960908
5.7451528159986482
0.6280285872201095
4.4863589202190504
2.9616855197816307
0.9085680867657625
0.7332280839074634
4.6360833785632227
4.5481928768456008
5.0747511772727538
6.2267117360914215
1.9468897381711707
2.2695400365222334
2.5213254989713620
4.8425911546142837
3.1314762700951646
1.4925969735028879
5.0985245144941942
0.3996978662338229
4.0716612447169762
0.8019735870329091
6.0687335895484535
4.1420458196961265
0.7024473646693740
0.7149183867348492
1.2221797048447771
6.2408954648231401
1.6859572512743477
2.4286604562751184
1.8420415480880969
5.5123087182752784
2.2648407572296767
1.6994188578237606
2.0257428023146229
5.5838748321547715
1.7367970777960091
3.9620319255172873
0.2597302139985900
3.1471416904775227
3.0464057199517995
2.6521296615123817
3.5136092838200770
5.3185670023074234
4.8654953367797198
1.1785419173205280
0.3866221100296636
6.1717085477409794
3.9498917790758696
0.4840938318224608
0.8696346771609189
4.1089467407479727
2.1834037478136219
3.4730795126584773
2.7184000219819815
0.8408289214941028
2.5812940789584178
1.3979209064659890
2.4324529803830250
1.5157972678870444
0.3817464356924443
1.7572998636635246
3.3213913802759256
0.2174167735772286
3.9322659268441038
5.7348213927135507
0.7634567949874981
3.3482473354730113
1.0163014295384996
4.7249854678571639
5.4188473177247127
5.5637316136155572
1.6266182442190380
3.3106415430126468
2.2344198187052822
2.9156008026257023
2.2487479631501959
1.5868544033796168
2.4028536049808800
4.9306592315250777
3.9715672834326545
1.4054867317813784
4.2140122578025014
2.7208140057274268
3.9379531935765488
0.4577610513019305
4.3933616248025054
5.5303045846405334
2.1857578285475299
5.0413368922786645
4.5595623680942499
5.8326442032807408
2.3407531599889291
1.2005822921272327
3.9392470983099641
2.5935726026647057
4.7337744689460735
0.5927046167461477
5.3187268444441855
5.5392453895870917
2.7803447438097688
3.2532141377295480
4.8287707624816756
1.1138031449539092
4.2700378842075137
2.8493957157681531
0.8943290892428005
0.4339437035589262
3.0188458563651213
0.3933739606712555
4.6160135930183674
6.1073172066058783
2.1113226215869947
4.4739707962475439
6.1809884855423221
4.8968767228075265
3.6090003266815116
3.2113964686166678
0.8949291554027052
2.0123462161231633
0.1825534864839202
3.0784739505044296
4.4133782725741719
0.5814294921845745
0.3472670631007675
3.3960818753806192
0.9222273856106327
5.9006494745533988
4.3590299707326041
2.9791334941909668
3.0912301024881068
0.1303371770722551
5.9348255662598728
0.0649190878522553
6.2547140533227159
4.0361261953866743
4.1246222790597340
4.9223906993368463
2.3913134496581425
0.0132597184250478
0.7315642178794967
5.5307603143025501
0.5508238505897164
5.1396701184127691
2.2010752940450553
3.7784408548826636
6.0233516975231183
4.4668095260570420
1.7431690480822848
6.1809185529351574
3.1170185624129472
0.7549796558436027
0.5406319569660080
6.0718979499793582
6.1445852993343211
1.2709220529770449
3.2806904454946055
1.1569897181386131
1.7443635562474844
2.4160814616605384
6.2551950632592712
0.4821984668417771
5.1365354819471039
6.1348440339471528
2.4666388746646670
4.8687855680800043
0.3658970588189844
5.1356622525047042
3.7290152913908696
4.7081762966928480
0.4831540584686784
2.8413274169548304
4.5946626920613474
6.2453614693803479
0.1819953867534536
4.6025816396702766
4.8852033770362109
1.1778884038457651
3.4055966237122037
4.9464867455835515
5.1226913214320868
1.2655567613680807
1.3770304647009133
3.2413392922715301
6.0955597975390585
1.6414538204259781
2.9965195253995471
2.0857796262934589
3.1848867750643395
4.6820154253802553
0.4633262147074322
6.1056046196904159
0.6744266578067144
5.8487466415845679
2.7986725786504874
0.1344027121647134
2.9466869882674755
2.1928770915041347
0.8599463153800432
4.9261686683731760
0.0566110476062872
5.5821947553628695
3.3542356605488024
1.1381931402644037
2.7976292054072411
4.2019941075165530
0.3597865637513460
4.2729517884067159
5.2011743639319041
3.9573986367053462
3.3902492560073489
2.1289752583833095
3.4191291910775186
2.4966253076016298
0.8774857662356559
5.5567330103376431
3.2184140969379200
5.2235508686395775
4.0086608433864583
0.0886244180464994
2.9988276517147803
0.2504748281788782
1.4810576422465727
3.4882746123054411
6.2381311693529344
0.8369742019851738
0.6098905449813420
2.0106892263774463
5.0891985297303828
2.6637789749549361
1.2828947749225761
2.5995147858006615
5.7869378663299758
5.0382876212120919
3.7896332702366506
3.4543779591063042
4.5527469486569139
4.0352218008117529
2.3375806822115477
5.7559280911895323
5.6898252709742785
1.1131128629968756
1.6855196201799407
4.5405568952351834
5.5288157072930000
4.9184876270366082
3.6602618806776932
5.4708304846676503
0.2719427594957480
1.0216346511793017
5.7580815781655001
1.0240388744466067
5.7678637817096412
2.1711479639459479
4.9402601482889326
3.7336816351510915
5.2719132258907813
5.9608755282939843
2.6437856540578339
0.8634552345685540
4.8087066087247852
1.5895964669886433
4.0767133445888470
6.2381616601262602
1.1787128691676658
0.5210311703265533
0.5232546007135187
5.6358412258950130
2.8738293755099811
0.9169186912300206
4.4405987711183821
2.6694809917177498
5.9055338561531849
3.6898334522994474
4.3785170663717246
6.1773661689095878
2.4766442575320835
1.1382928943538000
5.1670650318097193
0.6940384859656484
0.5625731188205358
1.2194419549784126
0.9595159323248881
4.9453467540440483
1.9768018841226511
1.2598932946084636
0.4814293646681431
4.4150518648095902
2.1328700950968082
2.6809157157200474
4.0684084989113298
5.1053986194123180
5.0876062334958334
2.4854472734793971
1.8000232901789859
0.0369138416158662
4.3714682655216874
1.0286284617880759
1.9608228582170462
0.5899624502254176
2.6899221018413617
3.3729345072670647
3.0131976192915073
5.4443541492809695
4.4819946432855193
1.9278235123010192
4.3335919338595339
1.1776948189084617
4.8605281669543983
4.6193895460574286
3.6942501715453515
3.4367726612362284
5.8403658013312389
4.9359708582483632
4.1793792832927998
1.5583432750057422
4.6722350046881447
0.5592442819340301
5.7080234333041284
4.8049430542106526
0.3102979629552600
0.1502254130526643
4.3094398684545574
2.8479757184198995
2.8686760241517999
1.2662476997800278
1.8608441301389487
5.3424892704062730
2.5834165302654744
2.7450066302978611
3.4652290780634529
1.7893201307115678
1.6560193221307513
1.9161106451344616
0.3355156671587890
4.8206218605216424
0.5952985460649727
5.1247971260169152
2.1889902158733410
3.9571498860194327
2.1614481265401868
3.9996989682970665
4.6633748644532984
2.0611857264597160
2.5574837006392683
2.6088461687635998
0.9513595054692849
5.5450467069412976
6.0678274707590658
3.8755245180760127
2.8220447408028249
2.8177102171070771
1.3280796163324595
5.1414473479904963
6.1001113912838028
2.1435991130775505
3.0808671880412493
0.3427998009802718
3.1567025196003478
1.8787155544542486
4.1113622901966824
5.6424071188257034
4.7894181625012600
5.6363624418018068
5.1302496539109468
1.0718122919488795
4.9356484459812533
3.3497385013467387
0.1052966954881096
1.2593473880916375
4.5014231826607638
3.7644794007759477
5.9870039207628167
1.9616519609160172
0.0537237438631014
5.2272800812795568
3.8628030302008658
0.5315899116587133
0.9796101729150059
3.3410848966809970
6.2126548102935493
3.5414755196778196
5.3434402167891539
1.9546439173448140
1.9743950265752781
3.9523771527432778
4.7049319990642893
4.4024273680175066
2.2302707183600994
4.6026307213505486
3.0502115756950734
6.2461813839392830
5.4962068788493612
2.5846403300010574
1.8034190525535514
5.4270506456497563
3.5877649081428822
2.8952206932613405
1.2761769554831968
5.7702673666396143
4.2957551529132392
5.7228493866824985
5.1199078772887763
1.0267763094909599
5.6126272472502556
3.8929291812274025
6.0899690814421588
5.1907598526474610
3.2828172563789355
2.9205748099375941
0.5695278793390144
1.7588304858440291
4.9957884058368318
1.2670766528372781
1.1308493753429476
5.6985808046480679
2.0017341645384676
2.6532696861223783
4.0162137689088544
0.5287226067280638
5.8685456995259795
0.3503908802462969
4.7148913620590047
3.6699461034601848
2.5593147548819237
4.4222280952851234
3.4944828803832011
0.6822887883863500
2.5481579947689723
5.4034578825073742
4.0387826401550795
1.7042246549948208
2.6813800205439469
0.3951533439281242
2.1211865644823393
1.6578850895032236
2.6052445028510260
4.9013320220281260
5.6937116702142365
5.2708695712953828
5.6361486038756015
2.6167289028719529
2.3613823550965529
0.0144263279017831
4.6765929356159788
0.6528462311278606
4.3190212009752988
6.0636051867831933
1.2216767267499873
4.3890343796174944
4.7328874501492715
2.7000799692091673
4.8371836731254607
2.4554292164372944
0.0588677701345757
0.1525518329532178
3.5354432945254604
5.9499200807639534
0.3960629144671494
5.2477110532944753
3.7755260870894993
5.8740149635022840
3.4495111852668625
6.0799809231240127
4.4600413211247112
3.4904529434893594
3.4177715042105592
5.7638708231436997
3.8028357464538933
0.2614881696987988
0.4719665541728203
3.9962663323649363
1.1571518612719589
6.0592656954849105
3.6716494563083142
1.4767262076070671
1.8762573959447426
6.1008277390637415
2.8706418740771977
6.2352744549044967
2.4213254264266935
1.4762404922031729
0.8184816065096516
5.2597726897666393
4.3220871851385754
2.9742920004074569
3.9211111202415516
6.2423155994614588
3.1535116854501872
4.3089660540774313
1.7137034903072432
5.2199852461134810
0.8014345885846215
2.2104175707521643
3.2367291584473468
1.6156781504593414
4.4114081530917213
