1.2417887809457879
2.7000698143634434
2.6046593376454581
5.5484276872579121
4.6233872287569309
1.6183231553002637
5.5755263356601530
5.3445879515306833
5.1310844528939592
1.9291970215870697
5.7858689901201235
4.0325731964038960
2.5070556132006785
4.8350964089064554
3.3852819112888470
2.4618686038011828
0.6410078640006615
3.6496779510391102
3.2841543971371996
6.2631434066875897
1.7420123356997976
5.4718222845907842
4.5302773143792461
1.0231669902887477
4.2070564023361667
4.8250371603025775
0.1635611329705539
2.3560903025710953
4.3774808929380562
0.6318364959178494
3.8609262285005106
4.1186175944183079
5.8905408250393263
1.5224018878745575
4.5794935379918700
5.4316394893848692
4.0241405371844996
1.8052715443599103
0.2071875768990195
4.7801211598610394
4.2134258062936567
4.8278371053510698
4.8830057928744282
2.5132898652662816
3.0478991321247615
3.2298867221179606
3.3394130539477902
0.3236859712579431
0.5789048036257318
1.4969422003944937
0.8832967074707605
5.6666190975834390
5.6424705499442567
4.0756985893483213
5.0579123852457633
5.0574408360903549
2.5242363770682972
1.4124549904129871
2.2238534648441046
5.9887287003172540
4.3484945860109470
3.9820123024296588
6.1085816508500690
2.1661832544902508
4.3149160975298519
0.0753768666534470
2.7199500100504417
4.4321306058986556
0.1826661370927106
2.6430337974129041
6.2417827523296339
5.1799946705843176
2.5734980277027732
0.2140649738041246
0.6851346540181253
4.6142873503329396
5.9919844134640838
5.7896003994286485
4.0769636251049564
2.9635733057461193
4.6076678635216499
4.1983390969402210
3.7530934120626100
1.7389987781827496
5.7639904295902715
5.6537002328327839
5.9534240560306859
2.1207341535669486
6.1911185023294166
0.2519883421082012
6.1804810949700979
4.5106570960585657
4.7891890842537439
1.7617735268220829
0.6151932062003348
2.0246519205641462
2.1658674175184713
0.0382552639638525
1.4092872872962279
0.4606841207068758
6.1744800391594481
0.4727698752216286
4.6305875624142452
0.7680060128631068
1.2641215280781282
2.2461190691249602
3.6667645123340971
5.7663127784960144
4.6760363344240998
4.7731813419661835
2.1389032167984450
0.3184347595289916
3.9965134691263597
2.8529915211809027
1.5294334200127881
6.2500872432231693
4.1100659789775484
4.0523538057239303
4.3155291276544041
5.5250580394216069
3.9225595423572766
1.4787041734043096
1.8552701114044809
5.5086181617655114
5.3364165110738160
0.6606117710312858
5.6615699286735559
2.0801887079535097
2.3258611345756863
5.1086064390257286
5.6962935192172059
4.2622156336642112
0.4715200480442983
4.0490164069020755
6.1240412719479060
2.4280024064182504
4.1652202195781003
3.0515447714385138
1.9897655873054747
0.5262777427930135
4.9935014040995602
0.2295549361361412
2.3352080871138368
3.6532244397232208
0.9317858317354882
5.8799543730825405
1.9251017693168073
6.0771969581836203
1.4257288293882118
2.8486160866654009
5.7478402547220782
0.1913194978531113
1.2988466014751485
0.6404686133769402
5.3230881564459738
2.8333495179959325
0.3314319783124936
1.7905645834406145
3.5621502444026669
5.7494799985069109
4.7714890191245871
1.6030910301163892
0.7768229374271084
1.3439271982372127
2.1007377343375304
2.9793621348381807
4.4434411286352562
1.9521249026737626
0.3582745365818006
0.3322049535441567
4.1988247018400102
3.4149380047187980
5.8102615781832601
1.1078528760854445
4.6837871872990346
4.8098200994305094
1.6951641440284946
4.6011773721906346
2.9035628223323195
0.5109453850641782
4.8802484730499636
5.8760920902360709
5.8097350434273825
2.8744970139655464
1.0365360725791439
4.4692618080872695
5.5714699032141448
4.2425564266287319
3.6347324581237066
2.5555917633771568
2.2505003294478110
0.3691072504188786
1.2916766911435833
4.5924857846059908
0.0096136725309699
1.9369211353677571
0.3845059119815248
0.5444584599015879
5.4486276462004151
5.2512958055279171
5.4958383769028663
6.2553579155171128
3.6671979559772714
4.2227930243974905
5.3528705748551291
3.9804632665283588
1.5003194687142705
0.2415356890578843
2.5205073247940049
0.8043072290716596
0.9804394901249461
1.3032962679512647
0.7698277766728381
0.1013652600933108
2.3702798874213173
3.8342083788003452
4.0097655778503460
1.4353405977453519
0.5831393124935101
0.0140075252187916
3.6486914439591485
6.2705380273993452
5.3712480468514014
4.9123139536693303
3.7392192127869137
5.4137171172474599
0.5200353972238807
4.2667180494107200
4.2172251505875744
4.2508700240588277
4.1814659329491493
2.9664120791466480
5.2369175379769546
5.5312404196076050
0.2028251466883347
0.5312822344807673
1.4255748154652392
5.9759835264750665
0.2463412643477981
1.8810812098897887
2.3217600491939407
4.6320525495772982
0.6920089331616033
2.9578971629252093
0.8405697310616683
5.8827072887442373
1.2028949250346606
5.3477382860113636
1.2906652937966028
3.9487341266870875
1.7432000253894708
4.5469252701400995
5.6173906323567353
0.3171746029209205
3.7916651275158921
0.5658437622017155
1.9394174630461734
5.5326939201653680
3.9109748944406744
2.2535070398224324
3.9201328541791889
2.5355003034903176
2.8026450947528438
0.2514730483438727
0.4566899454949534
2.4494469506859522
3.7257146894546209
4.6496756949553877
2.1293473195842747
3.6250455070120156
4.6617648873707962
0.8101850082255893
3.5576893982648596
2.8697536906476131
2.2962752579029764
5.9106440420191193
3.5551404548466965
3.6333305007161854
1.7857590066283502
2.0105027084093150
3.5330307614107137
0.8087630563903575
1.3445029236035828
1.3272849823700186
4.7431082415733270
1.3102867876405511
3.4415815385400164
3.8740284156048133
5.7615479084933883
2.0253166240782718
3.6724746362482241
1.0474801891902357
3.0434489213284852
4.9552878247864349
5.6340348331850567
3.1441908760124453
1.7935239910229102
5.0373710050541414
2.4682916652849762
4.3122441044052184
5.5766180633744424
5.5263774948219213
4.3142206596393811
0.2307196848490853
5.9755913422471485
1.0875121828428964
0.7169792426529649
1.0957759110581291
4.6732709549820139
2.8643379804094140
5.0598925013315528
4.6352300509201694
2.1175300888258159
3.9274493806395534
4.4233518015675903
3.5039282641848359
5.7050980910673390
2.3199850761433454
3.4565628705549241
0.9976248199719038
1.3540324716738834
3.8638442721477775
2.5396878592545482
5.1201759754247389
6.1369748884136239
0.9128664843652134
1.7711419311015255
2.3659266524733624
0.3653749211083700
1.6244486452292597
3.6284201637923355
5.1041117594406700
5.5391415424879522
0.3267424483954168
2.7692201271731505
2.9660740946612170
2.2844092274149310
4.7398243721465283
0.5606953842458902
2.8831466060094648
5.6921498319221548
4.2327412219732015
2.9903491461687661
1.7912566675167489
2.6090583834110794
3.0616403714851592
5.0653069391860175
3.7209225587504919
3.5455688382914645
1.2161331223927603
1.3953449936384472
0.8953018350157238
1.3186434385512382
1.5168120551924491
0.6959651409790319
0.4167925356228824
6.2441928247082616
0.5241571414657045
1.7200716236905833
5.1177248558977526
2.7232387969476073
6.0508367933921514
4.2524292771381740
5.0491174132926808
3.5182342507341766
3.2876535315568671
3.3317514553449024
2.4381447482297665
4.5810639131079443
0.3919407674758306
2.8246382497883076
0.0119659109329553
4.2735406420669770
1.7536078314630612
5.2827888059565398
1.5407915273239972
6.0174038675507466
3.0089838887943436
3.8048438169894028
2.4047661429416012
3.6059917735376601
2.4239878638088270
2.7629635257628009
5.2084644517573118
1.8606518166993935
2.9583956425446534
5.9694183341596228
5.3526816839296298
0.9492449726343343
1.6856315604645060
3.7527431402316012
5.8022148517370162
4.7035155934565624
0.9893985734537918
3.7670286796244206
0.0130403408006446
3.4795979529961043
1.7156018278028309
4.8397132429178553
4.7037741305030201
2.1917822632823754
5.1894798494385581
0.4851522681555470
5.0944834543362845
1.3287263268624678
2.2648520916091268
4.1419924072448406
2.3971197693392527
3.9411121531704527
2.6856773610310309
4.1635624394394988
2.4354055560237224
4.5707431826037661
2.0174880086653673
4.8097772518044986
4.7219188001866250
3.2841066716023524
2.5175825545318777
1.0157270825262603
2.6994735554823190
0.1195269227542568
1.0561730644735281
0.3937672403139252
2.3760144401214935
6.2179395175303069
0.9568908984766142
4.1623810237912107
3.1537214593527820
4.4854879266787746
3.3999263317794677
5.6495876419355699
3.0443551010711727
0.2199487221341372
1.0080535883511041
0.5595831328982616
1.4414695747154160
0.8242068829570315
0.5499604275072267
5.9986583836515193
5.2558683809848814
1.5706412094924587
0.3944816573782206
4.8049329178482418
6.1693430687105320
6.0485881583290464
3.7578735055413128
5.5245170798769729
3.2770556596469498
1.7946145343065680
1.0542636967336796
4.5906067681251290
0.2855564537561270
0.2382627920317683
3.3187255929768478
2.3618019979116789
4.0147709002688989
5.7322512393477281
3.3913637407503994
4.0164283848295508
0.6498580665271226
1.4040462385199985
1.2448693308342360
1.4232149105846348
5.9700986517652952
4.3586268466701457
0.0791777525671335
3.2805562347653940
3.3813947184900788
3.0174300089778634
2.4497750172294404
5.7435210921355617
1.8943975256886829
5.9141516192781154
1.1154618897545872
0.9118514825734024
2.4707555802042132
2.4387332002488349
1.9422235365689955
4.1299070316607986
4.4388913046698608
4.5474663324745626
0.9481612849600276
5.3039828696618114
5.3893757102584550
6.1957052497613079
2.1032305818164176
5.8603118936990759
2.4431344143910403
2.9959197681744518
4.2175877529420198
2.9734365473977813
4.5845490552337687
4.4977077754075481
2.7986002249477075
2.4813977400590268
1.8252680289549164
4.4897310831454114
2.4625759989088003
5.3319656761549608
5.1713624297419152
1.7251441562378858
2.3258093993416007
3.0025866707411413
5.6293992861443121
1.5905038308158839
0.4484760179472352
2.3742561837420446
5.5418312540720702
5.2668070629611750
3.9748840282270854
1.4539882402789994
0.6360784832033252
1.4926460764284233
1.7023261029689807
4.6387295146269851
2.9848293411772482
5.4136253103456919
0.4352105237357775
5.6082137734450015
5.6196932657604375
0.0928779952816983
1.6660497866347128
2.0516793004065983
1.1421925749977409
4.4239435396282296
1.7582705428184280
0.7890372884944442
3.2334442007987270
3.7303276198865545
3.7407462625933405
4.5644028647222097
6.2483920106602922
3.0627408581930147
5.1832615589973408
1.8853144917227869
1.7043722794439535
1.2734728320836521
4.9866941904685191
0.1135579163546718
3.3665782785077059
6.2302101854283736
5.4546860932977772
5.8222227465765588
1.8687326416520151
0.2154963603684354
1.4267613779893964
5.9025337167457721
1.4343473746266429
0.7134913149326798
4.9773927253944290
1.6007944012818187
4.3974882375932660
3.5503463599244074
2.4989000809383586
0.4916633813275506
5.0406077612950853
3.9649171674260479
1.1080812592593408
4.6446322721292095
4.4914268672885180
2.9852320830655144
2.7664355235803115
5.3900942706281905
5.5054159548133441
5.8383033293215565
4.6922030042340781
5.0996188882845566
5.6400426119753968
5.0804599087750324
1.6618601924558374
3.7992737311771654
0.8493999652702110
4.2570434117291347
0.2861778655418613
1.9215773812815762
0.9281668442348047
1.8687099110356422
1.7288546609571975
2.4713353380668983
5.0837460249544497
6.2480897648645515
0.6850124026219613
5.5204604375409216
6.2264827434034276
5.5203625518978567
3.9124241771590862
4.5419165542935920
0.1113792651479605
0.2878695209190757
0.6009656575574253
0.8318210838292167
4.9542870818363074
4.7187555790512725
1.9347168565406208
5.7119689606551116
2.4210772552901796
3.1072434696040649
2.4242864294724527
3.4354259976159911
5.4641428257524680
2.6334504085206030
2.3569955043659965
1.3492601268005795
2.3598228514249815
5.2312838525112459
4.4012350380141694
5.1457751241238876
1.8087705078000107
5.9029098490066483
0.3749848812622038
0.6766008068727712
0.2241485469178119
5.1831887775215906
5.3857066995875797
5.8693814407126741
0.5956998397241146
5.1730473468657276
2.4222286532554147
3.0061856697798541
0.0565997839447465
3.8209207042904629
2.8750024321532655
5.2135926180615781
0.5676974088750304
0.5605997362489729
1.7593245299743312
4.4745835663099713
4.9093403551432928
0.1850553276082365
3.4484058016714689
1.4353855679380667
2.9570161852225065
4.1215222780172489
1.8747822699951646
5.2980401153815393
1.0164560671368641
6.2653402862273033
5.6108226703886110
2.5690587499116369
0.2066757189797261
0.1402220076481765
4.7974641871411308
3.0933821924141673
0.9788951284867700
3.9688321441702428
4.9873108710250387
5.7927244544415997
5.7587764411711806
5.2275670419446030
2.5453834130870789
3.8395599403472787
4.3951182260170230
3.3935444316995902
5.4731495597907909
3.2266536347861230
5.5814400732097118
5.1358793717285431
6.1963055024565508
6.2048975143608951
0.5859351008394493
3.3276482496406574
4.9385521377891841
2.9033907691847234
3.0438834250230045
2.8320022845229649
1.9237658258183254
4.2148046765299076
5.3234035136296631
5.8791052432697342
0.2407551487954559
4.0776788294784652
4.6110495154709357
3.5800351039707929
4.0571864372330095
2.9295390439876852
1.8455314376167404
5.0078018517460698
2.0189031001327806
3.0652192022787759
1.6300693989267989
4.5792031563450326
2.4123405333497612
6.1202680460314065
3.2873333108975045
1.4092691835608322
2.8370706996442077
2.9774042292968934
1.8649660888979223
4.5942172179810461
4.3635183218468212
2.0246388347372930
1.9863750467769064
5.3134546710126163
0.1493393500009007
5.7735012561244057
0.5656929032701694
5.0154401484770341
0.9449112755542092
4.1033286875804835
1.8967051702435629
3.5602540568587919
4.3536339188054676
2.3243894420657498
2.8152223447784706
1.3745459425646198
3.2134573700301989
4.1681623662523739
4.2406209158721939
3.0822314312451042
0.8035678558803624
4.0885358895564066
3.5799064717081239
0.2424231194708926
1.0374418747087379
0.1336548386972019
4.8609670922955805
0.4662344858729099
1.1330490653859695
4.1283370321580932
4.1148044769075840
0.6102043996231220
1.9683384487782773
0.2710580530311300
3.3471812299895927
5.2165598289384807
3.0006977218397664
4.6198025906053690
0.6043921935531645
3.2680499030863026
3.0102186584176960
1.9729552032274802
1.5009824107516314
2.8774553758706314
2.8046569811618807
2.7768434238495625
3.4005202418626581
2.7226703796393972
2.3030187873103487
0.4445577891069132
2.1147867054843261
5.6649563407247534
5.4157593149166718
1.1632055562474128
4.1554854229944116
2.8238098008543413
0.5821661091189994
1.9141888532505729
2.3444739981309812
1.5135284651051610
0.5857744823413997
2.2810677682704834
3.7124851653008419
0.1991243841791442
4.5749106440433609
5.7136305520564195
1.3331862449587268
3.4490515538056146
0.4468938672121846
1.8174204039963600
4.2105129002039092
3.4284471492085653
3.0378121858887965
6.2124680277115170
2.0918830397452859
5.8721775209549634
0.7240307286291126
0.8088704287567985
2.9235562521673448
4.1821869616196370
0.7925272792544906
4.9359083225858571
4.8218884125917798
3.0965675607562577
1.1951154797847172
2.4434899765162270
2.4244853522773644
2.0841363083161872
2.9741936354663832
5.4484547252607118
0.9235334618162692
3.9018212903550320
0.0043584390610034
1.2688086512130068
4.8560598464398552
0.4896445999599490
1.7294976552580847
4.1225261329318252
0.8645880544301209
0.7877045318982457
1.2222265722631616
4.2296902655151909
4.5596749297180965
0.6510877022221223
1.5471679406373986
3.4766732970726988
4.0578196728489049
2.2654623419844797
1.8687565983827112
0.6223321331386527
0.6145759276752322
4.1862266209520271
3.2270832288594793
3.6767115679760187
0.7651769340716796
1.7400614957176606
5.0433159817092958
5.2028641755549812
4.5115017207057502
2.1050949138562793
5.4245726244477135
3.4534320843521544
0.5906141721098457
2.4512023272766723
4.2669660005045529
4.5144825202548811
1.4801265511629782
2.4303012336939025
5.7832402521891515
0.6780293643873713
6.2573386863119342
0.6940862786867614
1.8833936665906239
2.9186981886181553
5.1167176505702150
0.6964359768487588
3.4705628639221566
4.7150442637370915
3.4010556987201430
0.9491702095584494
5.3113291252069015
4.2701463331905636
4.7726795217693772
0.8954237845393842
2.5195686665948855
1.4562048401127081
3.9538359195931889
0.1940917483232164
4.3377429789434032
2.4127080651470023
5.1191813963227206
0.5681961574431524
4.9031178330812599
0.6235260920932167
2.9788942324141301
1.2008323192990298
0.4141740887605308
3.8975474510915058
1.0085082458005676
4.2208628860147881
5.2922179098634174
5.0366981073880117
2.0510718460498265
0.7796440803841500
2.0814948690767179
0.3119902066532882
5.5582260326097721
5.7397686126519778
5.0255263902631482
3.9708996254193880
4.4173305846612632
3.8266818064565435
3.7287980091891888
4.1972512061291996
0.5299185641156250
4.6355818541053626
3.2757834914605111
5.1928718010415302
3.8444085851657821
6.2510268601297829
1.0012615626707835
3.6350631284877823
3.0731389479671689
2.9542932321276316
4.5583967204610074
1.3466960683452092
5.6353285879660735
0.1884930262876009
4.6399824982249731
0.2186429724394715
0.6062013244710827
6.1110791808045937
3.3004795357317702
0.1364223682364906
1.7526611274211954
4.4576672951632563
2.5464191713725373
1.9217749954092729
2.2244256106536588
4.5084239339729120
5.5055376214328451
2.6370964475266838
0.7053708223750123
4.9712785953576315
4.3107397578969735
0.7985298408420964
1.0352069020802483
5.8616368826781811
5.4519426950541234
3.4532411829921461
1.1164111219837969
5.6575576289638203
0.5232280063408896
2.4076474103400001
1.6903980544045847
0.4999214208275126
4.3146392978377373
5.9026401001715119
1.6562374786426308
1.4688692711018945
3.6017561336530619
1.8895124540585897
4.6602907759864518
0.1519264014509872
1.8962303317501903
4.5546476515612309
5.6089762790216477
4.0974908253032307
2.9306757193721591
4.7456238220348057
5.2068636583926962
0.4894697587701459
2.7171061310652989
4.0530726940613793
6.1218736356401013
2.9926369405433633
0.2111799643359271
0.1822818889200918
2.9908195117517042
3.2028681345975056
1.1784411063002067
1.4123515569750869
0.7984230730894192
0.1057545682460440
6.2255896961799166
1.4666303458462362
1.5095227063102503
6.2143778794519591
0.9071462862770951
0.3141312986683425
1.9763584683873947
0.6018501355685542
2.8569315810176255
3.7263853310015769
3.4526374434379004
5.3114771227602020
3.6568692555203510
4.9423301060918687
2.2532152303458424
0.2652251196758112
2.3028826390337036
5.2863162702766964
0.6106856315806310
1.4021931834535837
5.8338210712212080
3.0396126324760862
1.6553271309274593
3.1575691325770410
6.2434076630986546
0.4002392752399774
1.4646341136873946
2.0000061829335718
2.5533261880297773
3.3020263355804209
4.3863466626097463
6.0604204381457984
4.6356026319438302
3.7771430218406064
2.0043818147382639
1.5577434851859846
1.1609538297764441
5.6915365021066044
3.5591818200333023
1.8715843923564630
6.1703873423143270
5.9608342212203835
1.6909014681987928
2.4503536355697673
5.1236255045537389
0.1350119208918099
0.0315592904551441
3.5876969660681910
2.8260805494242232
3.2542876659587674
4.5992079222943278
5.0184344220870853
0.0496819165673010
5.7081056449426013
4.5019725989855122
0.3456481285639124
5.0725267742642215
4.8327460093290222
6.2699425670837723
1.1418743250824712
6.2698324280311866
3.0776817040163342
0.1099188460529375
4.4204804387878065
0.0390510166087652
1.9596805477342187
5.4401863834821835
1.4071289836886347
0.0758765999829768
3.9604260870211996
4.0156369627565720
0.0892509722211843
0.9274168194656377
2.4668424158062989
3.6389832067689776
6.2129795570756734
3.4579123503568527
3.6880457367796362
2.9067249043878816
0.5138122748633094
3.7165470942011885
5.7381381159966098
0.0152642742312975
2.0849431638375346
0.5780945811120209
4.4595066507645651
5.5828235029026025
2.4432712615486247
3.4257160432702940
0.7348244831596116
5.4480607620733359
2.8172992821126801
4.4246839181826045
6.2234225542427879
4.4948374901122818
4.9694203797974499
5.9297371345755909
2.0148286994375386
0.0585622222258621
4.3519379493873993
6.2453888600472593
0.9587328247973621
3.8903056042666821
1.5046224339078789
2.3215113861521433
4.6190666095605932
0.0911308782550509
5.1884189235586442
1.8068037740035494
5.0037725515580584
5.4437884240466792
2.9579931978592504
2.6379050472663885
6.1033072788270477
4.1957186305967848
6.0307039509443943
2.0896615343509617
5.4523360606277160
1.8552866176434615
4.0161611493136569
5.5902382273448303
0.8607839595968869
2.8749200378902966
2.1209394623810969
1.9706697086755058
2.9008390053204507
5.7892833072538163
4.0869413834909150
1.2851603765935122
2.8276054131089969
1.3238406985200970
5.0356414322072549
4.5856551616257493
2.4194998354951109
0.9011946751148566
1.4292325629865492
2.2016475105056057
3.0980340573211538
3.5310079211943943
5.0104998050463445
5.6084167984709437
0.3992308546205590
0.7469021873237922
2.4818018300526168
1.9210550325094560
3.1298426101528181
4.3980504893006920
1.3675472630050998
4.3935896061172119
0.1348788329772516
0.6786768340335158
6.0206812368847942
3.7776461442580120
4.5026777860933240
5.7602000062059417
0.0257397854353805
2.7593356149968478
1.0427092540127467
6.2561725749230899
6.1162601475707001
0.0510551134548840
4.5219462754311301
3.6121486338368816
3.0552062913524196
3.4788401516233138
2.9969689288175538
4.5533971554910995
3.2521960722092085
0.8313542192314619
0.6082683003636985
1.8791906296410938
0.4591428861629038
4.6164332006389621
1.9085746288771559
4.9032631917941574
3.2035460853937900
2.7144360743453788
1.0535619645539882
2.2545829023355433
2.7467843439366142
2.1373160943304583
5.7479670355567505
1.8799267440499883
0.3523114112230188
1.7219305861578287
4.2443820046209124
3.1907228667604679
6.0739111551474716
6.1003412891858613
1.7456779054311327
5.6318411975241238
5.9248866074533622
0.9063226963029473
0.5066355059380819
2.6641670006020854
0.1546982074529725
2.8730403330166361
1.5649980874118612
3.7793758201418624
2.8791411023369906
0.7363507681939485
2.5003403023715047
5.2519141566109813
1.4690132908981006
6.1031502721879223
4.9773154174616909
0.6886200547466500
0.7608647384766623
2.4444933740879957
1.0464992527470762
0.3669004648211164
2.3313108313273148
1.5631146962383224
2.0828272404728989
1.3272897263222256
5.8208710209197649
1.9854022324237932
3.6358120815070780
4.4944021835526913
4.6805242243285354
5.6123425274714549
6.1697750076089841
0.1876968491805419
3.2317053011199315
0.2156637753476737
4.5321413639039996
5.7180411351995195
3.5517836838876500
3.4732217001172914
3.5337239409804946
4.6973839157292652
2.0880418023169653
3.5886298338735227
0.6493381831748644
1.5774472143466276
5.5819196787188847
3.8312802939015649
1.9349674575401468
4.5340367063152902
1.2446799032700098
5.8677777894040757
3.8248863012740166
1.9128811770309353
4.6796483346678892
0.3420092601921630
1.5534766526747354
2.4973264720571278
1.1788458245254889
1.5725568466200566
1.2703746888848886
3.2235243364724044
1.5581365164531946
2.2437318497952630
2.3892816273691673
4.5468539484564898
0.7888206407893537
4.8818056314333989
1.7415476202608580
1.3545439910586765
1.1224258232055746
1.9486306574204286
5.0997666182330406
0.9493559993279892
2.9028032990745394
0.4796156863254821
4.1943688850889247
1.2065781024774171
4.8615723923269769
6.0766579396165481
6.2417937255365610
4.0207639163911537
1.2531738296190023
2.6442151602914028
0.4348603511718024
0.4642314603645049
4.5684001989238725
1.2987826425574522
3.4988981432718660
3.3780833864039614
5.4498237164081633
2.9387475896068045
2.4583558112674102
3.4049614325103597
2.1641740570645216
2.5509831352216685
0.4772278689804642
4.2012034414108497
2.0795177070278261
5.2365550134669494
5.5712313643307354
3.2347595895377128
5.6894324537065737
5.4135009290750222
4.9405220122832549
0.1580582777909435
1.3923583802031412
5.3512090618287402
2.5786566460257356
1.9947634804283194
5.7947595270772698
2.1085827948222264
3.7414845138596919
5.0047059327343009
5.7091222049477128
1.9972309797383736
3.6368053077709885
0.8385366597316226
0.6775506431688532
3.1925741618840497
3.1083192940395197
1.4126645241632032
3.9900446007658359
0.1504343728346251
1.7851265001403418
0.4693483696870381
0.5559195141988429
4.5280059306359446
1.3962342363135107
2.2831201514998329
4.3727619761476220
6.0783101135341040
2.1834572042502467
2.0720234613590214
5.2219579923825119
0.6853633960119714
2.1457028028862579
2.5457318442295875
6.2586808491854100
4.3714622514627921
5.3612714878461540
0.4377988496545800
2.0779090326555072
4.6815926405052490
3.0444889719075992
1.5354568795463361
2.2823202709773205
2.5681107305681024
5.2196830435830277
3.1404021651396170
2.6302913562215942
4.7479158620985089
4.7177385090035893
2.6586414418790816
2.5411801889308396
1.9594460868340309
0.4838252337978638
4.3668726036839214
4.9356467797582333
4.9687836352454342
1.3887502463348738
4.3770352146769094
2.5521684582869475
5.2475643879230276
1.2507587487577285
0.4074380051286480
4.5277253397444488
3.4076436184238830
0.5643607275399820
4.6435591431795720
3.2960983638645831
5.0613504221231072
0.3507151584541458
0.1921736563423030
0.8378494594846916
0.2810067441952798
5.9966189342578993
4.2663813824510219
0.4581578572261590
1.4804493840704473
1.8744610610824983
6.2310032016819354
2.9776128348643547
0.1445577576282753
2.6077917489722218
4.0886883767066831
1.6898539502431362
2.4413545857705192
0.5466023771342793
5.8878031991557283
2.8562937581750663
5.9202543536539975
1.0268358456248257
3.7438101235746735
3.9717466695445407
4.8809240993036829
3.3113925070769352
3.1680503343832620
1.0388927346812626
1.8960756082675190
2.2459874597140783
2.5132786885015705
5.6365096195838822
2.1085022733217436
4.4325230730439023
0.6749382092467456
2.5547455507289629
1.6797194920969478
6.1977144713238790
1.9650835880547661
4.1038448421779590
4.5867950306421967
0.7671436691939977
5.1322417469700339
3.0236364385929395
4.2758043141699984
4.6208045622959224
0.3168637366139911
1.8451540930908805
5.1253483194188529
6.0321908065617400
5.0159299060823477
0.7951812681743958
2.5685233067844728
3.0276641606831713
5.0915511955617996
0.2914089787466664
6.1249766885708361
5.0214528732011514
3.7216211428440027
0.1045077154582423
2.8078054905876138
4.1090415135318379
0.7340620029062163
1.0741939686843531
0.3458746676144128
3.8322073808141948
4.6340591072013950
5.3740052915112404
0.9113733790146951
6.2587287813100714
5.3837277047722267
4.5903641812821867
2.4716422020173372
2.2091087686394433
4.5352767099839184
0.1155981974538754
0.3768510465672211
0.4732280496032987
5.4034732996926271
1.0682194890317245
3.2244976390754974
4.9962913325078890
0.8104920469667061
3.4124552480924435
2.0887564833644046
5.6124163235868236
3.7810474586528553
5.4767331001055712
1.7554522617597776
4.4676816051532144
2.3645824254817618
2.8906183184943135
0.3032998888631462
5.6590882948432286
2.8775352859497567
1.9238512426095700
5.6223686320117352
0.6661450217170483
2.9899936018348954
2.4400337848013498
1.8021553151891574
3.1976126666273168
0.8382782546849864
2.3438701734277880
4.3821286420891701
3.6231468421194619
6.1257429675380770
3.2456982625011865
4.4749117984594600
5.3127596060099638
4.3082943142876227
3.3935870436387421
4.4773271818840836
5.4041999407140846
5.5769356467914379
2.2388505987417608
5.3557157825366088
0.6538145799681823
5.1901679887900816
1.3639436885087610
4.1451272764692844
5.8150861878306364
5.1366525789527753
5.1706265578558064
3.3771094076873505
0.8665990126144489
4.2245410417589051
5.5593808764773822
2.8083205758897414
6.0519692715476623
1.1147153560984389
0.8165847838955654
0.1686800586073872
1.2063414185609760
0.3721702435243310
1.3570832235191208
0.5932563884991998
2.6393721566081552
5.3169680914081896
5.9982621293438525
3.3254103984332950
1.3353448052432426
1.4912049629429889
4.0509726945243001
2.6148115058609847
3.6981960035258243
3.1905355249696843
6.1595128645232844
5.3320825542171821
5.3479971272804221
2.1633510296216660
5.3671873855301495
2.3130912959398762
2.2475887484887536
1.1941911409596142
2.3205433506640953
0.3823310713710898
1.8776549384799546
3.6534073688482369
2.4372442685815430
4.3515944903059260
0.6641330376983542
0.3271198064903924
2.5937191557931518
5.8352596397675507
5.2232145348341961
3.9045945553115682
0.8690543934462358
1.3919469719486790
2.0494662457478845
5.0017411569653811
5.0037744451206212
5.7566106989268633
2.6196844117044251
5.5896895538286540
4.9151887247908750
5.4675277288319712
5.7150630517215717
1.9458303145877429
3.2227972102400249
5.1977707211862265
1.2618510813394666
1.8471873147169964
5.7707125851012711
1.5552570172099371
3.3867020655452658
5.8352593902446719
2.3203404258167430
5.7931767950005923
5.6936862813535685
0.2627189067287834
5.7055548705430450
0.8868350945067821
1.9938672812490363
4.7681823716921814
5.0294928440512932
4.7635594982705136
2.4326317597964096
1.2997068983394282
1.3226720208014922
1.0813873815554369
3.2372268610332569
1.9371748796733455
0.8230012613297911
2.3503339262041072
4.0460466113373297
6.0730238018542799
3.5334181316804094
0.0493055563364435
3.0948568447203106
2.6113440060617452
0.1587085742342167
1.6512839693977450
4.5450709462630829
3.9595923989762829
5.2862871988989486
1.1210967891736106
1.5239815953268654
6.1140193065097597
3.6973020331262600
5.5807183027246019
1.3267241694587038
1.9309733916256371
0.8402559070608360
2.6404773793312595
4.0245394749093810
1.8252030706067623
2.8415508784954429
3.8725042176407616
2.3804190708441602
3.3839843115998409
3.2502021541857582
6.0777455349099636
2.2059477774027023
0.9596018241136485
5.6651040297860646
0.5138597119345732
3.4333073924688042
4.5610500281103068
5.4013434695929474
3.2460561953651936
1.2552722233026912
2.0450286840916623
5.4114480883833478
0.2468645883339557
1.5807978837190821
5.7103632912105802
2.4053412503009044
2.0517843459893528
3.1911428168180573
6.2218290066188775
2.0015201043355066
2.8702336751618316
5.6502510678411069
2.3848168635067140
5.1896863121079511
2.0964001864117270
5.9262418623072479
2.9695600001092757
4.2199048944090771
4.7693210347475139
2.2660470210687884
1.6019793841146837
0.7512711771479799
5.2977987768566726
4.0036647709494106
1.3378947712450830
1.3824830590736856
1.3748310732394773
4.3087601450100523
3.0811703826746482
1.5104011880993502
0.0867417468226594
2.3763653715527586
5.5306637238238263
5.7225203921113206
2.6327697875217311
4.3485162422285812
5.8003713239781609
2.3131719661366947
1.2690721909813554
1.3824121662132902
2.6673311165170963
4.8239748954312347
5.2010830396964858
6.2827449425581294
4.1120109750525549
4.8664406255714736
2.0096580793797285
1.5100917376934400
4.3459445628908187
1.3981905746203942
4.6243478819121995
2.9322305378073557
5.9043349238140044
0.8874983342977545
0.7250776334234403
3.5752239245858779
6.1828661013535120
4.0228384576172012
4.7798592303076664
3.0422875233673099
1.8394744055075438
1.0702317571692559
1.2983681311973900
0.7473960243795544
0.1683913327100524
4.9752363351959170
1.6911769683522464
5.2409686773796951
1.5779913786338933
1.3278108620815749
5.5887113933410593
1.3423667233178844
4.1301101348230231
5.2205537413221226
3.1905974908284671
1.4384203755983989
3.6432762459979053
1.0237231195916516
4.8736909027207771
1.9076237703357932
4.2003842036631172
0.6004919017154400
6.0719558737059227
0.2906941895639934
0.6630964603151379
1.4623511340858959
2.5344630357161915
5.1086784392824365
5.2803247887582963
2.9128758134982942
5.1708460658557991
5.6743216931719198
3.1371527110578183
4.5097853183587731
2.8647269597349374
3.9651055575943706
1.9643954141878170
0.5988088256134823
1.2034476717864802
5.4415471462922458
2.4183471164413115
4.7184062739131951
3.1060628040963665
0.7100187006939235
1.5390624770386270
3.3950532353489806
5.3063144198072356
1.6488362363107305
2.7146540786587989
6.2040058585214650
4.5082027904747388
0.1531063124846477
4.7297440389202983
4.8649137805750771
1.3238896009654995
4.7462929064922870
2.4691258480464673
3.0709176436921135
2.4354366243208521
1.9803590384409209
3.7398962731289527
3.4140410791524762
4.3158562703549821
3.6653482859946669
3.7280869736278035
2.7504710231448395
4.7955895985816559
2.2911674710999863
3.7807856659032195
2.1556172250632137
0.1059511338444619
5.0730484140865375
3.2763471725550382
4.6253528848819290
4.8718940488124884
5.2288277032478137
4.0312283044064676
0.4939032579907022
1.8250695719318097
5.6041676919759329
3.2904134454821383
3.8527841925177553
5.9116467775153732
2.7386998536079847
1.0653831402775644
2.5572212507240035
5.5679077523923324
2.7499518789729707
3.3376542467703243
5.8884438932023713
5.1958396188690745
3.3521137667610668
1.5214789951404770
0.6936521383999000
3.8060761209352991
0.4843550050385834
1.1368579710692885
3.3098168859884409
3.2537171458207022
0.7133872892057130
6.0021965118249891
5.9060364570085619
4.0617735355844111
0.6220934641843419
4.4282936488619775
3.8372828593341906
4.9314325067802223
3.0169446914416387
1.0299809807813016
4.3727672367140924
1.4218088226236403
1.5539198952938524
0.8810758052194614
2.3060381921661515
5.5226493169347401
0.2558708233466070
5.8656392384703082
0.3753504715176141
5.0587018994206030
6.0967554264228427
2.6449788337354319
5.8309572661424172
4.7242151422385756
6.0874568597035301
4.8342986609303784
4.1459143537271732
4.8195856858867154
4.3467078633343386
5.8827075534252469
2.1008835195465845
1.8258466853073978
0.9575971987551504
0.3679806216107604
0.7849819347244592
1.1238893441634215
6.2403422725613531
2.5391950003391006
4.9798962632652684
2.8929855338130563
3.0939606141668841
5.0033099708496573
4.7470010058627459
1.7929693934952182
0.3735092341704601
1.7861261168177009
3.5180356667335420
4.5876932995597191
1.6406152575015396
0.7521848574986193
1.8243996070126709
3.0213289808426689
4.6365920966388448
4.6198391275982322
4.4880357117488847
0.6954361686280248
3.3929810382220418
3.4234089806438446
4.6624352977349615
3.7146475274502984
1.2538897964079587
2.4603911947899175
6.2524666455650424
1.9842729266522134
4.2203491795000350
5.0870455863975970
1.8671651844021586
5.7824868092951478
4.0068623564766117
1.5660945028461593
3.8656155831914352
2.5206487254112711
3.4513366364173890
4.7540555733551724
0.1051159999720348
1.2726611883124770
5.6059675861828966
4.0499354715450329
2.5394100704082803
3.7250339432115975
2.9980309990173888
0.0318419472342453
3.7071135673204072
4.4511706691537141
0.2092774938772509
4.5778962105455481
3.9238577305321418
3.3818888394703652
1.1869453105513867
4.7912774930318625
1.3982161742110921
2.9974519201706484
0.6208389530303153
4.7599491349374086
6.1363139829805897
1.6902666930659129
2.8168169661898919
0.7412948065798177
2.4828544081512809
1.0829332389997677
0.6653076397980254
5.1141740250798433
1.7764313420121502
3.1692508198344913
1.6917554433133986
2.4077865893489556
1.9552190598319468
0.7434510357974501
3.5576421051092431
0.7538607764375137
0.8415165800955293
6.2542123055780561
2.9749944263694532
5.2113410963456568
1.3326834851460232
3.1150360338432277
2.8563213512579670
5.0464245715423433
0.9566191714321163
4.4619890250621319
4.0416451477266175
3.7172205286614908
2.1563567210485997
0.7965946632012266
1.3331958714733112
2.8787416179341241
5.5209611390473290
3.8156369762771534
6.0859064879480194
4.3837067506835306
5.0450590940224114
3.8104512349486579
0.7242509732830812
0.0064600734125427
3.6783903014244208
5.8161985748674576
4.0739041793002446
2.4524076143665305
0.8198361451016830
1.4523958144376010
2.3205451053416493
4.9594786986433546
6.0808449644643723
0.3976599363931690
3.2111157987256398
4.5402838547738860
4.0700873669979467
3.3940318281644162
4.4550186584090845
2.8464555660144200
1.8564014275365344
5.5936771674474510
4.7479574638888922
5.5598508578694039
4.3399022258064894
2.3267307068867029
5.8826979069823757
2.8372441840732452
2.1768860490385755
2.1674531826660202
2.8003860143468251
0.1704917653876958
1.8288040882566527
0.4567271306786863
6.1754803697792378
2.7151359973956026
2.2349809882062650
3.4424429842626996
1.6855218240947769
1.9006870603017916
5.1164851348580909
4.6603446720508241
4.6629296747936788
3.5709808728638865
4.9623846754235093
3.3659928164886193
0.9431951566368594
3.5775096149817904
4.2996224500614897
1.3614721325192267
5.8107590707943411
6.1971525359281268
4.9216970118079253
4.7810896701307701
1.9593291542954314
5.1281391030893220
4.2095011557232853
4.1497718175716836
0.0849311885316590
3.4516437709855081
3.5856077281977696
5.5969373431726241
0.3948299397791199
4.3033235309598057
5.6929611877499893
2.5407813203467131
0.0041151787514543
0.4005528558635180
0.7350465503873799
5.0399287746613100
2.7470888960399429
5.7594156556736493
5.8586945827798740
1.1353045581335204
1.0250966674158559
0.9144824712790985
5.4544865256685986
4.6553415283788198
4.2457451359205756
2.5699305549869798
4.1936740076515866
2.5508485169003996
1.5837215191223775
1.4872222941966424
3.9348361633389572
0.8040470958565952
2.0739383423813615
5.5083936845972143
0.1472304163166060
3.4319672274711319
0.9432374636562092
2.7376606133231696
0.3832319764014532
4.4942334357046763
2.4301094863711787
2.2453690995788138
3.7841261364799248
5.6978944116762253
5.6159200172575154
3.4948940810009517
4.4717850647367401
5.7492700551618174
2.7350592431533780
4.7163658687768324
6.2412063338634756
1.2460587227943443
5.9936460683170916
3.6332563946878200
5.2978932407915567
0.9744312686849915
0.4199433578197489
4.3971671345085213
4.4943185778662160
2.1269530403743304
1.6990225617732633
2.1241775678975654
2.6671088615569616
4.0681407840241928
3.0683394863074809
2.8218645590593883
3.8652878312868522
2.5474141215825719
0.4010401732293880
1.3745627470508741
5.2288267490992917
1.0558849014085654
5.5301233282582087
5.6637037640144214
4.5557356363094597
3.5093116829587081
4.0850772503827475
5.5771785650533161
2.4449350748501630
5.7838408609878496
1.9001811751732776
4.5324490259619621
4.5193667394469488
5.9833888640919151
0.0445049745486691
3.1124075535096321
4.0726887058640830
0.5401297168611946
4.6451743331995852
0.7223176755651954
1.5059145400797351
1.4581522954567010
4.8235358231405305
6.0261596636913506
0.0336828760656027
5.1777169804760348
5.6396497227411899
2.7270876869340559
5.7212459144271124
0.3943308417166989
0.3408020252982886
0.7670373302369263
1.1643333760003745
4.8678958788012796
2.8709667802748089
4.6745982866876465
4.4444383062508415
1.4835054502597891
0.1963731335492656
6.0968732732871436
4.0900648097320822
0.4143953341450314
2.2192994508181862
2.2582188088920643
6.2532956561939672
3.5465673560937572
5.9320677439636356
2.1841163392756804
6.2402714742271872
4.3470021204109504
5.2377631935022446
6.1243277191574412
5.8405057237208293
0.1722800217976296
3.5876183205660661
5.6375777397263054
3.1102030209975124
3.6619354533380326
3.8624902914327421
4.2998325151120973
3.1894001069912554
3.3964916683786863
1.8606985755983483
1.7012753536285448
1.6182136664026250
3.9584295578928930
2.0410231878535550
5.4501236081151969
0.5048638056545511
3.1974621191754125
1.9990199513493505
4.8114395158819852
0.1686399635542141
4.7903471342001449
3.1914277167058853
2.1564127144287792
4.2078917962179307
3.7435559525506106
3.4457907317652721
3.8378647402045303
2.9091209966308984
4.8381443167971625
0.1091855002870607
1.6686499332806106
3.2687026127894994
4.2926367015985623
5.9497845171711399
0.0987892678901230
1.8839490399819143
3.5383648602295414
3.6195456364364951
3.2642220028138809
4.0740254089656007
0.1635064866806844
1.9543409804593781
2.5788129541568234
2.6366749541490444
3.9675308239125595
4.6012662884190707
5.3283206554748759
5.1875320705227894
1.9013743897801192
1.8237747878040036
1.2273538770498633
1.1045755147173397
2.8420876639591319
5.8985882745158458
2.4834576549425318
2.6818897128521337
4.1369701908736927
0.5578977723788252
1.9961892918954154
2.8841335566933419
5.5741279616899195
0.6767373741983693
4.3135316106799104
1.0604441619142797
2.5683472410957355
5.2899101161435844
4.0285426069097383
3.1984702737063859
2.9525182075223344
2.9455696720567133
3.7274027753724130
5.5911675094912283
3.5953383396732530
0.0378339961567606
2.1248440849639891
1.0049830628728231
5.7204814146361249
1.1960214807256542
2.0331320765908250
5.7150955861227697
4.4899741707931744
4.6491974206506912
6.0026775522982634
3.7391411348426682
1.6325861636890211
5.0109428004926588
1.6133496877728140
5.9238998314944711
0.1092191870043779
0.6941897355243990
1.7316906602378506
4.1321140140503037
2.3206210591710490
4.7690705614220672
4.5166487303826957
3.5857613228009146
4.7058080018004942
2.2435808874022589
0.0908298687952578
1.7915867672253505
3.7508312383211226
1.5878184884484883
0.8214407130350913
4.4033437842882428
1.2500414911289921
2.4648610021182176
1.2470400941857347
1.4416028164880448
2.0659322895388739
5.6684119621160374
3.8466201284736723
5.1910144011983324
3.8075332668299087
3.5599627025980216
5.3869042237092550
1.5015707124190278
2.9345886737279803
5.7954421368508262
5.6020276787140189
0.7217276301930937
2.2997317809212814
3.3658902789087803
6.1539112516633914
5.4363783015796070
1.9752508678014422
3.3456572596709226
1.4771587275326825
1.1366309390072560
5.8840320510729418
2.2248915315526832
1.5276635381645114
3.2903974879260804
5.9061507396583375
2.8844649880720383
5.5221396019752911
1.0670582257144270
4.4618081457632934
1.2928779557223540
5.0272594474955268
0.7890545078728235
3.6161259933605416
2.2550856157004375
0.5490678330625172
2.2397938862336653
2.0989103469045869
1.8945113563862257
5.7695556333401568
5.9225061229359648
1.3603473043187493
3.3689239198468957
3.9997991336416048
4.5084074882311453
5.2000698555810008
3.3464231809830780
6.0399058797898357
2.4799266761118708
3.4387083487883365
4.0268600112300268
1.4317870706181060
2.0252867415018097
0.9399830481422312
5.9818453329725889
2.3161770984033616
0.2579908240753372
0.5981907922237641
1.2981329447852252
4.7473502920168418
3.3841631936695138
3.6246585359710508
3.3922742792207576
3.8755147584625913
0.3669484591273401
3.7926782049971615
0.3315978837131718
0.7802691087390438
5.3579276830065048
6.0315835671878277
2.0497261123292962
2.8361591612324215
3.8621279642914881
3.1306226934403503
0.1874045193647665
1.6436018875531460
5.7175461487530672
0.7984312744750828
4.8512309863580034
0.5409954836494375
1.3013253833815444
1.6144027011940263
2.0709467391764900
0.1881023164052707
1.9892222370225146
4.0931121037798279
0.0129512725281856
2.2839769443311657
4.7879742275058597
4.4801619485696769
2.1726286907766137
0.9072911070765163
5.0514643689994205
1.8357512146095896
1.6767261230463573
3.0513675253861328
2.1529157838352888
5.4558348787320083
4.0779577696688438
5.1962830238536677
0.7563493326818768
3.7250567522336926
5.9178209170856100
0.0928051058375644
2.2599010179325001
5.7893686991060438
2.2220181181541134
1.5846571253484383
2.5659390949166498
5.1550385214074304
6.0602627601362071
0.3538630681550942
2.8611045418187113
5.7687207196255681
3.8026291718456164
5.9938663196714845
4.0772108647470988
3.3529639825542192
6.0299564902557892
0.6535776357132107
3.9593205077819302
2.1705786687228263
5.5303073171324266
1.7168956815206364
5.1944700846181036
5.0484008122579613
2.9447169775535533
5.7552156675607264
2.6144225721388747
2.9089730582724003
3.5307125234466810
1.9547411849175897
0.5692137849678046
4.3311268925001487
4.4720610640975513
2.6760665664560750
3.9713024197185076
2.2313436280414769
6.0841945386343692
1.0590420553944517
1.3842851994772121
2.1182329947474390
4.7259138215848759
4.6073923522047657
4.3749607634665804
1.1206358796327012
5.3370315105534329
2.1783478627933053
1.1179030902288045
3.1750818191202290
5.1693995452703145
3.3731689817504584
0.8723942101709433
0.4771829748253322
2.4150547592903719
0.1608757924660421
5.5516643250485593
5.2424088480496502
2.5765316156359033
0.4632894000500533
2.5879362238828154
6.2161072353572546
2.6492995721313193
1.4249163877340081
2.6101005796687771
0.6682038783972134
4.7754848831696242
0.6872476361730340
1.5895344717918720
1.7465915436641275
0.8465628906327066
5.7962519740857825
3.7388611252854669
3.9600686822814626
2.2620816102294490
5.9535284591706725
0.0351932312067535
3.9833437637014240
3.1349594789827040
1.3637516843847253
0.7086227040751962
1.8092630110969938
5.4227664853389355
0.7668086602698535
1.5859320478391248
3.4223169192041665
0.5651715172282694
6.0189917165320805
3.3533118462930371
5.1926614912711004
0.5004329435642242
2.5206788674261387
0.1335315702560036
2.5774130348401911
2.6245616626792962
3.5908957947052151
4.8718865782673122
3.2888407667699884
4.3044802432723772
0.8889496422321674
5.8996555841854255
2.0875718711446116
4.9275554024715333
4.8142163088132097
5.5382969720592845
4.0556304133444270
4.8874773592230598
1.8032036098350721
5.4849678631023648
3.0292289611188097
1.2092024298571720
5.0947040130295287
2.5223937833966983
2.3488817409057328
1.0362923310089323
5.7218287595722943
4.8579915265958604
2.1723191374404851
4.7631305358070630
3.2828176700919998
6.0953217636346375
3.3575467209850736
3.4058559718893577
5.4966386521565642
3.9308915048861226
4.5317849833440293
0.5436058763897178
5.5637066879590673
1.7884710806393558
3.5499027109959456
3.3382455420757511
0.7188519626795276
0.8980222809890078
0.2078220535873738
6.1607574370954161
2.0712900047126332
5.4463866044093763
0.1481326217921168
1.1689956166901749
3.4197259292141422
0.0659551180505886
6.1274369302383320
3.9906697454885180
3.7128411799389691
6.2709845247462139
0.7706748272267873
6.1295100386297756
3.6232332587410441
3.5253865669191571
2.8309535445489793
2.5620956429437132
0.7143349314934176
3.9777839163677671
5.6086146216262129
5.4782875617115252
1.4105622609046755
5.4947850980551465
5.7729148790263096
4.0556062750011552
1.5427068053146029
1.9580901717515933
2.4784564975286618
3.9376029932644747
2.2797377423678578
2.6434221370787232
5.7852930251112999
0.6805255290670538
4.3146876885948640
2.2418688642787261
1.4017553977996786
0.3273504049090791
0.8818867083005824
4.4442392698274418
1.1662079973679773
3.3114825625917432
4.6660986315260748
0.2966561123697530
1.8127996924430225
2.2539637913253032
5.8169582674476077
0.3039196583236413
3.1460074889900107
5.9033761821028641
4.6779336671335745
4.1694041560370803
3.4808260162530860
0.8956669429091877
5.5698906422286765
2.4608740745995386
4.0288923966321981
2.3796855407415669
2.6903961062208257
1.9486923491603263
4.0550464980485348
2.1553881482471069
2.2974630009197292
2.7430055867932550
0.1805197519088195
2.0745959817466240
0.0572270045361838
4.1587897799010420
0.5865844940285267
4.7359741419814787
0.2867265598331030
0.7677286155310959
2.0466594460647265
3.7241271598789449
5.3107034231408941
0.0540252731866757
1.4676026247778207
4.2173228809166128
1.7349857244294464
3.5532917192805891
5.7112761707320789
5.5859061730811490
0.5040157616446321
0.4223001934110194
0.3705919822788294
2.2390392531432379
0.2031058516912182
3.1137965681809092
0.1256572761877554
3.4205608625077333
4.3660344074162492
0.7994251336344026
0.9909239461382869
5.5595557609818131
4.7896543409099959
4.8906520309257973
5.0206858435654222
3.1521615007256503
4.6128427290247709
3.2654214882012784
2.0132082279230361
0.7883629821267644
3.0326059743877356
3.4174894133784828
3.7888169436070873
5.5749565662991518
2.9935081011355229
0.6867348212891428
6.0739153339771796
0.0913173728171749
1.8806906722615719
2.8979701926974810
4.5758318034402725
3.4699747806996584
1.3577968783938750
0.7756105744110222
3.7937351545309252
1.8685332312455774
2.3811948553211075
0.4390250348339391
4.8373040838838595
5.0546790205450796
0.4835520222702874
3.8421310272319733
5.6748391062531152
3.7091344386610987
3.5729728721434060
4.1187336744399596
3.9220532431082935
0.2194138912827391
5.6207695174710492
0.8809802982755218
3.6380344309009938
3.5892967040872170
3.4464505726106993
0.9744387046923859
4.2016916519261533
1.7856531511913440
3.5568676540506043
3.4801403664252932
2.3167555795752572
2.6998520631144798
0.8656660220778982
3.1305479109788266
5.5068771719102632
3.4975962784178023
1.4403344715460737
1.2819591785234705
0.1263638314406204
4.7373436556584272
0.4253851906199451
3.4724162512151961
5.7732983023311792
1.6321822233708734
5.1445059188521451
2.1841706797384290
4.7347007807311687
4.4631192314659742
3.4247888981968759
4.5765919588507300
1.8960571527017720
1.8322908407494538
4.1684477994465183
3.8818581318011494
3.8971718948830985
2.6495897694032662
2.0131162112766141
5.1761244798868571
6.0132205352397321
5.0181571451016369
2.9959364080480309
5.7751041535064402
3.1973637231000107
2.7387338617087540
3.8749274270146565
0.9733350254813030
6.1407936254787856
1.6932683382420515
4.2390437530441352
2.5725201057998111
3.6670869728869033
4.9648738604960885
5.8716642932446872
3.8031060805770567
5.9872044077161304
5.0885428655023590
6.1707691198379084
0.4968862884662893
3.9749219793835375
5.8088825774718451
0.9448258364848051
1.2639180415632749
1.8024663471611324
2.3219819514436919
4.0607148773543598
4.8879889032085186
1.3875853806770271
3.2001837451299799
0.3704747106048940
2.6889102590929754
1.0346337499259897
1.1338121927022629
5.8815306519221622
0.2169822666258453
3.0576655934565502
2.9757155007203173
4.5778387041833204
3.8891723955465718
2.2405318825863811
4.8346162163968200
1.7152078111530835
2.5923692247293482
5.5523418277385268
1.2736694752954696
3.1667624678517003
2.6559541462102838
4.3653870404494786
0.1191004529551183
3.5325053538678248
3.7618166443844645
2.4635039379365722
2.2411935081042951
3.5848355562096366
1.4172320115460153
4.3746390789756564
1.0334136390237214
2.6044436855384654
4.6082750814458366
3.0158136372401514
3.5204867750333970
1.4445993960481325
0.7871543050668819
4.8915418088759806
3.7158242822914662
3.0486251038803163
0.4382319496210327
2.8988416902909813
5.7428084870108265
0.1518401717790860
2.9537241587200245
2.0021563483797999
2.5655796396920101
4.9641790052888126
5.5897194782920225
1.9241459706970931
3.1986389209615966
5.3033357633852312
2.7957162590573144
2.0084811668551978
4.1732954381506628
2.0067131551403192
0.2491045065418547
0.3109520559223594
2.1318771974344077
2.4869697195361753
3.7905838438110089
2.8171116596533636
4.2451262321894276
4.7041579012757406
5.9847248717961650
2.2428490132780285
0.1889381345372825
5.8913642986616015
5.8631368236693397
3.0146492645194938
0.4974226695544470
2.1784985854632137
4.4117667476656388
3.7042120859959313
1.7788569499746858
3.7987102430930273
0.5903149347551492
3.2164179526541408
3.9120765503724653
4.3312567502643367
1.5165602418342419
1.7491655895621947
4.7078219974591597
1.7204632708969401
4.7381621571588450
4.3071553483930547
3.3721326478160245
4.1618163849897760
0.5051518826933419
1.2890189460712544
1.9152506087943630
1.9737244863229513
5.3056764647158081
0.9646588227351170
5.3554785582910531
5.0209605617770281
5.2722405851180110
3.1976417396674379
4.1989973279615800
1.4260723558778854
0.8004558075644437
1.6205538453278365
0.2467707631457600
1.0082008473201944
1.3099811263969088
1.3210399912229900
3.7451614455880944
5.2406218717481412
2.3626983184666246
5.1226164809726971
2.7645334287709447
4.2739069042507341
3.5809449393559065
2.3785720289985464
6.2436628849819567
0.1498487262228022
3.4721512702809560
3.7119741856779238
0.7104982827324366
2.8301248971417361
2.4844964447287858
3.3162074161472046
5.7131971792324130
3.2248530022230026
0.6596896376317956
1.1570581929761612
2.0960784033019757
5.2227883580528793
2.0714575283665768
2.9044869483119955
1.1313283557087968
1.5279901630533337
4.9374593870466850
3.6195378894056227
0.5051619028698721
4.7563120080359615
1.2123023325951925
2.1085184376523758
3.2185756432934185
3.3316684808252193
1.0398724997922615
4.2350739920454599
2.8884037738903459
2.2959315433112466
0.4717320237951905
4.0812326004697290
4.4841159016373044
0.2740212952506089
2.8325773738379110
3.6220966869340034
4.3167987605406131
4.2118476251002575
0.2793366622828489
1.4316396785875056
2.1924141521844973
6.1059034113722497
2.3692968540135166
0.0378082163067126
4.9508552571119981
3.0062734165598757
0.4902299802292664
4.9322376640579684
1.6409643494194706
2.7783374893166628
1.0430588065961455
0.0869356394470342
2.8533323575405531
5.9822176272091196
6.0422331294881797
0.6674957207296089
5.9008967610966039
2.7338368131341553
4.9343388851481391
5.1456501222538753
4.3081759538675160
4.2148661844674171
6.0134433250448662
3.3354378393822648
0.2844888201902643
3.2238621580611388
3.7146476679263758
1.6431751583265544
3.9136437978661216
6.2314716245818893
5.9701458741338955
4.6681739652306486
2.1107887268588112
2.1197976495565580
4.8152838983292243
1.7659463409535043
6.2491808876071362
2.3806706893273937
2.6314093073180058
4.1993612528668258
0.7705785396182212
5.8635314345982321
5.4930154745406607
0.1776926348650188
2.0408266203783891
5.8415794989360368
3.9486909957281942
6.0489939680791140
5.2470344271675913
2.6509354375009604
3.4443954864469299
3.1073154082615364
4.2742984848356915
1.9422894542173974
5.8809367604735892
5.0508002967326666
3.0109509267820025
1.0326111835892766
4.7812766011500809
5.7016361616787634
2.1086517004144332
4.0268357708685940
2.4440857765153723
2.5621281459844298
3.8009020670872946
3.8258518825884376
3.5305332542810595
4.7957340265128607
5.3377795929665925
5.9079831647580736
2.0592800585527589
3.1131563257809440
0.7190474357440323
3.5399487128322509
1.7704341371452990
5.1377830390227901
5.4241033685118580
6.1568197777642384
3.4197146856452894
1.0891467119478282
3.4259998059052079
2.8636186584169123
1.9445689941112176
5.8250588135123138
3.8568275829989282
4.6781170891892767
5.7597011505477287
4.3050812697358634
1.4755486760619114
5.8822985886597374
3.4627542453199007
1.0638893650893377
2.5791091679461124
0.7087884301942352
5.3875579078412636
4.1873663405975003
1.2801063708701070
2.3507044859203932
5.4130131957398833
2.6787570514355648
0.0487803239066007
4.1589139860515951
1.1983837153786483
4.8857989971627136
0.0265308394245355
1.7889659646533946
3.5369676062224777
5.6204480949257025
1.6992202230797500
4.5477297002563999
2.5315773220803206
4.3780225337935317
3.6169335465672066
3.1100549890353220
6.1727147604393791
0.9505836095848481
0.9006859109282841
0.7228195917546721
1.2538542045967687
1.7154337255312120
1.6159245448943349
5.6433183969863574
4.9991623067310353
5.0417705559603361
0.6716769106599704
4.9397172692463682
4.4271495638813931
5.9888487267571575
2.4610343343980996
2.5846336123467362
3.0477609470731082
1.4726848680549418
5.9114958058430611
1.2003334428666168
4.7455705450717174
1.3696022365881633
2.3731966147222425
5.9708450918467371
2.9369503358350597
3.9669924561309693
1.9699143976180662
3.9567912381397150
4.0116320267607986
3.5411973994304429
3.4631413194053793
5.6418293439845666
2.6325603842681375
5.3899913995661084
2.6999618955225557
4.8198712795371286
3.9757569204331729
2.5800630462774237
5.9008935377037739
4.6856104535519094
5.2123422873386591
5.8790998934423904
2.0068423277333887
5.6147434553505891
6.0161568032235486
3.1634891256197801
3.3023439268482093
3.8582494850529638
1.8764567332628226
3.0945955531047535
1.8843743415187919
2.5562524592880100
6.1071635765913657
2.5735903443814609
1.7113234480970680
1.5896428826762199
0.9767543350178547
0.0428767350805767
3.9027213199271866
2.1278932666382406
0.1977638580770128
2.5096047938984700
5.4517746287404094
3.5883513568962169
1.1190448934532538
2.1671977337828578
5.1202857473124261
5.5596422848944158
2.6113446778637703
6.2191004640076226
1.7952757521612359
4.9026908553199124
4.4944056197068649
1.5835431413749068
1.5986146189083945
0.2862021047401986
0.6520979296876911
2.1652702407257838
3.5593805639700808
1.1196047970083831
3.4530929980428753
3.3168154528422611
2.1522350396741312
3.3067993091188899
5.8017447301698706
4.2846163076842840
2.7988345110303325
0.3651591386188971
2.4871045589951768
5.4360928561440538
0.6296335573959905
3.7825713075074203
3.6322667954051751
4.3863999739133277
4.4050190636172433
3.3738237594785505
6.0565156571042378
1.6241481585534578
2.4444823953663306
4.8479148306274711
5.3154325134239615
1.8250653276781459
2.9012775646389084
3.6477176209158286
0.5012270222598726
4.4572189249896423
4.5554262944735191
0.6982251056505543
4.0053792060754452
4.8465431864975024
2.0376591315554902
2.0578233394095813
5.8110805578953473
0.1818832640668353
0.3445244090821216
2.4525749852089072
2.2887899210471856
1.7481689048729705
4.3624291974169980
6.1253441748096522
2.7767847676345259
3.6748231640826994
3.1129559057706810
4.3901232060533690
2.5628238537461518
2.6308955082497780
4.3995783171717564
3.3112755003976644
1.1456702938663055
4.0589625653220569
1.7173592908425956
4.7480015703537806
5.8799617849914609
3.4869663368627672
0.8877929239034461
4.9239402077268011
4.5088085082291220
3.2863738465651871
2.0289995656762865
2.9763090581355578
0.2977370144379038
1.5861292107902742
1.6268416072965055
4.8254088766588517
0.8164693005562155
0.8170034871085514
3.5816897886443502
5.1403892448184960
2.3313127651102463
0.2602649890030685
0.2348960916450650
4.6693337682355196
0.5460478583489102
1.5655221145191236
3.1296360223082336
0.0836135308676485
1.0069732057080840
1.4523012554868322
3.2610696964322066
0.2068559598813740
4.0808341081553277
3.3840745410339417
3.3571385810300325
3.1134298653456400
2.3941068351010695
3.3601485194224057
0.5714081030098856
3.2867028486591261
4.1211968039787124
1.5933009928585680
3.3056331610490224
5.4693639916438208
5.1956351758204882
1.3844312009215520
5.7367080788971547
5.4675964731474034
1.2404289704039801
1.9710567521510411
3.4244955396970713
1.9701806734238430
3.1400163428925305
0.3480849453699253
6.2155704685330484
0.7834657118556330
3.9840173544701774
5.8444820549628869
0.3363515678215572
4.8328896355042321
2.3092935850918974
3.1673422111571252
0.5791842460502747
4.0772491963220343
2.5698537434877244
2.9284305878128940
3.9005076825491551
2.0531369156071206
4.8147374904947053
1.3758971230080634
5.1577643417152474
2.9822924892473659
3.2538074014262213
3.0850743766570479
0.7270495752531366
1.7429279086268290
1.9934071618108411
5.2942499111727495
4.0366937165358090
0.3958983022529158
4.8392793367911473
3.6203822323652397
4.7976772993708137
0.1191725935444796
0.3130184288412268
4.9473269772869974
1.0895842823450537
2.8517835618697434
5.3221462257912462
3.3962373924429796
3.4999096532497451
2.3460808703606042
0.5250037034282903
3.4797539099922115
0.8858472431629575
3.9159999817426558
3.4071274367705198
5.1575948827222655
5.6921326007093169
3.2500158184559003
2.1988595549641308
1.7713554755695566
4.2848262996334956
0.1185984858552419
1.3752825882182822
3.2680031167941852
4.1175073860740925
1.5906731201559494
3.0267060132853159
3.0619820547659415
2.5847580293712342
5.9577689887364533
2.7826184669695495
5.0056858764113272
0.4256904124390635
3.6905155585667342
4.7810628231347101
4.3270841422058552
2.8424067643798869
3.8502450419080652
2.2772147318027822
0.1137920699003285
0.5586732392549003
3.6934165086086383
5.9570156409671675
0.0836800507817623
1.3263208276014056
0.7747442352835541
6.0958590386563127
1.8406547664428412
5.5167542595519592
1.9458313037638699
3.9977629035329958
0.8439599025332889
2.8185463413399616
5.4290823675443107
2.7951200777406848
2.8831711852801813
4.8065110794570609
3.7001430275212210
2.7388002480956839
1.5179374129729886
5.7648123417544861
1.7394489797765078
1.8530508285860765
4.5617957095296386
0.0170829369897218
5.7982373417208715
4.4467280303397700
6.0957378988192428
3.8386224456752096
2.6645080284638141
0.6051345677130936
5.1185256068629688
0.6894102448335225
5.5232732970471501
5.7104507966850040
3.2384404741424766
3.6265179925298501
1.8628458272246968
1.2825104668817744
1.1958302133934777
4.6633956235113843
0.7201309263859242
4.5684783233541140
4.7724674576226267
5.8183309545372950
3.2313942472367847
1.6624311528661972
1.9681289334343646
5.7483260670456158
0.2349168014142927
4.6926401184912505
4.5398486785396015
4.1619090820927056
0.6084974215339010
6.0094988892570855
3.0633125200461357
1.5522012079990772
2.3929495784406623
1.3307196419154805
0.5808072517461680
1.8471985082227236
0.3609561478650086
2.2593390602199213
1.2243393128918023
3.1516997128623827
3.1592528435038458
4.5036384512325638
4.3477208346528204
2.7035982544420336
4.2179120428314727
4.0119243952293075
5.0201827208291618
4.2053725838848512
0.3827990082970255
3.1637915364359799
0.7235795663599444
4.3246322649744044
5.4940726698655888
4.5917735764272960
6.1172562179474852
0.6881237763410673
2.7476799542947341
1.2844019103063613
1.3156071467983328
0.6104487476463828
3.0837451745528188
3.6369874206193229
5.0675885158639957
5.3641835466950596
1.8629405345851136
3.8117905853178393
2.2951996120934419
1.4753845259159921
2.9355238119343734
4.3975037977284135
3.4788313275618870
1.2048926691580091
2.1197554404546102
1.8364516378855236
2.2858081807393855
3.8446813807664779
4.6767576226962380
5.2563000202410590
1.9874617867598119
1.6145059582483248
5.1251736371601844
3.6188714173704937
0.6333377242896051
1.6429283473680141
1.4114874380885096
2.3089108035313224
5.2618189180818344
5.5013576791060554
4.0960561030302847
5.2969175677779070
5.8800656660641879
1.8069031304362682
0.6900364184530632
4.2774363446799004
2.5351857388328978
2.7833267894214671
3.6424908022184179
0.2661181477440253
5.0999480975250746
4.3422267069696252
1.6193625228484028
2.1953326826208373
2.5796380213343366
4.0257398034647105
3.8316226807925009
3.7360534782619435
3.1575845026246974
4.1192928414183658
2.8273122395425796
0.3211833862172121
5.4463171496252825
1.6514005742944931
1.7920946030288700
2.3224514652536374
2.5474051790437167
3.9754847585502522
0.0341466719700430
2.2755149394220680
5.5318869712088174
5.6725658344574059
2.8097163612233103
3.9260790678325743
1.7887368027681627
1.5996619197585018
0.3717973508112019
3.1673447220162871
5.0097862948007323
0.5760460257831618
1.9954686834075004
0.4534915058323285
1.3242366585364547
2.0438508793997840
5.6469285959286433
2.0111701176376533
3.5618250257766775
4.3910117241402871
4.0028125943685096
3.6908591959181778
0.2536085255145565
3.1539148489509432
3.0939761971623301
2.2208462381674519
4.1618823877703308
1.9502518941720426
4.0351205112692288
6.0367746622197851
4.4970598510757371
1.9249225125549787
5.2727450559518605
5.4251152562546485
4.0302140287612742
3.2922184745639229
3.8802100082414195
6.0586468462257281
0.9612034670515212
2.5955486367029832
3.1739470741214162
6.2780655182722693
2.1229566436424405
2.9048431986286953
4.9930745616413885
3.9295585839282547
4.0799436987418582
4.8506898474933760
1.1487185997597316
5.6283574164351249
1.3866020786097020
0.2044400006283101
0.0620528290963745
4.5391482760023711
3.8375978314091688
1.3685354645181831
1.8682382171047636
5.5379238905455566
3.9087099558630936
2.0163631955622110
4.4375319750960465
5.0200613981182656
4.4006964941657687
5.2394586405393202
4.3657869055288154
2.0444813054981226
6.0946881960650776
0.3749147599487629
2.3195744066816713
6.1247798185033906
3.1971186690526832
5.1033105029199364
3.7509439326880853
4.8757575420186372
0.2371667955332800
5.7406111773063424
5.6321203401789655
0.8839717752283298
3.9473070428914907
2.3740321947778806
2.1122823161471205
4.8038214679394606
0.7606757676342079
2.1212736490008344
5.3354957569520032
4.6411876887877757
6.0935915452948031
5.7481815262088354
6.0788735577893434
0.1178899281461087
6.2412644731448195
1.9122894361282818
1.1968721550056303
1.1206024055904453
4.3812429672055018
4.9606366425914494
6.1395302132678804
5.1296066030126779
0.2323820417507277
4.2695296024753073
3.6277094313761249
5.1731445452053446
5.8162965734265892
0.1237702611930037
1.5476869158630544
1.6712091606956869
2.5714334383442159
3.6370340648464086
1.3342486679760832
5.1728845114906195
2.6939951663304971
1.6586623926442392
3.8125063837900903
5.0182529952509194
4.7399144308130898
2.7015920787361276
2.4827436574468820
4.9580870908660897
2.1631887212858576
1.3866004130927596
5.8430463990538630
2.4765034202647169
0.1321789742661644
4.1548337076438635
1.8355663204614296
0.4643796417044166
3.3260342553311824
6.2624958176069558
3.3745299179627222
0.5864861755947940
3.0325451289996641
1.9928649626761539
5.0539066175824203
0.3188558697949231
3.5701325388512362
3.9669744102608333
5.4992696162673136
0.8796232506365734
3.8559148984395470
3.7632975699855695
3.0283583842915727
1.6492967541572734
4.8557051354529550
2.0519086902388670
5.4380760410545959
5.8849356364328758
5.6829734850843199
0.1209547579078775
4.1013812727810377
5.9935564041154867
6.2413894207343610
1.5567609554656656
5.9279759295742647
2.8497313078653637
0.3590957102489226
2.7454058770997039
1.4023767036375956
1.6430677718021875
0.3195921352728312
1.0630576446382738
3.8743669322369190
3.6041813140356602
4.8216712393746892
2.5896515776336755
1.4201160224536953
5.6674060384100180
0.8811385093442374
4.4268853783309323
1.8328649499980185
5.8076893005246113
1.7301065398391478
4.1863704748811763
3.8428078608943386
5.8950279486573987
4.5188782276273516
2.3847407414663317
3.9348111887669859
1.7965576115936013
3.5783385335193278
4.4038839542356838
4.9465503835382343
4.4627402085828276
6.0379089213027797
3.0332347295662290
3.2441097286317202
0.5416780160263164
4.4143651879857897
1.6933142131059091
2.7091180274011659
3.9656478646190898
3.6919521374533968
5.7581737021601755
1.1276538472807562
3.0367608241459756
3.3217059054408455
0.7403191352705070
2.8158230436701195
3.2511591303395586
6.0258663772656504
2.5614522048889490
1.8997223027246326
4.1955444953332917
2.0089657878322598
0.1642238786107553
4.8861915322373850
4.7621455074710024
2.5623764331391143
5.4619784543399783
3.1871547023012607
2.9497841327169141
5.0344848753731943
1.8324669422058313
0.7995498072850089
5.8531458637261640
2.2205252823300823
1.2392911479070650
2.0592418656989735
1.1635853918206189
3.9841903193677273
2.6918840977165988
6.0774084200246064
5.5653810101340424
3.1684806022313148
5.1777669350257378
2.1829862324685543
4.2565109546818727
4.8406479028208560
1.4957347891496715
4.9495086643185990
3.2304903093307096
4.6585482694031812
1.5067319513887021
0.4078549250491489
5.4396469375115020
1.5504368947562870
1.9826445623166584
5.7297942635888219
5.2411220972958219
0.6821310871112004
4.0943836795983861
0.1831254612399252
1.9208497734577936
3.2703769100010551
0.0276215848807966
4.9371395872133910
3.5961007537271303
3.3087374528029780
5.8594535041157982
5.6335451024359466
3.8976330750669965
2.6161755529808550
1.2221321434029735
0.6408106608982321
0.1349485090716500
3.2949270981938361
4.2023221711726508
5.6625443212279558
1.6849819916283932
3.6557786796465330
2.6897049958742105
2.6504910526460344
2.4576197153565116
3.0878344005360354
2.8622017436431402
5.5595306583584385
2.4618762424183269
6.0534291286750381
4.2199159987939314
5.1595744710229221
2.5734616055511110
4.0952211266739971
1.8998646436917814
6.1995682211474126
2.2845235329940272
0.6657502524835127
6.0096460968861596
6.2804848776700641
3.9218887167581946
1.5689782259106537
1.8202866886621523
1.9757676344584452
1.1063197960719855
4.9447263076861345
1.5878291942440106
0.3935863580930638
2.2830598503241917
4.5350568187257361
5.8132652651021486
0.3932896634875190
1.1293030493992517
0.3532343817381071
3.6308451852598620
0.8739097106023285
2.4438031615967941
4.3323558760317349
0.1806926214627557
0.4840962211874416
3.9214920543778713
1.0665450741318612
0.5697907099630112
2.0721868501447811
0.3389711622105053
4.1529639378354721
1.2858166358728862
5.9197115910478848
2.2497386722165338
4.9688235253296282
0.2950887425433867
2.9672485344890585
4.4405941443705901
4.9083065843047802
2.4816380108723890
1.4965696752610878
0.1723848132826741
4.3677149989728701
1.8161246629585146
2.5876610219690823
2.5872449370498596
3.8426626023496375
4.4147465865810913
1.7512675332795731
1.4231642705862095
1.4332183031340371
1.9187209411809338
2.5376320443318443
4.8507158749544574
0.5168179288484983
2.6091729317269006
5.2544108714277762
0.8271719121840456
0.7445300841937278
4.8514195544042691
2.0341702550877661
4.4450859832065506
0.6156082726751689
5.0214647983118708
3.1180856644275949
4.5494478641886911
0.7861063090462339
5.0753928261591703
3.0896078765332735
3.7923227346280868
4.7331932568508543
5.3445771297232225
0.4333399214744399
3.6335913346741400
1.7847950377057034
3.2022973972482274
5.6837869367824654
1.7285020815272087
1.3843968772023754
5.6477831704477461
0.2576467574880380
6.1059916821554134
1.5236436054104232
3.0681198177602682
3.1133892332795985
5.1939347357565939
4.8539637243319094
4.8020108527230079
1.8026901468885859
3.1841019246041085
0.4836172896202592
2.3421689986028924
3.6390850566716706
1.4254610676834076
1.6200993431707471
2.3468358255818176
4.3239905978696793
5.1477147523374089
5.4803183556175972
5.3844789564997262
6.1681167698710482
6.0586664208155581
4.9044546272141138
2.2716586110702437
2.4707666861463404
3.4177111144090113
1.3210652270969103
5.5604771120268159
5.1787415222367077
4.9875260910952983
3.4250276547683818
4.5095580745218742
1.3538730640971901
5.7719457718458935
5.2998706117098475
2.0882777099399155
1.2167105225939638
1.1129518922516397
0.2406766263058683
2.0162732433630564
0.2879736902285466
0.4168512445364665
4.9583904176794213
4.7287116925632375
5.4030933332087345
5.5475217214085699
0.8336448385384297
3.9660001563852019
5.7068054463015807
0.6810648421818686
4.6841533142723923
4.1366468084220918
2.5609726269134963
4.1476701775625182
5.2666552398280855
4.2734335011911817
0.9334011599265624
5.8333546230828830
0.6939573654015997
2.6900875377164404
1.6982313392223716
2.7989093704668355
2.7933891954802430
5.9673560524530398
1.8885566266346607
1.7784266346796811
0.7866439470808940
4.4121373705671276
2.3760071787733548
2.1900788188034506
4.3338398115933181
3.1063238338077248
5.0189352746929048
2.2654745153406202
0.8303639890733954
0.8125750823571303
4.0410051644892544
0.9319479758273046
5.9623010497010469
4.1968766007436891
2.7862911890643303
0.7149422290228973
0.5086114958341984
0.4110968852383242
2.2999917785359285
2.7727829516865756
6.1545465789445926
6.0759303091087364
3.2270986188324589
3.8426773877553457
2.2728072404908395
0.4550384842377325
5.1478630304512025
1.2118574655167955
5.7630167799888703
1.8498933141157896
1.3050422743172772
2.6281710100255462
4.0204798706424274
0.1686381787698825
5.6966905323499342
3.7273243638574654
2.6317054608510468
3.5159088247191583
5.5272978963480810
5.2660574641600659
5.0884301853652483
3.9143797606395734
3.0053431064667375
0.4594663257433108
2.0892863745537080
5.1752417112438982
0.8999599984042632
1.9519653095038936
1.4362867883938581
0.5309435737747223
1.9325489055856435
5.3601148539896935
5.5383113816573637
1.9524827384155983
1.2426487400553758
6.0333318301507841
3.8452623757285727
4.1686430385241708
1.6593391393672074
2.5781018070536721
5.7075722244437914
1.4116715996962357
2.6746003155149709
5.1492993879526088
2.2230770422384434
4.8811085412440507
4.8628530557545089
3.5345607105072077
2.2522337206491541
5.2723068152559120
2.6762794218587471
3.8883331923732505
5.1100904026798553
3.1363313061726386
0.4319043899774761
1.9352489529628700
2.9743329970012615
0.8889936245566227
0.9775592417938295
2.7905559546053222
5.5340353396197148
1.0939152222978019
0.3199392867202058
2.3110468641879640
1.9276959018356861
3.2811930929264750
1.9692497902871406
0.3413128174351815
4.1697734851122323
4.7307329129928624
0.1303061914736872
6.0023818391096864
2.5189606573593939
4.5102747456531427
0.8581420785184362
4.2110570906181843
1.2843819284559868
2.0821873013900949
5.9678822927552240
5.9909180448325490
4.0901241809220714
2.8203017893049203
3.9533159761490295
0.0074078088642731
3.0802802768794586
4.1940067445708564
5.6359102926056410
4.4147917181715473
1.8118499270027235
1.4038623100884620
1.7326507767528132
0.9744860003069143
4.3221306975864886
1.2825000833689910
1.7036462234644028
1.9470636085823241
3.9357117282795380
2.5092069135214854
6.0669023542870635
5.0238369635081002
3.2817729965435163
5.3139752811456971
0.5437938944998126
1.5573618884024583
4.2656197544023398
1.2486947546690637
5.2826922010709776
4.4735014587596691
0.8497599806371562
4.7146549560318372
0.2261538761605306
6.1545405421721844
6.2143054627470837
0.1628350008233669
3.0455427234057537
0.6756543246087036
4.3145683088324320
3.4445647231834546
1.1584877414452297
1.6762781310386397
5.1891154447391656
1.7406955115454426
0.3691841412862349
2.0177851605915316
0.5942129654067263
5.6789002210878845
1.4108720522591649
2.4699435530823006
3.5578890951136826
5.7577398934551782
0.6941131845022651
3.2808500272606924
0.2483525206598206
1.1027049897908405
2.9184760433013635
4.4283278297242790
1.9929733528680578
4.5939686843573186
1.6808491935475014
4.8385533746539640
4.2254886253389943
1.3078858861749039
3.9993698781649547
4.1347878904851036
4.3133425092636317
0.8201793907766239
5.6750686532121239
2.9583687999821691
5.1323459662538156
0.9122161503390731
5.5693692690321255
3.5493876543107246
0.6765310195074112
6.0676692721399945
3.6175891454370221
1.7393954093167168
0.6899873143888627
5.4538962467025636
1.6478237099086939
0.1985339805296006
0.8375686523327296
0.4794530476017628
0.5930171624284741
5.2234868835087047
1.5288756938122710
3.0528267473438189
2.7243753390493302
3.1150679915743424
2.1286024885628421
4.6548063285366235
5.8763936285587803
3.1103524350372953
0.1357241391546530
1.9588845769094827
4.5544880592100236
4.4781486337045546
3.1790501146837395
0.5873576613263445
2.5601702868420468
6.0168206619840783
2.0072550622410996
2.3281111524044475
3.5258461008950874
4.1941348668641272
0.3217783927255814
1.1770079365300454
3.1781844491072664
1.8685017680689906
5.5103467484885691
3.3548076344749305
5.1949348065553691
5.2493691683697206
1.8625671108994244
1.8551643684075108
1.8532759781407915
0.1659870950777035
3.5140196745027210
5.9210311868412404
3.7741642563679356
0.5520976210245163
0.7411771916142098
5.9069534216220303
4.8225038014336743
2.3736459216421664
3.9493300921255878
2.5961193243698237
0.5830727448950558
3.1965283232738884
1.1631079392873538
3.7412410516859080
6.1337260273901775
1.7499177660097747
2.3890335719736102
4.5985914357244511
2.8862220492686901
3.9870211007635534
4.0201658019783668
3.5889002547988604
1.3777314728662082
5.6980728107158782
1.2135541245426997
0.4216962723361244
4.6637336743078679
5.6795713282127060
4.6381721389686952
6.0769032422853977
3.3852675982634306
2.8260217826795322
2.9384350018015355
5.6513020067100825
6.0435465005052880
5.4991154605303922
2.4669845203666001
1.9115755789286923
2.2483243611258903
5.1278168495359706
1.9037864846689982
6.2594461204549594
6.1294308647231182
4.8799958660878469
5.6570178123687063
2.9805621987677404
4.8764238724415394
2.5541052428260866
1.6190885021257231
1.0829926402774233
6.2239085822225668
3.2384388616564697
2.0741696060211767
0.2737672549935467
3.2442417260854826
1.7542651889699490
1.7809251724792530
2.4651224033694108
5.1798773041255464
0.6077100820246963
3.6257749989752557
0.2641944283364003
4.4051078540235808
5.0223064075478279
1.7115794187245266
2.6994022626568568
1.1630392892940462
4.9479204237069139
1.1141879793940552
0.1413265933622763
2.1652324015473043
5.8750644371951450
0.0930723877728767
1.6168924661320085
3.7644149629283810
0.1457468731050302
1.0177631845457056
0.3306393044078743
1.7546038362632059
0.2566499898545657
1.7928297044407671
1.1150686367828226
6.1235560680804735
6.1817729899570608
5.9108790154877173
2.8484264294609458
4.5270787758576807
0.3722054438351174
0.7947435663037135
3.1880414597379851
3.7188872044120687
1.5722676676339988
2.6627065533625829
5.1512315767651824
5.8816486468670002
0.0113515141927853
1.4558979384258053
2.3864745981628959
3.7987006604442870
3.3743056950224757
2.5320435365900571
5.5968535874883374
1.8071631890906696
1.1480155307240005
5.6520852728911786
4.9578058443845299
1.3561152732360486
0.5733738286768396
1.8890249752809802
3.7463887564623692
5.7032356546957832
2.2853179344955459
3.6943953568268633
3.5494935870524489
3.0408004590897217
6.2660218962890175
5.2065463277795505
1.5852442078643565
5.3082123188516350
0.3586348921929546
5.3941554697501477
0.1887274991112422
3.9863997800768001
0.7236853510787558
2.5234821432974441
5.3539542618703564
1.8430532171538865
5.5689917480176447
3.1858705039052508
0.4087833300738779
5.4584611441780613
1.6475621591798577
5.7449496125924027
4.4030784742787885
1.2680342243291083
5.1318209849390515
0.3512299626001528
4.9207948509076509
4.6850408058320170
2.8004175294682514
4.4273791281680257
6.1548852550356923
5.5987955508673908
2.0185950902085157
5.6293443781322878
3.7697761089244426
0.3796730224181735
0.3316364725702052
1.1174723491893117
3.3294323908772485
5.7962619849164474
5.9980164479162239
0.3663522929376827
1.0528060724494082
3.8536583341891379
2.9627665226832205
5.7209431927190177
0.0064459666307813
4.6072576282090107
1.5863709714056635
5.7138189628999942
4.8247205437029557
5.2659678934641567
4.1317054796039656
1.9171431135282631
1.7612722132254786
1.2660877820488132
1.6528069772378993
2.2669845025021234
1.9721321714549576
3.3494918893523775
4.7005019116404627
1.5198398380835203
5.6040209072273051
4.0467993705421605
2.5646329083641586
5.5327108322984468
2.5209756057903649
0.2872186838848186
2.5620959591038077
5.5083267466775911
4.7496481307193896
1.0389590524995707
3.9120372463148461
3.1606959199573872
0.3715769873423212
0.5273148678201505
3.9785609811190348
5.2785747292502938
5.4230476623896866
1.1864805443720454
0.9694812229587084
1.7978239190690164
2.3565200371630137
2.2453182820554196
1.7760606364433507
0.5511913530008541
5.4844630113989563
2.1880925557245323
4.0474106463137174
3.5281869995053876
5.5447213521165351
5.8136227616227929
3.8561680619624488
3.2298108113018564
0.2218505104765726
3.2934621097496768
3.6668194081094856
4.8426211361591260
1.1519825482975694
5.2261906024347677
0.2239290033047689
3.4875999284576324
3.3699273945932511
5.5771739720243980
2.9626609573304195
3.3375311098775615
4.3989483623915060
3.7449019673606929
1.0522611880691533
3.5997104426693869
0.3016698057119777
2.1973411634342699
1.2613827909099613
1.4193922041954252
4.9736487524075859
2.0214231264284921
1.2816974080650025
1.3298935010310737
3.9217460597982146
1.2019687934833907
6.2750912480489855
1.5373862275322749
5.2249376383156108
1.9095758020932128
3.4592705485850930
4.5470766123254913
5.2886380085403859
0.3337022389116209
2.9538845829899221
4.3860876412875465
4.0198373437511208
1.5797994745037400
2.2732866633346442
6.1793948743988159
2.9732105145424343
3.0043727339410733
0.9340363759881803
1.4881107560643072
4.1901179709677399
3.4808101409432233
4.4155138060825871
0.4732644291819988
1.6391418775891073
0.7537984260573330
2.5833046493463234
4.2503453702594989
4.5112048842310228
5.6681363564973797
0.9709688139403969
5.7682919648953828
2.6586833257906868
5.6970033167457297
4.9530305151941869
4.6369892424500803
0.7160400021117884
5.9413005719922438
3.5617404405003774
6.0453420277754644
1.7770536456663966
6.2424855811385456
6.1880260685592985
5.3185752172176475
5.6189334041429930
5.8904389261052161
3.0478873045619599
5.7850374338605164
4.5535780344355450
6.0539618361114789
5.9451301229334641
1.9947081071003068
3.0918618405402425
5.4622912061246129
3.1315724366395248
5.4642590348720930
4.3745646533424658
4.9070751587284764
2.8681755858346860
0.2003315867869228
2.4014351404754954
0.9257858740474237
2.1571741544145282
3.9585402295184444
0.2094444350364234
4.7868062918862213
5.3679677409324071
5.4272551522865751
2.4343115671689755
2.1787115044769605
3.9435065130983609
2.7540988430987490
3.1266608518342816
3.4960966853221667
3.2601498314627300
5.3929726003761607
3.1274707911184603
0.5533546569412037
5.9186886894375847
1.8892625679815851
2.4349145916749668
0.0753992603120761
2.4576350619202083
5.0480753113115489
1.3278146280562100
3.3045498643279791
0.7596370072392548
1.8047387392716525
0.2764750009877636
0.8820264712290014
6.0112256455495521
3.6640921553418035
4.8288901191165445
0.3566714394898828
0.2192387136890937
6.1793482385560967
2.1404552632052201
5.5773461000247373
5.0586148924891958
6.2551675509320903
0.0049942524623963
4.4536875254695492
0.4941950942862192
4.9950271146454774
6.2427551041403815
4.1803307440153130
3.4697133040259964
1.0854883536395175
0.8197807886012121
2.3960578793250371
5.3911922530837328
1.9153043980779829
0.1333829112142014
5.8201869364954781
1.3983920062461208
4.8984774846675769
6.0037380113907668
3.1090103303536067
3.6771439965239114
6.2603886032404690
5.3956753404468243
4.2180010676267363
2.0518655953513143
3.3588557430189172
4.8001775413716716
5.4320634241361940
2.5116484163798090
6.1373704272091407
0.4570730190784624
3.8187965056484408
5.8952330273427398
5.0066856777997089
2.0284646287218453
0.1263928101418256
6.2612760207233684
5.5564464583766897
5.4735505097311883
4.9074704165742160
3.4999411211976601
5.0742365428045479
0.9826968237363045
4.9068324452057217
0.2720556480319847
3.9248055607108512
2.6668191988159680
4.4683036302121009
3.2270362796386847
2.8087702932807064
3.4291927332630761
1.6640438411928749
5.9769266059858879
1.1633933099276665
3.6883384338267167
1.5853750329783165
4.7088231380212831
5.7417496164264410
3.5172396217511066
4.5473150738485293
4.0231640306339393
3.2616770775998609
4.7350829619231689
4.2930170082375252
4.5390948165374025
0.9029277786741875
4.7618989112158721
2.9116732195771666
3.9710373217269592
1.7924248523346042
2.1896340537127670
1.9856690791065468
0.7355038893815595
4.7942502647120007
2.7536504873328966
2.0879030868040025
2.4264841991456789
5.9510191492246793
3.8995717126300797
5.0128593938875117
1.9742309521002361
0.1581249368966302
5.1427615791014381
5.2404132671176731
0.3480900347230180
3.7638483715553095
2.4079124319555656
0.2521403034843347
3.0741867334328656
2.5046050132046411
5.4799934122574498
5.3119326257810897
0.8641020944814150
0.8015400640764703
1.9636808601258515
5.3397180308557219
3.6813164473444342
4.6314976700538466
4.2192617992805008
3.1862139312216873
5.8369909791854049
1.3543351899956659
3.4493581630485273
4.0976112280855608
5.4240454707264281
5.2471045867831956
0.8838638002179834
4.1968637036221930
5.0397796623040358
6.2716540944200849
0.6673597731674367
4.0044423084830525
4.5528378154948186
0.9650646620568616
0.5077737579275328
3.4789434866228008
4.5616536535966246
3.9222403513326505
0.6415672017937830
3.2490203697649638
1.4456311130500061
6.0829839058124247
4.1604723024876593
2.1893443654017486
0.5145930931847706
5.4430450470793579
2.8627382901203604
4.5988232857609983
5.6674728859653554
4.9237979941951870
5.4019740190411216
0.4026297869310699
6.2760369889257319
0.7868688300077779
3.0409057823778216
6.0034572181953303
6.0694171971394049
5.4160296366335015
6.1166768267201928
4.3759108992436886
4.1158947613673904
4.2674581825347477
2.3023525573337098
4.7329610638770712
3.6319358364725538
4.9391687483919995
0.1922206899980416
6.0777205867571578
3.7796602926400849
3.3100833315787495
4.2940812821158518
6.2010348251739087
4.2899067147422061
4.3586588904167023
2.0387051646504886
6.0549778845597970
2.3747007130109345
4.4053149230793407
1.3489673422715462
5.0393027689741832
4.3114714037033952
2.0669089670661869
0.4447126908481420
0.1839673900403136
3.7618522879635377
5.5984169582685368
3.0188266560506016
1.2190738130722933
3.2624660140271478
1.8421631345224996
2.5310740337984989
1.5450880286105186
1.4452027350936167
5.3648254199118872
0.4833947307418617
3.2996865311703059
1.3896297077455853
3.5716384994237149
1.0430128530395839
3.2103117265003278
2.4920275712300834
6.1177371888167116
3.1471727921697519
5.1193550919355877
1.2234540702900576
4.3375018950433955
3.6100849411576599
0.8070031605622204
5.5949594056189147
5.1830494227341939
5.3659583191423428
6.2086178981923883
5.5000813295544662
5.2573112692929893
0.2594850541991027
1.4141608146259965
0.0428141890696844
1.8467998009020621
2.3351089644259773
2.7376003527188977
5.7758819485715849
4.0925049238136699
1.8333036410964256
0.3798529181151047
3.3349834919614678
6.2081529614201827
0.5201419393826048
1.9339688674299533
0.7053842097775613
1.0859104694161761
5.4002618481150328
5.2234069415526294
0.2000115593604810
3.5175169349448860
0.5217864293930153
5.5356334699081362
5.1727319258802682
5.8901461154339998
0.3798950096182159
2.4448634115893482
2.2135261349866475
1.0734048304150172
2.7302047636675004
1.4039202345177877
6.0484235598282368
5.0571114283303835
3.0528162941530685
0.8848031112523346
1.7194359653314981
2.8995931222395632
1.2912349332985842
2.6446955358471587
4.1509717068326628
4.0295527131384921
0.5205369590301696
3.5628306370184091
1.5758402246899266
0.8244369200962770
4.9591579017987195
0.1743958447499906
5.3386887383283570
4.0209774242738776
1.2581190964036508
3.7382953639614960
4.3533407542010423
1.7390847761516095
3.1045622038304237
3.4404818338925911
3.8726096286720924
4.8498432261221831
2.6463175323901980
3.5564358852641940
4.4184530302915110
0.0963113714319181
2.3628978254854758
5.1359925470152152
0.5108077290782861
5.9199620741923091
5.5876740478840894
4.2262387536927566
2.0669464352937048
2.0953631703078921
2.9328591771039325
3.9778517609030533
1.0879466522772072
4.2336314672287019
1.1143558682389156
4.3047043673695295
0.8682499088925802
6.0272150063720797
2.9098658804177546
1.3523991292326638
4.8714654704774558
4.7071335671226580
0.5640284839654099
1.1222733894958992
4.5010094318310969
2.4705137753376141
0.7275097339136457
3.7118718242138127
4.1874455811485758
3.0909074521339415
1.4114448140091818
0.1816275488373943
4.6507260535841333
4.8591626188242838
2.2000631182385026
4.4809792260495049
5.5704714364423502
3.0775835346621396
1.4158886663709818
1.0172173701298477
1.7990154116717099
0.3965136645737783
3.1932268814394202
6.2467179801040054
3.3722413439385854
2.3533036513354908
1.0531263689281090
2.6863705120981769
0.3326529342460489
2.6944817995731554
4.9681578306034018
0.4769316012197038
2.7065020485301350
3.6378544513674167
3.6182864959447083
5.9710461764543599
0.6516525766980019
4.8587436905276489
3.7292592133894629
2.2761150486546629
4.4671591420079659
3.3573263276246395
6.0478654373261671
5.5201779503308543
1.5592167860607000
3.2286286614256512
0.4312175584583295
3.6397137135754094
1.9453903473400631
1.0989306675496195
5.5040446430421497
2.4533004203345175
5.7604866987871368
2.3582746559010612
2.9120064275437265
0.3580577581073442
2.5527953976088105
4.2889891845360557
3.5577044687087560
4.0380325190565394
3.9690317264941695
2.2690376709403113
6.1310172420119056
2.4310641742589283
2.2858398646576963
0.8923844738287036
4.0799369689285427
0.3073384598746415
0.1217383104983646
1.4947758836303304
3.5217430588679375
1.3171728785285035
6.2828170442536750
3.0673129672000319
0.1795731866684349
6.0018917235995692
1.1292186915720259
2.4309831676642619
4.1003556345115877
0.9662312917311757
2.8002776407578596
5.9831516619757883
4.9875577830757791
0.0748664475974124
1.0163227640805876
3.4130205813855845
4.5420032249895810
5.0784690933407770
4.6060908071400997
5.4361327021300134
3.6169764727277025
5.8816727611233137
5.1784772272606467
4.7939612674717873
0.9914276602913334
0.2392389691367861
1.8843822969014219
0.0290186297534222
0.1007545283259815
3.0581431072040290
5.6920558610726877
0.9726168067595622
3.3833387437487938
2.1033968454082790
0.2055836473783826
1.1907905583161715
0.3770296194513886
4.5526842547928048
3.8964870722654585
0.9291144483504478
2.3756600045542560
2.6496431449280533
2.8553610343402105
1.3210075509153496
0.1334705367279679
5.8976802390262044
0.7063373987930679
3.3561255605786595
2.1685339597195656
2.1464813442711614
5.1367385961222549
4.1679502164451430
1.2491198755797164
3.4930861226624397
2.7254130926491906
4.5613375804891456
3.1748874199978374
2.6541832263996614
0.1764521113101456
4.9422020993475444
3.0325738232424726
3.4962628944235647
2.5001209845027930
0.7403343118611007
0.0647141365472295
6.1581499031246487
2.4799131810408306
5.4604272666166924
5.2125599690320179
4.7729600137221411
5.0741618103450570
2.2457721738441023
1.5578900594510505
0.6333021286261711
4.9028254945925607
2.4317076362558034
2.2114792090064457
0.4093984314263234
4.4159259151416892
4.2554990950326834
2.8509672376724966
0.7855531169481907
4.2982083633970332
3.4524598384319614
3.3646622757067846
5.4814636886205950
3.0692373500748804
5.6910498201430348
2.4328666288006633
2.1205249688365067
0.8253104575986534
1.3500529008208701
0.4135567324207730
5.8570791013555752
1.6582137115357574
5.6964213324086330
4.1666808220008686
2.6709120584077031
2.2567045877450145
5.1320661208950131
2.8426662071200290
2.0985932436150581
5.6783162990315450
1.4467997636357233
0.9115205705702994
0.6041636248393364
3.9960831375286476
1.8442452504028926
1.4565984652358197
5.9212611436325346
5.6014916191906536
4.3294835475838065
1.2032516535207165
3.5363294412220783
4.3651686050207958
2.0304366451170406
0.6581881291827597
2.0782210222372486
3.6856124529493992
1.7686053819215359
1.3357732310665102
5.6024465984409462
3.0220276212358206
0.7299120672839248
3.2800837769876323
1.2287084805212876
1.9331693059322348
4.2778091737814190
3.7512132002347456
4.0536949063403851
5.9387878761595134
3.8248208080780133
2.0262310522046278
4.2533225384081383
1.8525031337090585
2.8840066587609097
2.5413700620905200
0.9075213631143106
5.0859076116640178
0.6953597178194521
1.5664196810425706
1.6809190930494806
5.1640247228691125
1.8439474227532748
0.7783788717659361
5.9310139425092094
4.5900851730444714
2.4537561793153881
5.0666145136376795
2.0936534215793210
1.6533124868310527
4.7981846369507934
3.2700794594343199
5.4770266467338464
6.0669031979854200
3.7655957929437700
0.0436982592929749
0.5149614653475107
6.1478314958064963
1.0464670746477240
5.0240768473259738
3.0783083861591520
5.2583444030182900
2.2292844504321199
2.4450600295272422
0.2888167288652975
1.4008614346988266
0.2597711875481028
3.0234357775431766
0.2651277878426435
0.4896769812282565
3.5666814808694056
6.2544892141310733
2.2783400793063677
4.9589449356874145
2.8410434852993469
2.0504781386283972
2.5964220528276321
1.7046529799938404
4.3112053221373090
5.3569102508561883
3.8123098454442754
4.3919430425288892
0.6594296386670769
4.4798001903965892
1.6004363854386243
3.5762344239586188
1.3706733650014964
1.0027210743859465
2.4319771534650498
5.7119471536304749
5.9369073375336070
1.2789053688729881
2.1862852414235796
1.3441379923132384
5.6246608060678618
0.3744541534302063
5.2371635886452923
2.5654193002025418
0.1379004601163601
0.6521232136469018
1.9246747824916370
1.4910386519099472
4.7941737722885067
0.3986561287442982
5.6258120498209596
4.4037357633393599
1.6730831134180615
0.6642858474445992
4.6788913334412126
1.7127536968733923
4.6147697636815295
1.7802300347946654
6.2730062104154429
5.2960231768577239
3.9403325147684369
5.8959496492455665
4.4481476458336635
0.2089227143368811
4.0712781854752018
0.6077818297621531
5.6332030156647068
5.4213169825146217
1.3009896251932287
3.7656552168313508
2.5902853124923069
6.2178367754932964
5.2778607094901648
3.7943643501195727
2.1503094985297828
5.9460414015779612
1.4386345916553955
2.6516445200205081
0.3442580928868989
3.2504650002903008
2.7638081427475143
2.8428601880213615
1.9638169901051485
3.9822727092018080
2.7527894849715997
0.0581746457919872
6.2325094668394589
5.2596759910550483
0.5876386053314629
5.5968560637347418
3.7885810785936505
0.7276868905888433
5.6541622512120355
0.4637795447811324
0.4247860045704895
5.4781106272059592
5.9392636603620330
0.3267525417716088
2.2886866096945586
5.0697410913508909
4.1308791612982025
6.0293261800360902
5.5921181000736011
0.7306572174645071
1.2319662586944702
1.1043097589154172
5.7561137504416564
4.8088749485028721
5.0451195801494615
3.8398981550656317
3.4953847197650769
2.3433224707419256
0.3492335935678211
2.4010408109566876
5.1620841871276655
2.8989138994391839
1.6932212017064958
4.0346677216425686
1.8114119351606686
4.8891001722497993
0.3751606747886893
5.8060454585217318
2.7796693818799199
4.8866061696364280
5.1897614243058214
4.2641561377576336
3.3159157643063573
3.4281031960368105
5.9391379562385644
1.9344996897997573
1.8950320416551283
1.8752313289126301
4.4202590241432711
6.1175181213437622
4.3191853350870870
2.5016288695117184
0.9947584375883303
2.9028741270587224
1.1419071604781339
0.2493054172176751
0.9639548007646652
0.3459595016380081
1.3165665886425000
5.6860785790142714
1.2360095609547039
3.7810158617268632
2.4048890436857406
5.5459982989158449
0.1622021153046757
3.0565938794586556
5.1160370065469412
0.4793749871473919
2.2183078347200000
2.6342490251796242
1.7959561234437718
5.5695883890256281
4.6129299664759156
0.2410781677728206
5.7459341489413669
0.8350842694379379
3.1130255910869864
2.4067613794755554
1.9571750182987875
2.1800085847339461
0.9339396293510234
1.9329622172822118
5.1646954195997576
0.6232312294122916
4.4100997469872310
5.7413776361741498
1.5677237831285571
2.9422335277577747
4.7925473596530299
3.5163226543748016
5.9829613702142979
4.6499449371998312
2.6924129499528044
4.4042245245981668
2.6578525941139222
4.0754139817549433
4.1406017771346830
3.6520837737853853
0.2322795143332851
3.8465348304217271
1.2913198254019183
3.0436749673888190
0.2879578291589018
2.4918133080426847
5.2956861990180792
3.4381208399832102
0.2866369172151599
1.0573690774913103
6.1865216958038616
6.2760330506119830
0.0268821827601532
0.6609857184018766
2.2461101205345804
3.2022727111311848
1.6369092154000313
5.2754762216958495
2.9643290582786577
2.4131789261703243
0.1133401379434712
0.4544510049011939
1.9672735387218754
0.0999735712032804
5.9947280653209534
3.7021943224584839
5.9943271908165663
1.3372333954131597
2.0431222071810842
4.5480076756808385
3.4812425567644709
0.9534774520197724
2.7645999589469552
4.3877321915289027
3.2976208910670217
1.5014028933819767
4.8045394661848864
0.8370469171613331
3.5293512255075612
2.9852452534182730
2.2297490459859324
1.5755275393151156
5.8215298524218175
5.8482609069689886
4.9607628553980145
3.5879583733344460
0.6747584965217266
4.8232551649288586
1.3548859106497102
1.3373043678491940
2.1034373260262944
0.6046701483780798
1.2201563323907354
3.8540095545999127
0.5875952036332244
5.0314656157747848
6.0635609023518162
1.4397667343225611
5.0515924777765662
0.3341740310533288
0.5142240654880347
2.8855600258248479
3.0534141113129101
2.9352510602047244
0.1546504052612564
5.7330588784519314
1.5376589694239631
0.2169410491345838
2.7188829302133026
5.3934892584670191
5.1962320526215056
4.2426773864605396
1.5817945873405388
2.5882116929491756
1.3914814081106504
0.1818537953422653
1.0867206035659369
2.2785209060594722
3.3646079691315371
1.2282025478145171
4.1926558200017743
0.4433138706341919
4.5246113267942700
4.6929222198788922
4.5846930817364422
5.4810030120929891
5.7521000285243309
4.8301932586210699
5.2824240980047614
3.6872315155305935
5.3482145723553884
5.2900701514982442
2.2712764240917100
3.5880270527533660
4.1809075932067250
4.7454245695244905
0.3549831252191631
3.4731554773015483
3.9463812978469086
0.7896887368133944
4.6478662121373553
4.1552426015886219
0.0289972846318610
3.4228907740958103
2.2617934530386896
0.0508353413445176
4.9490720449766989
4.5936005015015020
0.5788976833510167
1.3288698164858892
5.0003227149854208
2.8095778985629960
3.3491284016936880
0.9265643153148048
4.5876540431392900
0.7986266024729722
5.8600803560714381
3.6971073137314203
2.9745427361144166
2.5378381082749786
4.2418206485704557
5.9688115121848817
3.0669950510378223
4.1491875914231029
4.6838929580237423
3.6206220588479399
0.0175783197511614
4.6764914016540970
5.9858039210318275
2.5795274293618866
1.9886194320659227
2.2255562651569383
3.0086130716533486
3.5216907189588920
6.0335776116707827
4.2345117104888832
6.0154480529718830
0.8426890046335420
0.4915788582503443
1.1896869787374940
2.1912231892294773
4.1678948396699251
0.5196714760089288
3.4516033625775773
5.5446765940235094
4.0274857265543087
0.8908707765623368
3.0884505081820954
0.3543075792570646
2.4826433391645937
0.6606153493432469
2.4884675748610050
2.2575964948146892
1.6733651976605604
2.7347880522499803
3.1345868382367055
2.3742995388849657
5.0427326103998960
1.3721058266038331
5.5624235548460783
5.8481204336918760
3.7796906116653193
3.5146312423160224
1.5289911622251300
0.8911503224776086
