4.6486700057001045
2.5934687368992377
5.6703756352243584
2.0231413971683927
1.9246364151892095
2.3936625907021245
3.8073004481427022
3.4292740332162190
5.9221092861170090
2.2667849183819655
3.5429453545170300
6.2294077048271053
5.9912409373665012
4.4477637111327288
5.3141664771315673
2.0036312522991451
5.6474378906801963
0.9720101888451924
0.4010186402093772
4.2799247709417942
1.8077328038190970
4.5541705523109792
2.7592254809676051
1.1334497060314159
3.3494497031656882
1.8090441287221231
1.6844498040963070
3.2758707100603575
4.6927268359596130
4.0142873965206043
4.6016661049738428
2.8908607458300728
5.5206985129086101
0.8289460045210857
1.2415977693479505
3.0039262954788284
3.9704583819875814
5.5418181859395661
2.9905523467685131
0.7144422990931276
3.9853161830743002
5.5516073095581797
4.0711722676454425
0.0492335484437661
1.4473298086607300
1.7225559002849133
4.6646020159501225
0.2922138138137216
1.6435615264420651
1.7563562023784598
1.2834212740992681
3.5684478006152545
0.0351066845777246
2.1258480740711385
4.9501611145223272
0.0802826605240897
3.4086133434400558
4.5043702712173177
2.9274085309850832
0.0277791247737300
5.9550089625415028
5.9575186516047554
6.0907731553465281
0.4478887209237057
4.5572067753621237
4.1474857886537526
5.4075134852101456
1.7995881502767914
3.8524546019080517
5.3740872789098217
4.8969306971056801
4.4079088550096426
5.1241988010545585
4.6770174556085671
1.3828169352123141
6.1675366299932435
2.6980926543483634
0.0646631481937749
0.3190466601940601
3.3669491379753351
3.8330338248451907
2.2694484699106421
4.5305105318824044
1.0367995103484287
1.6007523107543047
3.7061279202159461
5.8294859263446668
4.7034640666213310
4.7713481834761602
0.2164198814500361
5.9305718868607826
3.6074449865251075
0.3456320425483707
0.1414401386958727
4.7934516941461593
1.9346848733272086
5.6804350446430689
3.2351039058758206
0.5216795353728980
1.2296739150659970
0.4616146501698367
1.9641506875096459
0.3065222685237012
3.9894992100120659
1.3156125852631577
4.8641853849871355
4.3095485409315524
1.7151277335861348
1.7116031597230070
4.8453968876365465
4.8237024358371139
3.0561650375546034
3.7639374691291518
2.3223920095501613
1.7268502233287759
1.7696067010574894
5.9710638564262126
0.6112823467474985
5.5032150899337928
2.8364336013732347
1.3551239075407366
4.1874700600044630
4.1533340113852670
4.6880528195863382
2.6123830862051332
1.0431209294060000
4.0649885655965488
5.7461609315250630
2.6492428831951793
3.5483564205334250
1.4894920560519977
3.0675733819879145
2.4706526351621894
1.7963082448163736
0.9608802408675582
2.5380119788509683
1.7860405279774121
2.6849697575802751
4.5560673130117841
4.3567512498044128
1.2102829533210799
3.3427125544041973
3.3956144042752721
0.5084321636766624
4.6699975543496883
0.2862566785465550
6.2358500177403808
1.1782899259216739
2.8725015793537167
3.0893048256238700
0.9154692825469923
0.8302961198551262
0.1493282546527360
3.5182791368813620
4.2117803901654316
0.1671407652966162
5.2467357184197434
1.8210707421631267
4.1221330854218010
3.3810578524094610
1.2360581684581711
0.1115710264820177
0.6564416508649443
1.6880702294698999
3.2949505827683052
3.0735735779622892
0.5824897809971572
3.0233155906012783
0.6254077778808893
1.6925322126761011
3.7988827518271395
4.7131884364972185
4.7676971050153405
3.3200792933876970
4.6359720122192503
5.2961932738421007
5.7839414611143978
2.3120409467680556
5.6563131873834092
3.7390034234438794
0.9517234564315159
5.1371084161729978
1.2466558335485682
0.2807490010611725
6.2160886308850181
4.4193935238248860
0.3132472032880959
5.6425502684488418
0.8278550844799653
6.1951666340613505
1.0334343150203915
5.8909407624520194
4.1817535605624148
5.8640619072373781
1.7118442851784488
2.3997000531069688
5.4878520646102720
5.7928217456185349
1.2068585598639170
2.0630614233820812
2.9650359407644440
0.9139761037289600
4.7076387869687508
3.8167199842658843
1.9155167445756520
6.1421361382681257
1.4883058514059639
3.0155541496617944
2.6611290425984677
0.9527038370603426
4.3631562568668167
2.4607804874024475
6.2813821218054251
2.3724337316476745
4.3381859746082521
3.4551783566875325
1.3309364113881235
2.4189039749820553
0.9365074276784782
1.4708929762898191
0.5011003908419857
1.5453526836744413
3.9018449322394488
3.5993392374812290
0.5086653125034534
5.2567770743117448
1.8935679367790972
5.3496031998436493
4.5236886292592082
3.8206277617104614
2.2942288021578570
0.4801751165237955
2.9446253512433977
0.9063806194725785
0.9438647123599887
2.8891353865521161
0.4297460571890477
2.6939803755929344
4.8403620999668115
1.5799572683854466
0.2577732846995844
5.2595759267585214
3.6117761600997724
5.5583454804814734
5.1874889477465675
5.4557355878099409
0.3076276270757497
2.8364883697806773
0.9170333153975523
3.5823035707751560
5.8878308528586869
4.0010552324961761
3.9273944905480618
2.1264642677362708
4.8463400631016569
0.9661976137879441
1.5647501432885802
2.4517155816313796
4.0147771976291828
2.8559234552711481
1.3183610840236639
4.0619936518575166
5.8254827791411454
0.8787382808691071
4.4132645886031838
0.6931735703452848
0.3221077315269217
4.2126273997253332
1.8470736027568382
0.2031996852483890
0.0228233511837523
1.8121821051552751
0.0554578476567894
5.2186733575357440
1.6664260390168040
0.9572120623168808
1.8226696248257237
1.8592912700052520
3.8957735056123655
3.8618605554424992
4.5392937334412897
2.3275480445367385
4.4719222284148072
5.7600918466621449
0.1550611020952961
0.5271744767141522
4.1819532236701207
0.0245841060884351
1.1128997878627762
0.2986327755583436
5.5599724155459862
1.2282232637994845
0.5661143871256551
0.5335616841675369
1.1272066318340193
3.7507237917543432
1.3290751658343862
1.3820505703162114
1.3076181160643312
3.3581178647615721
5.1968595292810624
2.4545312890458861
0.7393982667727899
5.1965618983760438
0.7173339589666441
5.7954907152942061
3.9048721415554475
2.2675570778883918
5.7144350360120493
5.3825453839974946
3.9746152342911341
3.6121047131562705
6.0642873953591883
0.2117759150358914
1.0678052867294436
3.3932769240254239
3.1390584007379010
4.1200366853250427
1.9546748717375364
0.6555240006068183
5.2732055162329541
3.6853106181072439
4.5361446922454993
2.6356130091200218
0.2692963273668084
0.4034071489749109
0.3302010347384885
5.1128984624948703
1.6463876898623244
0.9975705275147040
2.3228616177820034
1.7538674439557576
2.9337346059720568
5.6425946610913069
1.4148206916060266
0.2484289412900395
1.5871367482574266
4.6073739350326113
3.0379156157646929
4.5796643513720907
3.0367768828244626
4.6227399068657107
0.1212628854919955
3.1974112404085782
6.0103592922026170
5.4090858621025584
4.1436867039469192
0.9009453957601753
0.6191947313144879
0.4145078730668009
4.2323616839582758
4.7670367349265890
6.0917289589531656
3.5472998695177349
4.2344844575980929
3.5035807331954896
2.2868245584790761
0.6191126242009484
5.6951469160822201
3.1194721602165441
4.4937203853738996
1.2999443039653658
4.9004183223836559
0.9900293975278690
2.1073407466853329
1.8506823160731516
3.8263460812366876
3.5241012123113360
1.7616015879653708
5.9847759151502222
4.4862845130989371
5.3805558153303856
4.2162330934801204
0.9098244258457662
2.9659745892192282
4.3752185767780674
4.7950886906211396
0.2784183533537863
4.9728621291844863
4.3158512524315853
3.4641699632216905
2.5110242842782342
5.2622660741334384
5.4010795336375077
3.6568468997229702
1.5333294165433495
6.0181230135027857
3.0263060898805114
4.8861463627662438
0.6628897119922255
3.4127650657230220
1.0597741434953714
1.4704161435516183
0.2570968312317997
4.4756438640916212
2.9897469242533754
2.2612162437854164
0.5285800904406114
5.1834611258005818
1.5415244991853714
3.2156481515081063
2.2488707985290941
0.6702751301713409
5.3585886581241464
4.0268588904125071
1.8254936275144857
4.3102610362068239
0.6771398034580501
4.7184271471493311
1.8908612101710989
6.1727226261770527
1.3726937723557806
5.1215426339357855
4.8902858125797968
3.4410629990960095
1.7133771050122728
5.8167493847149379
1.2332956933370043
4.0174689337030545
3.8589658487552416
4.1752404167790349
0.2735724233246586
4.1135558826644543
4.6615971549568096
3.6185616316989400
0.0467265083890702
3.1070267649019994
0.7095450712416147
3.3592654335162222
4.8530571080712459
3.8713022135657851
5.9757290122680828
1.7922794130287458
4.7970102079658297
3.2688620861255853
2.6415117049255530
3.9867247304685276
5.0701814033873678
4.0500321994747344
2.5307368975589468
2.8708455843764584
4.1487233381671027
3.4145642487469416
4.5297016962198065
2.1233502035402414
0.8868673472102234
1.6873974200769328
1.1652550248022582
0.2964495470749953
1.2532610503281008
5.8641823088898386
0.8030985074844670
5.5809862665870256
6.1388492517438191
2.1127795374507237
6.1018968676773344
0.4043405500395482
2.0264605457355933
0.6201628105142057
2.8968858661423491
5.1817038668337503
4.6844395018860725
3.5623495675946093
2.9294854264097743
2.7143154679957258
4.7141876102665536
4.7678904976713641
5.3581558517925894
5.3025286334479658
5.5044144068611418
5.7901715142678150
0.3308593066900932
4.3700962997137038
2.7584266105361208
4.8811467813753140
4.3898490233472742
4.4985911220788832
5.5676012315311221
4.7939438186498613
2.2815803434027093
2.8458181741171265
4.2463699670766504
0.9121980139173949
5.2416864876960334
0.9000639447634798
5.4627996742515021
1.8492170132013495
5.8259260971825562
1.2723368124971124
0.5033345615762934
4.6209303546291300
4.2826522527307658
4.4726538358258727
6.1194341603954250
4.8535823731854348
0.5656057345556955
2.0269915156835667
0.1045008477836988
3.3311699683640512
3.9182988961105774
4.0071657793974307
2.4770274493954525
5.3960694726085432
5.0861576417297751
6.1079050090497455
3.9975519602028098
2.1677492760884518
6.1700969096292893
1.3828631540472704
3.0024586790297243
0.9008738623152293
0.8117165893893098
4.1324225405858339
5.4623147831793277
6.2398768120604551
1.8554544705086806
0.9625500488283295
0.0672988146106843
1.9795357247239276
1.3583417902329378
1.9068257173920218
2.0201379201429259
3.5056888990425614
3.5196846375644806
0.3062964227632886
1.6442459425199041
2.0601718630205226
0.4631966936425414
0.3240199677778191
2.7294704513906969
1.8885259456582808
0.5504522883282449
3.4066584998782821
4.5191378059609217
2.8079555409813697
0.5123380869407220
2.7023706989507970
0.8944326399378395
3.6280441718683769
1.5235856356253465
6.0700601167767836
3.7667153115859229
5.6056517215214887
2.9164615352366434
4.2668589118120455
5.2705430335859074
4.4385198080939015
3.3127015189183289
4.3775200857577223
2.9313671993757993
6.2035021405014090
2.3961642138049570
4.1717416718844902
2.2849899185579372
0.7291903345141147
5.5124355153925206
1.1857815137076912
5.5439108831540178
2.7277289028530838
5.3988776150472537
4.0459251194972934
1.8080120061696581
5.4032237320570111
2.7079305369738833
3.1992084178867954
0.6107002500576562
5.6400823580089252
0.9890903011023671
2.4358866339475145
3.9818870380217763
1.1114606617019465
2.1028176196229085
5.8922282763189155
1.4229301226838105
2.5043948429755178
0.2259422780069327
3.4127529189272021
3.9519130650231586
2.3587913582988445
2.3606133318145246
1.4462087814966131
4.8262580213364243
3.0161294030526635
6.1510264267968360
5.3630571944972480
3.1795248298826619
2.3215661007793988
6.2523236644664664
1.3775616627665401
3.2674243902424416
1.6615972888452346
1.8344227310213121
4.8552491246144154
1.1503400834953177
0.8126424031209071
3.7949322034856943
4.6010750024246461
5.9891500293899060
3.5375681256524425
3.1896320954408770
3.3678704765134353
0.3956322429743244
5.9835339550641429
2.7515455243811089
0.5331095194799426
0.7485095612074898
0.4451039464016767
1.3330242910843086
5.0243185638254566
2.5986752940240843
0.8018229172445038
5.9442252728639797
4.0142230274258388
2.7571003869270054
3.7035972829016797
3.2301121444060015
2.4194133692422271
3.1978924503210568
5.3760480050572754
4.8817992074757921
5.4396964352723849
2.9919881002132742
1.6084214230441247
0.8536045618258942
1.6617531116623396
4.6058488893381426
3.7031863621642622
1.0227178775192678
4.2000233086166157
4.3996915371493328
4.1224079707085872
5.3419995895266030
3.9925523229414210
5.0736168475749777
3.4953156747590528
1.3807140282928774
6.1564839524148240
3.9551671305328746
4.3248573078761767
3.0989764937478745
2.2937197041351625
4.4785465423178827
3.9260747429048761
4.2746846634875810
4.0491860330163547
1.4615098991349007
4.8795074290768508
0.9314647101158469
1.2017570504152584
0.0760365134857173
3.0758426743139191
2.1962804389028081
4.1170321997633037
2.2584590467836012
4.4900882212817281
4.1874990095764577
3.9638098666589707
2.9294289602195458
2.2116625417995701
5.0883664861124496
1.6725089633599286
4.1238385490058667
1.1129108675189381
1.4346543851980100
3.2025638981110922
4.9889477193701932
0.5324773768203299
0.9368745422127344
0.5869584546763245
5.9401972469047513
1.9993204113330980
0.2165876625182875
3.0319937554011962
0.7392034130172284
3.9994489168955321
5.1614617433661243
4.7365220610830123
0.7214110706694739
0.5152617963322730
3.7345421675053698
2.5260747257976459
4.1842529846757781
2.1309470739228811
5.5481897930155055
2.7140703798067198
4.1894652732421367
2.8625883254455950
2.8048383952047669
3.8227790146298530
5.2524368080389268
4.0965475879092379
5.3910956843205486
3.0081052322916637
6.2498817418795323
2.5642560423852157
4.3171554280245026
0.3815675495041850
4.4275420491031516
5.9368028538718667
2.4994747243780520
2.7084274563905200
0.3497425318477222
3.7733759695813536
1.4361809815108115
4.8583368478938533
0.3102128355058716
5.4798048514112141
5.3685396448977523
5.9972432403816596
0.0785119088744476
1.3957660948560491
2.1819358779928897
5.7333985337508313
1.9930833324066504
3.5053398244383094
3.8194556556383072
3.5657201121242017
5.9290104155471157
1.4278323559076536
3.2443735966005507
2.1938917816227099
0.8429907154682778
4.4482461505690374
4.8073795047065007
2.7617393152960319
6.1033019544726148
3.1718513515696189
0.2101362894256208
0.2504266589310720
6.0205852693924173
3.2966663798573812
1.0713920418065679
2.4155691756952575
3.5373573526534257
2.3132856292897768
1.4835940553236637
5.9288669673781937
5.2916031965996817
4.4898589990670876
1.8907700920258284
4.7567267702319693
0.9492754250983276
4.6347142978386735
1.2138658835911451
5.3051641367461739
5.2135501685078482
0.0469994206778846
1.0588147076410825
0.6187564415137857
4.3126470760966509
3.8884475049140588
5.1851523757587596
0.1507603163128974
2.1931109766939065
3.3422108482666104
3.1184818475585372
4.9630616107461130
2.9928081103664383
3.7515852326471539
4.9243067748739060
2.4917146805650385
0.8902753794479273
1.9728599504993816
1.3536648129697044
3.8107855931293044
4.8458164409566180
0.7764302854802247
5.1065184321763697
5.9808751521291867
0.2542132082824932
4.9121706986043057
5.5209023418784762
0.6478313200489413
1.7956527915672547
3.3582578017142009
4.0532003807444976
0.1103836886392798
1.8273926636858440
6.0896687458044125
1.0902615813842875
0.4923394738421222
1.2236306981719518
4.4921211309480089
3.6156651864952578
2.0988221477056070
1.9834915412429901
0.2912488047873485
1.8019732678762677
2.9463361282669247
3.1243694116860192
0.2597781450988830
5.0501522155304333
1.6642349276855339
4.4159332239652471
6.0443080403879126
6.2616756738905952
3.7687035568389096
5.8381703932708646
3.9093794872411669
5.3200386578978209
1.9494134966880918
0.8087104829319366
4.3469012470827746
4.3816117798152918
4.5372695367284761
4.5131165779169669
2.1038740520289521
1.9894082603550149
4.2524257716921543
1.3318211005687990
5.3733926832715886
4.5964096925076481
5.9965561505371996
6.2482690170935182
1.5335423399405315
5.1026016262758187
2.9099198298714586
1.5696936071830014
1.1690182023384257
3.7124378176360331
0.1829806002523986
5.8814963476229298
1.4892181642767008
2.2227510613840051
3.5835150095205948
5.5762466882855506
2.4659032615346406
0.3981304775224986
5.7900930484571314
1.3842080050542671
4.6549164064493898
2.3629599777845556
4.0427639432369729
0.6355181885474774
2.0626154534144296
1.1298461593931475
2.6744385018106818
1.6196148440819793
3.3786854331232692
2.3962137417749059
3.7333415485289203
6.0392505713585418
2.6064739704659927
2.5463937431557784
2.7955155829794358
1.1725812727151785
1.4386734993739168
2.4095518363641997
2.3197828069360393
1.3924086508985558
1.9396876231067297
2.0660015143221195
0.4514412993933491
5.5378224019815239
3.3754918493816373
0.4101915292706927
5.2738535712533556
5.2568016522735306
5.8318666197175952
1.8645317882819925
3.4102597426758541
0.5943987647496893
0.2467762919170683
2.7483283534266527
5.5869003503733490
0.6711715026842293
3.3426660678184366
3.9628175441114291
0.6566466447843979
5.4336099725928237
5.7365634479137899
5.9573532022207250
2.9313550803655120
4.6341833518103916
1.3675629178949880
4.5088829786192770
2.5862449283310283
5.3167161023981242
3.5936886442507463
3.5395989392108884
0.2361075621477370
2.4214125563082698
4.1797937703640766
5.0380088624883665
4.6879555713733909
3.4731127593528051
4.2330559918604411
1.1342022073117775
5.6263124278419721
4.7173912091497057
4.4927786638921896
3.6786906835860980
5.4071346438626362
5.5036508924801382
2.0710832014633036
5.0999263660704131
2.3566617303477053
4.2457713058867270
5.1758915978776745
5.5278959702665968
1.5060496656138684
4.3843969137072012
4.5613456021790793
3.8938905267542636
3.2846963388911767
6.0068826464331471
4.0414805476965006
3.6643604955250773
0.1510774738989555
4.9810201643452192
4.0908120595823227
1.7213442336988576
0.3477013007826583
4.0636399238674228
3.1145326625732697
4.7732777176092016
5.2268538604989825
5.6148907154176770
5.9910074254440806
6.0172562795406010
1.1889007675502048
0.0912876234195842
5.3020641144026923
4.8520921051542683
0.2575131448789958
4.2328963463935096
1.9793897578171444
3.2060417856890382
3.1193514777188667
2.0184168608287223
2.0134550334188890
5.3618961027834011
5.7029344205581198
0.5708649675714375
0.4905066968348348
5.8503488964136485
5.7118618132004393
4.3378829443267763
5.1768801359294372
2.7308280873280530
2.2413026066715029
0.6240661149333010
0.4551925548381502
2.6254240220052956
2.8844311174941644
0.0763617937127200
2.5233422802410930
5.8599141638507177
3.8140141990498839
2.3434292723210084
1.3470477638241640
2.3184335861449057
0.0182437795431367
3.7515835381464671
3.4876336561470720
5.1780386372978198
0.7170680903787853
1.7374575139607955
5.6136285126416112
2.0381234530614472
0.7190066340510035
6.2424060752618828
5.1131492921452093
3.0941761220166049
6.0827696699523734
5.8095781233961343
0.5673488084863739
3.0422424515176787
6.0672694571193739
5.7270577211290759
3.9610043600896714
1.2699492081885826
3.1906409785683003
1.5299068352856948
5.1547026064300940
1.0709117634967467
2.5473638720714722
5.3876931098480734
4.1707426436815087
3.7133581939746070
6.0579964750048561
5.4263622290217572
5.7472130173962590
5.4718219612269205
0.8523488572434785
2.4962198328011556
3.1305054130167340
3.6754316111374332
2.6409811905939056
5.2523674471241408
5.1941746553909525
1.0193430514442783
5.8569466520804756
3.2793608237198648
0.5521427864705901
1.8879340550064523
3.2186353892886599
2.7987744905923302
6.2231475857974683
3.1041502165644292
2.6748260558758559
5.4514036524297032
2.5032280587386166
2.1075970810664018
6.0794426599057445
6.0076989964452716
0.7439855768212197
2.6255538626220050
5.0863876296289172
2.6276749421825163
4.5286729308264402
3.1699060625121858
5.0983399708905495
2.1924943956889993
0.2601306244369502
3.3870575686387223
3.5899612300881074
3.4882769435605279
0.2116014019012689
1.8417921893059903
3.7411142808398590
2.2523129317009225
3.6443154644657385
4.8087545933665421
3.8810544643774820
2.4473523525261411
3.6626437269798795
5.7538865308585496
3.5190337352362988
3.1423344779386215
1.2670117466738879
0.8815973830613086
5.8127138391105513
1.2852215917661050
5.6622717605345887
5.9910866235500295
4.0589467811388404
3.9691165681572871
5.9587369237762218
1.3600347656451013
1.4560852853372648
1.6392061480882580
0.3955244609266438
1.9416741554349299
0.4137917360573096
2.3526476519819610
3.1881677323907787
4.3518353789393078
0.7889347315813547
6.2703441648875220
1.9852047942723872
3.3644601319160481
1.4561152749612110
4.1804345786836477
2.4067678654426903
1.8738656160181975
1.4975940136632786
4.0751200699297030
4.3802315179099400
4.2069003388277189
1.6357210649736280
2.7335415252918946
5.6923691385130226
0.6758695793818256
1.1850555218333234
5.3592055265076333
1.5203542442314883
2.9991910590434441
4.7999993326691035
3.7353542417035461
3.9765875601774736
0.4230753413197254
0.9708033261491562
1.6824993834611917
0.0129662997368064
1.7652093102742701
2.4350585795996769
1.2729861960183604
2.7246104974728582
4.0258345161352436
2.4999132755474425
2.4032064597585934
2.6802587981161854
4.5351482175379472
5.3839810108930051
5.3911797434525228
3.5308031740598533
5.3981986209693860
3.5320938568274247
4.7989521629195098
6.1421581955263704
3.4193563520943826
3.0558440904902211
3.9539148420557724
0.4976017920868883
1.4310001383675450
0.1467659798186758
4.1162038540516424
5.0059271868262041
0.1849109515450839
0.3650443511859285
2.0345836783857374
4.5237311284087172
1.5682049047990356
5.7865558115271245
5.4467426144034352
3.5880897238389133
1.3987211782007869
0.3601683696236485
3.0893831813266841
0.5188666816816502
3.7810092821986245
0.2207064495283898
1.1754665810202038
0.8451171821591481
0.8126641225579582
3.9526639566621924
1.1221497329102770
1.0334663599743352
1.5822244326195263
0.9495514212194556
0.7178373894758208
0.9944056214282985
0.9765792559950289
5.6463814604285627
4.7838850592351836
3.0000192627081637
2.0401368274252198
2.4782361814726439
3.9854259410903672
2.3855184520748711
1.3729134883829697
0.9826998804545770
2.1181074444811823
5.0982034991726328
1.5587772468630594
0.8888827534161436
4.3116532404772991
0.9295057804715448
4.7168766787354022
5.9822373404811593
4.2795137969633874
4.1734064813488478
3.8750849887492955
1.6261652113722227
2.0094990402101742
4.6734021871774170
5.0109574222597555
2.0960299469167576
4.3612939101343153
3.7677901137530054
6.0276620998012627
3.1205894820242452
5.4609201963439160
1.8155806980415987
1.2561620126187116
3.0019094658738075
5.6781078712213073
4.6034743990076219
2.6204290730776050
3.4445888673660949
5.6411075116156981
0.0828939452666014
4.3018818077363932
5.9068371755724502
0.4909567809317171
3.5162257343978300
5.3622214084780673
3.0495953526332946
0.4085150019114118
4.3265798907573636
5.2654250726782488
4.7729363627062789
4.5660746447759859
2.8954720144038277
2.6501781759481040
0.7879594248045310
0.7777515598787903
0.5088923938221915
5.6569117317309310
2.9566560180913686
0.6579363949178235
1.0807667856892393
1.6099093977552932
3.1619161852522848
3.7239063195804265
0.8542047673461958
3.4895589438258083
4.7736144312103566
4.8372219850932323
4.0553438330881546
1.2999878672407268
1.4910647034394728
2.5283930953643132
1.1492068267570057
3.4145319357173971
0.0838128199595889
5.2486077528497539
4.9943782300880120
4.3425666279413084
3.7584738556184218
1.7866831197383140
4.1345640968082469
4.4927600834171395
5.7629943321165076
5.5728973140328550
1.6287824652846263
3.3343903030690689
3.0622168722368146
2.3756041900322047
4.0534883928407686
2.1305817826190068
2.1095282308963355
0.7546938245262473
3.3003888087960913
5.6621894199218117
3.0193071777903095
0.5942994863413478
1.2844377342821780
0.2593336270187019
3.2427259634947099
0.4644559372108990
1.2958037768952062
5.2685971263879035
2.1962343323844635
4.1764042287990701
4.1939630129996184
0.7823424597440083
5.3048178434812909
2.4802218501696118
2.0177338511872827
1.0186167313481456
3.8806006516026872
3.9074856280826284
5.0334972333717802
2.5398189028666147
5.0238020188241421
6.2383172628151549
4.0566126865295455
4.0401844364161255
2.9390436975867473
3.6903914270211695
3.9471215984949408
2.9783614248419639
5.5640239746108424
0.3277208226589661
1.7333623287519175
1.5146275948159229
4.4022473631725365
1.4894250735005314
5.8504627785119885
0.3879381322070855
2.9980378382285973
5.5895082442217081
5.9889959290515193
3.1810106817487092
5.9706656735743824
4.9180944076351905
2.6184761015176665
5.7870361619363146
3.4055127344913911
4.9651747704354854
4.1287752224032790
4.4962969074351307
0.2128534420273309
4.8547567479880289
6.0207329155736922
3.1897987837197959
3.3512157895613219
0.2455395328388466
1.5821454609585321
3.1677968810917760
2.0268044569272496
1.0170778999056083
0.6600487742902703
4.6155185328196184
0.9859562898002668
3.6230711428632851
0.6316541204684916
2.7980706706123715
2.2499234437861433
2.3821709268321154
1.8144079503802109
0.4762326823366229
5.4303872468948891
5.9560918789888486
1.8846230089508023
0.2607388629894226
0.8951869434265284
5.7700479023329283
4.1086394829742279
3.4253077353875954
1.4217442483103822
4.0060979376025783
3.3101420801551273
1.3033155652048845
5.1732676082742630
0.0112601182395333
3.0030898100471966
1.3589497026653590
4.1548642745667621
4.9725602511928555
1.2545529461283851
0.8220081703301371
1.2932590968623145
2.5634237973030625
5.9837459516515041
1.9255536923156149
0.9865230659147345
5.7266877093996635
3.5077294865325710
3.1570512006454856
1.2592021294892786
2.2375498715520723
2.9591474875950046
1.2957676389007242
3.0957909320234989
0.5084695616157279
3.4286334346995067
2.2616963748862533
0.6250634999155074
2.6700762670742950
0.1767406215463313
5.9906623017201683
0.0144404154629685
3.0019358633552917
0.8842001305339886
0.7352314011628557
3.0460673527653324
0.8994300316642367
5.7289317312712305
2.9371896710519616
5.5115583570375337
1.2312143535135480
6.2144412168639311
3.2644898345992472
3.7015898226800514
0.1439059703875730
3.4265925386208269
4.6882226444684738
2.5693966736993197
5.3645088837245121
1.1096159770054110
3.2608526638406410
2.6559293099613583
4.3335366721806947
1.8419176392095389
1.7380831195513218
1.8479122412067628
6.2071853895809141
5.2955525992987260
2.3366709419523559
5.6138507501683241
1.5272331872926455
5.4034712472624635
4.4351036924870844
2.9568249771463333
5.7884850832913468
4.2283416375073486
5.4872801008902945
1.7457779868661985
4.0851889128714278
6.0464205733556762
5.7781661380317617
0.2218543859311440
0.1398967090945357
4.7928814905125980
2.8154509196794959
1.9696265377366915
1.6935860693211384
4.8300147781491125
4.8210305565182265
5.1550898501102864
4.8401355429344921
2.5621212151938617
2.9069118597406125
0.1259251200108846
4.3846015020739664
5.0582120413617142
1.7184036988341966
0.0554334956350157
4.6468467551994088
6.1344720252804334
4.1062120979494292
4.3875688406863622
3.8306895192372448
3.3330759206731071
6.1012483034831728
1.9924322111577597
2.0310900565811965
4.2827295845770905
1.8199384760035768
5.4865636610934461
5.4915736104662365
0.6115560545185160
5.3162274585099265
3.9384962750068531
5.9177721916993269
3.9717862596968287
1.7749963893192680
2.4177247587719917
1.8785908092110606
0.6122465980383531
3.5657119995966196
1.1563908543248052
4.8147448327616509
0.6387857941486184
5.6693246125838357
1.8800103592461319
1.7877819884130401
2.5500380628496795
5.0456995898473052
3.5990526346846541
3.4793657619007710
5.1230590901108632
4.6955815510853727
0.3637038292380192
3.1941606843510613
1.8565677015419260
3.9165774990841631
5.0481123832488777
0.6819941390896256
5.0463550869418814
1.0115610038445100
2.3288904741072392
5.8319916608060849
3.2282747061680759
5.5568177839335524
0.2791552390206075
3.0476659116975990
5.4974657931535917
4.2550050526021383
0.2096562325753731
0.0434082449738849
6.0801025843795147
5.4845843899490871
2.3938744785030566
0.5894183383325491
2.7282185592102648
6.1808635292759666
6.0178344588489541
5.5466554830975783
2.5761073892896436
1.8838310996240728
2.8975215216773527
4.9439584209763812
1.8628932691854165
2.7739653349216908
0.8147194186464706
2.3894874024713673
3.1861557004377246
3.4095409299566235
0.4410693657102704
4.6851150425115202
3.6306742246535917
5.1066263852125369
4.3033473582182555
2.1162442286086716
5.4551284449257995
0.6568390738092973
5.1743414096497649
1.8018431881185981
5.5221059668556718
0.8876657083951308
3.4277447171322151
4.0668842552156095
2.6623803671739315
3.9167244161943393
6.0836830470441257
4.9948951165009792
0.0755455881643585
5.4474375984352612
2.6294274428147708
1.5789440488283979
5.4063011000699648
0.2705759312567197
2.9373517263845677
4.6551852770943443
5.6423672984387618
6.1648507917299940
3.7177917656130388
5.4938754511296715
3.9995056060561089
5.4550109357549612
3.9276390722072461
2.7717344353492095
5.3778314882523777
0.1559037265984357
6.0953009653794341
6.2787282364528396
0.3766591567552873
2.3225717466088236
5.2157505025308213
0.5883657034648268
2.0202619182038490
4.0325689373626741
4.9545437825466729
1.9831604215910452
3.5050060296477481
3.2330127484397972
4.2572807579113725
1.8729633961827956
3.3580739418045726
1.3137262062992756
5.9882550451010257
2.2887472433234572
6.1121721631963766
3.9958668487466551
2.0505517720274247
3.1109331849941513
4.1500223832101613
0.6086515211029688
5.4412046255130706
2.6427116080181787
1.0233690229640171
1.8431067407002522
4.8093320872588707
3.9453093619771349
2.5079947527112205
6.2332408675431674
2.2289635111044532
2.1627020788793496
3.3114017268120466
0.9227596185364521
3.4740048952295881
3.3717113178848983
0.9338900357031549
1.3176548121927860
4.3652799282871868
4.2309706629916768
5.1670630314995396
1.2367345990318250
1.0914581635688680
1.3441205637761997
4.3256239937166479
1.8482428570298195
3.8010483392019538
0.6626369473719183
2.5092908114455930
4.9715012458894705
4.4384177235748021
2.6697891692482485
2.9735548423066707
2.2427139614410287
3.7869901923465985
0.3981434326601637
3.3943325838411722
2.8909545044858969
2.1303417104954336
1.0253839400988012
3.3875639077747670
2.5617280109273679
3.3161587892205167
1.0567642620005426
5.5033751461591027
4.5063128055736641
1.7537251148666302
1.1808982876942333
3.9941940617820340
5.3642660747881497
5.2139841448267923
1.4039480920782506
4.8115277371145053
1.7235300469218009
2.9789426848188745
1.8399619158556375
4.0980188965825590
0.0927462587708687
4.6004030967298482
0.2005285169192310
0.9341306666201331
0.6161047124798177
0.2086084914109449
2.3032112744000979
3.3982713530265660
5.6169262898898342
4.9324770073124640
4.0973112134279095
4.0742922173370468
3.3209788078724918
3.6735311733401463
4.7800289123759390
0.6862748231936813
2.1776267793937487
0.7741216617133945
5.8183050643927317
2.7158150730041442
4.2894815732883691
4.9811521949687991
2.8555552379218572
0.6865541544835371
3.2084476652493668
3.5024923634965752
2.3702422195405202
3.4627816275200209
4.6709958274868439
3.3207808766135840
3.3948946181524566
3.6805519792451133
4.0210587167436591
4.0617774948554324
3.5523551820831845
4.3290159766913154
3.5215998731591851
4.8256908882391834
3.6001443280333243
3.9876286326179819
0.3421105299120528
5.0871085833321326
1.0981755488110152
0.9566299855846464
0.0721189176534570
1.7087549137470577
5.2602543919721567
3.1009812496894078
1.7292709802491677
0.3162872752598374
6.0656772406434349
0.3322221963721155
0.3113107117095839
4.9805085690941437
2.6142202765044278
1.1760133157283339
0.0692142226970132
3.9375690443396230
2.7954358424221484
1.3262623667525539
0.6082595302335143
2.5202729559836543
2.5745968287858769
4.7507792027734403
0.2546850990826304
2.1705193157132663
4.5127398035940569
3.6991660589516075
6.1471720991210228
1.8189543361394904
3.5094249135592830
3.2801008247869352
3.2913459625767723
2.2460061095365238
2.1102602503004726
0.0740555877976388
1.3013078870567081
4.7081003958663343
5.7234721253079170
5.4699464725244251
3.2773400452472559
4.9770300822580644
5.0035762840338327
6.1800065685270456
1.7856627513134773
0.0098417004808718
4.3961360683245427
1.7818807590026111
0.1592377799908403
2.7093747614339341
5.9123967276143423
4.5005868268162939
1.5720726672026870
4.1888088331631810
4.4911410462566295
2.2162656105034046
1.8690205533424620
5.3509497934645420
5.7577973628600230
0.5499230342459482
1.3253383593236718
3.9643734810837810
2.8959616871812237
1.0648975383720809
2.5158031323106864
2.9077566857560804
4.0729052948351967
6.1421542410840217
4.8985928509263426
2.5179274201668558
4.1903757470933654
0.3163457369585949
4.1028212166892972
1.9307240614257943
0.8170425841300283
0.1531941574457066
0.6571665309597398
0.3003804313418583
1.4871720057488855
4.5126703396393939
0.9576446838665766
2.2107474358647319
2.2359112303623436
5.8112355600929098
6.0081586789124719
1.2312395513194121
1.5149563353740523
4.5659184467755409
4.6178816019976665
4.1366812874588197
1.5133381200117846
5.0904847356023337
1.8715220889801132
0.1794429661027643
4.1997120796514196
3.5811846648880388
0.1146156733585160
4.9445898471301373
3.1076746724005568
2.6997316737906938
4.4393754916783292
5.8598662351726771
5.1947118361022362
3.2722878931857320
1.8428255662436170
0.5405658523497064
0.4940010604687191
5.8746750955845890
3.3472709132671454
3.4653492631748612
3.3523577007161198
3.2659819065554760
2.9679627795924799
0.7636706012590090
3.1091581917516335
4.1337379040646951
3.8386816262124110
0.2218671377281760
0.9960650517452027
3.6337287460945764
3.4964120918997663
4.7062860328071663
0.4718397420937655
3.2925846695284795
0.8880129918488292
5.9049094445424828
4.6344437588968201
4.1063856029344601
5.5847807689663389
3.9384093612567734
0.4591194384750751
4.3255416628070789
0.0688111013002062
2.2072262912016254
4.5266402948786952
2.9255728724393628
5.7426893747413938
2.6001591286367258
3.1957363372440803
3.3109088687031822
4.0669883753765133
0.8686372654774183
0.5617166634065798
3.2652347988481862
0.9394008838460586
5.0055693532488998
1.5171044789045862
2.0562805465648597
0.1517282325881502
2.6171974242074634
0.4980317277092189
4.7493438005395223
0.2550672508707438
4.5365814787183787
3.8217891244346029
3.7019498158703530
1.2126824887575887
5.0946193399111577
4.8067903611261462
1.5726633286936382
3.8149725519225028
5.4205223649032996
5.4012749790552483
5.7268845391741152
3.1909076597125523
5.6150673111299252
2.5386041914001574
3.2003164288879189
4.4690620725470147
2.7653536672773886
3.3144620778704157
4.0875861547898502
1.2633117164185059
3.1104104378734969
3.3432904390373572
1.7130141892787973
2.4430212437867396
1.6976741984468975
6.0051603649229977
0.4980445768912917
2.8751889113738960
2.5275065972698361
2.6219643724788377
3.4009111215309873
0.0679075163894120
1.4886423652562284
1.6968329933679998
4.8283965994578795
5.0080047915491672
1.3804144429015277
3.0060405349434158
0.0571116768240795
2.0229942333361590
4.7054528710354857
4.0986747765011531
3.3031458624002084
5.6202386151877270
1.0533947882088237
3.7031107374710777
5.3274189094711160
0.8690772529305735
5.5142807753339529
0.1504643755623634
5.6107351092775772
6.0278498797269986
2.5131059181311817
1.0538907713625327
1.1492769159808454
5.6704341536358118
0.9576597070426103
3.8049218013383044
4.8479821214926053
6.1790968495475438
1.7134474891712586
0.1921515356815088
6.0417918798004440
1.8684977430522143
4.6017683583382425
3.6486936726433803
3.2608418506378909
5.5504349318595647
6.2395406399941225
3.1444812830271851
2.3223054797996103
1.7754397187305815
5.8489356378109552
5.7717678736150715
1.1139941002708036
2.9110640198985274
3.5810562197683140
2.8457718247535468
1.1639635028000195
3.5606362068423372
0.9219522158707781
1.9084511488227116
1.4722150996694552
2.2736332952197165
0.0491807430596020
4.2255285155724822
2.2007123179126626
1.5799195513486042
3.1943316130510100
4.1710541245313459
2.7842107435463368
4.2634591340911303
4.1531695302453553
2.9769558660306594
4.6793285448338260
1.6854407343180158
4.1358052843180291
3.7410189546770454
6.0273964883154321
4.9255563041826047
0.6374701706199690
5.5536031682350755
2.0638292558931708
5.1192190213621291
5.0994979116442281
0.0205043701832263
1.5507571607076147
5.0976043140956708
3.2691957431544809
0.7251698029451290
1.9085588916878051
3.1564920640454912
3.0309414536201102
0.5252920000755590
2.9331382919456472
1.7104354160960702
3.1473866541652828
3.2093202622003010
4.8795359856029705
5.9462442022327400
6.2758934220529197
0.0312744096854200
1.7935926496733159
6.2423076826691357
1.6372983364797669
4.6230893954151311
4.8527777584552627
0.6372010710831497
3.1605089018657293
4.6405139404756568
3.8923327107086596
2.5675065902376573
4.0910269546015057
2.3136875920650897
2.8897297295739244
2.0255396084931960
1.6682712327212199
5.7217635939578368
0.7826835744058891
0.2844515772620307
3.7515358233533922
3.6143073885714627
2.4681947650971785
5.2718979783065079
3.3972124746812220
3.1966364735764787
4.9418177120002342
4.1681306976915904
2.3785777748760544
1.1169169688073888
5.4262425402132370
5.5719053883198972
1.2733181093516439
5.5545177941856450
3.1154444594674651
1.5021535424604300
5.5006166027363914
0.8134761416532799
2.3525620948509554
0.3262823661821462
5.4832277235024041
4.0738663752293167
3.8711137654849783
2.0723663160224968
3.0611419575861105
4.0242893073343424
5.5157537067953877
0.0698040067624032
0.8359082410538797
4.8571493910147012
2.5220608239583147
1.4563230139236052
1.0483340724210930
0.5287145434960853
2.6303230119817713
5.6657381163632650
5.6926422903563241
2.4335119255230993
4.2523509042459775
4.3883525059514046
4.1125812242893796
1.3295408773917265
1.7858691497624137
1.5546496614059919
1.4446132940217151
2.7973564754674962
4.5128165724978500
0.0905512797202663
2.9969707018555400
0.6989816642336973
2.3307414412550642
1.2264510634123655
4.6679213356350235
0.3633824003162786
0.2836275035168292
4.7270106330026973
1.7334454989385732
2.5903234777672886
1.0761102809530834
0.0254917755628918
0.9745499609012058
5.7485463839715951
1.6299172927830867
4.5888229630060628
0.0344900524465287
4.7091567885192989
1.0115044056570228
1.4719782068198031
5.4871203045447983
2.8161233035800985
5.2692001755036193
4.8585521559310383
4.0479325460501903
5.9085568260411057
1.5552730839721463
1.6473389772335334
2.2860374920495121
3.7916480947106170
0.2601847379891330
4.1231067949111013
1.9509739022298960
3.1387697577066587
5.8037641241313889
1.9392573099113495
4.7714284595435874
4.6608681063743775
3.1723625831350502
0.5741153109833073
5.3977544717987831
0.6095503409339069
3.3939642118185160
1.5998433587103162
5.7367620410131179
2.4362302140845999
3.7336355256286886
3.7728893459006474
4.4323912326713950
2.6761176576452188
6.2714910878580605
3.9379908082340047
0.3607464427637636
2.4180635518662066
5.4740939144373408
0.9216468561643844
4.6663672736992705
5.5357430112409718
5.6405238961723487
0.5898383971054224
1.7643659075091731
0.6738635333310716
3.0297774525130023
3.5050661609131981
2.0951795802938769
1.1903201552554319
5.2808210921508927
2.4452567789117254
2.9895407854850338
5.4426072463771282
0.7024805420095311
4.0334217695435965
4.1924369539998541
6.0957643987497159
5.4183216130665830
3.8095346406837187
0.2619109467927806
2.4728981430867165
4.8319356944072487
4.5339023239208851
0.1110660660727592
5.4978411632359565
1.1355495325415548
2.2556214359181199
4.3256731799401553
0.2746749355943751
5.3744860260007252
1.8399464029765724
3.1294507034701935
1.1962331957122010
5.5553562382979047
2.9040502647823123
4.9262007135527490
3.4628068802925704
1.9860276085284818
0.5562481260759963
4.2422253327457717
0.3099915184870081
3.5440276996155631
1.7012499809317594
0.6819876471160490
0.2576385326367988
0.8403430920738745
3.4033970483045421
5.8236587254045817
2.9596125064994614
1.9523687313021685
0.1085373507483981
2.8067487277023293
6.0564883606482676
0.2172847755810232
5.5790532128332586
1.6143108911268975
5.4064214459055551
5.7710899541537337
0.2890061693658620
0.3976203441596576
5.0886183149933224
4.1661790575202042
0.9681196646199907
6.1513071554513097
3.7209345442019117
4.8721685453735146
4.3201139235970052
3.1849719933546385
2.7208410002841172
1.9155753658445955
5.0277539593386678
6.0405019861599758
3.3782428552500128
0.5594718353670836
2.5657861598264704
0.5665229666278813
0.7931806383385075
5.7807255974716139
4.6168009620499637
0.5341428359696936
4.7959831629443626
1.2153099230982585
5.6362271472064007
4.1099259592846371
3.0455285790330739
4.2193528344869984
1.8448767833286881
0.0384422899783536
5.3205442438670802
4.9755941579150429
1.7690297737937026
2.1109001826323550
1.6820416200187447
4.4173735293661380
1.8467170406853046
6.0088199744562862
3.4857877859296953
5.6319984109039778
6.2651435990835731
3.6979246120186677
3.3380762197016272
0.2563444167978089
1.4011805390362104
0.9875178516302516
3.9413822099228217
3.5882403222710604
6.2315068243488883
6.2450544460513164
1.1394056376001025
3.3717346272919668
0.1284712261369693
5.5493844779265640
5.4165645042531398
2.6711625703841042
5.9865771034697968
1.6597805005058801
1.9373460204532409
0.9581292709769055
5.9720612991156621
5.6414757793696504
3.2692585967864942
3.9837455416417136
0.8275161883434595
4.5466445017076440
6.0796973562756822
2.9794836756592757
1.7875811883233481
6.2728158593931109
0.1243621273942845
1.1144814640680538
5.5751185523170594
6.1737125662323544
1.0057950872314763
4.1162358097243121
5.0029774668700151
0.3174638069265479
2.3636812100164248
2.0909527185606218
3.3746069557550769
5.5013418967262524
5.0558092897652118
0.6720006756461138
6.2085630985050395
3.2119439206326819
0.1750421726264106
4.9540822125719766
6.1382497140934786
3.2075460683320047
3.5288064242578669
2.2497947981319992
2.5562747416717508
5.8690708492716324
1.2847367011213018
5.0126998478683795
1.1417687515373263
3.6101477358224092
4.4083947624985305
5.1360445480756542
5.3888237471163016
3.3032782242428160
0.9727619997611291
6.2037569403349089
4.5414658219397284
4.5260859442680088
0.0805874905432058
0.3948128499504421
2.3711337905606551
2.9305078262558619
5.1030490587536486
4.0774631085945332
2.3894936786523324
5.7395563601437471
0.8864554197455892
3.8201342980663666
1.1416072279029352
2.4346543446011544
1.3464325798465491
0.3807230289714376
3.1186578824318518
4.3467197033399305
0.0873175168454550
6.2101787481761006
3.8389386024518837
0.1465813709502889
3.1806350802718359
6.1285924968400538
4.4647033419275335
3.1380523632733031
2.5615085868944516
5.9005278275969175
2.4067285081334142
6.2372495526015133
1.8715467808705666
5.5505415423513407
1.2566868472908785
5.3759410007577815
5.0813700178571608
2.6708777452055097
4.5728984525908327
5.3234819036776866
4.6518351644902438
1.2098841259820259
0.0148806857450405
4.3359126247440711
3.9305340933495199
2.4213748291682249
4.5034569866525711
4.6010413055897850
2.6786736514736380
1.1767512144429364
3.2479516182665793
0.0137521157392856
5.3606159971589564
2.3166255087585594
0.4021470627491402
2.7358360824939876
2.3937324319773188
3.9641313436351018
4.6457189549617706
3.5349961305775111
3.3691771915475894
0.8862464587348886
4.0008805845967741
5.4637413200703415
3.2607626588059606
3.8427301778508820
4.2462452211714012
2.4325758051659641
0.2608949561848017
4.1364084159554899
2.0988411431489920
5.2565887185303426
4.5559050131752725
5.0267223641338479
4.4555229910197545
0.2782894591574840
2.2580294589253525
0.2012293096818915
5.3582534109997075
3.0230132439900412
0.6121531401391639
4.9448126870135845
4.5996137697655053
4.0689271751388638
0.7442713191436613
2.9756601125630975
0.5121749947677094
0.9881324235537092
0.0172601269794398
2.7774638857098735
4.6472294907748095
0.2520250185726907
3.4252475498216777
3.4514725717525647
1.2407521942079618
2.1739322097870710
5.7775737783218775
2.2225929744972657
5.5071655605116225
4.0717490861190511
3.9025622281043182
4.5535215122347905
4.8037926547081620
5.4379017064819681
4.7914355694119140
3.4709683127839490
0.8202836667571299
5.0902877568885154
3.3056437688798388
0.3751485957417406
3.3002732199932585
0.3611951075022743
2.1282072883139387
4.3958638408322610
4.6365240961613106
0.4880922427377132
1.7762890329506189
1.1571699236838169
6.1224344230281122
5.0550289039580205
5.1155353283205596
3.5620463324551617
4.1456170282094771
5.2150704927036795
0.7208060557044492
4.9390619140928855
2.0272848055696291
4.6367153891744683
2.1575532451943475
2.0482507879547782
3.3484089638529357
0.9784954401037876
5.9642001035847141
4.3982948179114958
5.0062177465962145
2.9308867470956437
4.8646174141951155
0.1338551273834811
4.7624675469277218
2.9111611759394904
0.0553015488080330
3.9641194776197004
6.1515848126615049
2.1690587694997814
6.2230731999115276
2.7384005014569137
1.1851987993510575
5.3178666908763805
4.1973504342028463
0.1288128776707338
3.3908207099012184
1.6469800337704039
4.2877110855918277
2.4946422833690085
1.7379188520904336
3.3670385908131304
5.1875682957330493
1.4427399383080861
4.6965881032114503
1.0335225565483721
0.0814617063195883
2.5619898235176182
2.5093164325324464
1.3098696738485105
4.8522297594301342
1.1184713775431108
0.5604273524849368
1.2399491297814207
5.8069184393067053
0.0905517009456566
5.6762050267156798
4.2381159838383065
3.8152563444387551
4.1567387597103629
3.1404094838436816
5.0869394961307179
3.8324467243710090
5.1268953279362837
2.7422210160445544
4.7752376595780488
3.8040490746275952
4.4688411900523111
4.4311862730609892
2.1707637077871977
4.6037921635483574
5.5810304770235994
0.0727940614030246
1.9345353342743399
5.6954968843643368
5.2970128922932211
0.3705366517895619
5.8190564996225529
1.4239727021197754
3.4793812934660791
4.9892275911510389
5.8671672300394855
3.9435942215294384
0.5860716412067342
5.6079411568742623
0.9629489910874538
3.8426502404562726
1.1960374538821212
2.1186352487024260
5.1531769242121408
0.6881807679588117
5.2850353864275954
5.4473536337377331
3.9687005741784169
6.0587297815142911
1.6183822601917817
2.9260564326568668
5.9582715314095207
5.1525846561951463
0.1671261227894175
6.1773221344879259
1.0522261769266301
1.5797018710168218
3.3648689929061120
0.9295560633808226
2.5111566120913484
3.8630116388676403
1.0194604896122017
1.5529645604340641
4.6873045391396504
3.1004192481700290
5.6563928934414580
1.6682369096075331
3.1693620773005153
4.3094221874025394
2.5816352485260761
4.9657505769663759
0.7086640899671783
1.6765873905303568
2.0615620430178412
4.0261789908062022
1.7342404497451589
5.6328061383230228
1.5441006946720464
1.3184943372830007
5.5011245412854493
5.7110737783811958
4.0458262950093582
1.5300884294560972
2.7287885756511998
0.9911429123988804
0.5730662258437292
3.4503558066251894
5.4004615065274990
2.9954434892011141
4.9782049533431270
3.0774056680406421
4.5250273328732913
4.3293508436814108
0.6656026602349958
3.2315887832988994
3.2866796539400545
1.7587992365153280
5.2780428351399449
5.2591553573162200
3.1596479931049561
2.1864875870746650
0.8602969480802746
0.4922790176658957
2.8178885709540893
2.0183680885626747
1.0163672273099384
5.9013233407268668
4.4870884787163572
5.8183822658499054
3.5159498710552044
2.2664036018589537
4.8457842903064696
6.1936419974131649
1.0707899462797505
3.1502297944522679
4.1267284788801923
1.6350715465126522
5.4349927541815060
3.7306378264267401
0.7845005987968654
0.2855732647792322
3.7842039704887203
6.1855707857957540
3.4039824361938016
4.1537710259087026
0.7076686886491473
3.7779799160656058
4.7644651989313562
2.5795789132260154
1.7934109531694145
1.6721784084940809
1.2167784788722704
4.9705375425734619
2.1734842660206919
3.9262740817824109
0.1348893602133977
1.0650029343273486
5.1978327578147745
5.5923535750998585
3.9085551916228982
6.0842491714351556
0.3477773269446867
5.8021681894547159
1.9537562614416146
2.9402514083401323
5.6866532257377731
6.2535843381736855
5.7560084460606582
1.1902845147255010
5.2140373509448867
3.4021409926661859
0.7052488196824749
2.3974304970863809
5.2257336201476692
5.1816971154118692
0.6595107735910813
5.6936623750016135
0.5352714532007282
2.8090320561556021
0.9983162716504811
2.7897568954963341
4.9983464683526337
4.9714938818197538
3.4639610956835551
0.1239366895008313
2.4950789926669685
0.4603358932906971
3.0152495317769219
6.1925884947923846
6.1063978016860867
3.5233657032984249
4.1609775359461416
1.6595812173936912
3.5058477093071616
0.2700591913697242
2.4244129948517457
5.2110720875751833
2.8703534188458448
5.9222098849371685
5.7614599011554573
3.2135174235716746
4.5564281503253001
0.5793200711158280
4.1857131990222909
1.8795911884311127
3.3914903344473375
5.2218857539373769
0.9823338632873754
5.6238360956431848
4.0158082169481704
2.8528025044723058
5.3424348991333988
1.1971467117857792
5.8438442355811331
3.6689722965795921
2.0589024072779702
4.9605152319452959
2.1200483806756347
3.2310091373728209
3.5401474665443327
1.0048066915409373
0.7282269246396129
4.5985824542782314
5.5921341438188543
3.5606289079931326
1.3390906668580609
3.9494916122364714
3.3523659052680204
0.5098782027982480
3.1391077828196789
2.4113904046565913
2.8676880601397023
3.1133451646978689
6.2360371381545923
4.9907736048443629
1.7980806281702906
3.3020037554654893
3.4436632718516273
1.2270255878949012
3.1312121364975614
3.4148656685997643
0.6558292139349630
2.1923218685566694
3.1039863708769544
3.6244020782651427
2.3652412472370932
3.3895431880522624
5.0989767775267785
0.0451088478328617
4.2840408707397488
3.9677129783307250
2.5682180780314718
3.5497733226878219
2.0416400562883825
6.1151415509926537
3.9987796929378083
4.7210006529321191
1.3862966002623598
5.7078108179001532
6.1010546726004611
1.3851652380328026
0.3009504022322039
3.7064338554428646
2.3828205680410997
5.0637615468011621
5.9786800852679596
0.5810114086296787
2.6457220607838572
2.9024104004546039
1.1027477890473980
0.1504264258171065
4.7609033772154410
4.4092333105823798
5.2645487193270100
3.6331435279338655
2.2962732904659005
2.8192522796833881
1.7983237124792044
0.2445153362961599
2.7714577315069224
4.3013910525299286
3.8963584669512557
1.6021365299604731
5.9389653738796353
1.0785189610930455
0.4420030085638757
1.7318792246562531
5.1023279402350923
0.6921179809586508
6.2071740756261038
1.0415752904227458
1.9683728024997647
2.8384763755690963
6.2554418308163457
4.8174759229474438
3.1741675066928123
1.2974954288298959
2.2235175378024041
3.6704122175636282
2.4617805490044349
0.1973403255551100
5.5990428638848782
3.5456795275445891
0.1357004363960873
5.1779845830159674
4.0860027829586247
1.1866207433806921
6.1626385951120586
3.6581194814214495
3.9379295525394356
5.7388839398347011
3.9018409383194141
3.2448750864833560
2.9129739200760434
5.2804396307475914
0.4544793491019211
6.1436515771592672
4.3528362810670753
2.0278692050077356
4.9704695474247966
5.4518800688252567
6.2406067968267891
3.9154640266914216
5.1808284503120561
2.6995093037415288
1.2651928427559227
3.9461897284371985
2.2469971370079995
2.9541021844800310
0.4308020687213454
2.9717695074830979
4.6647852703274113
1.4393401493396982
1.7303566752155413
0.1133268167441680
2.9985966939888651
0.0609267727906302
4.8401184783460476
4.2285782224918487
5.5950130056735539
1.1214279780447287
4.9240973274531985
3.1781295534154186
0.5855565721060356
2.9650786290301352
4.2976084593896839
3.4593401183328170
1.4139594508787969
1.9840376507733715
2.5425419187450156
5.7747682729061420
6.0822899389174285
5.1369264279756628
1.1245093701318871
4.1588753356232440
2.8731508693749994
2.2338447141603570
4.4220109731408233
0.2958352829093898
4.1502839862943413
5.8191221200492773
0.2693281861817591
4.4921638071769427
0.8868226298478881
6.1422292892608787
2.4163556814705971
4.4801913097587081
2.2740870779522733
0.2935324383147989
0.6283433904241402
0.6930504021285954
5.5285901651073752
2.0289063501416091
5.2368368253377566
2.8949253774209840
5.6735307424440480
6.2184993979451946
2.1328998319104655
0.6713252920096516
0.6590821243169388
3.4770658245639363
0.4727730111226581
1.6907241989260389
0.5202893168365823
2.3259123060104527
2.0890897935602974
6.1820182281653162
1.2944220031545055
2.4289109657006258
2.8185600545369476
5.4920836382185030
4.0803889933740054
3.9538358040840280
5.6322690914860845
4.6878637293774190
5.1124393040334537
3.7847488505841320
2.9109706879008526
0.0082886098786891
2.1834698100338814
0.6259538700030923
5.8629503401771306
2.9095810174919863
2.2874698881689550
5.2458713038326472
4.7598708178144999
1.0000068019021395
1.0879394196014520
3.6319209186012373
0.2227925824863111
4.6714950992052220
0.8661165590297200
4.0009349959481515
3.7248951024943699
0.8659626887325417
2.1813757291712679
2.6038685666588299
4.1559853942541203
4.1929780067069053
2.8292542137652958
1.1671726895423422
2.9177185396692655
5.3903153571815947
5.8371677720848254
0.5082823204383748
0.9017121407051421
0.2119775083207883
0.8754403258667495
2.3415062917463620
5.6466139197157244
3.9206092982817382
3.0739780951965932
5.5996081070660857
2.8432597884597652
5.1418423061194547
2.1218297721722528
0.9443189184583518
3.0646695997283331
4.0913704707230041
0.1021563908473445
3.0153926966792559
4.0205344600210484
5.5863121711895092
4.9044050195200422
2.5029622351725398
1.2510190421235370
4.2271064464691790
3.8050660267665717
2.6279083969164385
3.0320440112352309
0.9960297510922602
0.1098730962415962
3.5590637436249919
0.2974832852858756
1.3073415899053487
4.5331534843299606
3.9684559442328649
3.7336368968117171
1.6002974861153834
1.8287650132514977
0.7687787363455383
4.7861629745712291
0.3731816823111388
3.6117653634521183
4.9785698571943700
0.7941799524969131
1.6686554392001594
4.2776614439335621
3.6649904901867254
5.8941631322101138
5.0285624731843033
2.3376441453834951
3.0290377635315635
2.5059757222598482
4.9088858947515330
0.2094877811394752
5.7810122666352850
5.1829247965033911
5.6619476689294608
0.2725996370441768
5.0980543386565484
1.5012939874906894
5.5940852347675660
5.5134619493055528
3.4407217333920634
0.8347757530546234
2.9085153746471746
5.2627259202411594
4.8187930458526580
1.6681043797183479
4.4145584475691741
5.6959100806384759
0.9282068358835199
1.0899129430380177
4.7487985684799243
2.0472913547779181
5.7354893561942939
1.0273673371548708
5.4825881181125355
1.0595116229942023
2.0948884692288767
1.2308103404647153
0.5496060387676569
3.1588415163671821
6.2339495904145483
1.4737073764367468
4.2318457499695281
1.4786878243164483
0.9632547567996482
3.3791657002493909
1.9381055417553621
5.5890149067508608
1.1644160763606068
1.3259493930806114
3.6224887325994799
5.9778740357041666
4.2504958913398667
0.3954554032831299
1.1991683524546557
0.2014826126996314
1.9126569405593885
5.9494115520447339
3.9203664004017420
5.9054802533767843
5.1057266487314408
1.2792286563062623
3.6668287016040160
1.5731193050662218
4.7862654720348115
5.3936948882682714
0.7679324207821620
0.7744534134871721
2.7524284730571482
6.0867992275573455
3.5851876508474669
3.3714815301594472
3.9549862303100247
5.5822698734074407
0.4245130632182561
3.2979750333259550
4.2857632324502637
0.7873456269349166
2.0257641924019438
6.0559993211036911
2.3768538920560740
0.0960017067838324
1.2159909021836570
0.8660919718308789
3.5455953302305043
3.8825725108994660
2.4252518307915771
5.0225649356791315
4.0859707831623568
1.6412184321443613
4.2251570880173634
0.1187041015280505
4.2541977085208025
2.3958396870159118
2.9726773448911832
4.7060455086560475
1.1302651810032722
3.3419353930743445
6.1082816682882681
1.4457634309509655
5.6224185185838707
5.2313140177223403
4.9311387742033910
2.0270438326880074
4.9352163604941435
4.9139547862744166
4.6523767370859739
0.7115614816205534
0.7188410667508072
6.2386382582633280
5.1198864510126816
3.5004622250845752
5.5966930976085978
3.7660002631978218
1.4221942306691970
3.3642408876589873
0.0849961459547910
5.6651554683849028
4.8017116789390082
2.9562125500142504
1.2113149604190685
4.3958509010619160
0.0940603204774920
2.9150361663183442
2.1333960024931549
0.4409320748615974
5.1281457690501773
0.0487318724123915
5.5687282384278873
1.9669200203845998
0.8025793471181177
1.2210930744929240
1.0374268687021897
1.3536154257894546
1.1520398208067113
4.7060778119893811
2.9962202417536976
4.7002851147827505
5.3020168617623042
4.6604667254644223
1.6836777919326913
3.5536361996579404
0.0515315710640935
3.9007631324306646
4.3649009898820532
2.2263889479640637
4.4686703750006878
0.8901871202166702
5.6223306579518457
5.2988264438959032
5.5651639097130934
2.2660612193513994
4.0565208380666382
3.8325516293396804
4.4847957189998500
0.1326619738342811
0.5452542780605403
2.1493435402671452
0.6373049145296568
4.4884968430471961
0.6161603294398265
1.3062733821735293
4.8699499533795185
5.1055189462119817
4.3528800345211929
0.7863797831301339
4.4457422177228221
5.7511271695178312
6.1683932166449127
5.7328340142107024
0.1198794139209396
6.2489008012987064
1.1578706354812409
5.7177405311978493
1.3775904876292984
0.1284451599044316
4.9435339935287281
2.0753440263085832
4.9483224160828785
2.7410868283162011
1.2102896448509071
4.4322170329311907
0.1613155965364296
3.1847839868605332
0.9191042574976994
1.7895962229989104
5.0908481939381565
1.6327117958829609
2.0487615952580405
2.0468377525203598
0.5770721251118928
5.0137997528355580
2.3720703300653945
4.2997403866770716
0.6245853281905258
2.8243549375827230
5.9812969981881894
0.3209030622582502
1.7570731437337181
1.2552108174591228
0.6723972253767235
4.0373683756329157
5.3350275314195930
2.9245144973667228
0.2732217363847160
6.0764632443781670
2.4403239929246703
2.9149961850505894
2.1805606999255955
2.7368766097274322
1.3570704046928201
1.9425982813028380
5.2044651756501290
4.4376312450369548
2.0440226005067550
6.0427931223542197
2.1033799385040823
6.1756106807091085
4.1668975050734165
2.4632089168072979
3.2608719618026352
3.7602148242236719
1.2377949526964784
5.8239085810913176
0.3891603856977243
3.0797091662305940
2.6604041535206040
3.6099296049635554
0.1000405611509518
0.1546956830355324
0.3921126650347188
1.5799177594937717
1.7611180437426879
6.0329383963595840
4.3244860648751766
0.8769444584886118
4.6106589842770811
2.8469064682022327
5.2925926273493511
3.7329052495987032
2.8579451786772765
3.4683192384713211
4.9019904727372818
2.9117389373416223
1.5003225509919247
0.5990425212430114
0.4616015696488052
1.5009749158097530
2.7760665151024155
2.2588945618852838
5.1767858206950699
1.6032621342455802
0.9336446319432852
2.1769249500701680
0.9981575685030520
2.0182388530869670
0.4665520484166823
1.8071875399877251
4.1728224357557453
5.2846780341711126
5.7735951105528640
2.7736815124639222
1.4729647746630072
3.8969701415518432
3.2228585860737371
3.8189846448495399
1.3545143758949969
3.1486494717253537
0.1114970854127073
1.1690688017566184
4.7082647213557633
0.9774564075960713
3.3711673970077856
3.5690180207072166
4.9959463318235775
6.0056470756407405
1.6334414707480023
0.4618152053678296
2.1345756667605649
2.2065793580399209
0.5030846088376275
3.3368676227015448
5.9250911627699212
4.2607797727691947
5.8978252408542415
3.7584565648277910
1.5801268832354169
5.5842636017212808
5.9266513818288544
1.9357631573297251
0.4886700067289653
4.5968780875941873
1.7646439434764538
2.5230237398672997
5.7153646657824195
6.2400672028771949
0.7756792170370286
5.4525703112000325
0.8454075096923136
5.0726154875142599
5.9909657657467053
2.2809349725287524
4.0664113409092062
4.4915920143146302
5.3594632545185164
4.4432698488448690
3.5127258347767252
2.1529364647477798
4.7593513753108150
3.4952449747682190
3.9751973658304860
5.7484491747291155
2.0096258391074500
3.2198245868825732
3.8748332483384580
3.5493458055222291
2.8099567065827955
1.2013405004626325
5.7840127604629048
4.4956605384726513
2.8656117845134847
1.5328011626338436
1.2784301590029339
5.3123337226556666
5.8749225063672244
3.4069433096332435
5.5435336778877025
3.4247383990078366
2.0674249955914008
4.2332716901054726
3.0959377727126567
5.0246553455414862
2.1301800959626411
6.0416363410303635
5.0080820258726124
3.8698887110259368
3.4588805794410575
5.0575065532244903
5.0605362408629109
1.0009751973455980
2.3844934167515119
5.1820141763821299
0.6930758561137179
5.8858580857485459
3.1678226131945770
2.7274521991933547
3.4550111762444740
1.1007745691823194
5.6086115346733534
4.8508049113762874
6.0314321364172647
2.5695442605286911
4.3863946139517180
4.6994201439756838
3.2544776585656718
5.6539844874456273
1.0721498415431538
4.4062340675115665
2.8289207000694154
4.8713878566175879
2.3957916280077129
5.1332841349982781
4.3024840889612879
5.3471153018191115
4.9332768714285660
2.9760634167248954
3.0265505732021389
0.9129337125149526
4.1975902578507895
2.2179874692516606
3.0783057925720159
2.9321760807046040
3.1221523560462430
0.8603648561808204
4.6254562331159308
0.0620433927507836
2.8204569677707014
4.7092768325976255
2.1837527410156907
5.2916746381129824
3.0968683695211228
5.8939672473633360
5.1339222142936505
5.1511157230819649
6.1744468825867207
1.7099149358457999
5.5799103646292814
0.5562088632019100
5.3319270373363707
2.1774815568798442
5.7042907781788346
3.1856170728431317
4.4107966422330538
5.3671861194931987
6.2675303667015969
2.8032198507791719
5.7182777029056515
1.1801491827250217
1.6934637352949036
0.8346110028325233
0.9732236593197767
0.1893933534223761
5.5065131530053320
2.7929556261749768
0.8240626987844004
4.3503528248880787
3.6609815190659933
3.0295738619142076
2.3163772576091195
4.5085131857540635
5.8779987522958574
0.8565257659199408
0.0953685454450821
2.2107669060880579
4.9738148187352609
3.2133171433933780
4.1352968046534846
4.3644258498321733
2.9196506891079075
3.8633758806396794
1.8707599914031259
5.4098263793507604
3.7984310984055361
3.5955559342797461
4.8834987750058971
1.2724239546094305
3.0007597086096744
5.8820672578633362
0.3816073597036101
6.0399016471684259
1.9066130855418069
2.8390844879622845
5.2725671472551348
0.5157287092185737
3.6098425194096855
0.0849074347198631
4.9717518568787327
3.0461799106413499
2.3278226887739044
1.4715387795073773
6.2395398676777241
0.1063091268017206
0.2127759691414315
6.1222919354663192
6.1669241189674109
5.7053485607280292
6.1871870177929518
3.5899012107175756
0.5620409136988622
4.9833478509113389
2.3195560480501833
3.8109190253724772
4.8918120262949634
4.4967679607832709
1.3196887364143268
0.8107126801076038
4.7793706257232946
2.6833156831628702
2.7039800836857233
1.2873996829535204
2.2271742962731182
3.3215624550202305
3.2014810084898695
2.4570625820181218
2.2653027443202478
4.6673971485391856
2.1873618011324067
4.9440501046487570
4.9173474199008247
0.3237243571174898
1.4875623794399477
3.3724325558696551
5.6045655824552592
4.9309593167215056
5.3680807282456433
1.2871723265908477
1.0037373091000512
1.9913947882464909
0.7501076503728665
5.4048831127198573
1.8070879903920056
4.7290357541198365
3.6999054403992631
0.4127263105931371
4.5501614913913579
2.6159018785773402
2.2690539096504114
0.2013840231277058
4.3834650045573751
2.6066289048223603
5.2478676524363133
3.0624195562110628
2.5884728077385013
3.5645565446623322
4.4906796539879110
2.9851916002173522
2.5365294848468380
2.8336237214343978
2.0828452227823253
3.3059183940952952
0.5481843456982568
3.0674565158650431
2.2049360240469578
5.5759366146865226
3.3464499924820861
5.8415868907245239
5.9040835723946890
1.0273449497456566
5.3793686993786594
5.1227222405221520
5.7557497586110271
0.1817951584331683
2.2787599252472304
4.2979706757655247
0.8876324632182236
4.5282154021974579
3.4950923586311089
4.4397881669292376
5.2419214864242276
3.1995863427209423
4.9508476385926343
6.1814010448423051
6.1604179723344368
5.0767213046441366
0.3966685626091468
1.1610049153509210
5.5962786230395443
4.5706637226927658
3.0882624404819849
4.8933304294455739
1.3820727309741934
1.8053151931956224
1.2267749257184688
6.2427285245767186
2.2302868746969748
3.4375198295455536
2.4605335452918724
3.7217327026059488
3.4350572665963632
2.9447977263384657
2.7188102384760122
3.1766208599112717
3.3850167250064001
2.3648411669670240
3.8123910598588893
1.2036827008628801
1.0955191295212878
4.5527203325548307
0.8476808841734569
4.5527748071572800
3.0476437998134300
4.2783245313806493
5.0708048984806311
2.3562826013371057
1.6869671962024271
3.6933585788066341
4.1433805047333978
3.1580468544305211
1.4608185030469698
2.3152248715789860
3.7951567006359288
0.1395435917231501
1.4460209307968273
4.2507167926395457
4.3486268006616040
4.2631464569290491
5.7202995152933553
3.4062017638224957
2.8491274402562281
2.9330499157342280
2.8541111357724853
3.4475955198373796
2.1053755560634606
6.1413812628511613
5.1627669825174261
4.0405858557490255
4.0502467054297329
4.2775833428381418
1.7437423186705805
3.0858214812952829
2.1570306350720294
1.7755594748440264
1.3679778398174185
1.0242391188293909
4.9581525246939124
5.2588469267334981
3.6041098078648859
0.9767049664821427
4.6804401653029828
0.1620796595225238
0.5912191472256147
5.0321131446410927
1.3721714625448844
4.0313497030136727
4.3666870382655913
3.2054077610387472
6.0025514796810713
1.0449458222559194
4.1845467509430252
6.2519502134002467
0.9251534361825723
1.7512920006349719
1.5531411533170141
3.0700256315314638
0.0901026389555074
2.1649536688254067
5.7342948673761063
1.5500752137373763
3.2894016523957195
5.1143171125310012
0.9921501687758560
2.5533406133908154
1.2349775345291547
3.5543104002140495
5.7644201819329819
5.4828800331328882
0.6210391979240526
0.9846960138352234
2.2469311385144954
5.4328094730425134
4.8523552853683736
3.0587362378830063
4.1402545928905710
3.0861860494411042
1.2443721281388198
4.6238205485845745
5.8534387343730625
4.2315503088219666
4.2337001415179429
3.3791119149429414
0.7788241562128475
0.5022057054474324
4.6437701373295157
0.6916102468523633
2.0545272321393835
2.1994859922528627
3.0802679517389739
0.6651449711427755
5.0691860733505818
5.3474418719360148
3.0409637967282359
2.5253039395237940
4.5827015700481715
2.2986526819434694
3.0666075498765744
3.4222901326740702
4.8174021368364945
2.7271029462407030
4.8090894291204380
0.0785485223917992
5.3262565461378868
2.0153461975228439
2.3674550774139753
5.7772183860026809
0.1717741399669363
4.0429912525868081
2.1814353729070390
5.7520276164906194
3.0204310288629639
3.8908772232095235
2.0955225431545728
1.2429418980946325
4.4279344841136092
3.5646228399589250
5.8915349709404969
5.9455884751295924
4.9066584747604756
0.3684886312300671
5.1912034033959511
3.0278814912913092
5.4618313698020762
0.4438130735254967
5.4046165282973337
4.3209822264330136
3.1693470255555565
3.8270302791140662
4.1322979686293806
0.2883776649760080
0.9425139329859870
5.6691802814919807
2.4042853241774100
1.1095630386787485
3.0985073343642613
3.3082463410641130
3.7114236469907889
2.2124070921378087
0.3625100318756766
5.0796585213525161
5.1691991016743692
2.9401410844506839
0.3276359923919419
0.4661687107689373
0.0514693153900961
0.7542633936666161
5.5884856185987974
3.1320237356174352
4.7177199437304180
4.1430139760209546
1.9784277961451193
5.9297610918913479
5.2343599928195044
1.8173577753725036
4.9659955163370464
3.8287823399928524
4.2999564582681007
1.3237629784903624
0.9774266410463871
5.7412926447649104
2.7166351368413495
1.0098806753136118
3.5191858094601898
0.8087441258151057
4.5647496543085095
1.2741018539295204
4.7169046086400641
4.0344946812127747
1.6749334526316138
0.8117715933871051
1.3162293295336307
5.8612508635760010
5.5397945461214135
1.6442353306257549
2.4776286633591931
1.0840322657165640
0.0643614111136630
5.6643932399373922
1.0718268925353129
3.8686218250097615
3.3760282642343844
5.0618536753919701
5.6091611149126823
4.6611818549153128
3.2589980381029351
0.3656194841055958
1.2334027930306171
5.0319431122452549
1.0422750346326715
0.7698603874036773
3.3271218347311056
1.5319006914634878
2.3003162085895608
0.6046941699088041
4.2327027757647073
2.6334912324212620
6.0676606303906162
5.4876880678026208
4.0645873455430737
0.3565069479156555
5.2627124769600266
3.6708555367375553
5.4100857629278201
1.1385630176797159
4.9669820205421722
2.6849193553533395
5.5306590386105938
3.2307781981053600
5.6629226630908569
1.7374944458731556
4.7811628658002521
0.7559838329998402
1.6892059581697987
0.3193157259903089
3.8805896006583653
0.3974573712424817
0.9596744588437615
0.1841207261550394
5.2727415868423391
5.8935483536108411
5.1256518069560544
0.2015493949650506
1.6400575573398881
4.6868103746866820
5.0563306365455345
4.6653481449326248
2.1922202841540415
2.8395230098831044
3.4673627087696808
5.8851997098735520
1.2447884933169782
3.7596545799096970
3.3140558696927584
1.4044321199350025
4.4807066285076891
6.1939619237665564
3.3562053483643601
0.1875613133318551
1.5063721156313554
2.1073262171237546
3.4205472711503875
0.5074539598329713
5.3869168699180712
4.7986880963421203
0.2594872888322051
0.6381953254184076
1.7418187374902672
1.0792618732694301
3.1474225690750046
1.3721333678116343
5.7397626003839424
0.3318293978030629
5.1969988708990131
2.3432022324987303
0.5652312756953610
3.3469134843714525
1.0136780694758818
5.0774285664400107
4.1171979459843495
4.6404146132147437
1.3319405355548344
1.4474705435321062
6.1331851999133660
4.7223888188833465
2.1242116397652020
0.0755839935248800
4.3497178550069808
5.6115466085363508
5.1445536401080449
3.2708090264467575
3.3346385596938002
6.0865145104599776
3.6982294105581661
1.8017028694807893
1.5340848886963339
0.5633489807773212
1.7294367436093374
3.2267944674987867
6.2790394248689596
5.7375702994787963
0.0793176620655758
4.4224177741454342
1.6860911063816919
5.3003773652228450
3.0678640323682633
4.0819164598777204
1.5803790268806226
1.4880460235048030
1.0674697185590925
2.1182822067982086
5.8986704089612632
4.2409879354604048
2.8183655587071623
5.3477892521158088
3.7227866732302277
3.5555001320477899
5.8085318964839123
2.3001528532758777
5.9198412321235576
1.0420000388142781
1.8907385732358077
1.4642488547988612
2.7497147718386961
4.3641886657639457
5.1413671828916740
2.2133180323513253
0.7912858789647713
2.3706613032370760
0.3484731343739716
4.0958877018132762
3.1180319903727125
5.2754648240719231
1.9596566924847001
1.0280831672636461
6.2570138339067150
4.7360130135224665
1.6474564102786311
0.0386465865794364
3.9357746548579309
0.8589532653907044
4.4170404774889729
3.0596789544101362
4.6213917485250740
1.4705598297261089
2.4964717987916250
0.7461154372757892
1.8771896424372192
3.6375356477875957
4.9553368009674958
2.0606653164455802
3.8614437973138416
0.0724862775855522
2.4256616624529443
0.9715655647614957
4.5364517541980751
1.6193291457308490
3.0887543366396697
5.8549181613537549
3.7450512945608381
4.9903894659079118
2.5646367088117863
0.9160136785975853
4.1384495896245035
0.6389932958654189
2.1394256229199389
4.4098761247322598
3.8747889421038573
4.3558136893607751
3.6369302106997696
0.9387922860080298
0.4827927744443155
1.3866686543707927
5.5073779417861868
2.4687363013122110
1.1053971246627510
5.4574419606111162
2.8967103846190003
3.9159041169203648
5.6430192065972635
0.3284379790063828
6.1325218785487339
6.2170818457734516
1.5487866130141992
0.0463351817783311
6.2758266768698503
5.6643496114035035
0.2981567486812862
2.9574887102404510
2.3392970487250757
4.3345514154763212
1.3263366817440425
6.2076346589287583
2.9634558694392905
4.6057740099242048
3.0781094306447003
3.9991147054778144
4.6106421267624587
4.9431770188488091
5.2947510870299990
0.7411218531000844
3.6683411785413615
2.4624728339009114
0.3056879031182224
1.8418906330809568
0.5830625696820488
2.6935598896398032
1.7687691652069779
6.2187333941675735
4.2157541949658626
0.1441163772119469
3.5468141753703617
2.8665660922868761
0.8949919611001476
2.8482375462583946
2.3072201119591083
1.2524097478324234
5.6790149699568984
1.2111216618594089
6.2659887336400146
5.4402512585989813
4.3159363754720523
3.3386025253559981
2.3699020910393016
3.1882541882193203
0.9824106542401890
4.0616297100521015
2.2006244178471008
1.5822998729054767
3.8081314690044201
1.4292884283696332
4.4537073968484098
0.3078397862374974
0.9529391196849049
3.2345286620096050
0.5442319686660361
2.5314023077628578
3.7603065238841902
4.7675265110236955
0.7181246564608228
2.0711760207084544
1.3694836621549062
0.4892622815233350
0.9448872951226480
2.7188302049339574
5.2944133964411932
2.9181168147100820
4.0020477332584878
0.4417607445719481
5.9111551480804438
4.3433621709547330
3.5609526510010814
4.5967651869487840
3.2162088242064799
5.0293707702116928
5.8337542549664381
1.4023669446920861
2.3580180120781482
0.9753140849546255
5.0820919426716653
2.0278800566444484
5.7638853980678171
2.4400885899329068
2.8281795710365629
1.8750437803415076
5.1990189511512011
3.3849258232035728
4.3237179903101719
5.0907747216004928
3.0254694490448908
0.4022419666165718
1.0718453099607210
6.1271192960221974
2.5907413649183679
4.6286842280494893
0.1230702887528479
3.0765537357528276
1.4043209180174028
2.3231892059171542
6.1701122796493539
4.9010632283047730
2.3908236592581145
5.5351459186801861
5.3268850659330163
5.3893556496266957
1.1101041138523047
3.2623826961780780
3.7220048657191414
3.8530365313950350
3.1130938043784915
0.5214632833920483
5.3842925364380436
3.8659076134085066
5.0169192897577544
2.3899107138760765
0.4391832868255522
5.1899295494000288
2.6525380440249595
2.6163545947600531
5.2079480866704095
2.6265298179937338
3.6829365528167908
3.9604738533618828
3.8361408848267549
1.6849702648352329
4.2524328754322287
0.7822849145913758
4.2989288149356435
3.6444341672643175
1.1012706611733118
0.0113597075250470
4.1031059498664950
2.2525150864853964
3.4602100834055549
2.2023291141023282
2.0918519928060673
2.6030016678738841
1.0346792219831742
5.2391665580879616
3.7410935997100281
1.3829305228435740
1.4339841235998085
3.4976214199161340
1.6650322461266651
2.7460963021417011
6.0064603236177385
3.8595669247335427
4.1324865374233131
0.8314000563297363
3.9514942468036911
1.8169930375202528
3.8353022129146712
4.3964042183190690
3.1128707375759475
6.2554293956465115
2.9095865882799905
1.0117430161216134
4.5891475448873216
4.8144928409656442
4.0053268790232952
0.6635990269024632
1.5981167847358007
0.1706304672323077
4.0906165391224514
1.9803747820935265
2.5037999511827662
3.1537533521395402
2.6001479752412262
1.4384536812512265
2.5995721256184354
1.9695943682501811
5.4656931855646551
4.4422998250126584
0.8258463277639917
2.9507265824676838
3.6183562203100670
3.3826736939463364
5.2793492244136964
3.8693457031485643
4.4576982861564955
1.2303027133161264
3.0750211330134198
2.5215111725363291
2.6783421676196184
1.1236749521779987
3.5054209099505074
1.0941312869653548
5.2598564208298804
1.0689807776878657
3.2300621785172825
4.6982630870363504
2.8282618707725637
2.5397440113699705
3.5414375687452426
3.1995093033025102
1.9557774144030460
5.1803729366433089
3.8916720165422181
1.9051144477510020
1.6180926723047475
4.8986794178536535
3.3507394470805316
6.1274641551860247
5.7515524451998159
5.2957421918497918
5.7836767063298460
0.5431781214110273
4.6766693736728957
1.7487297033448563
4.8248714658011460
4.9179394292309073
4.4264903874741437
3.0804046674666345
2.1668306051458188
3.6054309345905402
3.3105871980987405
4.4150479124186575
0.7809832903962867
5.2125398048185749
5.9664467501335929
2.8418977195590949
1.4785792240066991
0.9307020267457808
3.8115484902400314
1.8463834134544084
1.2207301641475725
4.8884032955679970
1.7323204994539256
5.9809683702309711
4.8632580256226081
3.6999760874233143
5.1128766999307746
5.6308145912325847
0.8127464019339382
3.3136929491803033
5.0811064099238852
5.6841156959227188
4.6558107982910100
0.0235883293896467
6.1927846260728545
5.3713938302592608
3.1055809424751128
3.6341497316467568
5.0753161648985978
1.7800582625024779
3.9984781177757585
5.6619347923693928
4.9295482351333400
3.5671732419377364
3.0355503215732202
0.4320476616317518
2.5624998665923555
2.6169144438351752
4.9444620864785858
5.1514563898338128
5.4173643380291843
0.0861358828565262
3.1559598219075533
4.4308056379380654
0.5488001550312667
5.9735330214133828
1.7933039587586219
5.6297947417674399
1.2481713318318854
4.8366880369244019
6.2464184183659004
6.2210972477553401
4.2785958557777422
5.6331079519261493
0.9983146715691466
1.6193666981294537
3.5406898199888124
4.0102845938309155
3.8149847528766894
1.7153321520500371
1.9483193189443695
0.5760114834939211
6.2641466341879610
0.5260069863143181
5.0844072959539162
1.6178471789540045
4.5034580094074261
0.8348629849610110
4.5452026011166762
5.6958725615462420
2.4190568832395876
5.1464229775604959
0.2697314737867366
4.8327315740444838
5.9797489946303655
4.7357844519531396
5.1265801928802803
2.9284245349552664
2.0128249983961415
1.3979926195098733
4.4181121399717060
1.0987922570104753
5.5014679025200808
4.4035436641799892
0.0933486018803350
3.4693780557814438
0.9998116743606202
0.1211569240870068
5.3018126584715288
4.6185135334676852
1.8540303423237621
2.3730492313146492
1.5673870085832318
5.3747780246753019
1.7073924298881531
1.3893771131163983
3.9865070823134343
4.8698191322647784
4.7558286356019730
5.1993575981755527
4.0667226257131102
1.9942750725218532
1.9699945042813118
0.5221957705934975
4.6890779395451867
4.5947442782651340
5.8706647404682455
0.4674947050028850
5.4978962894685788
0.0863216517305486
0.7127573690648504
5.7523071729441133
6.1719091606207330
4.5039145707685098
2.3513457459945322
0.2948697270690057
1.4502314128985334
5.4394200974837856
3.0214720421771708
0.1758274290242876
2.2827337901351350
2.8378323088914539
4.5426210430899374
2.1267257554148000
4.1613988837320859
2.4186388121660820
3.8556063724744765
4.0214469940754354
2.4709384523967790
1.2836325818149283
5.6269076634626396
6.0479236851478042
1.0990841102513313
5.4475607794161283
0.4479244421879177
0.6188095902119916
0.8406310587622455
0.6596274654139007
0.6340101231668879
4.3767934378512470
2.7106594916417888
3.5806300975595113
4.5672427479171942
5.6498775571129967
5.3681483689493454
5.1625005991905937
1.7436002555802455
0.5309494876405368
4.7699793994473474
2.4355473753034893
0.7617899140256331
3.7470527014895256
6.2249324596312912
0.6195844185867585
1.2835605068492770
5.2597448562868232
6.0791639525022116
5.4837580418676648
3.6188860364446098
2.5812418196293279
6.0023561205708802
3.9250996181410893
2.7240689426762295
2.2606982197253442
0.3696608838422090
3.8954999895096205
4.0859653775410880
1.5149679855676967
1.9502985258420749
6.0668540440177994
5.6205198643794443
4.0415323908646146
4.7941342615979403
2.3741518885195902
3.8764430586955934
1.2743388069869239
3.8007586201266164
5.5894228311961083
5.9862256123059039
3.3771232879963127
4.7867031924841186
4.9452177366525003
3.2163581099921896
0.2953661781263057
3.8542910636383665
5.2558601697736016
4.8797733502876941
2.5988465863559798
3.6666916494687225
1.8954235495276917
3.9724392461708407
4.7989630960624279
1.0263904136360116
4.5952081656505213
0.6892053320224321
5.7709803000252355
1.3384614333577394
5.2242653279057816
1.9833415605233293
1.3339339342078833
5.8124349138389482
5.6669071974539920
4.5992377548352872
4.1302289119078974
2.6645905903889209
2.3855718607747396
3.1644253494775114
5.4476037402803836
4.4344813376725423
0.0755343693216421
4.6040808318304149
2.1688371436980387
0.6584262273588122
4.9371959721922023
4.8850027971126950
2.0460024590520773
4.3602645921554704
2.5949970567466707
0.2402237406928665
2.3749397358473385
0.0517685343725875
4.3397651949028235
2.2917385580586460
4.4733216057725329
1.7061952039694099
3.9828535202802193
0.7240020852872824
2.7840304855973863
3.3619944959195136
1.1745819509981743
1.7113135972661246
0.9031678906894984
0.1609949672506155
3.2748553019949274
1.6815435219779835
2.9340499951961374
3.9041390355956156
2.4868921829191790
4.5273692744617788
2.5850571287514628
1.8988176925686606
2.7062811337334436
3.0400195021546947
4.6495915237146148
5.1624172709757135
4.8473788425557984
3.5015693475308729
4.6730475939908862
2.7877221782554034
5.9389012878128922
3.6306196320585697
6.0712164403155517
4.1266257344402133
0.7579659494199994
4.5836114319562125
2.4801891934945948
4.2432103002357042
4.4011577975709457
3.6353609678723289
4.8686980346821001
0.1140078707844173
4.9390470011024030
2.0098328609884275
1.9215346241686420
0.6678283803233096
1.5576782269247242
4.8797769442546084
2.2212614202719108
3.4069947846166486
2.4619464160701798
1.9895705736695162
2.5334587226590441
6.2584095388537859
4.1122937758591664
1.6428117048102484
5.5767882781331171
1.6993786880259882
1.2491505075239744
0.0547491197444651
5.1195178871309217
1.3225540730199032
0.0200587711902189
1.1367576901170386
0.6333448318259778
0.7746975055564874
5.9456414974379550
0.6567145040436626
2.7574076051003473
1.5977334626682465
5.8098013518047491
6.2326797099265541
3.9120046814059353
2.5395562683286714
1.0781528914674707
1.4088553973157198
0.6524048957254747
3.5256984981645663
6.0935900406624128
0.1872184974013326
2.0043393579296254
2.1168140452505382
4.2169970147727769
1.6693657627826410
5.1668779970663099
2.0394880503512445
5.7176436862303941
4.7547676107842856
0.5240484362674971
4.7843288214403783
3.9806995279497968
3.5504318916528579
5.1127402106498190
4.0759214101089869
2.3086521039860841
2.1962979258094237
0.0305178298957240
2.1676790105725807
4.7873222823367625
3.2978237131467600
3.2909989361695113
5.3170420689309523
4.0223176735263362
4.6298937295421805
4.9499904106683834
1.7244542950199551
5.2935267902113861
0.7077842063583671
4.8992138134931880
3.9672039545870597
4.4530117438363224
3.5839550113873742
0.8394125164237756
1.6723664846448161
3.0966977294556641
6.2774334956884088
1.0560119350205373
6.0571924359389477
0.4304146922471033
6.0074103307669287
1.1504281227692508
5.8465589883703553
2.7350491199068876
2.0235076259741427
2.5501760342440107
0.9876411907270081
0.8843145582747698
4.0445640385140855
3.0455479344591954
1.8103736889818032
5.5137241814658164
2.2544127242880996
0.0152322815718124
5.6605970078633394
5.1186993658353233
2.4452692823579523
5.5037746997930563
2.3642412109771400
0.8342454210461356
6.1966103293829811
2.8078758626027711
5.0081371764801128
5.9609043093857137
3.6209207000652115
5.2534975291082846
4.0248349239009986
5.2974578779462060
2.6715444887801163
5.0555619638425595
4.6852250873248869
2.4622891716646573
5.6234782926796756
2.2940301128662197
2.1246085117243192
5.8528277381257814
4.0962171482829124
6.2521599529214011
4.7260742860240370
0.3781344053825267
4.1661265234361711
1.1141295342982780
1.6878180654708839
3.8021490450905748
2.8713553275161900
6.2105242203393987
2.9167004111393884
1.7517623641740492
0.9706284722614686
6.1433384206362884
3.4256165594648853
3.3353985825097987
0.9797991118742153
4.6944493426906702
3.0253244367889613
4.1073002618849612
1.6233964443703208
5.3755417811446522
3.6508618137388029
0.6264415462541653
1.2680417920939915
5.0852770551791409
2.1844264805709699
2.4139827071066580
2.2723100303169086
2.9832012123742015
3.7061634928107092
2.2127812212770981
0.4237637517906232
4.7657674830022065
2.7244115775670346
4.9904441664404517
1.5541859596058412
2.9885603782021235
1.4110568481534442
4.7701747883987249
5.1679580464686650
3.8656198984116052
6.0154957591650788
2.3608389034180397
1.2822293903512236
5.5321477626124800
2.3670968469980127
1.4745509174861202
2.5618313749772019
5.5520711051744041
3.4009860506338980
1.2524058490219441
3.2539972976066656
1.2733072193022992
0.6402230255751612
4.9069583709785496
3.7322131515098715
1.6836946879316268
3.7687838093693395
4.9858078808780792
0.6403680903830458
5.7141046067065826
5.0369985750826780
3.8404253183870525
0.3441742320996059
5.4611148499447442
2.9639701486875611
1.0841597629736854
4.9518730248472069
0.8123740489622284
5.0489906938110982
5.6733738579608977
4.3545818534289653
4.3021065893305419
3.5134914174112897
4.4193131634335296
0.7626005071916805
4.3320950685540298
5.5602542602180272
5.4540232833424929
4.8087753543456007
0.4776122571751040
1.6479697216082796
4.3851598164857934
0.2642958151385575
2.3482437679296106
5.3974102253096685
2.1494783527535479
0.4312867526125715
3.2555798193861292
1.4185076962131866
5.8354349839503898
5.6977597228991375
5.2249530714619397
4.9057347898599080
2.2963237426173961
0.3188521584080159
5.4855980643715831
4.9681836006403159
1.5889406671288273
4.0447014967419745
5.1359441325829547
5.4453654051092588
2.2388119388834826
3.5087278114896976
0.0315145761117103
1.1506185659838069
5.1148010215523305
0.2499937344843236
2.0171837484066359
5.7752909143383100
5.7479804938943841
1.5319651915914918
0.4333185279238093
6.0673776719282069
1.1533980977641727
2.7986801296638149
5.7228874512126540
5.4674004057474166
1.0774437960745493
1.3561902145567013
1.5746659472445828
0.2202763586139921
3.6710494576530714
0.3378221017342947
0.5657578767198082
3.1926765934211305
1.8607771587758908
1.1113479783656712
5.4523542954502906
5.0309824693807892
1.3848752214087616
0.9598821218953627
2.0897562017663565
1.9005687669126727
1.9088100042430927
3.7564884099803253
5.4746475497644100
0.4557539596582541
4.4182261131565150
0.2412253220228531
4.2815628262197007
5.0585714862191349
5.7815552438349744
0.6096856587317038
1.1009288939242132
2.3573547172392328
1.9205203605934784
3.0876698620938479
3.7968861826619333
2.5494659672123858
5.6519827735830441
1.6159017097594077
2.2551423455248085
5.2295219981351249
0.0632747970491541
3.0027996414698790
0.5267503447343471
0.1439777050017544
0.0020033361193804
0.6361833452863634
5.7663609444479160
3.8445966026313658
2.0090929578206813
5.3059233020139986
3.7431304992267735
4.3939597458145432
1.1879480173792054
3.3103593113337171
0.2127111295141778
2.6312410710233518
1.9903838176983850
2.0454299399092082
6.2801899279646829
4.8892574610289135
1.7642536016411166
0.3451967047984779
0.6258324412384926
2.0025931335324345
0.2089771905043803
2.4666888479485056
0.6109230012904094
5.7326393063600118
0.2865826644964457
3.7260215446616538
5.3288824109721151
3.6843448623989952
1.5673400331492990
0.1902814521614552
5.6073629910664202
1.8692583152158664
1.7000333834381798
4.7235254790488295
2.0888797851056253
0.2351173528694491
4.6768180981353238
4.6265808317301840
4.7142516037210518
4.8676508743091791
0.5138266503307813
5.1103617167960795
1.0557148570133115
5.5362737880177564
3.4616928803852414
6.2309743738737726
2.6988298273596119
5.6627366959791958
2.7876780780880366
0.3785687866506781
3.8879600966667565
3.0107395018333531
5.4624084399774118
1.2352336485601543
3.0712128025240757
5.6702779216194656
3.7231686283742325
4.6448152931606890
3.6193794170425213
2.9994512270365776
0.2368674777024858
2.3238753954085425
0.3957583458973271
2.0793711204453555
3.4351808759673350
4.0106924929114456
2.1790523317921817
2.8556050458780562
2.5978848568626201
6.2033115495379638
6.0285358757797223
3.6433072807746041
6.0594444008458250
4.6726606247134352
2.9276539343821129
2.6236876370405540
5.2226369250397315
0.3162271844873261
1.5254114269175911
2.3064561736798215
4.4059870328802813
3.3979350839645441
4.0725993597579553
5.0092149529338590
5.3758559040944824
1.4125143235759414
2.3358625855696378
1.4373098041824162
5.5332072760815665
5.3597026216227270
3.3218792389817238
2.0353175858550281
5.7719072661434030
2.1954403822629454
1.5271999400075706
1.8416697647968236
5.3323765555417637
2.7086330397929439
3.8758807580868417
1.5441295418946115
2.6764615096625430
3.6779816473733784
1.9449158112796228
2.8979185756553529
1.0861348734573346
5.2556054952744953
5.9824752463666160
4.3368543094430327
3.2091779342755284
1.5936576719280804
2.2887858508159442
4.6216755934342455
4.0391120784773564
2.9545375705159591
4.8969770344946157
3.5955679268249345
1.4108205896746091
0.5171576262040805
2.1349856762222466
3.1974831209977115
3.3796981221890157
3.6248482936874007
1.1020061470057256
3.6390498832961220
0.6820949601416217
2.5737116738676149
2.4539885739391583
1.6874926759350333
4.6998879140413861
3.5997320595633089
4.0800489177067005
4.8266521145310755
4.7689608720236096
1.1829591933844152
5.0603944798139437
0.6117584561209679
2.2333510492005670
1.8059304372244036
2.3109631384551035
0.2751034260679547
5.8364881721810757
5.3466277813368963
2.6724064925396749
0.7118386817281513
5.5151184641233026
3.3979624976474190
4.9927311413142172
4.3619159132230534
5.5852299903399425
3.5543691060001494
4.7792501376623626
3.1013943838371967
5.1926534350613789
0.5978720866118392
2.8760432677036163
3.4710348168158331
1.1345417597869016
5.0974239790402311
1.2970401471828059
2.5018158637485457
2.9976304427375386
0.4431115677566747
6.1060343981878420
1.5825947158330225
5.5721095604491175
1.7905386853691969
1.4513871566066814
0.0041690358623980
2.8810868358603852
1.3439475675293433
4.1670490818580959
1.1908941066746594
5.2763922926791142
4.9385698189067249
5.1667890428397190
4.6075889815212996
1.5443625370406302
6.0806637999933129
5.0837494803903622
3.2256708671084864
4.2989835056162429
3.9845147849170446
3.1006239652678582
1.4790009223428067
4.9707825318893111
0.7197018582800597
4.0335418444184921
5.3406731492396506
2.7876525429256702
2.1257314017734328
0.9379093263959316
2.7756149182837544
0.3546882287476235
4.3046075880488006
3.9306008462329940
2.0803249771055916
1.5890698189728001
5.3309665210003923
1.3018815062136755
3.9855160521815614
1.2354324463140860
2.0551337466046133
4.3134406214927639
2.6744794832733674
6.0844335836559384
3.1922044207602061
3.1767964269761024
5.9073479367655697
2.6008008872705517
3.8124965041770142
6.1615643279548546
1.5756107285988727
2.5792000509524571
5.4534197813133618
3.7458872877686997
4.5999844962595473
5.2641996004919616
3.1643644567365818
3.2940460658557225
5.6449706439035481
0.5725312180620589
4.7119062429200298
3.6340084869490688
1.8572258495024028
5.4507164087413518
5.0697251597272617
4.0270236164400179
1.4898042407335121
5.4318513036217988
5.2004940561479325
1.7413304818532713
3.6807878103616933
5.0206695886001240
4.2576736071050751
4.1224334837068843
3.3433294607154704
5.6032775189107946
6.0387550505635756
3.0616747008207401
2.9475423749248995
1.6386314454520725
1.1794733722288637
2.3790009927132023
4.7420886998604646
2.1360832292798002
1.1025955749510361
1.4585040102490059
1.8845565273275866
4.4688359496473327
1.5448854470822122
3.4961067953598506
0.1458500311051725
0.4818901903030540
2.0338008347136456
3.5115157484314654
1.4547388684583706
5.2207666960041355
5.3677153872995902
2.7424016445132726
5.6441920370718996
4.7408505678849080
5.9726891238942033
3.6452486336582188
1.8522731732694864
0.3296394723039329
2.1613735815143822
5.5254978754363089
3.6196459505662695
1.9816794031439033
0.7654638014844080
3.3275195086352474
3.6992734055533321
0.7341377020250630
4.1665114029179726
5.5391358850335459
2.0672666574596912
3.4590189130315214
5.2581672820357266
0.6928739894820527
0.8076151434012349
1.0187711106373110
5.5820260448121015
2.3995745659143886
1.5803191450167986
5.5347895461678949
5.0016570199495325
3.6085450157605559
4.8893943632878969
6.1930402079167326
0.5618905813570639
5.5272538383976997
3.1792402342894470
4.2610736992589544
2.8034059707261383
3.6072068713631307
4.8749191041734612
1.6705770635091026
2.4394447868708324
4.1532843075638235
4.5871667932343989
4.8244945535049464
1.4259551580284473
5.9988478349301122
1.0217815579966825
3.8214258548894255
2.9678566922541392
4.6077746182948562
3.4337472032553618
4.8532990759845447
0.2602428588516900
4.9754628083097137
1.3511286132705116
1.4613167287790454
3.9247803151404326
4.0440241325510033
4.0231834083296780
0.4067839612013285
2.6479250799407814
2.4820816613760117
4.9322498943737250
1.5901927588483078
3.9276583912077161
1.1060139797005737
5.8855621137404261
1.2280128317158163
1.6844621419280286
2.1368513863977494
4.2118129164596487
2.7249146972099032
0.7722712361914625
0.7412964262286219
3.0715986229560763
1.9442181449173834
5.9599114571802607
0.5660533584788091
1.1662213511689468
1.4437598736136044
1.1839382878175537
2.7996394205218387
2.4250356237850519
0.7356138199568167
3.5463425826746433
3.7178468593956699
1.5175344459181344
2.1806908710663935
1.1478856404558779
2.3543523441314602
2.1755865199407549
0.0426368806290894
3.8751644210389431
4.5417991489444463
6.1914304433720044
5.0839856711124316
3.0426493316265892
5.9448062775697013
2.2279410287805121
3.9943409429696204
5.5890581363130254
1.9708748852147944
2.9157489517735868
1.6933664464238170
0.7059412359157792
2.6701716154134507
2.1016999896245419
3.1523790621670136
0.3998546256936462
4.2460974254624446
5.0158222316290013
2.7638128276996947
1.3418901047659317
4.0028064518480351
5.5313520637002345
5.2647854116785480
5.1326390394697876
4.7349532325997616
0.5765400198164408
2.5436482504875615
4.3501771041011503
5.5016085252295976
1.0921341320237794
3.3750304024318405
2.7444476981454708
5.2803307285972005
4.6689543826052020
2.5464023572591628
4.6800446227366592
0.0905886115037824
1.4533677647075085
0.2329671459569995
2.9920116258246141
0.6993414493622422
5.0015439225929699
2.8971570882578783
3.8576766547097536
3.6018605759899183
2.0845579771990135
4.0357806465051000
3.9587569711978219
5.6088530133589405
2.6906946312393849
3.9722359253823769
5.2849631658482989
4.0696686373134812
1.4243806905609600
1.8225019777107272
4.8860845371593351
2.9771835404755702
1.8593024595115686
5.9556270426461335
0.3830600230937926
2.3219832782893319
2.8354941533063229
6.2315242974967564
1.8118947203713087
2.2745308795459263
5.1093236049477717
3.6758554663615408
3.6945408421850234
2.9590729265945042
1.2581494482300342
3.1209734697724363
1.3344026681294572
0.1171722670083211
1.6965784892730211
5.4978821048032591
1.7160454188420029
2.0666355688538354
5.8516054785222007
5.4001798086054213
4.3949975124942808
3.6146691455612867
4.0423398877811501
3.0538496502082650
4.4403441915032573
1.3010830316716431
4.3732237795761790
4.5781786210519941
6.1195315170231774
3.3648675411025644
4.9914806971861845
5.8387948410574824
4.4894678430153157
5.7344020059577838
3.7520579849609725
0.9849413928748301
2.1869261715581212
2.6890835185832445
5.1361296948576145
0.0721424236728414
0.4222122289019368
3.7515418332999375
1.8166091936056887
0.5729024300178284
0.2612609919625037
1.1987383373245966
1.0142263386080266
1.2983008859712182
1.0901657590513292
6.1936624030819694
3.5513739645722335
2.5320579589498302
4.4253176084228549
5.6638154205266389
3.0139105762779592
0.0702293259404712
1.3721895889619034
0.3726562928093795
3.0131780679856033
3.4929341027857590
4.0932234778009633
3.1568637509543147
3.4430834241594575
5.9000850416501356
3.2640289294643283
4.5178035885927113
5.3208253101830802
5.2856090044033817
3.2969480511587559
3.7828363924483228
5.8377689254442986
1.9501191339358293
4.0948636360601878
0.7220145083130496
3.7480825515154161
3.1364853411869027
0.3725698056406838
0.2710542875892291
0.8508184756492965
6.2699589916418601
2.5282005654952067
4.0486447912896253
5.2970362016647607
0.1627440770115658
5.9707405991812434
0.0010731333779745
4.0713357853595271
0.4539798390579776
3.6839912113187898
0.0278022951458110
4.7866677391335077
0.8492094397156061
4.4526751212579772
6.1835447198239635
1.6268651522886128
5.9374384695459934
4.1549999705078644
2.0437938080559044
0.1077204629265929
3.0941277979207604
4.3929554566769644
3.1792240031613912
5.0217948224258917
2.5764503549752842
1.3916763748428471
1.0969668865300575
0.3698880769755608
1.7405992746456616
4.5601008541559711
3.5815399034838169
0.8700452966448128
3.9647870989150347
0.0411792896763062
4.2409532788721167
1.9452378758730973
3.4879761437024897
2.7831170919323958
1.4446500931349044
3.5407446982524231
3.7532671722925683
3.7058011467349847
1.9240354283478542
3.1069720378487613
5.2241928490488529
0.1383442326784121
2.2422008880510784
4.9387170887748288
3.4743280696689851
0.7399307378569174
5.9470308350580163
4.5720882455170457
4.2188512334961636
0.7586263285329766
4.3846377883661569
2.9275860535900819
2.4654581196207341
3.2049577917178507
2.5387263430845719
1.8979797049963918
6.0664519553995397
0.4952345933129947
2.3058348015529671
4.5900826330833713
0.1926998498921140
3.6137501351570083
4.6392180323414411
3.1231910070675788
1.5231389701840299
4.0882627830365319
0.6654220362937914
1.7640217461765573
1.8017559794329168
1.6223557060876863
0.0223993008188542
5.1962266834345057
3.7975778412690402
4.2758556996080408
0.1626920037733671
4.3779544919207627
0.0536489657644305
4.5003489699559065
2.2639970607534949
0.2663743202734794
5.8389698564788644
5.8983313172127785
0.2846769230655508
2.0741905190577015
