4.6210578230203021
2.5749444032943543
0.7143368504845476
4.7283145840379319
5.1971318856675826
1.3148302502796849
1.2011955598079007
4.1207799946359973
4.3874462635701459
0.0521814492829078
1.2411409045287245
0.5265919108372712
3.1215827696412792
4.8852195527607867
3.7362943777934952
5.8279837593473030
2.0598545543056046
1.8582568118502640
4.6215455627450952
2.9178607498203983
5.0486534307616528
1.1006540284832134
4.1153565447661888
3.1036274770726169
1.2668408171359411
0.1969388837194835
2.8731378892274906
1.5875136525686755
5.3400708092577354
6.1408184780326298
2.6009745283389925
5.0232914124177315
3.1917756027097863
0.8052740496445220
3.1157141447383991
4.1219705690570549
5.0723486748438873
5.7664449811804213
6.0709918170640220
2.6468572141044167
1.4827924686713236
3.9439424289402267
5.6968411876611764
0.2909227266508262
4.7399821240321707
5.9684457683324510
5.3480791329355606
3.4806163930074909
3.2236562409459313
3.3816101965931002
4.0618531086832768
0.5487866332730577
0.1764615647249339
4.7804896769326017
4.2034939409628098
2.4828031450956520
2.6146225036996600
3.4621796124568793
5.3070491650360507
1.8478066588892932
0.5839025627157055
3.9924138146587835
2.4446796393263539
2.7006792429017410
2.5542141223511190
4.0568291118251327
4.0493231369866862
0.3854957549719068
2.3056492736088794
5.3862703261624665
2.7266607784928860
5.1101310281144414
0.0821824037851932
6.1718541210489182
4.0759094453646956
2.3091857845152144
2.5285724604707935
3.9424693173074705
3.4211438123318096
1.6737719764540848
2.8360888223098191
2.5849664070444929
2.8145108548587374
3.6473059214358301
1.5208296852172856
1.0166004770370722
6.2605548975171317
3.3478221739299183
2.1510928283265582
6.2500165361966724
2.0060744909102670
4.9066646202959783
4.1918074548801982
5.1712404331223611
3.6322867443717639
0.1240991584853417
2.6081319502304883
1.9574140264961335
2.5385010891646114
6.2051442521507729
0.9458046436514522
1.9480181120740263
5.5210222055245897
2.0766560102883362
2.6642827633129769
4.3811370554399502
0.2839199759013816
4.4717330247690708
0.7042067708379198
3.3841522666361978
5.7351591124622576
2.6464913360362856
0.9604882501593108
4.9454597627466779
5.4151430914096501
5.9421578434793281
0.0491479864874018
1.6298167219831940
1.9053493421866163
5.0264632721410836
2.1709796948868751
4.0316095278428268
0.7184901216002674
4.4013370346161018
5.4803476228531647
5.9818711146113310
6.2509782066918422
3.0950210859733152
1.7127619246913526
3.3997247800944650
6.2224787696163277
1.4439865213300165
5.2222162377592340
2.1183158247069933
1.9526696579611871
1.4411879799482326
0.4768261131798882
6.0003516458922004
5.6007043424400171
5.8672246872005429
3.4896773186537797
1.0227565673854841
5.5328042030645967
4.7633248912082102
4.2708379965902523
2.0758964775565074
2.8613110012753129
1.4126904003627534
3.2482286071629063
3.9269455055672413
1.3668633473291500
3.2014068348877083
0.8195490118870062
4.3948697757323494
2.5039514732373984
0.4529241741262047
5.0785506453304841
3.5209520989648948
5.0855055230061961
4.7245645625493307
1.8882756489577643
0.0753165156808179
5.0145721447823819
3.1991987822200905
4.8651329968559018
6.2729702604240742
2.4194041100509809
5.2855661775570004
3.1489426475620661
2.6760849560126276
5.1883701691873130
0.3026091411984781
0.8115424819108947
1.9483840002934594
4.9822980758317934
3.9160434158335100
4.8096282358559472
2.8945150564971658
3.2678280222318925
5.4946690270608771
3.9638896605000462
4.9531835027787308
5.6133224605960814
5.6857734162373692
3.7685609965588087
6.2421927040867287
1.8626011591441207
0.0424287221364821
4.8363323287474946
4.4465166608063171
3.6663947662938825
0.0448038086192673
1.5589518792801880
2.8597597468156524
3.8609367696176089
3.5447967570940184
4.3530559486538776
2.5422377743591467
1.1605013477852597
2.6932870218373219
2.6790095222045505
4.7477370849108000
2.0637664762023893
3.2676803338927085
1.6029403951023293
5.6529951416895283
4.4259258831512893
2.1895645880018577
5.8537425551371021
0.5461862025716921
5.1063442894852349
5.2081493542660589
2.7177495055872480
5.6446177388621015
4.9512250031376839
5.1306362367730189
2.5680982110347790
1.4815785138798578
2.0503640455682444
1.3076326636046318
2.8907841496091162
4.3010079203404459
1.3710372456052897
4.0604109339940226
0.9318056523376591
5.7288275683807726
1.4841692527864117
0.4662702378234183
1.3623905171621866
5.8060510521471569
1.8546470786400511
4.0240383720064719
1.0991327780438749
2.1089068346004201
0.3669524005472311
4.3535784303810239
0.4181980276388401
0.0831452066717260
4.7216934480963486
4.2763625305388446
2.1179472032762865
3.5235940714762344
4.7581367733172915
5.1517795846317425
2.6772578225504025
3.2982217773361597
4.8151595838789332
0.1985863692272668
6.1113618173165456
3.8020524275787144
2.1237856795977796
3.6950764973841643
5.1755086281145095
0.7528960173725353
5.9146030207008877
1.3634869357442596
3.4943409673031733
4.4125048107855518
3.1600861692423865
0.7570362256388636
3.0041695512047086
5.7093730692067943
0.0193583643363284
1.8428602138926502
1.7801839193634517
0.5933479045646223
3.4730200584898117
3.2940007396632591
1.1872367526404330
4.3527293794442414
4.5985494725479921
3.3028876332639929
3.7007516504703930
2.1099083766267626
4.2538635371350635
6.2106295496717987
0.0428578945515039
5.4427875877889278
5.6275033714989400
4.1067602365160276
0.6957779100252743
3.1249113008313789
5.0938067128964928
0.1863460224205681
3.0555000652426383
2.9800678642317520
6.1442479174988973
2.7990118307306080
0.3376135337047568
3.7363014815518856
0.6338540814525503
4.7256834419223095
1.6423988530223914
4.9405254596952313
1.0884716583260285
1.2432193067891568
2.8554214522877408
3.4778880818370030
4.0746282270636058
0.7016924936714817
0.4067974410038963
6.0730124646739156
1.6564234025791285
5.7596694664320207
1.4704177515257166
1.8829285148954760
3.2228455041125801
5.9711816560707227
3.4247951852775422
4.2022441192591060
0.1022313596028424
2.7948573483557291
0.2995167422747660
0.8421256300890231
2.8066800426318865
0.0887855502525038
3.2846893166657156
1.9363107290738450
2.0869429045043031
3.3507110282889201
2.8077636868102340
2.5561103949612929
5.2329574061768547
0.9405441023405344
1.7184668700452570
1.2252160433774106
0.1591832298180995
1.9216974770677140
2.7775100546727693
3.4978129301943994
3.3487427805368384
3.9170873609581802
3.6575927219836339
3.6237171857564086
6.2172815155746441
4.3094632774863895
5.8867068330212184
4.1555575266463682
2.0623458784728661
2.1859174476498748
1.7068121568456520
0.2326842740325500
4.2094440359430143
1.8669926785956941
0.6519335287149511
2.3124089199304692
4.3702438249118698
5.9933029893810419
0.6101567244155744
5.4531800234069019
4.7870150551227502
5.0566948222228856
4.6050000760754148
0.1611789717178871
0.7383645080995134
4.8517085603952967
2.4886993907306847
1.3275016611962136
0.8009218050696066
3.9731526164568125
5.4207255575514095
0.8467585811544837
3.3640590963058656
2.9270717221496563
5.5644110217223144
4.6205189166108793
5.8797063414405999
0.4892825243763804
5.7832345570229942
3.0867150262248475
2.4053681164132734
4.6761865114927277
1.4034969486584103
2.5915196130943738
5.2197896403571402
2.2908453959812545
4.2308360931056264
0.8613374353098632
1.0968276844611531
3.5230274552725160
2.0572952630605155
1.2440485359481770
3.9561933700433127
1.1691283023868204
4.2372819067741432
2.8348068731123282
0.0112627120144111
5.5774741119481739
4.9209965687774835
4.4500178799259373
0.3801001540696904
2.3365742908103506
4.0593699431278498
4.5242849968268457
4.7217453459579986
1.1759701093881951
4.9561541880757192
1.2915945378844693
3.8587080129044460
2.3162839468626126
0.8567204850652719
5.7320411234142785
2.5535658953445379
6.2447837036597713
2.0892029969126362
1.6868031222946067
0.2491137822328980
4.1388382203169698
5.2592886011015478
0.1621295209856788
3.2547917008594180
2.6133598424850817
3.7245209585411194
5.6849841547308699
5.7983979617824470
5.5366224029098632
3.7244452566913417
4.3817667052439848
5.2460677569689773
6.0940115240008241
1.1670015424623428
1.4102042604509788
1.8407602397186149
4.1562253216716405
0.8008335513913278
5.2002237870009784
1.1843427642076432
1.7266420912887255
1.5319022345196651
3.6342876795145154
5.5033014718636757
3.1337325310941750
5.0038142141344126
3.8569838583298779
2.3449024932262197
4.2091704669217149
4.5606698871828240
0.9534958633595944
2.3882220775197656
0.8151113881730571
4.2462480794515027
1.4432832548402670
2.0439576170594975
1.0066050253113716
2.7489118493766331
4.1905510749267574
5.9514931894320187
5.9562442292774564
5.1084545468508509
3.9781944988810820
3.0103360694429835
0.0042391890324637
3.7492737931567657
2.5322351507254117
2.5795387196244448
3.4500999312213554
1.7049685753770747
5.8914238334212143
0.0266435095955289
0.7306112373870886
0.4698596014901948
3.0361183184554417
4.1400336733149121
5.8818116820292765
5.5399776666249601
3.1143359163793298
2.6417667532311757
6.2802113570548350
3.8954314902152833
2.4647447670216325
3.6579689612278692
4.3559495939237047
4.0135732525564896
5.6990406171373147
1.3124916711908787
0.2446674229595672
4.2487174442231055
4.4145027149855869
3.2657813860963096
0.6562299707591431
6.2003432840637149
5.0107431721627416
1.3477803313038519
1.8110799776904258
1.5829023409148337
3.7172246826826685
5.7353416697338098
0.2529861947495149
0.7355382378822448
4.6191945713950355
4.3449537398712890
5.3924023922806414
1.4695830583051392
1.1686172091399312
1.9898410495163812
0.6954639760428268
2.9353774686417777
0.3381190714727305
0.2891015065341032
5.7265592443121758
4.7234434277996860
1.6125651649608341
4.6275958127524639
3.7510583312169321
0.1841618631091411
2.0940298571787204
3.4875545414609692
5.7379884612899170
4.2161970807512130
4.1937009762853652
4.9018782911960006
1.9907580866074053
3.1092756300518225
4.6300928132549251
0.5128219522126951
5.0077611272586120
4.7662093917271990
2.9134562510443014
1.0362971486915389
4.2476758314885323
5.0306719960471975
3.1450020619460552
5.9538568041480229
3.0434933715555945
1.6747288665857254
3.6732791148299286
4.4571282654175937
3.1102424394244927
4.5291319922718634
5.8521863256477280
5.7883052021784156
1.2343961683927800
0.2821802394054511
4.3761649177631261
5.6878154860348991
4.9711238304535801
2.5759080528024896
6.1894994702101522
4.3639338406731625
3.3670202190052105
5.9481081837302234
4.2081980577772358
4.3903570259753097
2.3279782714869839
4.0275723008268303
2.9230864443980651
0.0880073566316952
0.2431542122277223
5.6567311061153589
2.8230121236962811
3.8848562724912719
5.2935476430851782
0.2881186086335485
4.6741352089784405
6.2814533180833907
4.6689181287078680
2.4996564053424746
5.5911216156547159
5.2532017519925418
6.1743185747444924
3.2763332746851495
2.7746812643444922
0.6889409047743674
5.0945565271688515
0.1013242147669682
0.8233863753543242
5.9425812639752182
2.4528263351504389
1.6668585477544242
2.6178784643089803
0.8608585509126632
0.4623542830152546
3.9620590118953278
5.0507332026524274
5.0606371820669942
5.3775955064050196
4.7044558291707554
1.7276336789136031
1.2113444569770022
0.7740823426986626
3.9779387235831694
1.1695651294217697
3.7636933589028470
5.7348430708334073
3.9845197512245152
3.1571999581906729
2.7744883069555719
2.1334865021672975
0.2116267054620084
0.8571902963998123
3.1102761523020503
4.7779105825594481
4.8080729972684075
1.6336805405288382
4.1995357979743249
0.3379044191187259
0.8878300123046445
2.2742111841820125
0.8706910492972215
0.3900468407262994
4.6316830107154834
5.9450893339298290
0.8867058878135728
0.1893097851499817
4.1476641590482028
5.1256877385454720
4.1106067938647923
2.6034161395288606
4.7083973047783454
1.4118570325079456
0.8936221499292818
3.3527952503113880
3.3365991881471766
0.7269987758513724
5.9186596591175897
3.2859196771687378
0.7246858504667861
3.7086031883421704
3.6990094453665945
1.1096600291527030
1.8303287865139879
5.8425079269807210
5.4608690457267581
5.1706953333171262
2.4299069734818906
5.4617467015399708
0.9038448509392235
3.7196661397633828
5.8953669021596493
5.3601420082504596
5.9664571415945655
3.8283641899563192
2.0966901573503773
1.4218559661705745
2.7468117582398373
3.3039337645914877
3.6402188478661386
3.9261262434076323
6.1461557738515848
0.1655892893866954
5.5485320673995115
3.8781769540470874
0.5036399358444070
2.4099713151016120
4.4328365689848779
4.5556899388701302
4.4683189606023790
5.5079424312263461
0.7846570408039071
3.1729597706801593
5.6077128215842835
4.4433472861612078
2.8030138751259002
1.2439475462750862
3.0601485318436956
1.3647934539497106
4.5204744998509616
3.7962170722367961
3.6921249746518696
4.8305696515724899
2.4597618803558916
0.1910793596997872
2.5596294468961562
1.8777671624191115
5.2144238005090635
3.5193512533305249
0.8101945911409559
1.9651195475782155
3.6032719486781222
4.2017183536024909
5.6883742492901748
3.0087237162937281
2.1531679678570161
4.1496945210543954
3.8029304547087461
1.7207483416134073
3.2163272713403681
5.7501657015592906
0.2530453851000313
4.7261567228402708
4.1118582009581868
3.3751636092760777
4.1658185850485756
4.5169807470380992
4.0876145725463413
5.1253357870783649
5.0457033280769563
3.4837478465604086
0.6239431756671890
0.5493117070910167
2.4035792040439863
2.9244476903797842
1.2597637121700223
5.6413053745400221
4.2438946959020170
2.6333163345885109
4.6460498882029233
0.0307342641752155
3.0673762573684566
1.8242466216813953
0.2012855613117917
0.7350396580464372
6.2418309468809738
3.3014593149303448
1.9458457892729519
5.8678939993141999
0.8687913692823650
2.6984947360311802
5.2029401203586039
1.0233773039382346
1.4271379131144306
0.8566180207755990
1.8378277112961856
5.6934197371200668
3.0250783143288551
5.1632371804568891
1.9422164068510352
4.7027487356158328
3.3393251693220654
6.0185440447972756
5.8669303129476207
2.7772996864666877
3.2956098714621711
0.0352624476896265
3.8135247914232271
0.6726412465373353
4.0969925445393907
3.1830580468942906
1.1965336106259494
3.2726051905937306
1.9087555345461880
3.2693422719593599
3.3450951005300631
1.1039757457862800
3.8808955369389189
6.2578082231519350
2.5691322585526275
5.5039429362934973
3.1242872983585364
3.9152221270797409
6.0276950281092159
4.9927127017552717
2.0354247539292341
4.6341268749348412
5.8213661646641102
2.5956288293992258
0.5083392173210544
4.2513264495477463
0.7891077081599284
1.4031449940091747
5.5622589576313279
2.6862740715146325
0.2809884667848103
0.9473222352178329
3.8448675568983348
0.0410031275318554
3.4178290681085768
2.9993727821580585
3.3246383762295739
3.8892596283056351
4.4212202410253019
2.3431635464149130
0.7743217195668380
2.7932518177861256
1.0838526005843538
5.2176874659695480
2.4032440859536375
0.3767557752789361
0.0820035727978870
3.0419149191674903
2.6751290240835623
5.0009470670604879
5.6067506746011828
3.4772675163587214
3.6903120045723146
5.6912455262456145
5.7874474807512639
4.5244330658125094
5.0594150302831755
4.1404254361140804
0.8708201626919791
5.1707765552062561
4.4095674144065278
4.8121499777937178
3.7913632220854439
4.3792098600820140
2.0276568056505604
0.8308270159218329
0.6153399547187007
0.6616868584118416
1.8346195648247683
0.1534858656515061
4.9897776245120440
3.7252998312121073
4.9997981554889988
0.8753569507179784
5.5104006702841604
1.6085914018627987
1.9363832507012355
3.2042045777765114
0.3719315890683647
2.0704337977519462
6.0829151802052701
3.5187778899509223
6.2572032959283987
6.0888176398250815
5.0574209840495445
1.4512200157719664
4.8151739666926616
3.3517491608777767
3.5588154647689336
5.0731169631213744
1.9793847783885643
0.9579400909862952
0.5968388572438212
5.2289720286390331
2.8204322461092017
5.6681228610860011
6.2775236434097197
5.7851236679638740
1.5561481934926444
0.2977055044506794
3.3414565863881402
0.4961839166042641
0.2029506410525251
5.0044165839484496
3.9649043499324672
5.1657225901906738
4.3913966079787672
5.7829888717978823
6.2713650844220181
3.1061821344670366
0.4810320246577608
3.4382782263484706
2.0587256833071881
5.4886325607636017
4.4107382449225554
6.2512047052807853
6.2611357474689866
2.4114383356376803
5.2738081546749518
2.5075570161143492
1.1299507413608829
0.3312032017940336
4.6925031366851790
2.8656551600667552
1.2623684219598570
1.4598704831587654
2.6606769224001643
3.6796373302081555
5.9004876538334514
3.2941262408086356
6.2377543705800926
0.1338911293955166
1.0499422379102934
3.5511685647862183
1.2752932064699860
3.3816989566975102
2.7170938531398279
0.2643707845234775
0.7795949792554353
6.1518112940575653
0.2717103731159065
0.1960038860259023
3.9373640032100772
2.7998292749215796
4.5331467573898303
3.5211743924645393
2.8580505593753238
6.2109885655693722
0.8926523281144546
1.7898159746371378
3.3137560342575734
1.2643058881662006
4.0635884852063366
0.6249236426146425
2.7020788090891590
1.5810378745857898
0.9272752918231986
5.7693027147888589
2.3554741496838703
6.0107943622884870
2.1390154341460605
5.4151350822801811
2.9444524159766980
0.2270707752365737
3.3971858141012810
2.7925698707384945
3.2511599769890136
1.5962290719339753
0.8026210985891524
5.1788364341444346
4.3151040891301804
2.1388862677172193
2.8037654487816437
3.3136920913759553
1.1974801019720764
3.4124504569269920
1.6848621393073813
4.2103900055290957
1.3036967416272514
1.8119168960569618
4.1823544794469383
4.0427542488034369
5.2305097861068788
2.1678881601012883
3.8412795652957379
5.2940133610696494
5.7761636520475079
2.1439783429490644
1.1975663502315146
2.3021372594974290
0.9645745977594483
5.2456635938850207
2.1645577962081339
1.4126719777668244
4.7885694673357673
2.1940907979399418
3.5999467788888455
2.9634167997105525
1.7540763515811939
5.3264287087954019
1.5463320782575245
5.7172956580364254
5.0932698013391819
4.1782237623729603
0.4185170314831003
2.9117480420886368
2.7176754043392544
2.6510202379059020
3.0664720572917492
0.3840376464343114
5.1612254998823994
2.3683188994715270
4.4736685821355673
2.3695339214871844
3.1442243048820093
2.1797642267312929
1.4454300996948035
2.6114770450440554
5.4350929866087583
0.2859642489576384
4.1196082498737097
6.1157359670844249
0.7578099425830549
0.1014958607998520
5.6782237262302537
5.5298164827113805
6.1326026327528602
5.1201289584933098
1.1957624623407956
3.6341459842678190
1.0324611683490008
1.5379363069420224
1.6540754118450618
1.8822447035033603
1.7903796557458098
5.4928451199659341
5.3838560203695724
4.2037905904317840
4.4305953862383927
2.0962720787577425
5.8473194124377681
3.5267826300439400
4.2854366519645017
3.1485181227603802
1.7050077655911422
2.5084010939365671
1.5968782103570864
0.4821439654988730
5.1953370899704927
0.1114498458842010
5.7145076095287681
0.4259710940482794
1.8513917859594979
1.3416109632971196
0.9551420632606239
3.0454582226165621
5.3613107341350190
0.3781779455377944
3.3579928567376509
3.8961587627724645
1.1060717886128011
3.3324740999534481
0.2918724256407403
1.6192867729464215
0.9935589142048538
0.0681498550848042
2.9360407349832105
4.7568782466086628
3.5609333414664355
3.7856514938173813
5.3721786311784641
1.9558272112098065
3.6852966368928080
1.4760396412142067
0.9335425207543283
5.8550218008193973
1.9990619682443638
4.0959899367804908
1.6383969771438285
0.0997724538725309
4.2442035063929984
0.0504387609627001
5.3850248339123432
3.4139567396678929
5.6805703938945591
5.7583870277671387
0.2669382531438644
0.6736095890128823
0.1859013937721424
1.2171740487566891
2.1412781220145360
4.5097233663898653
5.3075105381956682
4.6989611717716055
5.9310760033240264
0.9373706916843444
4.1902978709819321
5.7321371266953953
6.0135767949219403
0.0704529389366979
5.5111346343711380
3.7795149795544067
0.2503557035236780
1.0988391889324585
1.1548716529009899
1.8809735089299542
3.3386840853848123
3.8393311421180147
2.7209116096501762
2.3132171270118191
3.7286897309606308
2.2712124313858677
4.3405453646447283
3.6443059510433078
3.2507439896050911
3.5941172671487398
2.0365703593762534
0.7103499525175304
3.2123883548367593
5.8569656592226913
1.4489117771385340
4.0509274429234807
0.1522619716144467
1.8168518633092940
2.5250894846472911
2.1753465578766824
2.9417657035348714
2.2205835760575425
2.3877247755926883
6.0230257502118016
0.0079017762487188
4.0468027821873838
4.9979699908839974
3.4629110008192883
4.6868670927911449
5.4896622979379774
0.5075455112132500
3.5280282259421623
0.1516687993153374
2.6235442121954700
4.1305515997617928
4.4300229635858752
4.2657429149771069
3.6272486880413966
1.4037781729530074
0.4582436952531864
6.0370993798124797
4.3904514012256453
3.9861627640245358
3.6264034305233088
4.1460922645135545
5.3001506984474585
5.3935223097164320
0.7744101546762010
4.7312254782264969
1.4369966725512755
4.5168681864940279
2.0755252737170773
6.2476024899076101
6.2077902239339009
6.1285124764191341
0.7520646605112724
0.5450380757220528
6.0281882792530332
4.0953994116554018
2.4270562067565145
0.6960878910989707
1.7491474451081681
4.6442742042864067
1.7449737757745740
4.6506853993501176
2.0850737273268121
5.3125018181351260
2.7783704993751317
1.2509007391981142
4.8102313146258817
1.7583140111291602
0.2924124838972008
5.4719218634527156
0.9639188074615199
3.5800773677117670
5.8257341380290244
0.4143855844661022
4.6808126158089296
1.8902338639601546
4.3920001875024628
2.5709711611115900
2.9723848532133244
0.8001193299121199
3.1443262157981744
5.9729794942098691
3.2989842997434273
3.9787928111804782
2.4606073066929839
3.1166161364241547
5.7574452865769334
1.3639953900816861
3.6976757991656166
0.4451300407743585
1.5415156881761902
5.7843735138518966
3.5624599112585655
2.8682831611279975
2.9497376639918897
3.4129767909696040
4.0491600950494062
1.4005544867500004
1.6743547275295714
1.5722247507808647
2.7758690417248939
2.5262142892357802
6.0897335434252238
4.1484171717580516
4.0026874184200940
6.0346073644709124
4.1644431882562918
2.7163977817222267
3.4230479489342227
1.5068037433863954
2.3203717223178910
1.8065520508044095
2.4653100759528712
2.7090736904353481
1.9309706570906102
1.0937071323241077
1.6254754217414107
2.5657609405947723
1.6797440883348544
2.1476190810324058
0.0327211970704736
0.9896973806771618
4.6173293521029537
3.7753297746279917
0.0032025445692950
5.8908870666708397
1.7145951999503337
0.0351781394827564
4.3359289419973246
1.3948524510624263
0.6222634039641026
0.9913976887246336
5.8539031556955443
5.7656000185919005
3.8773738504133064
5.0782565986289869
5.7378595267917651
6.0558117200354413
4.1944779324767802
3.4385217201343639
3.6172000100129664
4.3252163491171398
2.5333922855497084
0.8733454141812079
1.1375122650187768
3.3848848491812724
3.0263650306237291
5.2954322227076531
3.5134363378143840
3.3305501086185481
2.3542427658310268
5.5647369575973125
2.9994064999887300
4.8857219860523662
0.2431141599922702
0.8093218062228100
0.4274865928257759
3.2178442216005654
5.7478294735386575
4.8962846228837753
0.4663140473437489
5.0321861915678801
4.6512715763243087
4.0932112479825964
0.7531554813202370
6.1907841275849762
1.6329139373519383
4.5152417034826211
4.1499616049635639
4.0479911544715872
1.6936595995729495
4.2599135597494602
1.9880507725828531
6.1127917700191787
5.3680543498717714
1.0269292759456619
4.2837854865388323
2.7075892680641904
3.0239712485093526
5.1337013688092448
0.7860445278173338
1.4167408061071194
1.0778651215449235
4.3628310514487003
2.1337791087633491
1.2161696896413712
4.6518137383134119
2.8152277790521731
3.2455613501385465
4.0554477818312309
2.7600475994885847
2.8129351592251211
2.2476867865223724
0.4472659700960350
4.9155905758631055
1.3705686038805927
3.4969946204935609
5.3130434637591177
1.5608282112915655
3.4868915676107211
0.5186809613643003
1.5542135070691352
3.9369579808492978
5.2489353146006703
4.8373355252022217
1.4514810848635307
3.9670083929318762
0.8053986202832921
5.3885908693858946
5.7100667155251550
5.7007497414670869
1.5409620561263853
4.3990879713422535
4.8752378767724727
2.2054608976589729
1.3090980778823198
2.4526546112906482
3.0236973856413818
4.0294543026022502
1.1720320690752672
6.0355169211453994
3.3735530249304642
1.2884297716037414
2.4952974501749576
4.5328295952043582
1.4050769815181372
2.4384431420420616
4.0448177322562655
5.9299364013568487
2.4480615429622259
5.6286269635838684
5.1130869137457706
2.9085021481496667
4.9787911323615077
5.5406136872147691
4.8737808869408443
0.7300104868000126
2.9735867974642400
0.8769180069744822
1.2835268136170304
1.7217853668943344
0.1071298796202997
1.4916286970629167
5.7446868388069721
2.9083798444302560
0.1942939396299199
0.9724059774826794
0.1218708443439947
1.6970183587315479
3.9522262241265511
4.5275756158618305
0.7647296688555976
0.8109680869389099
0.2027423647915594
6.2608563536188662
3.3969399107386216
2.2966212258588623
1.3686313203933214
0.5304794003731481
2.4673243004021321
1.9223696017376033
2.9267962605572984
1.2756124680998655
4.1028567239448330
2.6326339655250885
3.1060132955052890
3.2097130649310217
3.4683006838590638
4.6754268626478463
5.1826981173103999
5.9389739723280339
1.7991212202347866
2.9311283880733110
5.0875387306197668
0.2859699172028326
4.6712531683674090
1.1222427400829822
4.5304923891454800
0.8864338253002150
4.6335340928874711
5.3404434276208566
2.9827776646600412
1.7383607109226511
4.7574972276825926
0.6345744376898464
3.5122100044395141
3.3109188185134131
3.0681292260062483
5.1909155489333889
3.4381002844315498
5.0142765094707009
1.7149028684718777
2.0985689508987444
2.9480187251890317
0.3598864953682691
3.5406478838973401
4.3939333507859413
5.4688038791849412
3.0249987256032256
2.5774288262878335
1.4943557877121674
1.9529198758318955
4.0267825911075432
3.8832959200828738
5.0419878796542017
1.9195829822177475
5.6039804072963593
2.9368519276123686
2.1864605613889778
5.1064941618647479
3.3351586375693913
4.5981550604505639
5.0908079704470159
1.3259597223226989
0.1550446529145532
4.8835698253555551
2.6732918595038813
2.9323787300162985
0.9678088139372424
2.2682198534070594
3.5725928258923241
1.0903306602483067
0.2136041355315667
0.7236854880494681
0.6415727792971596
5.7415295583876116
6.1911336241432275
4.5179666480761806
1.8333207460839831
0.0935650265658547
1.1934150412736233
2.9583077470147003
0.0148998985848707
1.2681658667882574
2.7734056431447502
3.1231938282152703
4.2001941524773772
5.2542190383581930
1.5890582761672563
5.3923607916217566
0.7037125234396480
1.4100419386732832
1.7152711187838525
4.3752398047381877
2.3342495906299257
5.8536890353846358
2.4939974548318689
2.0580581976015702
4.3458099304075537
5.6288801035489984
4.7264782574818769
1.8779234152188795
4.8730893352034279
5.9185021375606119
5.8991126699810454
2.2358119009649613
5.7428024577895052
5.6678017027082337
1.4144057855074830
4.0705386484112944
2.3392316132740358
5.8662605677443755
0.5423756238252647
3.3686684106165670
4.7888491213795223
0.0749280045253504
0.0407372161840263
5.3235693586595900
1.3846437061914965
3.9233960315752832
6.2213244229105440
5.1712160679299108
4.0270830190260503
2.4504109841270272
0.4645443850492177
0.9639152723093378
6.2123320824830683
5.8831561544441158
2.8443176318843562
4.2660630159220485
3.0518467105039329
1.2059380556793522
6.2694549118180491
1.8596708465226826
3.3113202367550301
2.0956890334698812
3.8699536042873217
3.2825574095918504
4.2553821273234158
4.9920414653130809
5.1804564163917961
4.0773218930786230
3.8727796871920024
3.1931067109793667
2.8245068643559921
4.3698229395068591
1.9911987084633804
3.9569263095913585
0.5876213404038029
1.3612301686828878
4.6456822643842539
0.2710438128548319
2.4075228772359214
6.2102558558406002
0.0315575101283789
4.3310410039792586
2.7709408480062607
2.4746982044653758
3.1136083852339196
4.7643879107041753
1.9548934519868026
5.4283510277334672
6.2291676943094494
5.4473041469719101
3.0321727334458295
2.2827731829310407
2.3412986909991380
2.4726248042242860
3.1128547281290824
1.6130762546911659
3.4316884455836627
1.9364379658398314
2.4404311705621322
2.6080895051787167
4.0506301783582446
0.5110642951054905
2.5337170346643982
2.3055383625793011
3.6487271042958240
3.0798848062813988
5.7667153739609152
0.9616812010856922
0.9129582214979260
6.0822025478632016
2.0540945923965443
2.9630486076574227
5.5901410915882472
0.4471761041851663
3.4892312831265029
2.4723184168492809
2.2278394622442170
0.5841543340911524
3.7475467597936536
4.1566428046037416
1.2496488067130718
6.2552994482118560
2.0698916968723693
2.0470114218705597
3.2888876755128895
6.0246136611198606
4.8541562564555480
5.3255341407952939
5.9676091233378283
1.0208927633495444
5.7828914663682367
2.8688615855842738
1.7489785040559940
2.1681663343535207
1.3930135238111272
3.3487574761889869
3.9133976096418026
5.1853436871887251
0.9303615173533049
0.9998805481493874
0.0744232114684437
3.6220163398392189
1.8474716636115496
0.6144653401099679
1.0989252979468700
0.9362080622326245
1.3678909455013637
0.3992172419824777
1.3535441743379366
3.7927076899461096
4.2669044557667934
0.7542090188722576
3.4488112649875262
2.8523105742482011
6.0395542118725167
5.3924177469504464
0.9966128411756179
4.1925062075432944
3.6350823602732252
5.4036726181754622
4.5457362233299357
1.1526742158927479
0.7980774896266439
0.4925880620122610
2.2764713271834252
2.6116698700195107
6.1648954061147707
0.2248612854397590
5.4002958669875305
4.4164011532330161
3.4958520829263171
0.5853530192305308
1.2018146322451029
0.7953954050839229
5.5535299473910333
4.7768608944440594
5.3181792075218626
1.6155447417589666
5.0670040825875224
0.9987764064483361
1.7475908331515453
2.9563510116996281
2.5737010133608935
4.1185419102343719
1.6845501134934910
1.1855457041922266
0.1563241035025202
5.3234566508272900
0.4779557849687243
5.7256642624359406
2.5463299286123311
0.2913495043384612
4.3931655744297027
3.0752556397098658
5.5239707966730052
1.6715913327497254
0.5758133925939213
4.9701746711452195
4.3064036621992496
1.1397845920202907
0.2198489097331655
3.1651098370217494
4.0799634310022821
0.5655912214724369
2.5955665113864472
6.2721652716135079
4.2624630037250233
2.1752094216507909
3.5885557211821251
3.3334690991867735
1.8328754987429052
2.0063031796188167
2.5359329063840388
0.1404749790118840
0.4599034644533910
2.4760939623042053
1.4963316862789922
4.8183336191756965
1.6382940189657240
3.2063774717643616
5.5641584816476861
5.1462501328293069
5.3549462793475682
0.0828327337414779
0.8722794611847456
1.8083170829451869
4.3957552831512032
1.3787176931248211
4.8703250123551118
1.4280541382017229
0.3137934301024293
3.1802925308356240
2.8440317515790432
4.0651273595874198
0.3011805295772801
3.1166404147874318
0.9879443273249034
5.9875646064610386
1.4308101760888512
3.7972102068877618
2.5893798452619960
2.5591328531390576
4.7084903845135244
1.9228988758191927
2.7510890137148283
0.8230143276260351
4.0931451131611301
4.6843752397898584
4.8022567154459255
0.9457117762681166
4.2693261022821041
2.5118892967614479
1.5858425785059889
6.2103360031045440
5.8464785977955076
3.4039792972270186
4.6298797205479758
2.1418385248474276
1.0941051410709230
4.0908881983728138
0.0642597613182604
5.7793165940939790
5.1178534703631371
1.2598525748232940
3.6473102465670486
4.0047324354789318
1.2668361817279945
5.3128862313700935
4.0002673469857086
3.1472422627990517
1.1917978966812415
4.2414828673118343
3.5867851171395331
3.7257831712569223
3.4924739163550544
3.6842366932520374
1.0160422059291434
2.3242318576204366
3.3446788835771497
4.2993303722765379
3.0579032370410655
0.1807786580461397
3.9298339012883154
3.2687504163132846
2.0345417258138916
2.6897697256095334
2.6139300891102324
4.1050596884765422
4.1115037666191263
6.0864863384940122
2.1337428438157193
5.3141000570780514
2.0440469098219074
2.0377147201778656
3.0881755613671209
2.8796619103323691
0.5247171399347009
3.4306831307109746
5.1788857135653927
2.8496654735610902
2.7936650963837426
0.5585337677332017
1.1230033440125584
5.0728454917616812
6.2429323395383580
3.6803355942030955
4.0169220489685431
0.6608943823439570
2.3731623515487059
0.3501172522732210
6.2552998867552878
2.3968018591583724
5.8456043317456361
1.2778433508954050
3.6613991010774551
2.9644037497734472
3.4066918048907961
4.9237057571599694
6.1553845494883905
4.9830635696094063
0.6062026172209520
2.2700970838454158
2.3474532427603192
2.2755326994666252
5.4648435422051884
4.9317256542735182
2.0327490582303880
4.1104597046034863
3.0981921535894830
3.7836038724609371
1.9239659222060197
3.7179346047442503
5.7849101710543014
4.8829433167787490
3.5054449722204888
2.3383803536919792
2.9876126755656731
5.4309439709240417
1.2199897158525168
4.6099101058120420
0.1958154187369711
5.5045513616586161
2.8233822177744350
1.1335266539183517
3.2384370460181575
2.4568369940252492
5.5564532095731014
0.0033686195689936
2.8250441127706187
1.2798795865992303
4.1424309716639733
1.1885279731507230
1.5831155391873526
5.2615621850951646
2.9127468289635918
3.0730066380371754
0.8737779291028266
3.5040509375245694
1.7547039994201898
4.4638444398142196
5.0844162655999661
4.1144214193959447
0.3978268226179041
5.6247696775949754
3.3784737256646515
0.0088811414428349
5.5038255157554259
2.3023302127473180
6.0757831583271757
0.6910902932533977
4.7513433185059188
6.0597435686434107
4.3833044384147293
0.8113860388420796
4.5523611123091285
2.5476963199784062
3.2953226972950702
0.0573383019797667
3.7585376090425950
3.3195338129661587
0.6732558611604901
6.0410276440277082
0.9516221686602974
0.3737347647533825
3.5213934289368569
1.7672180831520565
2.6649326413726424
4.1488429522567625
3.2618499189236552
2.4594211141889941
2.4639220217675786
2.2343374954118271
0.8533241947284048
5.7343528933182997
0.0070929199337857
3.6792224736538373
3.8896027292982214
2.9795346098846136
2.1851596336894703
2.8483613790527791
3.7610654036122897
6.2014478644071502
1.3387494294613298
2.2863718545022103
5.5835077131067115
3.6781699914320409
2.4143867546141480
0.4343509398354506
3.9373594279574018
2.5609734902324761
4.2535762354808702
0.7640194018242319
5.9453975572685387
4.8927115589000305
0.9289046586786551
4.5833592610016760
5.0442698986604979
3.7670875515252122
0.7778952449239461
2.6533104999656310
4.9077218031465533
0.8880096057782489
2.7660065992744660
4.0595008603227916
0.1726019392583130
0.5411257809341569
6.2448151348717804
2.1076852916057192
1.4800911915303181
3.9769030355259272
4.3733292339772758
4.9481238436523887
0.7371938932060865
6.0236451532352948
6.2306415155821151
4.5906355735521069
5.5826574279485719
0.4556265802151171
5.6806643421774945
4.8914320706196781
1.4668628301950650
5.2749502909629209
5.5131792386448923
2.4239186425851416
2.6579500225592212
2.6799740803717311
1.8467561027711592
0.7966930755297467
4.7268776078708479
3.5244563650057881
3.2717975698878075
4.6599651261824357
5.8720448462715904
6.1044330149123098
0.5967477590178438
6.0043822451333915
0.6217638234716889
1.9444200160852483
6.2645128199584255
2.0405667436824291
1.1382922766142594
4.2139684470729222
3.6500326330229784
5.6360104952960448
2.2452843746359732
1.0193167549814726
2.1021531838560485
3.1955654226911627
2.5961288594805256
3.3355973896298083
5.0121461822665205
3.6004900996236984
5.6713809002825233
1.9618907359891540
2.8547746774655267
4.5453097243091563
1.9466542713217414
5.2544187175218902
5.5566159738466885
5.2872127861855089
0.0437910976538348
2.1680504381451153
0.6165644027503903
4.5205485173437463
6.2243929024605498
0.3997508831384698
1.1788575930804530
2.6201529110636255
0.0379313135018200
5.5088713776449216
4.3154457436035880
6.2814699080685870
2.4756299039751934
4.3572083806283377
4.2274017127273948
3.7219012509719325
3.3006967238130911
6.1075375541320653
3.2892980709665469
1.6336467736605966
1.2598337444767143
4.3765371893875367
2.2789151769917808
5.1799275463785674
1.1912048867395137
2.7144879305925453
4.6532088541562295
5.4182261816918631
2.5329820090173119
0.9839123468888500
5.4155449849667638
4.8731335610107465
0.4649726151804869
4.7684480876113744
3.5901302361648253
1.3692987673194550
0.7936026306928780
3.0643097657561116
5.3075111239361945
0.5717538661959318
4.0423029676913780
2.0243069686928115
0.8545413226859505
6.0551970817751437
0.2957308017838731
6.0041248112849814
5.0936422672971275
2.4902257663895533
3.3761173459169185
4.8812428540439994
2.5882277286114075
1.7790158682661832
1.6398869742022324
2.1948151811411849
5.3127126043571522
4.9675097474719339
4.0457831119418524
3.0342938812808309
5.3045973961181865
5.4937449711415622
2.6898915554968474
2.8719334597600739
4.1983525408981102
4.5727149392255964
5.3281374522666374
0.8642740228857008
0.8028196777733136
4.5210139448354516
3.5307612622364655
2.9917169335531648
4.3631305614907934
5.5162845612097282
1.4751534972006681
1.2644442282794299
4.1431100938552898
5.9846445527612948
3.3339070548045342
2.1462749860011421
0.9327774062184381
1.1366901232662512
5.1642729528026559
1.5706987229979890
5.3438900886265799
2.6208415745764695
2.7191661653506598
0.2089142565920695
0.3544521561832317
3.3287627892680924
4.7794177319884108
1.1373267361052917
5.6297078260700699
4.2642310520710884
1.7916386468568768
5.0146774757131904
2.9209383428294191
3.7840411542901342
0.9529710704443105
2.4017874762949059
0.5623772130232404
3.7270337818319161
5.4244423386510885
0.3818107346370028
4.7347267624960638
0.1028195154396470
5.7123422498358485
0.8703119992537638
2.2024061613524033
6.2077828601325136
0.8008138559874817
6.2461503618057117
3.9562376361391989
4.7275235224257068
5.2707751689351525
4.1325491549825184
5.5646348190422614
1.1707463284843385
0.1397866251543070
5.0241528805574172
3.8003220176988912
0.0815578535275181
5.2416524249048910
0.1109977598922089
3.5766632847651714
3.0478946039166490
5.3116144512359202
0.3912873740375346
4.1931895347615527
5.7400872027268468
3.6463660785627359
5.2039017798694207
4.1514449670854274
0.1061926174596286
5.9352425616829700
0.1464649281827977
0.0176823515235265
3.1758642490545625
2.1873082414147507
3.7646443299743657
3.2102870235247849
4.1964186068690941
2.5948120153902368
0.8154238564129097
4.9573066599903548
4.6294876918291967
1.3044184044558151
2.5289189121755822
0.3643413701579027
3.3312746881751893
0.8541867839808294
4.4287777869648375
3.7286311153970377
0.4421747598029860
5.2507740954146307
1.0354434092791269
2.4973547352964811
2.1929318008137373
4.9958481730196107
1.1087294994778527
5.7375264957473648
5.5292205686352158
0.8353385271968711
5.4965501129293148
4.5092197256943232
0.0131816171381962
2.4364982954551198
0.0521859728137403
1.9919616597068470
5.0883031327765060
2.3479134815536113
1.1694572421310432
4.1888259455206338
3.6969821465145682
2.8345578499708153
2.3943491393135292
3.4137209236229364
3.9372291307332521
3.9424030324394823
2.2861287223826596
2.5061442063600428
1.8353922224195753
4.8035888445111823
3.6386772825631235
4.6737466182221974
2.2093779235604201
3.5732990698971459
3.8942309230800589
2.3671932242416474
4.4401368961046064
5.4215786826225365
4.3091786223240893
2.7758923755269360
3.8900746305396083
3.9807666504468568
1.6269771260653278
2.9283314566188010
1.4665399769970480
5.9483177851731863
5.0593144599320663
0.8023979066974286
4.1840017466874171
5.9209144823691089
4.1810068369952464
4.8959133468813825
2.8726455971491176
5.6698858803127248
5.5295553429999664
1.6480824965411540
4.6508231784334324
0.7759433793626742
5.9540601860974229
2.9112576086619200
4.7893539704363652
5.2595130264880332
3.0257083145211507
3.2018369457024356
5.7970694734469381
3.1294966383979927
1.0245587347309071
4.7699275040385904
1.0993067223332591
1.7753757083900856
1.2931611255590072
5.9125749853896972
2.0550084808797604
1.4473905218079708
5.8451998554223099
4.5321917258969817
3.5050674331717877
2.3770706799262729
4.7726338682444220
2.1094574668046451
0.3210436955780040
5.4411854521777592
4.9594754310373341
1.8675983023083920
0.6569238930297362
5.3280744266485440
6.0327160507987223
0.6329761456889846
4.3332021951363462
4.5605815993081169
4.5356236492334885
3.6247255646186072
4.9726159711766647
2.7999930996888498
4.5619640360498952
1.7057828091160505
0.8881848190672141
1.8418893402709224
4.5725490310921248
2.1035331861738102
4.8603855355583940
0.9721766136543831
4.5974177944040679
2.6899257846512388
5.7356353742300730
1.1440262546792159
2.2402845703590990
1.0013731138670827
5.7516780957517213
4.3029722374967925
4.4537265490891329
2.3397949172499599
2.4118081435588037
0.1320351136883922
3.3308338853867379
3.2808266619812323
3.3681127950265157
1.8459942380721996
2.4207734401433005
0.6519164168352949
4.2275315858828328
0.2567329953255742
4.4603896007893074
1.2510876009609597
2.2679532368515427
4.2489997526128596
3.9836183366499935
5.1858545464730952
3.4141701049464319
0.6616387656628225
2.8155764766457105
1.2700171852865147
3.4920953299941511
0.3550783305537027
1.6881425784678536
5.4689903088596461
1.1204293692367633
3.9494466051624184
5.1719687054461980
1.0941887552077496
5.6381104028794313
5.2255969888603566
5.7507773393407895
3.3972287546509041
6.0392015612456849
5.1750095758255599
2.9512673228655046
2.9270474424364124
4.5644450791397047
3.7815830511161570
3.3291441817635854
0.0184136303883190
0.8468643589601771
1.7867507280563355
4.5358448078819213
4.6015793190624290
5.0885102920783583
1.6369868297740975
3.6213476832402582
3.8647522530145064
6.1276949840184445
0.4904648093817326
0.6347386441050459
5.7024796305903305
4.8797472415962817
2.3505443599795717
4.5306853675176262
3.7421910464536716
2.4846399278228377
5.6567388834785568
0.4180643550591107
6.1893627857120039
0.2942457406448751
5.0235251192288040
3.1421255718071341
0.5531168923263270
5.9695870025423003
2.2739849896807520
5.7349235556139284
1.0625259782428635
5.1457564248806058
0.1893622793573783
1.5327874192655107
3.8058971744574719
4.3312527832438983
2.9603912403780948
3.5028195675877609
4.9792306610579740
0.4148969565950127
0.8270589656466618
5.4135697624288470
0.2156098158648730
0.6697082229963213
3.7769003210862819
3.7910046814129545
2.2530020286030239
3.9032746826037510
5.3597054622556017
5.5842675416789893
4.2238728570931157
4.7272632556598158
3.0446375214145673
3.3648107327885572
0.1238224334090193
3.3039059924498386
5.5721157943233734
5.5491752504096699
5.5457850783789366
4.3636194492413525
0.6906243620580085
1.5535466241894067
3.3816820124076394
1.4818185073210424
2.2230300754317889
2.4847636233550507
3.3150906085216070
3.6188362683698720
2.9510677733970110
4.7280966704926497
6.1495054381174477
3.5897526354329079
2.0605610652417776
5.8126733420238867
6.0212327694754046
3.1537954102195709
0.0313779970258247
1.3410300490983709
1.1029780969337228
4.6012766741267228
1.2717201518530281
1.4153246854827910
4.0925145334207720
0.3837911296402104
5.8422233150589804
1.6777122262201474
3.8796756644535728
2.9559997381350089
3.8598323464722015
2.9763353320529822
1.3972787928793362
4.7841951151238309
2.6196559260591408
4.6486350657984161
5.8199843878504884
3.7210614446646781
0.5783572999561608
5.5414891526614953
1.6066757402570446
5.6332178896684013
1.9383614710621662
0.9587039827448554
3.7739367196761981
0.4115280546882130
3.1429508830875537
4.3780444005240522
4.6331009014268991
4.3914223059777369
3.9979130607291378
5.2776768621902761
1.1602352824257023
1.8786904573498016
3.7453368178278743
6.2546302939484972
0.5132944596537977
2.8091953578181310
4.6206491150955360
0.1497325396564759
3.4586228300533670
3.1856086294123784
1.7380166582076841
0.7711043784901781
1.2779623534722593
5.4916979959780239
5.6985434673445043
4.0523600118749599
0.9442160097001274
1.2943230734339792
1.8628519431596426
1.4805918555919684
4.3202452390200978
3.4733901963730829
0.0904769230688099
0.5520760706629105
2.4804330224043225
5.4607242844611052
3.8906302536652073
3.4937525924573332
1.6407425918496132
2.0469833769862347
1.8989414979394739
2.4676205256432535
5.7200484458906340
1.5979387137122596
3.8142756974532572
1.8815222184965170
0.5960244680619901
1.1979125704211331
6.0735613195049538
0.9383737414577276
1.1066275454270451
2.0889193109719910
2.5104683290830097
3.4533951514420402
6.2794015259856923
5.0893754841720966
3.6966815077150259
5.1410982521193809
3.6817824176730598
1.7107447052950799
5.5174300748455245
6.2339538248033062
1.9065882841771498
4.5004456636110319
6.1438046292317088
2.9877632132138965
1.2655445646434755
1.3883133642771499
4.1130475797541983
1.5450927310271807
4.2540169059209347
0.3061756550113252
4.2238629861276573
5.4199249189216188
6.1061211715454347
0.3087686617553546
3.0206779934262666
0.6769251673950554
5.3482061145655342
0.9252588556738156
6.1409846230076832
5.5677525737927853
1.7610725386596049
2.3950121750121669
1.1022780594499133
1.3891928020242494
3.7376946975654763
2.5434965807126106
1.5077929509559966
2.6076201454232830
3.3494147199801820
0.5836021062120786
0.7926800940475878
6.1017137192301041
1.2326002700058141
1.9615263992302014
1.2042734277411722
3.5064947507385771
2.6464109745347253
1.8824318164039247
1.4131513229971902
3.2466136997490835
2.3175753893960684
4.0396061230082667
0.0071862383267377
0.3344045575046373
4.0301883166106762
0.7094184003898475
3.4546762495452268
3.6434763869735121
0.3396810195449450
2.7354480315247911
5.1729758085700634
1.6804469750420052
0.6962974258216058
0.0757545158453659
0.0192332779356861
3.8071002058610297
3.6764317146543961
5.8396957582395022
4.4447497811002954
2.4603343175063794
0.8864039510563266
5.5971884644528291
1.6019363048943815
5.5453464252512985
0.2802900450695547
2.4204419612447001
1.3204848434353758
1.4307513952168120
3.1919786312630802
3.0720706085561034
1.6985997599345719
4.3757114047800538
3.6775557619147299
3.7166643404071458
5.5836424132201250
5.0114921245327118
5.1567526043544563
5.2703416844407602
5.5577262106433825
5.1760857482481430
3.5188167246070217
4.6209261251947957
4.9817515784641735
4.7118269569511790
4.3705680070449269
3.9617210141358212
2.1032970059282330
5.7399138982065265
2.0218958765911932
5.1349079711268590
1.4383883509235784
5.9787697843024912
0.4662806564183132
4.8235693871300187
0.4060711852402180
3.1826356339353543
4.5447175234277157
4.3298647199357756
2.5689077501276216
1.7463334600162905
0.9008215747711020
4.2602260893409269
3.0871887909227942
1.2972510122351131
6.0591951714034264
2.1773468380119945
3.2550230121110513
3.6572075913085955
3.1867068523108810
4.7516700516870491
5.3857553512870711
5.4992158617888984
2.1192743851402702
3.2378034332932915
5.7080991140946615
1.5083063310935090
3.4880486324540709
0.6087487517549723
5.7566970830259834
1.0998176417021468
1.5681833263850944
3.3180970385291060
0.7961509082318431
3.0003371888583188
3.6509879678155057
4.9184282858406885
4.4054686090962454
1.9744476791275480
2.5286626877588079
5.0139338788043970
4.6124919695610123
1.6763672511179037
3.5440013457105737
2.8505620135089433
4.0572438066474881
6.1339269166072370
4.9857799536721901
4.1266676221035361
0.4512290688050603
4.6464842759858191
5.1490891498129043
3.8084019145930008
3.2466531772730098
3.8394400013293661
5.0562137295511542
4.2621442282174087
1.7026678180030215
2.7931770777909781
4.7669341966434677
1.1348564626417363
2.8414329963160188
0.0153894573100077
4.8210891764528254
3.9249998530302381
0.9605875525316773
2.0015168236664680
0.6175995549710418
6.0290210890431188
0.3482274361742892
3.2007948072366523
2.1349674232219296
1.9023730481678429
1.6278695919835748
3.1567012443846463
0.0230034672835214
3.4353757650969023
2.5016089220426427
1.9027118674991927
0.7783625926037002
4.9154247641474100
0.5561890005110175
5.4141486965149275
4.8227796736268251
2.7169830979806395
3.9120313208423623
0.9044953654407190
3.8709995299211104
5.1794120862034125
5.4847078561032925
5.9264897536219294
4.8532547718245205
4.3356968472432262
2.5441460186002667
1.1168121211245732
0.4646182082556415
5.0495526727170397
4.3132468295441990
2.3194034390858560
1.1179880217653768
4.8389417558264176
1.2055630313931265
1.6203752344004132
3.2575156019349505
4.1381396896155040
1.0597981325964929
4.6415375886941437
4.5820652970342435
6.2287204228208868
3.9662069798133714
0.8083243071546021
3.5003690250230268
6.1966544363760052
3.7715745647057188
0.5699230062712323
2.0879989261134790
2.9911408649751845
4.6360887392849106
5.6264667555774297
2.1997365819821417
4.2558799566344145
2.8309268195769697
1.1309291945650293
4.6552266538184375
2.8288548967450402
1.7389192411203516
3.1607150021114117
5.6431186609401411
5.1067197996316853
2.6132384311033090
0.4688273121714767
2.8255330471350080
1.5614173622558569
1.8680309929181504
2.2761241161450800
6.1070435824043319
2.3207250011329892
2.4747796044228183
0.4821367152635624
2.3107633999552415
1.9597679049904413
5.1134736339821547
2.5973006769921070
3.0924468828773866
3.4619352649954354
1.2233972235367849
5.6825147214616614
1.7441242038786637
4.5333220748587584
3.3309600829341228
2.1021372572067625
1.3151564783641760
4.3107543732600142
3.1299862023996172
5.3025148072694801
0.2863257961280852
0.5675487479019773
1.2856847635684852
1.4396423574026866
0.3417546345922710
4.6871544148689601
1.9943051846110205
1.2696538207049721
0.8504282180346611
2.7547557368256212
3.1949850456771896
0.7965251966028530
4.2431973474695708
3.4194848219172402
4.5428093382590324
0.5158409152527158
0.7524987516670486
5.6248433675529093
5.5405107799304316
3.9425151829583456
3.6998397684488045
0.2733083220245139
3.9348442418911067
4.4830947739696674
2.1966471230614539
5.4158830455435201
1.7846974975864434
2.8335198992083286
5.1654782567148088
5.3667403803346918
4.1998807004722609
2.4679127152387226
4.0415226020395734
4.0926136206290282
3.1256359626541612
1.3119844606983555
3.9703049421124970
1.8459946574047543
1.7454089302231222
5.8768606936378154
6.0550682213582157
0.3075549898354526
1.9581310604620574
2.5008096855720545
0.4938927430027666
1.3119169851638732
1.7742594646873668
3.4629389586287256
2.5339195706107134
5.9225540469954776
2.0653475524233684
6.1861655073520767
5.1316049337218352
5.8406653105460347
6.0698575214854955
1.2807185241758168
1.1878471791605700
5.3072116412381378
5.8842788056211468
6.1908030956209084
1.9794023122545048
1.1423017018223360
5.3235241600879784
5.7256033985823960
4.1155767177989633
5.2573299239671840
4.6240301308566876
0.1544213661347044
5.9508279110620999
0.1436907634750440
2.9547044933080877
4.5515504585199595
1.6567131394534098
0.2444465499352525
5.6578123445499413
1.5454138618463578
5.6677129722944608
3.6066138515046533
0.0358650152700842
4.1958941038575199
0.3843567554479469
2.2811938215203247
2.3595494332087457
1.7670340726280134
0.3674638608336027
0.9327543653244577
4.0485421895034124
2.1864511575937762
3.7032645679535641
0.9893646135176937
5.5255071372085558
3.9844167542659457
4.8003645836556172
1.7165178416268196
2.7835596862317313
1.3531197419734207
1.8602704862343267
5.3965429503731528
6.0031190473863365
4.9284128048573388
2.2856708909163599
3.7000032495912247
5.2576136106011324
3.7932343973993610
3.0120563358129981
0.6217055823311846
1.6594077232823718
5.5915102266801133
6.0978995479861275
0.8314972621965711
1.5827306729727504
5.1687537771631522
2.8127757476560356
1.9700942207288334
5.1978128525661731
1.0133004291819709
2.9965079796674798
2.6757620854227806
0.3904757441626024
5.5153591708983862
3.0967671925312104
1.1976402277482099
3.3023341729933429
5.2064416568453602
2.5507800138552108
3.1729694356847724
1.0483720436914199
5.8703868897201312
1.0879487060197111
0.7071707683582908
4.4995853323820283
1.5853008274413061
0.5787837570291030
4.9468027402776418
0.8801073069604409
4.9008182866230783
0.3686162627216361
2.4474796045995539
1.5569739152032605
3.1119738118483347
6.1652688509783005
5.2685720035501307
2.6728829211399345
0.9952711056645801
1.9532319796682693
2.9118968946842894
0.0515616072410921
1.8407804679809849
5.9535649689933425
3.0560778471482477
4.4974885628350334
3.5750171324178108
3.5719170053381482
3.1767156978878734
0.8575136664140911
2.2519793008925739
2.1812601210363436
3.0043418498847609
4.4000386096080106
4.1384324351326258
3.5268055337934467
4.0645355818706772
3.7145942790479389
2.1721740770744207
1.9242406621709385
2.0887950177242076
6.0340743218597179
5.6384220825372804
4.8127226248703989
2.0454496736536560
1.4992268127593440
4.7904279196402175
0.6601442512439797
4.1066831066755558
0.2665747410827188
2.4836387506642708
3.4426448983041440
4.9585090761788848
0.1425680382229565
2.8092356563565137
3.8148969219834030
0.9868627645591671
2.4002759758730878
3.2310491397079808
3.5225575215916796
4.6891619418800108
5.8667901038479284
1.3158930259627071
3.8023297461634398
4.8446695077685211
4.5218909631410611
3.9204846633179251
4.9927307741869962
3.7019451612175924
0.1426343946909939
3.3211495781595191
4.2664573799258845
0.9048245984251865
4.5450308856726300
3.3809923846992231
0.2750522786299329
1.2688322552064359
0.1414890486066482
4.2904406128524633
1.9060333874920079
1.2081680870627565
2.0561731185721546
5.7363594355072074
0.8392413817248067
0.2298430732056390
1.7355280613819726
2.4433067662449917
5.4140344063373673
5.6825543381457644
0.3736647552604043
4.9875174003654656
3.1128514610865432
5.9797740849387404
0.1098041069048679
1.3225659205194713
1.6252455219797151
3.1553950106338871
4.1119458822110122
5.6072167175883605
4.7451136018081979
1.5555343716231806
1.8345009428144847
5.5408100727052396
3.1833384478946485
2.7726352188979146
0.2921472895382340
4.6817318001818471
4.0872096482528439
5.8940982485244007
2.8131344957371969
3.2022817001750021
5.6012033473051384
6.0499965962648146
5.0581319887731819
3.8838013620252232
5.4162259566832400
5.9252668034944183
3.6515644230844519
2.1928123380551039
2.1514017500807605
5.1449502977887045
1.2397815507491381
5.5340433751895164
2.4956102008473402
2.5254543866122061
3.0346738228999168
0.2788435098666747
0.4761050340084827
3.1127790258248540
3.8312878734548277
2.2814812436149832
5.8982304306182973
1.5657288004852394
5.6499669457748638
2.4785024271933214
1.3682950591499674
2.3104036720123209
0.7754714744490040
4.9044419932148697
0.4995501324150519
4.3472475252200447
1.8290140338244334
4.3338802933659890
1.7175782249238514
1.1725997787977025
3.9775280240224635
5.1254784909454481
2.1941174356389825
4.0330282476081392
3.1878341487318100
5.5542735904263756
1.4295353136319062
4.7893065091707658
5.6370878060944039
2.2236474168495759
1.8720117921240984
6.0139729801938744
3.8169068415551752
3.1610955068946391
1.6332150251345627
0.2643527949671530
1.4455519816585607
4.8830227618700386
4.2513015386718598
3.7076743650518700
3.0414823946893179
3.1671039230918097
4.5707360016454288
5.7695618138658542
4.8984237111994400
5.7682247897735772
4.9463871719027983
2.0820656902942805
3.4381489782199171
4.9047135997247127
5.6369063758330551
5.0623698683300402
2.8826511849684873
0.6111492082567452
6.2018764040728813
2.6025062631725460
2.5412101352010898
3.8127211987107659
1.0191306064543459
5.7855747959843171
1.9010946221654788
2.3153127422255797
3.4010333509966437
2.8114849157044035
0.4082390641965910
5.6655551502006878
3.0764357302797074
0.4280052421649319
3.8750227630219474
6.0093812169479950
4.4207126598230815
6.0577875895662423
1.2628207472020638
0.4171825816561230
2.5274872993790898
5.8180793374984399
0.1435826304996795
0.3731064426503095
5.2363403395380939
3.8135524958310461
4.7085607826046161
5.4462132166144350
4.7485822620976146
2.8187153208609694
2.8705924711596547
2.8682477435648051
2.1329612352820373
3.7880126820119306
2.4160582278566536
4.1789701154820857
4.4997398019156272
1.5682997380482508
1.9715562425825166
1.2568485135003862
2.6240049734989079
6.0743906004570825
4.3955786670217831
5.6071820360603590
3.4132066461428234
0.6929853233665244
2.9976446781575681
1.8174819116838394
5.9522328227188499
3.3781355552093744
4.8600032702039755
5.8015697625232132
3.0450878347541779
3.8119758128051893
4.0301763901510030
2.9913255620443735
1.8063421145095206
4.4774183556508529
0.4929930171366554
4.0401090236595403
3.1971356642143300
6.1612718989022390
6.1547583987104728
3.1472406429538160
3.6199754345619906
2.4184619003316921
5.5208345744348932
0.3989205309855351
5.2954731071675560
4.5260939694328801
4.2324020003155001
4.0765673131157643
4.3148478336029683
3.5207683292786562
5.0190132413640782
4.1416321470584645
2.4422594109334694
4.4728794168855650
5.1432866388839491
0.1847100625328696
2.6447263855573078
4.6464266533032479
0.6954748331612685
0.0577899502551905
3.3541495501084899
5.2407021392551929
2.4948992894909829
2.4895174426945359
3.2989772542665681
0.7614046426081224
2.8873559805135862
1.3383563486054024
3.2541206212579303
4.3294161065001910
3.8281193247729117
0.8580706129191447
1.2921255640473623
5.8761272789647743
5.3368204616150896
2.2240320661340638
6.1800498441820055
5.3076479001718893
3.9887602660308992
3.5887906851725382
4.5906528507428632
5.5524498346504521
4.8290215243808525
2.8371483718435795
4.8099392087562274
2.1105652731709839
3.6906445042018778
0.6526034254703563
0.0823660582352708
0.9846637081532019
0.6383684358638687
5.8602474681487537
6.2360168346520153
1.6721762725874598
1.3081843123607506
4.5218840804715077
0.7678481675226406
2.7338302484232724
2.8951294978522775
5.4865402543769086
1.1931621613822960
5.2464919647318986
2.5903562563804008
0.8809916374968840
0.4366850080044157
1.7699754968651764
1.8850976042416909
6.2578210542232870
5.8142665082128806
1.0997825400877517
1.5460749656702846
1.7181625093841388
1.5314852399491297
0.9793060234563291
2.4984585993247386
5.5789520119749811
0.2481127296673076
0.3811058540749968
2.9402734629000444
4.0886000176447324
1.0284892942366763
0.2413919212307752
5.3354409281496578
2.7687449521940271
5.2602493498657825
0.1208776462095809
3.2326617360421861
2.1608527314904706
2.7482236153951143
4.5004763040138549
0.8509081632970352
5.5281786337820051
2.0028330783284973
4.3570238834752635
2.1193220911732489
1.6632113295843769
0.6409629403747162
4.1135261420873102
2.0085346031237643
4.9565957648313699
6.1723105056748713
4.2315884762480538
0.1428703180811223
1.6515574519585627
0.0278725649003297
1.4078949501549911
6.0294626913864251
2.0059467401011477
4.8013487416193410
2.7731193567909074
4.4192324546414978
3.0558251377115715
5.7608579136011162
5.2520964075543404
4.1696018639057515
2.8472602697105573
1.9845708850437762
5.2248753369341037
6.0786250168107046
3.9913916474691118
1.7920141812460217
6.0250441520264317
0.8865445372611833
5.5099602262728187
3.8017127758791842
2.4046613876430509
4.8368523393308154
0.7017439446574085
0.0787682358230278
4.4669997843817963
0.3973428949148581
0.7337613518587730
1.2969444331421143
0.6679085111730558
0.9990560285068681
3.1034069058718154
4.5070808936990376
1.0802468969558843
0.1649810016739960
2.6455122991978639
2.2251109709575476
3.7111922636788734
2.1667175816135238
3.3843140439607993
2.4639206101575679
1.6425425674832459
0.0462966958146077
0.4931588246919920
5.8033020679872029
4.5662816158099764
0.8638394741388719
0.6402242368221164
4.6727388820408562
4.6160320194010680
5.7919855948207095
0.8082721511464304
4.8413559596104374
4.3797474866649582
2.9667057214111474
0.2815415223018511
1.5406396660170172
4.8957130596541640
4.7250919225005479
1.0142658828275271
5.0942251796291256
6.0752572257054682
1.4063589473123626
5.4208346070998132
6.0794476123382903
2.4158946888928119
2.2716582117272655
5.1027442452302934
5.5049908071175500
4.2335892104008952
6.2218612664401309
5.4445687015102342
0.1609227584978737
5.7115537358038093
3.6483750514989119
2.8699151345708565
1.3409475834523406
5.1345207398858266
5.4870288222608643
4.4813610762746343
3.8412489190867602
5.7364211060992663
3.4114698458544601
2.0451630845427711
5.7379995482090669
4.9335553512431058
4.0052707237109351
2.4751148381686554
5.6321268347848141
3.0354059810174623
3.8408821090473797
1.9422783586884851
3.1766009712644712
3.0208836245665438
4.6808571490499835
6.1070236104898505
2.9136055852039702
1.3544413333235772
3.5969257530470680
2.2974910065480296
1.9788401816208190
2.3350464167354437
3.6978562382686104
3.8001859358837748
0.5311811603436427
2.2282843268941801
0.7428442086000463
5.8882168628010580
2.9352658471064634
2.2863785392425169
5.0070134281676877
0.2312896359400613
1.1563731363643766
4.0858732695337379
2.8281342991567273
2.8912708717346565
0.7149884758476540
3.4696263272653045
1.8803583216681030
5.6988149874406133
6.0381065666013978
5.3371997977995127
0.7795909976478569
5.0799679382672958
4.8016109774312872
0.4353287373403404
1.2154296952741923
4.0794309512619744
4.3919940588969189
0.6861979072285251
4.1991924943694068
4.3312170181240326
2.3616087346751442
2.1580109474220683
3.7748555430067627
0.3901074928994651
3.5491700582632584
0.2065456442766393
5.9561211851600913
5.7323348255790121
4.0586199902447495
0.9446999621322197
4.3819592767502060
2.8954194697684761
2.9348447740688592
1.0320520871250598
2.9642623951683618
1.2174757669077716
1.6269470969204511
5.3755384644440056
1.8748531967760049
3.6296117263845993
2.5151579718730850
3.3993838573430186
0.7368928860287294
2.4754187729080379
1.4891154044711492
3.3524945273372642
5.7134708667215302
0.4897024187772027
3.7919498469985498
2.1202224922210311
3.5974131525981319
0.7829237202080496
2.2059902443206170
0.4150747231757318
5.1814419705736672
1.0961679633399057
6.2719792144330366
3.6766824472448070
1.6753192178102840
2.3582775719427342
0.2571354893653899
0.7703580138827670
3.8025551213534272
4.2948210959279738
1.2970030074301515
2.0747494683671288
2.7169344881690409
2.9558479166017642
5.8195797860809888
0.0444136452884037
3.0460596562712987
2.1280666246326452
6.2290255793606759
1.7811904507308423
0.7836737573425545
1.0011333796566133
0.8647151200030222
5.8114932117295650
2.8848592628771041
5.9751257128541093
5.7658092397250948
3.5540389621932151
4.1118953051773204
0.7107877843292072
6.0164688162756130
4.6726411668692336
6.0588010187564336
1.0171617073642263
4.6570899554024949
4.9639087247265836
4.7338338474103860
3.5840472221503532
2.5851650388070473
2.5187998569572172
3.4976769582087397
4.9388442010910394
5.3449308065127212
5.8699346284117864
5.9716379387430836
4.7228818158905259
4.1407039140267168
1.3689486725930831
1.9522451600981274
0.1270858842406980
4.7124967195606695
2.8211444121867451
3.0197666605843958
1.7716179828922560
5.4247948921758935
4.6828192498308399
6.0802070388762299
5.2556024607351954
5.5882988629154093
5.9911284330039249
2.5127434271218925
5.8319426398087444
0.6807477611821040
5.5159418715234532
5.0975103005693292
3.5949700160255240
1.5296693934414203
3.2325907517583983
5.0439966022760307
5.2914134773407131
4.1746800419936099
5.2375471119462214
1.5941425277438974
1.8413790564836390
0.6588547441648329
1.2671996860328285
1.5559768235974800
5.1536380336641967
2.3755685416266901
3.3635695556939225
4.6644807864562328
4.3773465757885228
0.4386467306914647
5.3284540103247622
5.5101324576895649
2.0809749629465006
5.3741410098753093
1.0605092961721276
5.3306381199873050
1.0918159800521898
1.9845731218354472
3.5721693088673652
1.0834103430256254
3.1610111233503391
5.1307322617610138
5.6265275852972580
0.0268926264068674
4.4457089995998498
1.9113698125276428
1.5249266406804438
1.3760767261332334
1.3548283345015246
5.6851866708254049
2.0545353083698745
5.6177549994336440
4.0439403241345211
1.4643552019695505
1.7858961818265007
2.4489857871419152
3.9935217630693876
0.4032373544387964
4.6923572250370880
2.9525394847985300
6.0365360451014478
5.6100019492473905
2.8836878513950874
3.9095387451000412
4.9920126660298978
0.1000753102988230
4.5005466928934004
3.9613752119883809
0.5988392375356592
5.0955616221310844
0.5795692426255281
2.3885676606256441
5.1449423180843379
4.8255783981752041
0.8924653094742444
5.8603627080744189
1.0946015613914106
4.5015495255926163
3.9563361628503539
3.9690848427025274
2.2023973128258207
3.2064873568011873
6.2192899390429766
4.9910940272528297
2.1728618520327587
2.4316616075905055
0.5455081481944936
5.0478284005634917
2.8411833943337319
1.8009031602357670
2.3949631517363992
4.5732655924706602
3.8404327601460198
3.0823039495375357
0.3667963634143142
5.0044336636554192
0.5585040114550872
5.7421823891639541
4.6560428315872713
4.8737279625842556
2.9090095964971687
3.5337344665081911
1.1338758733547618
1.6603680392375462
2.2041492009555066
6.1415495387214705
1.7755952588731783
1.1152977507350439
1.1193669984537828
1.8483419780318597
5.5116415549222664
3.1443528595835546
2.1077998306743582
6.1882251038199314
0.3970558513954123
5.8328760472830830
0.4245414187474671
1.4382379353307475
2.7219715104415898
1.7572647899646947
2.3461519279847125
0.3724407372677953
1.6917864459097567
2.4657780437355408
4.9788751973091783
5.2516312802794989
0.4043443536004350
5.9123983246347009
5.2449557701593248
3.1614799271223908
1.8872019642309703
4.3137608981210391
1.9014387545399694
1.3056659832902351
4.3039003106846545
0.1876409355202029
1.3138750723546679
2.0487433619927153
2.4773910467557916
0.9083274703889309
1.7651759593517666
3.6840521351463340
4.7131806294330367
1.0447564683968069
5.7048257801023485
3.0245259811106111
0.5186494486558241
2.3514681226135172
3.6948508908627016
0.7181644313564071
1.3384106820764339
3.0674230448531961
5.1346543015142618
2.7616372556275492
1.1763773852746207
1.4625856137664641
3.7834536452437577
1.1788785403825262
0.7220878555428968
2.8109000868491916
0.5337596031994457
3.2825329824932727
6.0193730295447843
2.9756294178251266
3.7431827509186473
1.7794797854418272
5.0961337537780222
5.7179235740076955
1.3639537581384937
2.6698596895718691
2.8228719145087693
3.3113030760530542
3.3750799892339378
2.1753284854615194
2.9596476443773114
1.5659677359479813
5.2985771629933796
5.4344206274039255
1.4318867358424903
5.2289591088958156
3.7196888041601914
1.5105226398065841
0.5831285552078297
5.0095775001672926
0.5483534661735059
3.0913526771885165
4.0385936491683854
5.2812178668921161
1.5334149259805989
1.3988212958763160
5.1473319680536616
1.8294733470754547
3.7165994701583069
2.6638810586114818
0.3044910942561201
1.5930750202345969
4.0071513582927381
1.1694324924861403
4.6010563540033331
2.8268785044152116
5.8612388763516101
5.3191518966065479
1.0062539669244333
4.8648817887753291
4.1322358431880630
0.9863310906337640
0.4768700457526338
1.8828168509067233
4.3217447547323964
3.1598497805556356
2.3148468084973715
6.2520889699061915
1.8282700247615764
0.5492212451046251
3.9286016904296877
4.6966525179987695
0.5425435810217948
3.5897866645171450
3.2499685712467241
5.7188009798396697
5.0752873581003959
2.9767203707935477
5.2667058832641329
5.0851838698659932
1.3032424474859783
3.7811830935039863
3.6735426748749149
6.2242972845750879
3.4904863617586979
1.0579023322610204
1.7815493646185478
2.2915705762104692
6.1440960261174355
1.1270622125803209
1.8749669571757672
2.9751547325160455
4.3158398472981769
0.5184338543107185
1.7836705873161474
1.0222562248325833
4.2756822937233521
0.2698111981077733
2.8232571049663271
3.9314157660245312
4.1924534322403701
4.2343580246518373
6.2667189065641384
1.0560602809492987
4.4969286382949178
2.7837928325760286
2.3665783312537676
0.4055989538127142
5.3659631736871347
5.1174868209325446
0.3770962754758985
3.9240989901988641
1.5205746943203715
1.5699816854867681
5.6264976494963381
1.9157733635884919
3.7430383102063201
5.2182303579815930
5.1689166388713543
5.3264875462990222
5.8271707207863832
0.3119447196660726
1.6043975228130167
2.1677660465748803
4.0125553300232699
1.1592978447177069
3.8221184383685314
4.3315888467614032
2.1887504117507697
0.8124225372509224
1.4559952177786459
4.0811048451970375
3.1869492121239387
5.6529307757748963
1.3352153972647867
4.5405049994768154
4.8389939925059702
5.4111001956960285
5.8247096959927998
2.7772375697040395
3.8261951371667386
0.8888355311000089
6.0915900885979957
1.3730084296082723
0.8581370796842792
2.9231960504876779
1.5392248784212073
4.6963664900796571
1.1033779183772519
4.8431282655887813
4.8475942654668973
4.0190917225195690
5.5079305070159288
1.5256083296353731
0.0091770980487377
0.5779064129468030
0.9514604763909654
5.1798971376665648
4.9162186602580809
2.3745739150835048
6.2135614027063157
1.2361799115308492
4.9322991125121955
1.1009390038348754
3.7700053830641975
5.0546872660685462
5.5796928799160117
0.1934567019348776
2.7805861852788314
4.2072965982815935
0.1291708931859055
4.0532727359502294
3.0355871105432777
0.5262423615297679
4.1497606542607777
4.4992478513941316
1.2641154973522362
1.9976709771594900
5.6500479058919275
5.3618123697921956
1.6494786135798771
0.4885684384184384
3.7259133094801711
5.9898953416672427
3.9114241840002095
6.0181193942026301
4.4700016598357193
4.5189251759623099
2.3285470402427495
1.2220439898239910
4.1976625647326999
0.6856633891630541
6.0082162178773517
3.6002207981242251
0.6989027144729333
2.7152923668606630
1.9074854957474332
4.9298553279172159
5.8444587951731757
2.1886212404903636
4.3691443698604768
0.3520759936457640
5.4753950182429865
6.2676418752315559
5.2444408939951384
2.5518034589025764
2.4446304810991832
5.4958648564172385
1.6581442280607537
5.9938151651429576
0.9303087485588944
6.1942602290284308
3.9170113122444290
0.4637320781048309
2.1326569460166174
4.5039750296760328
3.9757094913747117
4.3274515733083279
5.1299362164586508
5.8498181240421392
0.1381963530327412
4.1968093782475382
5.3419437809378501
3.5106347700258880
2.6400791303803586
1.2213679851343027
3.6324074884932673
2.0430201694413874
4.7493720497822682
5.2026340589629605
0.4339458201977700
1.6977348609698122
2.2075029986661070
0.0569442800432562
1.6912459165422398
5.2110992813869110
0.6354606410062285
4.4069720945235931
2.2861901477295858
6.1821507402747207
3.6173083991753252
1.4139020439320198
0.2033968460419842
1.3501550052862272
0.9921356511217346
5.4815352634207661
0.5374834835406610
5.5988706705932687
5.3549724751700838
6.0547748909827321
1.6505831766419983
6.2681639865927403
0.0319077441949026
2.3937899689014284
2.8447654836730365
3.1570014996109426
5.5071280324462348
2.1487163007826426
3.3907275363882277
2.0511522238738094
0.6608318968237589
4.0504808615669248
5.6319742357198068
0.8358597944930951
2.8699113453788572
0.1389195894674352
2.1371332404907366
1.8243800581722400
4.8213839692620670
3.4878051761257849
3.5082804343867209
5.1869002690426180
5.8780865625040564
3.6530281230239905
2.6484213424263494
5.5046508320807499
2.9356037251203118
5.6024231541701255
5.3690735568697701
0.3121057350421290
3.8761527140185512
4.7334551678966612
3.8475191498241674
1.0287900125474920
6.1663975035466176
1.8014598747279043
3.2754438792510516
2.1922803571728702
0.1182229761263513
4.1093158053136909
3.2210627359149471
2.7696779778799758
4.2200315450290322
1.2336404044967881
0.6052032802807480
0.3252083566473777
0.1095276579550920
2.5517498478836842
4.4007431883428740
2.1739891766761050
0.3127785339394267
0.8929949076408316
4.5296815248047881
0.6416435703841988
2.0047279673596718
2.6060475569305930
0.7406871880297997
3.5692019720193429
2.1617283943098231
3.6583404167025710
5.3436832926123916
1.8613033368100436
1.4748436158943423
4.0172435086263345
4.2006926554458204
1.8681736227708872
4.7429218343601010
5.9919725840603997
3.3098270530565808
0.7381915218269556
6.2658990289111083
5.1659446999260679
5.8150470243025856
3.9749376949272226
0.1180882817655897
5.9825338787720277
0.3779355212384556
2.6907309755077082
2.0604633484110777
4.1761997490552272
5.2179681270188656
4.0288133172785816
2.3935021705531558
3.4606906335315561
3.9986793041819033
2.4210853865288984
0.7290087639099414
2.8407575191900509
6.2114952473606797
5.0173602102342620
5.7967650479118760
3.4379233688038733
4.2320262200516803
1.9852272951622378
4.2546937796390800
2.1294071963687919
3.4953736551676875
4.4163706977334121
0.4930172181354287
0.6072943267170247
5.8216189186418061
3.4658953612494732
4.5796286151542143
5.7826585582304197
3.2276324445434899
1.3887017254901461
2.5790380276604741
4.7617544134603333
3.6478902066502901
1.9639322073611090
2.6733375889642641
5.1559680649525195
2.9721765392887085
1.7763519798445782
1.6377145054870688
5.1947523047471718
4.0933038605592849
4.3385357699467351
1.7768258334173588
2.5812091005230022
4.3352208809483788
4.0360084951632027
2.2957757140636366
4.1784472133136568
5.4729959770269740
3.9313943949424117
4.6538350232784280
6.1513915205758201
0.6948635434418506
2.6590945475015659
2.8666414427583371
5.3178888187725448
1.2916190175242219
0.6313575066559863
0.9004244898105805
1.8460632701996429
2.5186902531377831
2.9512689112798882
4.6175822461723346
1.5040985777313796
6.0171142825303567
0.4627926462921354
0.5265967777975339
4.8789943059394307
5.2512701082583559
1.7969772668304693
0.8175252728995516
6.0990840514550548
4.4914190079888687
6.2306643440186589
5.6485504589204725
5.1240623427037066
4.1358801464536965
1.5413256037329151
0.5922986472793910
2.7108116922811845
1.6311701936667660
3.4243719767988212
3.1637185934313816
2.6091255399172790
5.6119130308681333
2.1878315815679223
0.8197904219306744
0.1279065134814825
3.3374044894650918
6.1166493514836588
2.2731510236561623
2.3477474126561551
1.9340413035513198
0.5814302854413201
1.7090210975495650
2.2318887714950728
4.6580217413256744
3.5880116656218757
1.6727195260108993
3.5473751349113618
5.3948523087548521
2.8748639830999325
2.8817945428122651
5.6136661638850605
4.0477175758579884
2.6506284976989605
2.0541618409761586
2.8988035645235248
5.4408769148072480
2.9959992268007789
2.0070332964487201
0.9932871371737843
4.3889659896690478
3.6340454972381013
5.7586559352735733
2.3647620896221646
5.1441168787592000
0.5452375043120870
4.2480443932623890
4.4130406023106117
1.8342876726386477
5.5297677025385328
4.0638222023557935
5.0607337407700159
4.9680263802429625
2.4577535092486622
1.7362335622146186
2.3422495876419691
5.9013725057261217
2.4072875298122507
6.0165046939213331
0.8513985045385800
1.7537341130176858
5.6035050549841934
5.4144908060386507
2.6293397469902269
5.0293318500702977
4.2211179081880701
0.8162061869643668
5.5678431436563081
3.3601309485678605
1.1208731456091143
5.6207193382510070
1.4065106452894880
0.3692515645605743
1.4976108091932649
0.7988730477131106
4.7281943479593016
1.6197298895845857
1.9738933294790102
2.0846856169143710
1.4072764733712737
3.6055071168219688
3.9812464318377385
2.1170190446659016
3.2769604154986074
0.9122974149320293
1.1698858913273722
6.2322431264209568
2.8497117361040765
1.1440374786663075
3.7516160767964370
4.1628911357104368
3.2595320755090933
1.4803256596405803
0.1539666095777770
3.3432522381957384
0.5188931445851472
2.8694816054810652
2.4833495122527851
2.1070231588913657
0.9557429856238394
4.6798962157000963
5.3940274842591682
1.2082360501945217
5.6277244278485616
3.5816409535014260
5.4461767097312865
4.8822689171128593
3.7763901692047619
1.2951432042845687
0.4316229296977117
5.4333538524092511
3.9797172027791947
0.0492934971966536
0.3478676151461568
6.0062944682382104
2.1961496943092773
0.0291246243736694
4.4148441447052011
5.4745695473851370
0.0198952999724095
4.4070917199406496
1.8778138245386229
0.7994733654536328
4.2721053850423711
4.5668462948597730
1.8399410859890055
1.7029289131119725
3.8420024987119454
2.1396491263823836
5.0292335758146365
5.4995145506011704
4.7798377085702501
5.1165282961539456
6.1226865884829218
0.8271302136202643
3.6042953248259737
2.5570299922000479
1.5624226697125256
4.3202721871324901
0.3802004488270808
2.7041099223917513
0.3833247532188323
2.5230815075938460
5.7059322229494125
0.4377790061261696
2.0774541347246815
5.3159717499257750
1.4035436392242218
1.9842942870204978
1.5891167845296781
2.1842901581586309
0.4349192073927132
4.1289342045043940
4.5675747252685781
4.6044922959484813
1.0810112468375421
5.4460601206219383
2.5284838693750880
0.6537383526474141
3.7874870597395374
5.8345694742248000
2.6805371330963794
4.4098576462658086
5.4012647391535973
0.9984949979666765
0.4478117743237440
0.5900401418120194
2.7795092301160169
4.9926665436211826
4.3544113508504276
1.0300362642757546
3.3068441511536681
1.6062996604314512
0.6699673494020654
4.6479810982472483
0.4872730050849972
0.1901313593123972
5.5485157354996657
3.6043872419410898
3.9486050764406104
2.1417700753597466
2.0996981231889675
1.5405109352766628
5.2592808971735217
3.1765877886451528
4.8656712917020952
1.4735103463701316
0.5809087874145902
5.8986195905407959
6.2779978372751897
1.3933436810794626
0.0335512806983197
1.8182195565593682
4.9165485427016007
4.3979734514574611
0.0205303974285841
6.2748569890913766
3.1721279406880845
1.4093284540857505
4.1261557398673112
3.8421826259178840
4.8183340766766678
0.8996796412055086
4.7894123262592894
0.5173878800503577
5.1130997933030597
6.0174689451782672
0.8694324223210549
4.3148356981532059
1.9937059824861827
6.0358940961979259
1.1816092995297793
1.8432320071691721
1.8982508130611147
5.0755573693847795
0.9167394091448723
2.2868839776760930
0.5451191766359164
4.9956034399046958
6.0551369583165870
3.5138119065540705
5.6240609999568649
4.7698303189336917
5.7290943302384605
4.8723545922486764
3.5228811667162936
4.6659021174681037
1.2511593653107400
1.1051120914246273
2.4796311576106387
2.3133558947125112
3.6726303989186091
3.7379028796613394
3.6744362439134770
4.2285592871484283
0.7353125152969358
2.5402108142449897
5.8103392099581965
2.3609854670517159
0.6018082795976798
1.8856400870695442
5.1061778665208939
0.3022398345630433
5.0693046047949508
0.3508302293699376
3.2586785351871792
5.4586625232177610
1.8245516864869318
2.8656540617921706
0.1229925041399522
4.8401651057677473
5.4220448650997000
5.5343428422810161
0.6766386901627999
5.4853647621483432
5.3911230766058136
5.8724361968323802
5.7516726661087105
4.2909628478252690
5.3283478749122439
3.4643113745470488
3.9205059622581389
5.0155164149227831
2.0526771318084007
3.7704581195410500
2.6134544396869135
4.2739414464118841
5.5440701733873121
0.7292317265783029
4.0256790782817875
4.7210561936631938
3.2475073880635486
4.9766841756623723
4.5339186182047335
3.8756645755205534
0.3944840154292923
5.8685717429430566
0.9236705692714779
4.6162048222714027
0.9597802600395211
0.2949861386210728
1.7544069768989117
3.0540309561043855
0.3001904144016654
1.9047198125942155
0.6567942348901128
3.7533946177463577
3.0354657896560653
1.0540406787784882
5.9605400771553336
0.1281383086037486
3.1251439520470523
6.2200650700428506
5.9667685924937182
2.6888443646660285
0.1725946849614932
5.8544529521014637
0.9427315316724308
2.2701968955680951
5.3442974336389808
2.1603592538429925
5.5615735344103063
0.2771935306431305
6.2758077190296664
4.8375187926214709
6.1515306904060596
5.8585203592684838
5.5341080404860836
4.1111662205463215
4.3844707292453835
2.3448076998313829
2.2643506755318286
5.9453822266602705
4.8742340637824038
0.2624577726902246
0.7076262171197440
5.8721809562066012
1.7780185597752942
3.6889729786231320
2.2771367297306222
2.4432223578519459
0.6752624532381302
2.3943367804161153
3.5973420183791260
4.7330847901977666
5.0643816737348226
2.2045819202268322
3.2313861063207781
4.9098167946923672
1.0365489132925554
2.5649532765694367
1.5016288676401015
2.3647825283842936
1.6051292931216721
0.2781607392319138
5.6155514745331230
3.6748890553313558
4.6740768918229261
5.0817260477694566
4.9547194907801115
1.0591840673623636
4.3030803763055090
0.4415260774316783
4.9393057604533910
5.1504528772508866
1.1911799164868884
5.1746673191861907
3.0347562314482825
6.1900413309691515
3.8513873515251276
2.8090842282564834
4.6686184290180277
1.1691070008136979
1.5713100855511570
3.1867576615639988
0.5024736189235738
4.5717058055696045
2.5682856249051329
5.0400630311276267
3.2238462857912138
1.6023129407444736
2.3511205284229328
2.7572741561579686
3.2355016586555725
1.3694225627028620
5.5771067313336218
6.1862829234271013
5.5638036131074324
4.2931846579520681
5.9688374257241641
3.5858912888948056
3.0374910933649755
4.2311535057856808
3.0357758406697273
2.7017120331841125
1.6629143413796912
4.9185718530854414
2.4741348775279510
5.0848584113760227
6.2124167048876915
3.5770618945006847
0.8638796166789127
2.2023932910269912
4.9791827351585543
5.6593429907157002
2.1359252346734410
3.8569325514120267
3.3556364118631619
0.8507031525519401
2.8563621528458363
5.0758256261765995
0.7708253608211921
0.4373724603577456
5.4051287040246567
5.9972674003551125
0.3984754833301081
1.8755918903356579
4.6366881004132834
3.6513956664936607
2.8288626613467671
0.2511752555781293
0.4648208824869865
4.7380835778517172
1.0055633899387504
0.7511780556508981
6.1637947400113449
3.8988340131087553
2.7700200212271926
0.1120156376449069
4.5026919964666012
5.5785579166215014
6.0552432628457824
1.3292413944279260
4.1739608602596370
5.0339169389466623
3.9684806941946342
3.4372339291146981
4.3339011065199182
1.1385369723409942
4.7513172398558012
2.3466881279763143
3.4669650222060056
5.0341014587399355
5.0547768945734557
6.0415992899123152
5.1560771177143998
4.8611727417702051
1.5665919555552499
0.9064445417579061
0.9744799231465308
0.7640399330940113
5.3345875180842226
0.2830769470657372
4.8282365695940594
2.2155641604470127
3.5348445404395168
3.9858485795701268
4.6789453917012791
5.9484239253096467
2.3919471806908006
0.9294983068309485
4.1395250830659958
0.9021285861222829
3.8388896173050742
1.7684293968686631
5.5742775126432127
2.8849511727261401
0.1168526495809384
3.8436442112418456
1.0203622715807457
3.5096743238993438
1.1453666659102588
0.4633402853606457
5.2170550744093305
3.6242204048080642
3.8473735391265564
3.3689697053195067
6.2645255583026467
2.1790957149702748
3.2242016709038861
4.6060803076294663
2.9549850202923880
4.7083353031921282
2.3092223704587007
1.7367695108774754
0.6316527285820011
0.2314980550302507
1.5788638292798509
1.8216958846602158
2.6555632719647426
5.0582718954699732
3.1552210679437933
1.5826018215758906
0.2713937836865794
0.0023400081924895
4.1846983205017780
0.5199677176168657
3.6795236473556669
3.4360187381146798
5.6989660253605603
6.2775991134125668
4.5604518448381928
6.1658806804797699
4.3303584751514190
2.3404652786290119
0.2972141675051784
4.3802114765378359
3.2915045985766924
3.4421554463950899
3.0411394907500919
3.1726002575431043
2.8838941335999038
2.3749757581432953
3.8006527296226622
2.8378104594306888
2.0131740487546974
3.0826056846773882
4.4693687483901297
2.0333232051422687
1.0545454940840022
1.8337778010446988
2.9896301897110522
5.8978381026059559
0.9679345134341829
5.9307613549079639
4.5627395952755618
5.5069174846864239
3.2929795231664278
5.4932518514329480
3.0113180392524681
4.9483499420445645
3.7766696344191635
5.3976333347492611
1.6295566250754219
5.0927778756294906
1.8277336458859432
5.9973921397910495
3.9733484865688835
1.1452801871061875
2.5519656418710124
0.9902686414187259
5.9872893192427847
0.8407954689176609
3.7468476914788509
0.5563232539725748
1.2948589221839544
3.8677359472327586
1.4912630568905785
6.2016401175764138
4.4530018158619686
2.9798125134520199
5.3959310075281683
2.9645302204137751
6.2061297855283204
0.3383365283078269
3.7001187846562433
5.1909440594464753
0.1595956283642221
3.7972143946085399
6.1801814122034804
1.5676504412486245
4.1860165163645204
6.2574040251479159
4.9822991861967916
3.6881357784439612
5.6812194610944680
1.6570758763648357
1.6881436194141330
5.3779328537910027
5.4784886980632059
3.0304730076426614
5.9191041315625084
2.5040184290933234
1.0083795903617880
4.9657486637725681
5.2866362860758178
0.3658556195675838
0.9538700061363568
1.5901379111908696
3.8364582085354630
3.7525563013444780
0.1104207450245053
5.3868982191116075
5.0842766896086280
5.0502270648371530
1.6148976690057599
1.2926181198429134
1.4050472415133770
4.8576109311123252
6.1144445401807941
2.7342870766842791
5.9984433791096681
1.8254782104128813
1.3551213581710881
5.4371403907299296
2.4732774331712926
2.2164287299532566
0.5753354848309002
5.9582343840837595
1.9641608474606367
2.6992491528739007
1.4424587134891509
5.9490684985090319
0.7642120600416649
4.1027325063627185
4.0144638463866666
4.0900138818285114
6.2375840048920237
3.7698405971049787
1.6430188710791971
5.0869430812473517
2.7452693635132817
0.7547950253973876
5.2743238025990928
3.0750585001872142
6.1343842445124652
3.9566090874087672
3.6210145114520356
1.5004875551285004
0.7389767879811500
0.5635225534953789
0.6513243686299645
3.6505822754064123
5.0931677963619766
0.1621928485085501
3.9220604065889120
5.2413199761014004
1.5786018671634596
2.7371227016760038
5.6083829639119154
5.4852218766622460
1.6707130767112843
4.0672383800991554
3.7013271827275176
6.0459424569159648
6.0210005398977380
6.1889179768040679
3.5484764819232115
0.2198869375932005
4.0051614733851153
4.9913298512937869
1.6055285702294289
5.1619666836605012
2.1503175625230146
0.8619612634966791
1.7704915570974546
4.2831338246839774
0.5933696631984839
0.3695954931517215
0.8533214952510479
0.4788988930464406
0.2784223324378814
4.4775837725457386
1.8545713634717971
5.8502634686604882
3.5575789488133456
0.0408407207944239
0.2579387186298351
5.4549771193174150
5.1820286472043318
4.6708802483820815
2.7948264038223831
4.2574502946129726
4.3281426113054398
0.9695176172708090
1.8118694620203897
4.8674913769839270
1.1906137988010084
2.8413802612284673
4.6267071781719133
2.1616178708633189
3.5646327510455897
3.6692756357735519
6.0149705888487892
5.2293228456676761
3.5222903899864484
1.9995488212624166
2.7112706214088367
2.3325356023123835
6.2060260350439060
4.9230536987707998
5.2451827404092706
1.7601604353437890
2.4849156819589266
2.8414059853876772
6.2395239495010877
3.9357825061693816
0.5266001800533850
0.5074443382889058
1.4949427338139207
3.0905559248167518
6.1462804252271805
2.1984887425250572
2.0273355225539524
0.5200066594622756
5.1919743911290430
4.3669704892605203
5.8921185534039715
1.6531253340742187
1.4846939654541773
1.6072579526185287
0.8485042027522925
1.4439236652929293
3.4310431423559749
0.2235994374819514
1.2907629102787801
2.9382576995358609
3.7450073259244445
3.5744726423618469
4.6014715268119106
5.6616017806696561
2.5533970193140219
0.5755972890703004
2.9606865663998829
1.7416121974758008
5.1717224029699329
4.7966894833393665
3.1125533055081749
1.5988741917757725
0.8042199087903988
5.6792233372328429
3.6001798872802797
1.4495945025688812
1.1904151216077097
3.6081764128774729
0.6084935140709993
4.9868234111028320
3.7701401912564561
3.6887788743034027
2.4084057228751141
0.7300186491577392
2.7218411761084900
4.4151892145406526
0.2357655666847622
3.2545946339445275
5.2546413082835892
3.1054854095682733
3.8606573291500741
0.6891251829991080
4.7364680969745203
5.2764263308064310
5.9402044717840381
0.4100478392813605
0.0280916653333549
0.6305232053033584
4.1096510759921188
5.6655809210735582
2.6056524159173047
2.4797137375617462
3.9066391251361119
2.9201534169608347
3.9601192580047955
1.1946225482724451
2.8741949754529537
2.2448850106078981
5.9985895258407513
1.8275298833088305
1.1773313888336057
2.4179278916787217
4.0046631809362889
3.4410296501521236
2.0649056136516868
4.3026454769123710
5.5939420220649865
2.5877746873660716
5.4671814982685607
6.1308907074325489
1.3349462614619743
2.1354767200380285
6.1015180136809084
5.7898720446204939
5.8249114137679339
2.1388774515300630
0.9346386899246778
0.8048555473955376
2.1534080485039064
2.8446896840670743
4.0304310036880864
4.0523794997203799
5.7092184294050794
2.8886509604013981
0.8797950515921269
3.2057831118129587
4.0065808323398437
0.0575236319065752
2.6859023069824350
2.3897358418593742
0.8665001727111495
2.8575441485069168
4.4375221406001026
4.0533145180908576
3.2509164885333264
3.0314259542909650
2.8102997126468807
3.5387736514654500
1.2696271397103098
3.2689576786743988
1.7491043822745900
5.0183826974289643
2.9504083044905398
0.4201143016240217
4.4929300174876436
1.8832584925313407
2.1904479959802856
1.4625326177419755
2.9855052556676718
5.9882189622967168
2.1799842777030238
2.1463424285396848
1.0070753387192424
2.2663317795477140
1.0204397728753374
3.2893964394516830
5.1494512027493586
0.7142490040296334
0.9221115550669947
3.0050109774756333
6.1243350128486647
4.8569542744089551
1.6600272790736863
1.0855943189308408
0.9342957303940409
1.3558569991613099
1.1993118543532291
3.9635660007142581
6.2792940927042178
1.5111778210372513
1.3439110362030839
4.7812252099054051
0.8259677671715600
0.7549750869631405
1.6586607690704271
5.3849143222045806
3.1252049681628238
2.9022183255540961
2.1732908465900866
5.3257701974399687
4.8068189537544228
0.3429171426240002
5.5055957922910359
6.0465258477339283
3.6140689482958130
1.4208838198136364
5.9000947220803175
2.3026373304040484
0.1364387754529660
5.1895641602057490
5.4827970304632121
2.5956914150756352
0.8204174053402845
3.8251782686771723
4.8920694715434134
4.8312945966998866
1.4073987436985940
0.2080138201265467
2.1255501596170214
1.9976359284485221
4.3592960757129680
0.9624070075005793
5.9340500685122262
5.6655750375156524
1.1410212585149686
0.3437359500586110
3.8005723167964613
4.2520510021851692
3.5644016634664446
2.2901028711167259
2.4516157802255738
2.6511830887722603
6.1688088438599511
4.6696219841659250
4.7040195906248359
5.7718973490738996
2.4457548156159645
1.1529433891740570
2.0025215171461412
2.9079836241446970
4.8724610197368872
0.0536549011716180
2.0169853511428566
1.8361025811477809
0.1101697675122097
4.1840701280617676
4.0815096511613413
3.7944747946939290
0.2643613825365973
0.8727835235602435
4.4824067176277689
0.2177067314644855
4.3474570565506783
3.5536279237336350
1.6878469213233935
4.6597478592971786
1.6011373628886896
2.8030630740394882
4.5569231623542947
5.8113599692270705
3.9265386413784222
2.7043893436708659
6.1416970597389806
5.5591671494541179
2.4139068135373067
5.8843581516846015
5.2101457248226968
5.5264006071304932
3.4179143240159648
4.4649793742917199
2.2114401882539387
3.7960827297857191
3.9883239936792787
4.2899922334127547
2.3116262150510214
1.9934874724121854
3.8189711066350611
4.8224037151833556
6.0729944894793295
5.9815630594857483
3.4717825899662342
0.5006513601918311
5.3688835364669965
1.6365849337757181
4.2211491704514517
4.8232222555113511
4.2570451734084616
4.7965970289166178
5.4134060686954149
5.1450781950606048
2.5966605172641506
5.0883270276549695
5.3468345564847235
2.8492473995709213
4.0848467520745224
6.0863657061105441
2.2710852413547045
5.9972555188464547
1.7270592721626861
5.4480000722604105
1.5231286613277504
1.7342785541047627
3.0269845123593466
2.0926420064682825
0.5574630326777819
0.7670036522327183
3.9987385012842505
5.2165592255463382
4.0514161725836964
5.6451051364932123
3.1600733477816654
5.3149644106401013
4.9838082292139907
4.4001253413244257
5.3325968036488121
1.7527716270219769
2.4986982749213884
0.7084523137974315
3.2596241843198168
5.4164898896747777
2.0690566440055460
1.8623238993700664
4.6043114319747334
5.5223638293577588
5.5198827833802886
2.7787582440708354
0.0267452683603569
0.8553566584911229
6.0808703005337188
6.0433624717690986
5.5333309566979656
5.1921075697278365
2.6205267289013507
3.8678947688627949
5.8301326181901594
3.9665683825019444
4.5325338397760184
5.8995377697675409
4.1981198903213803
0.6394550905530015
5.9685038104015087
4.2625615439275713
2.8936515813447925
3.3269196771761673
5.7176185643368758
4.9149587746606072
0.0731710614413447
3.3521213419624787
5.6829554240304754
2.7689877248691146
2.2705536313024286
2.5278101025592474
1.7836011620666159
0.0325103909735079
4.9118676658023039
4.0573569344589338
2.8245790566114293
2.7915869969644502
4.2054067950199823
1.7733266732829898
3.0325506415527386
4.1886841937291281
0.1289065259085936
4.0121255505993663
1.8777075659897557
1.8235577461450423
1.0878635186784278
5.2334222165091582
3.3451591407726435
4.0762185965312225
1.7924473484085011
1.9707025885826710
4.7094911688291869
0.1153938648137629
1.1791975405882302
2.7331124032221803
3.2435168659974796
0.4089832740505042
2.6427929824467653
1.4241074225057486
5.6720037893094855
0.8197895960514127
3.0804326996288776
2.5690452691620083
6.1883427940519953
1.5088051089337668
0.9807415471480689
2.7784457777435310
4.2869624283480290
4.8608745640362301
5.0325561585296743
0.2036256755347665
3.6268477139612583
4.6150609889976373
5.2692212270848051
0.9304714738137446
1.1585874082163024
2.5887435368854042
3.9633635310837168
5.6950517395264164
0.6783458591145588
4.1563707036357185
0.1391304355575002
4.6686577965082154
1.4030410012691623
0.3442713239832469
1.1438455400940899
5.0271935800761449
3.5978634845610040
2.4287170454026645
2.7616099297624812
2.8065788014130542
3.3584843854629716
0.5351212585333268
1.7864755795962834
2.2280430664200299
3.1172119011981620
0.7582753611630849
2.4881231629978875
1.0570843434179575
4.3057378542578801
3.5537712930618022
4.2026818551641130
3.3755597324826851
1.5053052623452936
5.4534102879823285
4.5619935250281989
2.1483566869775266
1.9529174156431961
1.8786828649343994
2.9748127826043178
3.3940796781460301
4.4502851579836582
4.7979940107495960
0.2883662062180860
1.8735639705323541
5.1340675694858087
1.4719141187694644
0.3597427718439644
1.0555710864242791
2.4712161185804726
6.0989135177289668
3.0440483203038018
4.1594753220939777
6.2086396851076540
3.0155318579112236
5.9311648732607143
1.0767969253504945
3.7281782476569338
0.2153587519664945
1.4286179130040422
3.6599212620760153
3.6746240025457073
4.0351978808089672
5.2777796428484320
2.7716742343681195
3.6574028815521875
0.3060678143220933
5.8040974767713571
4.9727894225197620
3.5696528222782882
0.3142571358088351
3.1822787132550063
0.2416423640362689
5.8529070845655253
1.6446369792199045
2.9195112987308995
1.9100854372796270
2.5733174872993501
5.6701771621589767
5.2458326265700892
3.4481318411249200
2.9419435242280123
5.0675475929467781
2.2352176984127277
0.1437797521814432
3.3104906520099293
1.1151744937179473
0.9208214813475362
4.9396950603243450
1.8518285186811478
6.1372530637764156
1.2574356128801047
5.1538612327470696
1.7100391952272349
0.7414519235774496
2.1353774558256258
2.7581948463291468
6.1951365694055696
4.8710706346650143
0.6464868928465057
4.4630321894803089
6.0670729595270592
1.6102273056840750
2.0807105953376173
1.0903732083289037
3.9314396892937116
0.0155724917519275
6.2596701270090396
6.0552064658386389
1.1516122183957822
4.4941970064474415
2.1174867088401590
2.0969837762384800
3.6547043810324311
2.9767767360498096
4.4323043446932582
0.5120463935057247
4.5021110297636326
5.6760731132335200
1.2950420775131710
3.3343601756714922
5.0539028129151564
4.0001765462320549
0.6140502787234582
5.5431932149841128
4.0744084010306221
1.6011332531111582
0.4669216613054815
6.1785659074989274
4.7174779967299205
5.5073445835121424
5.7481584787385840
0.4815115465789171
1.5667417401596671
6.2057940503764275
4.0990284165128230
0.0640480693324386
3.5597900627972781
4.1604866364700630
3.4763749848841106
1.6397072646058342
5.1125930401396049
1.7199524134722788
1.9329438154683356
1.3116443771522555
1.5961067356008212
4.0953424784001884
3.6343133097037947
0.2702331094456971
2.6788233474871235
2.0316067041887469
4.1153436728368948
1.4846697869316297
0.4671387098010926
2.3136123627985050
2.3600208470382960
3.8503816097391077
3.5433206352618485
3.1007249011424518
1.6376696846403358
3.7494681262003677
2.9343853581414301
0.5584679750894318
0.9147135651428778
4.5771325978171333
1.4020821660385590
5.2152306626810097
5.0480992331481884
3.5566802398219206
5.7873135186365987
0.5175410770221121
4.0896562554905929
5.8980997395432571
1.8099647990518544
0.7853290030074105
0.9385195541383398
6.1882430869555085
4.5890798059636966
3.2818968496927998
0.7466110710030753
0.9747101860970866
1.2614080243306605
3.1386413606114751
0.4972035147862065
3.7043105511930041
2.3077659594223014
4.3701583399439574
3.6210491600354424
5.2240056319403756
3.9700672516933064
0.8471133739201735
5.8026555002323486
5.1807254775417819
5.9055090747790269
4.7308267498984753
1.7522191014691373
3.3256080620521207
0.7813891304667622
3.8034578182971250
5.8354896718661022
2.6300824001893512
2.1652233098041500
3.5861070255561467
3.2208855587507683
2.5292763060499603
0.8602537604483494
4.9145545003060880
6.2198114300164056
4.8668580706816140
0.0924973587060279
6.1873465039752338
5.4939213372537932
4.9538820329075426
1.1498366293791185
2.6192583393702860
2.9449926293270390
1.3083891197598623
1.8675694826303437
