4.7409693763868148
2.5632250704928032
1.4322392357345728
4.1919191343989093
3.9914356851460417
1.9206166559839311
3.6574818863499479
1.2989487292586728
1.8075872677071723
2.2186650664991983
4.6202104657856191
3.1158125944587027
1.3005702019741416
2.7599460796722477
1.9332038468978467
4.8321213940541927
2.4887818010709810
0.0143282589896729
3.8851845920950221
1.2293276545060503
0.3855289141613519
6.2159628150919870
5.1997312361755439
3.9912822341047041
5.5662426096690316
5.2293611787746830
3.1049698258535310
1.4731110745239437
0.8359098743685182
3.5874401222058716
4.9202641350097416
1.8776443714059696
5.2776032109793976
0.7645934548742015
3.0946619526130896
2.3204442766279674
1.4575731384997841
6.0284995358919931
0.9628492697031877
0.6386031360993522
4.9002539435981198
4.2414120620886093
0.6905392315168926
4.4988239394713680
4.1200350526182552
4.3003745143808310
4.2775106461965953
0.8729950805944074
2.1216631500635890
4.7986323684310701
5.8862847697389231
1.8238236397147223
0.4246707727066292
0.2967560913673564
2.5404476508810818
5.7590218441969618
2.3131151248847228
6.0250694534735993
4.2815666287310759
4.1979624268120066
1.3298285378389598
3.0942965503705913
0.6904106621687155
0.3106915181923258
1.2901712135071857
1.2839672444304404
1.8953346151645347
1.4644790456347474
4.3982546867185937
1.0622693514238615
2.2558047044850600
1.7907554637663001
3.5216590670818584
0.6772862655814257
1.9250782915736300
1.3446484948678674
5.9231337627187832
2.1246843235071813
4.7519439354689217
1.6116210758353169
5.8799864640569002
2.1068965111670646
2.5911003689317891
3.2807494705185403
1.5599333466382928
2.4161470732428985
0.6094344137274521
5.3925856913849852
2.1999880881792828
0.8277624208694188
4.3808867970447594
1.7243317901662942
3.0911855894709008
2.2008579042460656
3.5768201599382703
1.1100953226695911
2.9773746486446422
4.3647883517651094
4.8957951770953887
3.8743812222048515
2.3803122917837007
0.2603940391323413
3.6261631597655146
1.1663165601991243
0.7914021478517601
3.2686332007255268
5.2630878440738087
2.5549483342364812
0.5387454379654097
2.8387387587292205
3.2904634347629438
5.3775766745742564
1.6848134289711032
3.7405875274437697
2.1855811531042364
0.0678930055035335
5.1055997852453716
3.1489623242109297
2.8108825667020780
1.9880676965832793
5.5603611699531381
2.1194211464505655
0.5360512286546057
3.7537013457116091
5.9991542005565694
2.9403303107850345
2.1437864780829647
0.0400660946533241
5.1927874174768416
3.7243695881787442
3.0304807113434999
4.6390290291626242
3.2926404498062705
4.4871569985935222
0.5230218665151761
0.0362599594685067
4.6004035789953557
0.8599748479159695
5.7733943854477188
4.1381086751068636
2.3995714898547322
1.1848378522844063
0.7867528495187185
3.7777553807809192
4.4666267560636141
4.9051542914600192
3.0860891456667190
2.3281291572255811
4.3355054371388437
1.4083141078830570
1.7332466616867981
1.2714673618750629
3.3115799532640158
5.8752160039378865
0.9044114922693526
0.3355983994179896
5.2890796927900201
2.9495418888560763
3.3188859256451511
0.6757945944240317
4.0899110555207878
0.4762228911213715
1.8424866258437196
1.0726527019453327
4.1082446334285656
1.3883192164235318
5.2167892076201205
4.3172943452271557
3.7649177937786207
1.0003172581709867
5.9886762376218678
2.9470579553379710
5.2240828301779025
0.9659766513009701
5.2486938448159863
0.7986080099358391
3.4336596723420238
5.9963879877121764
4.6346743768413345
3.2604936612014632
1.9833471581385189
4.5859856134406627
2.9468008552619982
1.4606209490183830
0.6411363851166202
0.7839062102083030
2.4751351025865409
6.1862800018045618
1.4247845372406922
6.0558655946151987
2.9027934988951922
3.0825435282950790
2.7417953473040413
0.7545318411089893
1.0324096150861248
3.9296604274242259
1.6469691234294452
1.5951960522765078
6.1227552293400089
3.2923492186345436
5.1797047877343934
2.5475891788884457
4.6976301233188202
3.1901087703619577
2.5959691712603274
1.9848557431201255
3.2690163157862302
0.1157992961361249
4.6810060277482721
3.0640881808446849
1.0507976208343290
2.6742974121411374
1.5073174220876395
2.3776626975144208
3.6224872518562554
1.1968987615230573
2.8009601428989428
1.8855593627805680
6.1594927987038126
5.5418839636796298
3.9595866556301029
1.0843769201503777
1.9948793233616462
4.6340764213303665
2.3219342032675221
4.9793705455736488
2.6791245605949165
3.8910214843735709
5.3738797988239870
3.3853634899225660
0.2126899343274878
5.8168285555872670
0.4509801146672270
5.6110672958761558
4.5843205514797187
4.6772139400283441
2.3349455827679466
0.9264053542985918
5.6739337682786788
3.3952957936242929
3.5671344429696297
2.7525650176389611
6.2662210154562992
4.2053677864168018
2.0757481305850063
2.9340702471697671
0.9701463585196022
4.5123904616067625
0.4652925612359954
2.6787230049506583
3.0446716888916647
2.7989350392590890
4.6722364934360536
1.8090470266782868
5.5663383674280063
3.5477742501104221
2.7371248227294855
0.1579435337417386
0.8079945019724757
1.8088813145098419
2.5013467025659546
4.7953486202198601
6.1334097238455536
1.3793771999689772
6.1294382470317368
1.7459568872538187
2.0468634314015421
0.3839879609698345
2.0303142739314546
1.2565059065887174
1.3884329730445744
1.4158658939635140
1.5572566695420638
3.5880318099774189
4.1352438757258732
0.7747228596417275
3.3794662783154172
3.6261022938141640
5.3292366415151218
6.0678243376099354
3.8307700439014196
1.8483033696361011
2.7605842579259718
2.4953821023078437
4.3350280141154496
3.5964494224708483
3.1331473596035866
2.6120044107178679
2.4122018017607703
4.2460317205734217
1.4327681886301433
2.9214540947016272
3.2578303287493613
4.4675860936603149
3.6394168281039039
3.9023582194614375
5.9874214787523679
1.2489256489105707
2.3525334304416274
2.7869949529758777
0.0531761231129211
6.0784822597637636
2.9830552431030228
2.3036448775050018
3.2297710044341108
3.2947054268994118
3.8942131561324089
3.4486650871784068
5.0983948406095525
0.2855688481762479
0.5641276806434232
2.0023747282291575
3.2159102775568686
1.5414120544919898
0.9838557492536674
4.9902902083024809
2.1986657967398928
1.8869142987439513
5.8566504498151000
5.4376688775868525
3.2245696627542579
5.4772675233504833
3.4195431764209165
1.5187857542459107
5.3952798476776831
5.3227074061793340
5.5706432258650009
0.8503747319637137
1.9549414281441573
0.3953470299573108
1.8624051433483790
3.7893348531793452
2.9883644983973072
3.0578842621564681
4.9213878563525641
3.5673847819163544
0.6882636057147413
1.6332163641794717
2.8015057664312173
0.5799689940580396
5.4208548410124315
3.8547347517438313
0.2313544151236743
0.4501612900141207
1.1724663504507560
6.0763527990878456
1.9118803979442327
5.1321958073704623
2.3765104102030170
5.3756287082107193
4.9023032813450902
5.1076894751269242
4.4754075738831389
3.5594981578034459
4.2555609814467692
3.6155128130422285
1.0028163774488079
4.5355001696218835
2.3004743151243749
3.2086109640735656
4.5801366050692316
4.3398607238782594
5.4234736642662940
6.0790817571840945
2.0068817186069534
0.7709246032786535
2.3805317038678995
3.7763530697080361
1.8843275399792148
2.0097610606928611
2.8766762560528210
1.0267696981006296
5.1903431735874515
1.7573092218309319
0.0452537832303369
2.8852404773368021
1.1526459248288219
5.9178878673696458
2.0766379895808154
3.5628820137826964
4.1302545456727477
5.2555532427725886
5.2165694249997347
4.1749837317547653
5.9928619787564035
4.4466257348911071
0.1714024971396870
1.5741577868259735
1.0705710164188331
2.9792394121710828
2.1208982753592678
3.5079654713604094
5.8276515552680523
1.4205772780932622
1.1814561023146375
1.8948508777830826
1.8098493474244344
2.9694618189727340
1.6070679154901497
3.2644874351381454
0.9533611932065730
0.9921443383830247
4.6918381640581606
4.4469593981919235
0.2052446023249708
4.2668109478841423
4.1386232395500269
6.2268414447008791
4.2044563355168325
5.9404172690174635
2.2881016018405549
3.3344672999499654
0.6709264379963997
4.3432481830074305
5.5575865891310015
5.3568541549167126
1.4116063442689886
4.2625954476301207
3.9636113038766201
3.1227356402773165
0.0101025761890356
4.2337609079825942
5.9217716327994561
3.0999114713500719
0.6803469337812724
4.4968714115600124
5.3860908798031639
2.8291304300526972
1.0636270523184901
1.9565406856879470
6.2736768075773073
0.7302552475223292
5.0170997648741746
3.6070919833724795
4.8685878541781369
1.5054713045113972
4.6332186457653703
4.0795889984646658
0.5220733500543268
5.6588256425046115
1.9658327851207542
0.0666512081725647
2.1044521729353871
4.5774854474885815
2.3537877749134060
0.2580858904869382
3.1255872271048344
6.1773200606855818
3.2724322180994445
6.1631347717085134
5.8739020083849027
0.4656876732200501
1.9869958700098536
3.3723955494684303
3.6585415672236783
0.5852234504776429
1.6227788976607302
4.2209811762228417
5.8139304403718004
3.2669595049545941
5.0942448347461822
4.3024628549977582
2.4940438968481446
4.3218974092322577
1.6954205864885052
5.8131330257645049
4.1579949070185211
0.4441238426524762
5.7283300766756202
0.1592819296691352
4.6209072366605577
3.4238219145307753
3.4389276224661200
5.7036127632895051
3.4210256161471526
4.5181197337658414
0.7954566917854131
2.7046263696469817
5.9272466934766630
0.2454607513645267
0.8028751001565909
2.4936239224802321
2.5669249363002229
2.5343765020349274
1.6862780378416986
0.0576288839388872
3.6735819037269004
1.5372656225841026
2.8391843433030344
0.5450524285869636
2.3008202762965322
1.4834066306079290
4.4381302703510057
2.9790615867629535
3.7002946362886884
3.5495938257912156
6.0782325790994598
6.1517310429560847
0.9498385688946461
5.9044021841206140
2.9689750174744747
5.0925790860001303
5.9627494566421753
2.8262181648584201
0.3230669721580774
1.9186466237861350
4.9466069532618633
3.7397222832895336
5.6997850517626505
5.8169029920257280
4.5570851963497079
6.0543282635286930
6.1747733833727665
5.4730037397027331
2.9848338611689851
1.0538733416855424
1.7452245853019559
3.0473379041967426
3.9985129514464801
6.1309330401344759
0.4098289224909694
2.9999364369833956
4.4916784607423921
0.7471716018278718
5.8320354006876016
3.9825757435743787
0.0039785777897000
3.7442542112073989
3.1175863399039043
2.1639134867805452
5.9938510412060237
3.3875019659245309
4.6212926499615161
0.8132629957352316
0.2862233764504304
0.6649785411108833
6.1586502405138175
4.4304694815693910
5.5267250168989559
3.3429940260675330
4.7184732210708580
4.9167145392975495
0.2297864522254145
1.6899002775544611
5.1606314398229962
1.3573823518446915
0.2582081803781189
4.4074781727446481
3.6324362887325052
4.1403175051455454
5.3965011060530728
1.9659555908044444
4.8524544135316168
2.2131592905116411
3.5514493449633431
0.5500911825899334
1.5952123683151429
0.3445949809542345
3.4909344966200182
0.1869894244974969
0.4049799353471541
2.0564211339116256
0.2878319468774893
1.8582654402285874
1.4859340899969773
3.7082825996093378
0.1113573624433231
0.5547081719578626
2.4406091624182906
1.4966642173206528
2.3585734410625188
4.1365229708483193
5.1257931584646288
4.3995122776310076
6.2579137487611494
0.2752743679415570
5.8634083466082361
4.4502208929368026
0.6078007867124425
1.2757689726289854
1.7465190500449586
2.6486461681477191
1.0538669905086688
3.3080101729426259
1.8601279338998906
2.3890637487589759
3.3930980024806989
1.9867855674149657
4.5099187179520479
3.7605885294866068
3.9696630795200334
1.0915563834675082
1.4429403064962847
3.0245472290556501
5.5696916673634513
1.3935168832166174
2.8239354488902166
4.0835725452966924
1.5218676861017182
2.3792322352939128
2.1063781020380459
1.4058462273502146
0.1476686659190922
4.3498276435393262
4.5357968052681716
5.6217631884812640
0.0963610146384755
0.5125750840172827
3.9321340838495966
4.4141573004461820
4.4889599847106858
2.6740988792547595
5.4987237388171595
0.3741587559982755
0.8218338824279663
5.0077966150890472
0.9365653364687094
3.3283523440410141
2.0603044562327240
1.1368125384735985
1.2427938075646174
3.1003680609427162
1.0092909518066295
6.0096897161960934
1.5792580593555476
3.0127476537280069
0.7305646409457265
5.0974047556317430
3.0886712628876793
0.9042368422722659
1.9825110800702770
5.5394920439709452
5.3255161003156735
1.7469904067877848
3.5504414362866399
2.1535284666671002
5.1734517080785789
1.4784524608924083
3.6540429194249331
0.0150402778927045
3.8413774752045144
0.1414760889640899
4.5395347683557850
4.9406666865138034
3.7623505979226146
2.8717119243675535
5.7148876785891147
4.8093407064858615
1.5686714336331100
0.2182313441521332
2.3916287365801385
4.2207640397685617
3.6612103014587256
4.8167433238213304
0.4477192175626021
6.0475834616137938
0.4179252740957347
5.3560988848230764
4.3377291446042712
4.0082414561925406
2.4085391469864219
1.2760018112606868
3.8806678669023227
4.0317615745911954
1.8875397686276041
1.1453100813695369
0.4487882167675570
1.0963916699783520
1.8464419639800529
2.5381525368858830
1.9714165874326655
5.2216077644041219
1.9429594579367462
6.0096404565690928
1.4201322164131807
3.7105512818234789
0.6602252522798221
0.5222312019347004
3.2445527255437958
3.1069863320721094
1.4158555927636673
5.0416659226616245
5.7479683821235534
0.6361408408674840
0.6105055657140447
4.0401616465136403
1.5639832517400731
0.8223292152322622
1.4585471997768253
1.9896554229947847
0.4810030299302784
2.3759281396151826
4.3102416172639364
2.7247965594372823
4.1830462596081999
4.6795908193785403
1.6284905254690412
0.7309034255072813
3.2886790954106173
2.1789067278316363
0.0892103578650611
3.2842017806903603
4.9148428434857481
5.8391746680141843
0.7581892974982890
5.2157254886007154
4.7661326292190083
1.7037556684766921
6.1471869601830340
4.8294943039868041
4.5847150957493392
5.2202773382938314
4.2413866916196667
2.6966226452498328
1.8973771193258475
4.8007070732258654
3.4994191362212366
3.3686148879436315
5.8130178739000620
0.8018963459280342
1.9078492972345737
1.7741417817598195
5.9404533151147154
0.1185587856012202
5.4255728940195480
0.7123326903191781
5.3259855538178549
1.5125535795099303
3.2334222120894407
2.5629488114435470
4.5739399180111819
5.6327129238826110
0.0358359358095355
0.3812889575519762
1.3847885306702130
4.3102362064453050
0.8536235799236205
2.5484283818821392
4.8452873379614347
2.3995669879029369
5.6105733314998583
2.4474756256032393
5.6079948851787398
4.3201676668823170
3.4883003270607249
1.7612401678683185
2.7537161484527699
1.1467801156259259
4.0007051407845360
3.1130832216525390
4.7005854065230661
2.9458432228439793
2.4019909820516978
1.1855892079971144
3.3074746552303251
3.6015897513726900
4.2103968080446794
1.5373903274556753
4.7036736453057948
1.2904558350491462
5.2137700863640815
2.1022307871347987
2.3366930364116727
5.4914121189774887
6.2479353855498534
3.3333385532952278
2.2516066070625973
3.8059863329142170
4.5299548259447491
5.2648617930094659
4.3074456005051616
0.0253009463444942
3.2459664776775239
2.8444059176825740
0.2690551383576834
3.6528719549452306
0.3934956180210256
2.1702048844359902
6.0668295206093763
5.6885170462319357
1.5580545686705281
0.7869749237434370
1.8381800582623176
4.9539691502158982
0.3497863928669181
0.8768024039754102
3.5837623142870214
0.8719992279447524
3.1490973345794764
5.7674667828541768
4.6828158862771874
2.7999773542637465
0.5055281819906623
5.7078216840721883
3.1127901008552064
5.2000486302713735
2.2397768081053688
4.1922517426054586
1.9766456253231111
3.3177111510063138
5.3227387652992952
2.2035150992495209
1.7055416331651803
3.7971447617235885
5.7270374918368017
3.5482630124621659
6.0987546237501249
2.8212027358688201
4.3383049571749579
2.5270252335700012
1.3009006727352130
2.8488026831193558
1.1663276213115452
1.9745844567901483
3.7204861446284263
1.5220121881923079
4.2895470670477298
0.7940014131701980
0.2605266974825849
3.6319079763885287
1.9641230003088475
2.4528026561943936
2.2603654673815643
5.8396029456333434
3.1083636196524305
5.2755526889790625
3.6657476221905756
4.9515471680221221
4.3018866632133816
0.1374001693442460
2.9852992800662981
2.3946316907373695
2.8245847275905835
2.2673906232955803
3.7376407283893429
1.6668900681933230
0.6870271299979906
3.1456008212925570
3.3280710176461441
3.7386147984930451
0.6083952057926678
2.9176518065275134
3.5046284068572393
1.2784857517358523
2.5047261482069874
0.9633928455616134
1.2987139694025858
1.6877151333733433
6.1574810635009651
5.7024908653318427
4.6995269163862172
1.6416077355307621
3.1024831728917572
3.5857451585137170
0.1095317953963309
1.0846625290265262
5.1089927672649402
4.1827710120051496
0.6298567266792872
6.1603007362924957
0.1547796361533280
0.0270037940931529
3.2265436902442390
4.7495786156604520
2.4564744698218388
1.2072026093645782
0.2812264373653079
3.7245955326135376
1.4021925781649187
5.2984542821837612
1.7841091015113002
5.8690324639314602
4.5629641156009146
4.2479535968290802
3.9616754905851481
2.6388977432090615
1.5703192931978640
1.0643406265978266
3.2231343276169584
6.0541161395348215
5.6603397787085905
5.1538484548741454
2.9753709709225302
5.3469390341766028
1.7531940119740448
0.9445044891147936
2.3491248554758237
1.4775833162298446
3.6366604631128236
4.0170120031372596
4.3589939891570593
4.8517737704688173
2.6676924665320354
3.8790417192980997
0.1960899704087808
1.3473331683548944
5.1762349104258414
1.1900273225409652
5.7863729771950059
3.8308340259278260
4.8034898781350810
5.7928051521644939
4.6268228517067840
0.3682192579920124
2.4290063903150356
0.1387092491349101
3.1976965319381194
5.4099028170146557
3.7790883353122053
3.2353419260013156
5.7177831739194040
4.1156484807078444
2.3085467665636448
2.0409908995504962
2.1120110636256952
1.3512776724710405
0.2960609931915343
0.7980780979236427
4.9487378005247971
2.6767353807649461
0.4786615657247489
4.3153898722057402
4.1859621223726622
2.7337607249643203
6.2025550413448318
6.2721544207648456
0.9742303086172631
2.5676315236944243
2.4052889054942530
0.5861491984191469
4.5698650417824753
3.3424130938352636
4.0861316650893960
0.8074342960851909
0.5230896503679544
6.0805216966189537
2.7100498534531874
5.6804935031799753
5.7805895386069581
0.6427333721657091
0.6116090663224739
4.3123006351584028
1.6870122455569032
2.8741971258607029
5.0037782119660674
4.7623425644082706
3.6652281500711035
2.8987354926881443
0.5460331634905953
3.7709214524085048
1.2877621217589812
4.0920072868499044
4.2512899873024752
4.1301481132747311
1.0611851392570608
2.9536126924306876
2.8560474946981924
0.2100138055397837
4.1513329894781865
2.9661679696147485
4.5184487010689578
4.1865802173616418
5.3050221698480859
5.5239818062284201
5.6786672625860337
1.8056881733747467
3.0968472826959772
0.4836742764557286
2.5687446361595918
5.1915198504823845
0.5239795999586330
3.9043913376623198
3.8481998708007419
3.2008645442251225
4.3607262643485054
5.4811098768037363
2.7953593939602723
0.6231654082403369
4.9490199500289744
3.6527090099059958
3.8634714756549231
4.8726212102003172
1.8108934987223471
1.5836183033014799
6.0300936013490025
5.6154719119262424
0.6437766200771857
1.1319491259107362
4.8134482909266509
2.4024803490747173
5.7475806924032078
0.6278807332687623
1.7796732821519790
5.0373989496398393
4.8687936125012445
4.7243973612318646
5.9490647286399243
3.2209847306886239
1.0019646308803509
5.2083809524921030
0.6252298778223133
0.6805596612837209
5.2812770594117575
3.1298122116480194
3.6373298243813781
6.0782679912227495
1.2397554034991811
4.9642261930743281
1.0843573298335156
5.7899653111947398
2.6559151854554299
1.5477037618324381
3.4040471726831063
0.4880799053417457
1.0330516079694212
2.1591924126413282
4.7670074376648852
2.2088564463361875
3.9915553009823319
3.1659416189011180
4.2169229738312621
2.6606861288642811
1.1849547724125902
4.3264578994914986
0.2901761659595820
2.4639302717933220
0.9418383629181049
2.2369491314736112
3.1140398254769726
4.8156647162896995
2.4878067247419815
3.1505760333163462
4.8272294640138833
5.8501391972792707
3.6076775805573780
5.8429456840613696
5.6143965669126681
5.4083315841228270
4.9716100112170638
2.3097954617447898
3.6038763696591962
0.6501345933123024
4.8354183721259316
1.4107444611490645
0.2153646464591959
4.6693644525957421
3.4658053154845443
1.1943943332025644
2.9301856066366461
2.7777207944347495
3.6922994872806565
5.3417165605082815
0.6569187987091325
4.0973487434899489
1.1720688655915221
2.2961191660080384
5.7513193066669182
1.0496828076265525
3.9696410002888034
2.6555213302749907
1.8071529054933100
3.7538670010182371
6.1242694694569026
4.1511700359675370
5.0149899112734069
2.1168412209804872
2.4405163753286181
1.5261988695971187
2.5110043260072294
1.5031574756409971
2.7216604520368248
4.9797191433213914
0.8214110656349620
5.4413236207572364
0.9391025183062726
2.0619388003272467
4.1776859637980372
5.6578369753673003
4.8168874087032094
1.6154300080797555
3.7045876193069036
0.9582285877203253
5.5814612185186627
0.7111868914615411
3.9397305938003360
4.4530472557275695
1.4052904732036766
1.0807009115293549
4.4499424260329805
5.9106204531344151
3.5761625885253419
3.6858916429419293
0.5460975701250523
3.4595493433961946
0.8407641884631384
4.8300408597479407
2.3580150271824434
1.1416312821453358
5.5513586563272037
0.4631857160843947
4.7430453537553774
1.0463540818481405
2.3676998143484944
0.0619369143328452
5.4002622079624150
4.8618220066674933
3.1752117158016975
3.0490294915841809
5.0447153546433929
3.5874167954115364
2.8724982772030021
3.2107879573556772
1.7136339583035454
3.7518716106429015
6.1557367237580038
4.2136273606701797
4.8184709903989225
3.4776343293921714
2.3188199614659237
5.4082635154662446
2.3457052577017947
1.4282047155906090
2.8095533278898817
0.4833910778801832
3.9851647943515967
5.0827239198361349
2.2479920019912338
4.5477848283331008
4.8551308083142688
2.1600672558641958
0.5612482329444347
5.3929722144966270
1.0884801710403327
2.2880690550184313
3.7101030888585598
1.7132238500458681
3.8070315652566191
3.0854916849148353
4.6949930369043846
6.1136723612748831
3.5337794561750542
3.7062105918752177
3.7359011018265131
2.5875038237415100
5.2244182021061398
5.9382917898970762
1.5837993001708579
1.3911056403969937
5.7458655825437877
3.3334114619096269
1.7993822401984807
4.8477844614473309
3.8456637420222162
0.2481992208766110
6.1012503308561596
4.6980779416855869
4.4439941643600021
3.4272347072986733
4.5980481102211561
0.6878321963762811
4.9790109848033142
0.4686617839007277
2.7458740788803966
2.8295173809866760
2.0453610062412824
5.2759507628693916
2.8823245517251248
3.6946678865818363
5.6374274238821718
4.4133739201177704
4.5824070517380751
1.7281857063043655
6.2537369650127932
1.6683062289385475
5.1137264381921073
4.9890918123428927
0.4290003740666848
5.4955423176637881
2.0956369816395144
5.0300069800709357
0.3019455150302181
5.5320233770902298
2.3269981938964945
6.0851925012812149
6.1400054067191583
6.1292108012179831
5.5423535373858286
1.1509802432843741
0.4366452018495389
1.2667479600800564
0.2925435775935523
3.9592303861244891
0.3259961658721049
4.5302923484430062
5.1248642128411941
2.1318060549197115
0.1101801776849130
0.8983611209307468
5.3357291395019599
5.0487369954418995
4.8479655480619837
3.2953856388737766
4.2595197299453007
0.9834226543179104
0.2109510060474026
0.9661869925362266
2.2095376391203887
2.5469425301505590
2.8986099956288576
5.2519585676015748
6.1063609424662841
0.0983872016303568
5.2499505395768402
4.1818760683646081
3.7253539876872925
0.0404988797926682
3.9199803635657378
6.2273891378477133
2.2696305502228227
4.0654584841758998
4.0621537532384870
3.6994891317208682
1.0149427591661278
2.2884236304083330
0.8451462608857990
2.3498275275734177
1.8934953863519719
4.3798982730217872
3.6694267454712532
5.8360210789724682
3.1436190790421485
2.1727104450539487
0.6083682757203084
0.6015062623527736
4.5648234116675530
5.1479724684486659
3.1206580947827636
6.2689628811015075
4.2054677414764825
1.1492225795584032
1.0744296503804129
5.9087099207535561
2.1573545103392817
1.1635783026993205
0.5111785580574683
4.1093135185793237
1.1175618243466690
0.5063005594786233
5.2675481704208940
2.6419719762206002
4.2024643274444164
2.0536508007762500
5.5180300254694679
4.8046471029565962
2.7310929806189206
5.6997647820596145
0.9514413894379582
1.0439125022486975
5.7111021704095553
0.0062018414367631
2.7977533062972495
0.4906167592122164
4.8969364977440692
1.1996875984228519
4.5942410973668153
5.5535428336719415
5.8122417325496594
5.2318189718173356
1.9255423140200429
0.3135971922066704
2.2213920739872588
4.9526853477048700
2.8970923600814680
4.0623672081450763
5.0860350740831803
0.8884953550208350
3.8609357856104944
4.2038138287368518
0.0850359935040148
3.5092953931948108
2.4608695291775478
0.5725102781105932
5.4407097366883681
2.4142503841256997
0.7399803303148026
2.7138265183781103
2.2820152037290402
6.0348041344797156
5.0631734241408584
2.5277374081184836
6.0292606788161160
1.8817926626331793
1.9521997355152194
0.2744316797499847
0.3892237507726488
6.0182265578331133
5.8665935030341680
3.9209802661381774
3.1980274308379784
2.4802180510132437
3.0771062460938525
0.8087589513908138
2.6048145642590397
0.7279225158173249
1.1412846328789858
4.7489302034520957
1.6100632742961214
4.6016709236679798
3.4973623667799045
2.6420052734979622
0.9433589084951149
5.6303219509345652
3.5191727069994188
4.4931426541798061
0.8582431974537283
4.1341256267797419
5.5995254971261614
3.3348808555791281
3.6565239148087749
5.2837769242673120
3.4060008648194517
1.9324432904532458
4.7583890606122994
4.9654047584448531
2.7532058751118313
5.7475007923851109
1.0565601295551097
1.2939332597535722
6.2775162252763721
5.7658901726962144
3.0877884227370780
1.6546175989924214
4.2869622345497458
3.1320042600823448
5.7050835960194677
1.9116176045142663
2.2125882342617893
3.2205732094499848
6.0670275792574717
0.2784586723563819
4.2730174689922480
3.8453100789129881
5.0822419724920067
2.5374509753735510
2.6659278749125308
3.0837456762883328
1.3617989343362371
3.8427104841878674
4.6510790070456300
1.4326574065082118
3.0796701085002165
4.2140570476259107
4.0541091859208009
0.6853526439527489
3.6229471326101552
1.2905982280272095
3.5960274213330550
2.7151821514018355
5.7398238994090178
0.8155988416714809
3.5394653251384685
2.6815037183741182
1.7744364285005829
3.8561405164388138
0.2677482128558563
0.8829181874065207
5.8488756218548934
3.9710308486282244
0.2504551138718590
5.6634768003391471
5.6614335245748917
1.6342781364170242
2.1664134364117844
6.1190754379253667
1.0928027575948012
3.2139190289496704
0.4304733007897683
0.8025975590042584
4.4826432330093224
1.3365871322766678
3.4975816112278078
0.9724415793429479
2.3793243644230939
2.2828937386613366
2.0882475140057246
1.2520125389054793
3.9159421064355935
0.0559944424993886
0.1281477609124969
0.0016557064748667
4.7580902830089657
4.0552507497781685
0.0362399673989481
0.9002102628418884
1.3378802574621795
4.1667033248464636
2.9300021471400393
2.4336876604713544
2.7136448885642626
1.8302430004709702
0.6191717704009887
5.4208851310510919
2.1925357312858060
0.8044976168513746
1.8506935455910742
2.7851662100164138
2.8323660929565357
5.0959218025456918
0.2040175058032253
1.5983567439411326
2.7317608561419635
6.1504392725786889
1.4510999882937163
0.6390187249486915
4.2383293339566510
1.7256305317217793
2.1460931981808411
6.0617038520946638
6.2263810876662715
1.7313779891579899
3.2592783885577683
1.3571253531585423
3.2017420558716063
2.1041155301356849
3.1306683713250552
4.8472841080671136
6.1476414058293676
2.1619643671805071
0.2115813591322840
2.1856495979003734
0.7492646703924352
2.0254688023836720
2.5711652650830055
2.2379827892448256
5.6812954600248515
4.1865465064947820
4.1851637269817861
2.6158212168738810
0.7506970974089939
5.7815909291805996
3.0377802775836460
3.5703604825144137
3.6537252864617820
2.5988286199752966
6.1605655579334986
5.7611908016550633
3.5642036121982930
2.0499814868859647
1.2222115943523790
0.6831644591578080
1.8071742329792886
5.2383407614406030
0.7260082766038284
6.1609175302799351
4.8126713446790053
4.4512503974673834
5.7113771317860005
0.6450994171827160
1.2367708449638004
4.9904338612820371
2.4615110365612511
1.6547752892660363
1.5781413616471236
5.7902386496073435
0.9587716342250689
4.5566350671019293
4.7172657282357591
5.1028060272402982
2.6698346492700176
1.1152167880585420
0.1784301847033028
0.8943127349491078
5.5916914869246543
1.7236125905720590
1.4405197908073359
4.3615877696324183
3.3026174484665081
0.9900412151330257
0.5597291144617482
5.3414032128448863
4.0246762544427792
2.6022321822322940
4.1505301920640081
2.9307345592603462
5.4203544851083709
2.6852276490171176
2.6278988593826833
2.1480805963892000
3.2689189591069820
4.4254614830456349
1.6452763176482579
0.8299078994842886
1.1578665415043830
5.1427396225636732
6.0074205566452461
5.4879569479706873
2.8918328925668582
3.9507487436481847
3.4278644161927496
3.4170326351766613
5.7736129881995204
5.4934252632493790
1.7546504268803087
5.3725650908561757
3.0449747087578238
2.7026182524154074
5.0770284273294291
4.4036655637656121
5.1323942295657821
6.2509780672127970
3.5972284570281645
1.3067023159423792
1.9834315025790765
5.6957394077457328
0.2728278874148214
4.0902802197159680
0.8568679917660491
1.7560670399597307
5.7916880871810443
2.9272186038202959
5.8468277147774428
1.4191820336210588
3.6162648285745727
3.0009253863451639
2.5265547797927841
4.1820661163574249
1.6539339553997541
3.4929854060900838
6.0383156970360838
5.6689042086691632
2.3197344788603846
6.0647108038431732
3.5245439336155804
0.1576299070568171
1.5499272209842840
0.3152541257396000
5.0315619771097504
0.3885809410070844
3.5019176865339792
5.7940504124099919
3.6031996826195742
1.0097243001829488
2.2260439947862785
3.2290843102303994
4.3091528764525631
4.9891843210320221
0.7168950913595602
0.6974888730509800
3.8753283914338628
2.5629795616666309
1.3060236218673196
5.1121969845267605
0.9696533787477118
1.9524389018299146
4.4303637835877110
0.0760163417545002
0.6925653994479540
1.0671886220066564
4.2305796496656445
0.2922078343077713
6.1376113089263900
4.9538114712677039
1.9334139008022362
4.7830816227812836
2.7806173109422692
4.4094143121791554
0.7575441927301677
4.0807965432892956
6.0481241511795876
1.5418691127405462
4.6712113236883406
2.7888065052137230
0.5590546008937844
5.9345081598781171
1.5985194496431838
5.0530564917121827
2.1027312074319591
6.2057824793623437
0.8766815935782392
0.2444808254987081
2.9072782706472227
3.2196285294232863
6.1219278215570201
1.8075468363923501
5.4338683465672091
3.0069268442075785
2.9675171723552807
5.9290195518720630
2.1113026701906041
2.4366624454790187
3.2374278519313737
4.2024516641491569
1.5469106318225401
0.7230046990202883
4.3260766639680606
0.9745034668343557
3.9009709933537349
3.1319123178097112
5.3168725273547492
3.7993725285019209
5.1687831441234602
1.9177469232107285
5.0297053274106034
3.9212654993477671
4.8934214319652600
6.2233283760694773
2.9136004263342530
3.5456577397050131
3.9889683048614581
0.0644410242192176
3.1863118931460646
0.5862332684734296
2.0027701403089639
5.0865570008654091
1.2506670644726630
1.9428889193772954
5.7566138387795460
2.1834281935608333
2.5171033920708492
4.8319419820509975
1.1018003396898182
0.7680056601009846
0.6034600563685439
4.8453411732156901
3.6676884169635930
1.3110095816426188
6.2422617778411063
2.4789133124466392
4.8185206163271079
3.4434692258574557
2.7059426588642559
5.1036182497013396
4.3607100422431362
4.8232432515054739
3.6510527411249982
3.2567526023409563
2.8517116376967717
4.6643127324231868
4.8590940984813358
2.8618406831943983
4.2482576053729177
3.8839652779746574
1.5400965043099002
3.5056699697656097
4.7884577743645345
1.1208727302573001
5.3722571673492050
2.8243424048860954
0.5209723014069697
0.0196535761671639
1.0471355015328085
1.7053486323992475
4.9892218900999712
0.0463441319687631
0.0207870832466321
1.7857808137269684
2.1366092415736908
0.9403987313307924
5.3522324789133959
0.4675725287947781
5.3642523576530907
1.4383966872211535
1.7279515576561149
1.8701987821387758
5.5778290510158399
6.2275489220281539
4.9642931440623972
4.1837331338186186
3.0470557983259394
0.9067851951881166
3.5841307364175212
0.0647089699960620
0.9512732109317311
1.3426349113391518
0.9703835311403758
3.1916971521774915
2.2244740273222416
0.6188853143934830
5.4045113341191611
4.4507909106200598
3.4648430884311670
0.1515058678802137
3.3319182946654360
1.0353062153673920
5.1298434697051238
0.6432960862951864
1.3945799644279073
5.2459710040440335
3.0924393965986559
1.0516590657503926
4.8596953579077296
3.6097771471144973
5.9280428864189680
3.9960121350329461
0.1734974868158300
1.5776039870495360
5.4258308763589875
6.2410058569418361
6.1130777896524684
4.2172946991038494
1.6737165944108814
5.8743606669753277
0.4928656152080276
3.1298660292436367
1.3494234552318003
1.3704224152398565
4.6773487962745763
1.4505302997918537
4.4632562636911022
0.2656181780744020
3.2279849809537842
2.6897845184997764
0.6594431868754858
1.6561392740842698
3.8127343392453068
2.2686415229646437
4.5332712287302677
1.1823550161466940
4.8460559069233602
1.0400778554380017
3.4811907451653492
5.1115317714987070
4.1183401075978248
4.7618833187467544
3.9845877401627412
1.3557133496104137
5.7870690794754962
4.8509536782441653
4.5195435321444988
3.6085535796382850
2.1287342477550508
6.1894614249658888
1.3820202220964835
2.7180068850233075
2.6818346157700033
3.1018452077458813
5.1485446604797129
1.4887198152670384
3.9471245420488281
0.8272323068857917
2.9440793875717439
5.5834936137137223
2.7508000716446261
3.1623865327243639
2.1483272060910439
0.5461455105246187
6.1396537163148341
3.1379299999869015
2.8529998754034405
4.2279938299229887
2.4617288620413835
4.1679677828365689
1.9926834454850333
0.3597188397763786
5.9475245955051470
1.3348502316738120
2.9114083969158617
2.5661695190888363
4.8050936573997491
6.1243580022778845
5.8810574625534686
3.0669357150910308
3.6467535744487534
2.3038437694448670
4.1077850585851241
0.1478043196793759
4.0995171422367376
6.1614152905365751
5.4818543097965708
4.2720916876566815
4.8084208265601580
6.2630742051034840
5.8505913444221660
2.6796523169860720
2.0205570599873903
1.1687208364178072
3.5078628678912618
3.9743472484738103
3.6033116844206310
2.6813523716322880
6.2452897958369284
1.0940521170327857
1.0124969930462087
1.3118472102259047
5.2622318250374773
2.8107896978535134
6.2511776185708552
5.2560092930616920
4.4053302860784775
2.2732059366405903
5.2887509000060975
4.2527052157375991
4.7512137734373345
3.8053041440762070
1.1494841778898131
2.4382529881109374
0.7189919112188065
1.8032631551181386
5.1593107012009876
0.6732220564332162
2.5177040645376962
4.6087740324463082
2.4956072833607292
4.3689831716658718
5.6812621510700581
2.3694973585516181
5.2833706503145699
1.2643450407524828
1.4148138595955455
2.7220932592983242
3.2931147536315728
2.3445410752626015
4.5937099116884106
4.1362097753231559
0.8264268781378877
5.8936914378850105
4.1646705086107856
4.7189608258791722
0.7233516906726829
4.1289518957452058
3.8823705417849679
2.6345449052566785
5.7054931677351668
1.4855356110658453
1.1376435483946621
5.6652542162209238
5.1698278220247644
1.3118744121191597
3.5620792778047430
0.2199823332293514
0.7146367667667353
2.7303303707300923
3.2134717820967436
1.2371642513243084
3.9442761825318944
0.6903424750687756
5.7237164829804827
3.1164572535418360
3.3926416956375061
0.9107982895805333
5.2602019148690209
1.3307113162942779
6.2270129400442968
0.1265897115444564
6.1230463134145250
0.8759127168912297
5.6393024835309138
4.7141807922035719
1.6662435190830043
5.8303753427274581
0.0980671574638908
5.4320841166280536
4.8160074845863123
6.1657423212132816
4.2460709441411035
5.3416081271918427
5.0133928889194088
2.5693247196824442
1.2462260419787490
5.2954414675871657
0.0055516539455108
5.3786515459920858
3.3619034739183116
3.8785990513239819
2.1498352332137562
2.2053543701360607
3.0006972779709948
0.5034085606051971
3.8148960788252886
1.7373688398358320
5.5408780714420569
4.9708734647024642
2.7717519394557573
0.4844116642556475
0.1807679932507949
6.0966255331773205
0.9878507054246747
5.8165650384640388
1.8325111218087056
5.9687373642691268
4.1929646145395187
2.2020406070055314
4.4628696388280042
1.4243428376208793
0.6548839540712796
2.9495105934201842
5.8709566460077616
5.8161050541671928
0.3394611897385850
3.4106765658359350
5.1414086192203339
0.4154376304814937
0.9145142235487518
0.1670358802913697
1.8255339386464049
4.4873177860477851
2.7771822825006054
1.5024895878655302
5.2384969765866112
5.4047358937091632
6.2153767760980276
4.9019286466712977
4.1094092473541659
4.5414924023602943
1.9940817064597891
2.1994307372094304
2.2656527850121750
1.2332033609732056
6.1932278816735522
4.8179238445096226
6.0133318743005200
0.4937845610594193
1.2181551738804888
1.7928908754989707
4.7318276831765047
1.9772032924145075
4.3038358062004232
3.9174168241081628
4.6761258273303739
4.9362993686411691
4.5241936929610977
4.2770164252434242
4.6259748125010685
0.5079315264148478
5.3549495205325313
3.7324498527718424
4.8002617049160499
2.7887944096187658
0.2184434072295347
5.9060392336417351
1.6702114169123208
2.7193519060110551
0.4839320823705823
6.2343579097989199
5.3398777224622371
3.7340527619198816
4.0015290616841233
5.8241546196658396
4.0958329915603908
1.1934882135047644
3.3076928672500330
4.5911581805479500
5.0209515405986025
6.2115348673396289
0.9499873141290627
2.6836101710356246
4.6634807092703143
4.7724878084197488
4.3462170529390090
5.9538509385416480
4.4530678651408317
5.5738193574576647
3.1134233610893225
4.9095403272834162
1.3414646528970966
3.8980156233162302
5.6870449722772394
5.7020212426901375
5.5829312968911209
4.2433623327641712
1.6624158333308268
1.6086342991235627
6.1626110907869291
0.3856636773033463
0.6777135942608991
5.4439363047476181
5.9428728361884557
2.8237133948390292
6.1462784400195467
0.4107831239160751
5.4010128907757222
4.4037932516596268
3.0972864778999449
5.0247342623863407
3.0313275325142830
5.0749497161968762
4.4915257955435406
5.6109263821446964
1.3185997464665846
0.4702051204148891
1.7108757271070882
3.0249062280549830
4.3166847839984870
0.7224871351579784
5.3398082507135909
5.9201572349141998
1.4707057461575368
5.2465965198008471
0.5063341969920647
1.0030339455682857
5.7952294250765846
3.6016439594574332
5.3432408980901389
0.1952711078349187
5.6973594507571006
3.3377105796442872
1.9761486149830825
4.2312943517245847
0.4812143180717868
6.0964917793344506
0.7625248197588870
2.1678834063479027
4.9120638232524154
1.2460506916464573
3.4070626068205661
2.0475789641376654
2.4218953141138733
1.0584546119339640
0.0952466879284308
2.4123560193789113
2.7860225192059285
3.2922806522997385
3.8626769691849110
3.7934367885109896
3.3399199784982976
4.4456335518343852
1.2403817610690124
3.1971099229022757
1.5366786904636363
4.5940446464893148
5.6946353370354315
3.9939878777744950
0.5483996118853237
5.8629558852082289
1.8931093941796493
1.0925551415453629
0.1609718979542842
1.9975986889960660
6.0910171001732882
5.3956864572989325
3.2479864959799567
4.5501881793112222
2.9013822280746231
4.5979088798194026
2.9766545371636415
5.6015462785334336
5.6015401601599857
2.7944134231032245
1.9385738966607473
5.6595332140038632
2.1069001243857657
5.5793051348291112
3.7985370395427092
5.7038142793028141
3.8548440796167358
4.6626379161825753
3.6335679957956288
0.0382392747368500
4.7132288781453990
4.6444540998042703
0.3634609355486276
2.5421140597639504
2.7319207571352253
5.5256279002779500
0.1148245836375456
5.9341492809729743
4.3841953416938262
3.4552088010600182
4.3664324601747273
4.7682348623150226
0.0661571017024838
4.9948928761800815
3.6018372879699059
0.1368902145973279
3.1590051524410856
4.8647900855284698
3.7717447420356214
4.2054746268397576
0.7536741345223894
1.0702585819573609
2.7889449443245486
0.2133662277025243
5.5310911352119296
1.9106852117469664
5.2990752057668828
3.5859687842613850
1.6692177319393762
1.0269227463411497
4.2406719595112534
1.8224236401305054
2.3239533028921073
1.3524927718906303
5.9502633931330848
6.2643639224194825
1.1292548340741049
0.7203974336542336
6.0663368660593306
1.4984934226801538
2.3608884004893449
0.0382422637608177
5.4610455946168246
4.7465557488356902
0.4733489137613286
3.4738759920639737
6.0658362949666165
4.9409616619990375
3.7995114018535401
2.9050065394187001
3.9201364957330953
0.0036272899667015
3.1159242016634741
4.3881536569267432
1.8491045390362386
4.6897649209736887
5.3354178246615263
2.0437924032506891
5.0160780154534956
5.8966430156290190
0.9851374932356449
5.7452446417006158
4.1338579443256886
4.8436286420595760
5.1506026896005839
2.7739269617492819
4.4881046048011903
4.0777697246988387
1.8439415691773264
6.1418889358819628
3.6437789555186617
4.0853304412957145
0.0313377205513112
1.2280216343750987
3.6008167149517480
5.7191873342604831
2.6333387100846952
1.5572782392178781
1.7035916179825550
3.1751275356265216
0.5245116865588560
1.7176540675047767
6.1689496885545578
4.8536874720471284
1.8827393251276867
5.7021865819123834
2.9432997566668622
2.3904854904911130
3.4974312548414983
3.8961485033106853
1.7495827778701598
0.8732929310039422
3.9354729969371607
5.3279403720025176
1.5892654732914160
0.7309159636797077
5.3410322824395795
2.1159708292943686
4.4462677987871828
3.7322696271703992
0.6588654494198758
5.2417159592236988
2.2881557452606960
2.7931005504687656
5.1145351450703966
5.1721354402372324
4.8959807420200852
2.6878016567877965
2.9818326842148655
4.7739710258761248
2.0048508997060885
6.1144790872495589
0.6988902741943838
0.2580433559779263
0.9542816827598511
5.5776785761507490
2.5051067369765794
0.2117640734085860
4.9838686803069212
1.8504722642439002
1.3450632386800405
3.4519121916938236
1.0131236690489773
4.9392908863179104
3.5958424338900445
1.0159202420256304
4.9043132869249932
4.3528976827874262
1.8752444406160027
2.1322173593575671
2.5634044469003339
5.7080502999072609
1.0955754698923135
0.8788757369791896
3.2169191491551938
5.0896327283826208
1.4328791864014314
2.6187860950330948
0.0296970992521394
2.8629119250834725
3.0737839948387120
2.9282025024322671
2.8585263197195916
3.7265531345967817
1.0525829605528971
5.6714978372008504
2.9597633763614914
3.2659477468512033
6.1251817988248076
2.3962303410050105
3.8187467283130290
4.5882838880561421
0.2100211074818825
0.1288943844988679
1.0776694289565552
0.8971913790333530
5.2824558827286117
2.3931414210337127
0.9793298856114493
0.4167255874934317
4.8203444131080637
3.1556030127977959
2.4256623088284761
3.6908723171081048
1.7821514780657426
3.4531231003623715
2.2821235160456452
0.8710139802463597
2.9911592218353547
1.5742758331940727
5.9621400696748372
2.2607363589330123
5.9620699369478301
0.0099369061162394
5.1975155372818058
6.1871516075613284
6.1419664790891249
3.5821040746574537
1.3433762549223207
4.1872872747751160
3.8317291518437826
0.7826751152795566
4.9710120550876882
0.9919720970185552
1.3967668772850621
1.7779382545032831
5.1730858344476731
3.2186046362418650
2.2635589519705150
0.4968883746477951
2.0426676439355069
1.5668206364608028
4.0574554310270887
5.8902531483940050
2.9742343867460179
1.6902980493836151
0.6755754116229487
2.8678596629659552
3.1927445902252631
1.5026425646929138
0.6271236985116063
0.6805027783671275
6.0876633190729628
4.2213449379696062
2.2817505669022795
4.5208475345398380
0.1284546567170516
5.9194953594346780
3.6531772011173240
4.9983572709935702
2.0231686330258078
1.6913421938856308
4.8671627123206198
1.0348464663752244
0.1973310324059162
2.7476812075285517
3.8795350328430818
4.5860267527465410
3.8740634952785720
5.0900532541497832
4.5666614179924885
5.5167027226159790
1.0498122350189005
2.3694688865658424
3.8431299567560457
2.6123021570447476
5.7172778162906122
5.8677795793534315
0.3516102448381828
3.8186571153572597
6.0034162438278020
5.2442350424416970
0.9002617561288755
5.1794205212496651
3.8864041498363093
3.1027130585035487
1.9749993661274228
1.1320745372535694
4.7361605468029015
4.9118034466812706
5.9544418266292212
5.4693612621721419
2.5194267380662883
4.9645266283922256
6.2357128320380122
4.7079138714512210
4.8108277075803443
3.2600486926617869
1.2592824618474143
1.5575154351407490
1.3365567473869793
0.5192548934960817
6.1659678860178309
2.0432539993343468
2.2997158328702239
4.3994085466798083
2.8604907440127740
6.2402059376374224
2.9453624265495351
1.6820495442942418
5.2189949276248573
4.5920725968559859
0.4692025550279639
5.1061095684120197
2.3048776905564243
4.3957203967373086
5.9454238595525402
3.4008037635942281
3.4479543298176432
0.3559561375112154
0.4800761698509092
0.1724031093752144
1.4981985785958953
4.6582013895317287
3.1802919782609584
4.6784308429322987
3.9784753837846369
5.7561894165374907
0.8762368882623530
1.2681054409181229
3.9972025529228650
1.0595402942149623
3.7485241155341256
2.8677140526639286
5.1013058014056245
5.9564867338783936
3.2787358147094752
3.8494149966996924
0.1815738833517247
0.7463791112496003
1.9086826791828424
4.3296816767070654
1.3450526881068370
3.8563812697761892
3.9820679177290148
5.8761879162282931
5.2197262517187353
5.8964201841941302
1.0482176033453428
1.1315661769863317
5.6964667500323767
2.6047625022882661
3.8555706113860801
0.0380876441216982
2.4894745988364764
6.1542018256358935
2.6737172553575803
6.2104157791957961
2.7514997548550340
0.3877765746497934
2.8334918582354445
0.3008445156188462
2.3391310271188046
6.1675124085668509
4.0627379558904728
1.2017631308957726
3.6255737017828018
5.6225401934994581
2.9654300386010819
5.4902092878882778
1.2499162911882820
1.4695571924999833
1.2258698984054708
2.9749379500606286
1.5871889723273509
1.6013092100759727
2.5457067680990311
4.9378477387396078
2.9422294897689421
2.8878989095169048
2.1053280899840883
2.6529718326499001
2.5441087695881062
3.2170553521279195
3.4217307562162724
2.0918055055879790
1.3008811957699111
5.4709003706403720
1.5882217026976222
5.7703810157289821
0.1343987515402460
4.4474422458500804
3.7073678489869981
0.6197926444035290
5.6744253442060986
1.1604921868618527
2.4562005715952222
6.2520256510782124
3.1113981097768240
4.1027885250075347
1.8887708238303773
5.3553074351729339
0.0158790387824587
5.4173628303539560
3.4019753609872136
0.3283856763585823
4.3860509427863308
2.8034796049006929
2.5029425313047957
1.1855767678923417
1.7613151489044478
5.2827879709845789
0.1199881261503237
1.5187455142905375
3.6634894055705378
3.4621688511124522
5.6264943422831823
0.4639768735829758
0.0532902452151180
2.2521532605724421
2.9850682780884830
3.7572180591233737
3.1140717117812007
3.3065856754436855
3.0026212584094671
4.5393205187589372
1.9557567107519434
1.2426568181323212
0.4180031027105156
5.6745231576927608
4.2919067846614798
1.0434692754975428
0.6435260671929570
5.7455140870059394
0.9852337176791803
5.9371328254274660
4.7227756627703235
4.2611312369653982
1.7535579689163092
4.8206079103971193
3.1134132000134849
2.5586859901425205
2.0643038259646711
3.1192211056279739
2.8631933999026855
2.1672658661987070
4.8087771654205147
3.3843677153014586
3.9841581585206840
5.6188379324166506
0.1447267994807286
0.6399550110542801
1.3170008198408159
3.3114250475194211
0.4927562711289638
5.8650773886951217
4.0448425310043010
0.4461306821891133
5.9727279889614495
4.4740689518094072
4.2670632471312464
5.1140011173716458
0.3108515677928315
6.0040275651901434
1.6176309724779419
4.7532156498200306
2.9766118670409569
5.8460973926219246
3.8119215356158707
1.3604102733598218
4.9851490629055695
5.8753596598026441
4.9455493269124782
5.1677224372302772
4.5040620582016171
4.2137924433276908
0.8100877642637525
3.8866794524515393
1.4112472785006960
4.6585939579860893
4.2367344812112995
0.0033553897643289
5.2295818248994577
4.4377346989547739
1.7420709752146253
0.4284546651876573
5.5639219772068822
4.4538490474255399
1.9449729040833448
3.7468692448981828
0.4386236358833997
4.2945780615629792
4.1980208552098128
1.3970889917700644
4.7772022660221101
5.6832776912013436
2.5501224769379158
5.4763212393034131
5.2233334081444660
1.8677763203196518
4.9990137010148361
5.4212370619926915
3.0572836877474336
4.2556172608940388
5.0600707452906102
0.8667247625074723
1.3358367505316198
2.8245596954422587
4.6363841273640967
3.0650634844593871
5.6056649160972745
0.5135730925338414
4.4277652363946407
5.7171013207541508
0.8087212046392384
3.8720773979515144
3.1397281660159213
1.2627050131680360
5.7689732844430406
0.5950087265273470
3.3022628845536524
4.9314230658506482
5.4924232688931784
0.4970443434763811
4.7788863516442586
0.2802673424655289
4.1281788670456283
2.8687889358623355
3.0975280325704722
3.4346002123582569
4.4152783732824368
3.4932254637238618
1.1576284629514950
1.6459661925013815
3.4030317709115816
4.5118187326339090
5.9555497468626255
3.0799101565943841
2.8984328330423645
3.3001041362224548
1.3047970382984333
2.0974259393757380
0.6244274685084461
0.1010288778613909
3.5779773982459959
0.6397069650362812
6.1716382069500284
3.7085449796149295
1.6782713078848499
3.9401286376521494
5.0514024049183526
2.1960095281731835
5.5106477981581667
4.7439840247768865
4.6002965300483503
0.8427771201672168
3.4269369748838532
5.0455930666745141
3.7887729190941104
2.5562146921339375
0.8627857584107130
5.4569387834937215
5.0972879882952542
3.4881956015424183
0.0078635014395526
4.9392003833724543
1.4765986719966571
4.4064211816138030
1.2264600350366222
1.3767655763963766
4.2120307356892965
5.4448853451454218
4.0700674599363564
4.2475656805894655
2.9499332883520681
4.2421963214772189
6.1637125434816138
5.6870085827436903
0.9483091676908905
1.1979271590066878
5.8462476941411774
4.9413565753972630
1.6164492614879393
6.2572042459481603
0.7204357505656753
3.7481419895200330
4.9074047874794582
4.8675249483507006
0.1111666912469304
4.6037523213521911
1.1951240304277704
0.3355546699541235
3.2101543922293088
0.0242801368396330
1.8667750799787270
2.4752945716052150
0.0240769154814244
3.7639987711864880
1.1026129533589513
4.9206283485507933
3.5676314102375186
1.0384078303758448
4.3268923010899938
3.4676499912827952
0.9300727465972384
0.2756415621505620
0.9701482862499983
0.9424434464456309
4.4962265157480328
3.0988196694466854
2.7381583006057326
1.7230051311451082
5.0527491307204659
3.5576821536269803
5.5738540476016549
1.4420591711282038
0.7423926977948563
3.0702627479674618
2.0848176861974315
0.4762583311384275
4.4562716197933963
0.4940319621102011
2.0968715044606800
5.5951509601171399
2.5864759037225045
0.9295662230301024
1.4097958814312483
4.7969211149340163
6.2201648271095626
4.9633426032398846
1.8618099635943508
1.0220840629842440
5.6282741831071155
4.9353461917590424
2.9592849203951883
2.6629726101426039
0.3018200225470952
2.2371135858305258
1.7782827666009136
1.4578175407949547
3.7290112675448661
3.3497515212821800
1.1566457343837044
1.4432300425538138
4.2929634719948320
6.0592131149623851
0.2099517068376875
4.8774493675094659
1.3724378417721481
4.0695650036642643
2.6751426580959645
4.0130420348030027
2.0830095784436531
2.0307364882294880
3.0351606215645734
5.4473597072025326
3.9208501816679946
3.1090789592464851
3.7397471425667099
1.2916252462553004
2.7667904648106099
4.1881136626642697
5.7790645256674278
0.5382048674949398
3.2542996496749601
3.5896976029047587
3.6292773086790251
0.1403032117081996
1.7805631528157162
3.9158523868565620
2.7573464517622157
3.7877047270852691
5.0225121553062628
1.6617880103935767
4.8556229272556735
1.1723671612693203
2.1263127953402430
3.2047823097868591
3.7145876098823449
4.2840313475701741
0.5481127038294014
5.0322312395797093
1.8908192831207880
0.6044088725389688
0.8315078555359477
2.5154150328597007
1.5968265461519804
0.0074372594321354
3.1191564112322956
0.7902305193257793
1.9282958887133066
5.4730989590556769
5.2289564133902573
4.7774631979114792
3.1913051582879648
4.8094423223861735
0.0958718197389725
0.6363412189070093
1.0387495775752669
4.9199212604053235
2.3960812239196514
3.0676035702437576
4.3839601378336122
3.6267384338219006
1.7081229636154325
5.8173613089335268
1.6482594378269586
2.4150492528548999
1.9629131042083965
4.3102743889109227
0.3583343247428181
5.0554829838711957
3.8600315646612571
1.0563587269980808
1.4553132505671718
0.9582968117501685
3.7016252892968833
3.0951704119103574
5.3664738306940265
4.5981401798728418
3.3223905384297621
1.9520962499659311
5.3250386878738656
5.0836669411407778
4.1305661398426352
0.3736279308701514
5.3168593582140842
1.3994824067845515
4.3665328884350787
2.3478423685613330
0.3204920495724017
4.9564688737957487
3.6486963822989478
4.4922798463655296
4.8241603314783461
5.7342105635505485
3.9585054114679714
3.4451236563146965
3.4372206068429234
2.2925367212527381
5.4438904385679701
3.9029041898620274
5.1183907612110104
5.3968998085977846
2.5011429168871082
0.3079102562118335
0.2961694451899733
0.9290326705898152
0.3001688653997431
5.6848698187698385
4.5540293888101990
1.6208005269592161
2.5374822324652566
4.7298127118509878
0.6727289050480985
5.1704920895580795
6.0347009587889389
2.3185430985685502
1.6395813058238140
2.6267797205530510
1.4784963691582249
3.6361104475114199
0.8106489901139498
5.7312723213160055
1.9117623051071710
2.1372038206238932
1.9240506690697101
2.1229960569206510
2.6660252643903508
5.1696978737425656
1.8923328877796846
0.9788009995246451
3.3888088959679155
0.7178511284939417
2.2399046297577221
5.0449695258607594
6.1501498100541685
3.4206546072616928
4.4288899859788282
1.4297389592541250
3.5805550174627330
4.9996226689184802
5.5691268964695899
2.5534528585146048
3.4603677162854658
1.4781885581246565
5.9868302116374457
3.3329784287430635
0.9441835890421302
2.3949200984360997
1.9005999128463897
0.3912942632318514
3.2565139743728113
3.9272105874086467
3.8201043598361593
3.8163985554463347
4.5446782206025720
3.4014323457711093
1.5307205050848927
4.6975202129917140
2.9669997548611273
1.3449512360521445
3.5548569106304928
1.6576178255983567
2.8442710934783029
1.2401940407702505
0.8137331733003625
4.1740402310376563
5.1451746847933073
0.4918645130100140
5.1497700763938878
5.7513980574460080
0.0880013284697938
3.2404964565792671
5.2683804595094079
4.1623921192837825
0.4829570928919257
3.2858362830317600
2.0244864694257232
0.1672062326180391
0.3362869400734967
1.2459438505954201
0.8328344608108241
2.5911469014706423
5.8320019643167980
4.8238694301254679
0.4783973062306648
4.6970002993393507
4.1941341253211926
3.2146468029893258
2.7642021516943251
2.2456326482409494
5.3993948288556677
5.3290563687802024
3.1695210833087240
6.0363013861128101
4.6997914421225735
1.9152206424579508
4.6663425732127282
1.7819143071817454
6.0281742133844523
5.0231899058136413
5.0280375011426379
3.6894479279588484
5.1861411678262348
1.4505745323103179
4.5005092350379154
5.7477175745267886
1.3309262091241125
2.1234491665218456
1.5325967096238113
2.7241561908797394
2.2608854169470107
1.3935257876705887
3.5493500016140369
3.3108391069749232
5.1547073426528520
2.0995446653823024
1.9705292708744711
1.2051684306582076
5.4464521313045733
0.9351731880136128
1.1146851115861516
1.4550525843625783
5.0199048470370347
1.1349824012458598
2.5580542293225146
0.1880749282503976
4.1396380841048019
5.8477961619514325
0.1747124274264185
5.3295725283874980
5.7977458133358288
5.3354982025890321
3.6762699681603261
3.2260348561620793
3.8342375212694706
2.0418084700851740
5.9222280840573180
0.7675380957043741
0.9662412066711273
6.2493452682280788
0.1927778078085441
0.2621526949225745
2.9774829630581361
1.8477582298043496
3.4177175460197646
0.5409329644683277
0.0651515734812728
4.5599994819864369
2.2252121117352401
3.4048036434836630
0.7032252361296267
5.0311047737802337
2.7061404528353514
5.2508742992965738
5.6210862069651277
0.7148827442933366
3.1557114270717079
0.7654267819696853
2.5458231649163348
2.5468490869554117
3.7258420965724919
1.8850225233851927
4.2911353429002599
1.2521248707772619
1.2527330710100513
4.4342903705219108
5.8413847468522349
0.3977956902980900
2.6575938413250908
1.4162121102167435
2.0058667950814577
0.3993369935791391
3.0017439652964639
0.7760688626032080
5.5912277011387470
2.8828711984788287
0.9099238742034517
3.2363312048320667
6.0388101055717192
3.7428797867455956
3.8539624372155825
4.8205194587477669
5.4128005393906315
2.6666351409290372
2.2152883948874411
5.2117766119240203
5.0260096849769225
5.6174491053153899
4.1721610024785507
0.3427245083261936
3.3463574943903698
2.8886545273269530
3.9114911569670991
4.8896553114258667
4.4401918731928678
0.5756160840717152
4.5395605175791331
1.3143710717216857
3.3660940978264478
2.3467629259248453
5.8710776381440146
4.3646498003693202
6.2318604910891562
4.2372106467663686
6.0510370909287010
0.8836069006316973
2.5665101044493781
0.9733764025928182
5.6427648350298298
2.7741221476830042
4.0915316481676394
3.7001436670038585
3.2508307224271484
5.3148727424042468
4.3738104467206114
0.0002766966196055
2.3454769923940373
0.1774426293314941
2.8343723843123532
5.6405631320401719
4.7354226014504288
4.0111938988982168
0.8389927074805044
4.6309681634155471
2.1822433199868776
4.1455716828374296
1.6318260986634494
5.3839023312785459
4.9938343429556964
2.1573716219951353
6.1328845411938104
0.8072278206645626
6.0536885653084971
4.7340366669714200
3.8973209991493305
3.6337857490383074
5.5189059915416481
2.9573904292390765
2.6702864864286218
0.4091019067537498
5.3345350732827770
1.3248480056980043
0.7472867161435796
0.9684191797305480
5.2545788151893280
5.9720055861763681
5.9103615153514513
4.8829226400192463
0.4823338371501771
4.7544941001892393
4.5729362449197524
0.9241325389728545
2.3377473975523122
1.6031993697941598
5.7628450190156331
2.0144531635115497
4.0738252298096640
1.9802799609008366
4.2477146246406736
0.6578441074558329
0.7036184430422420
4.9117824937033241
5.8324784103291236
1.1125280407249911
2.0046288140725239
3.0731865805394807
1.9224334984557234
2.5717221474186012
5.6075584706351176
5.2413598203701550
3.0645579799725660
1.5046636816858050
0.3504537737791530
3.2958709672764521
0.2278851350013419
0.4935615345631417
5.0242261570061890
0.0653097156889030
4.4795587216227322
1.5834864502139507
3.9688356690217805
1.9106376329018493
6.2156787770855635
2.1817616643079818
0.2894075444405757
5.3443615893589183
4.5760114265236638
5.9377322188650750
0.3247243024362488
4.5658815140040456
2.7602258302766365
5.7766494981972780
3.2039012151540689
5.4202675042936326
2.5957828295615237
2.1631126821504929
2.6143581555631492
3.8582481089685547
2.0509952505733744
1.8867104421455205
5.9609923583172826
4.7551395614321343
4.3725301278109647
1.9518778808144472
5.2129281409183088
3.3556790351970394
6.1646034608822262
6.2191658678148247
1.5274794860245928
4.2943531272204840
3.0284488595289107
6.1187641209758041
5.7491103178305609
5.8154840501888714
2.2347243433703454
3.6501855600014350
5.0453572078609907
5.8900925647227069
3.0528659685548680
0.7923671874251793
4.5929596893475182
0.4200989093304288
2.9044453477279712
0.5456683278789913
5.2051227220772578
0.7436565188897030
2.1263326955308051
5.4402256248135856
0.4002689304889150
2.7939963074565513
0.9424444207598541
0.7015455902715123
0.7458639104373859
2.2954352452120967
1.3311607915210548
6.1432744688508683
5.0312687401537133
1.7976982344920061
3.5828891399182874
5.5341655608999467
2.7378606330181512
2.2614765522823768
5.2834566078166390
6.1899551501682444
6.0322218938066658
1.1988139496029850
4.5916845229116525
5.8812915682158398
4.9634805228144749
3.8694242211766032
3.9948617454487660
0.1429061101555961
5.4834635485997989
4.4691757995539652
5.8190461793136379
0.0820800454831544
1.9295445700308176
6.1729548607451559
0.9418756295238028
4.1193092880414488
0.7064401681372751
5.2198859434359521
3.1261234168868977
1.7451645927969028
0.3728929188834482
3.4728539949448529
2.0834295179604001
3.8201706102472301
2.4715642529038777
4.2919116001907254
0.3466531680415580
1.2617722314230506
1.9441876298707910
0.7871752029553546
6.2248944359884328
6.1218572801078794
4.9432266135394611
3.0873494832725101
5.7666557482042577
5.4649211903653319
0.4050289595184117
4.3052900295102257
5.1870507418848710
3.4834645597682119
4.2853916883711651
0.4973662624508469
4.4921466666584182
3.0827229538233660
1.3895672125175185
4.5517309879708598
3.1217934656591737
2.9568676714717790
4.6274144705012077
1.0101362710873787
4.5284616154566324
5.9349843361642058
3.9773551793055688
2.7214149394522757
4.7039036714540758
4.3418583499683896
5.7642427929587177
2.6672008963284002
0.3688270699621086
3.0875508123765858
1.9858330293461557
1.9914605474427858
0.5358750822117611
5.4631525881408329
2.7712424068056905
2.2884167964824469
2.6279689029118627
0.0358730235784643
2.5880450525279088
3.1165849581497249
3.0097993145989705
1.3229573704453568
4.3440112601133372
3.8299482007115064
3.4154616354080471
5.9910638227640298
4.2403588907778857
2.4231375691511907
1.1393273511040853
4.9315774167405397
3.0362969390979897
3.6046231851407149
3.9491688825520916
2.5049796939399562
1.8721218426099377
0.0632074555834602
0.5991688281721379
1.3147278730893384
5.0397753033432036
3.7583836116993257
2.1123420204607126
5.0449394895474162
0.2144904987008356
1.2725641861703323
1.4325798692785092
2.2107826991447164
2.3092367066483299
2.1563601505519649
1.3563166151107942
3.9730475115943018
3.3187959279329742
6.1566018500913593
2.9931163005794228
5.6342902988764259
6.0462066349156549
5.4717954751806168
1.5399027465482349
1.6984648428961211
5.4564284979492585
3.9981099259040076
4.4172045134430107
2.2177280863847249
4.3776048944120323
0.6476452160218373
4.0386614116917716
2.3834367842843389
2.2692936554395153
4.5321817900326096
1.4044199585153676
0.6066076259194999
3.4699481503751728
4.4965450710082306
1.0764466801778212
5.5999834980143417
2.6565198420147218
4.3215231729178729
5.9566942255946742
0.3723746333059845
4.0675840637298366
1.2939523808411324
2.8235373563205548
5.1359324816789771
5.9499078512000949
3.4953158502096224
1.0177469442859264
4.7161355514344878
0.2368322197184796
6.1182182121243542
4.6353737182162105
3.4289347315368999
1.1599636310463992
2.2728780752395275
5.7965314742868621
1.0284656736786362
1.2085378500793771
2.4057493303617088
2.4705866740055562
4.3284040626845899
3.5268898167403506
1.4475077425423784
4.6013766647918626
2.1404974105340715
0.6310916546987135
3.2535227246974521
4.9102090804712164
5.4212626830925341
3.5815881501693974
4.3186743996406918
3.4605518522014980
3.2016216940608846
2.5367909035099490
1.5169521494651113
1.1250421180269730
3.9730985140938633
4.1507897760870653
1.2968265636182230
6.0821806004642003
1.6326003816616244
4.7804578227845962
1.9378983718681209
5.7736646385926074
1.9285018876763154
4.2919612369507369
3.4119447722296736
1.8696340024696403
1.7573547808229490
3.4567245828447000
1.5002427318915945
2.6581179117837279
1.7724981742830144
5.4038197045620224
5.5125606158572875
2.0179169684088407
2.6329024067204205
3.7993325958878388
2.4669108594926294
0.8126275943888366
1.3018931520176678
2.7928636021345419
5.9537526452538234
5.3276673380903787
4.2859806933635127
5.6296751154254787
5.2113151466450383
1.8523281397662632
3.6156659274091796
5.3572143520095432
3.8762630483948199
5.1005360373883750
6.0208568819061679
1.8813100424511948
4.0206120196181603
3.9676814833220222
0.9168781904765249
2.6605665365618147
1.0500927820070540
5.0677113465460977
2.0473474070479929
1.0301392342406508
0.5768571251132512
6.1851659389451807
3.5417366571218056
6.0899537328172446
0.6041201383007042
2.1216830999574467
3.9090343315970792
5.1482490234012657
3.6348729595017062
2.6803420104148570
3.3479061183582295
1.1995424700899247
5.6125260971173505
0.4552454948142705
5.4133506932948192
5.6702085028360072
1.9699061653761716
3.7786236798609472
3.1254835653456405
4.7541080733653986
4.2764269991222204
5.7494633353479054
0.8143657750998828
5.5047407440815972
0.2877279890471175
2.7968441358404781
2.3920377336600933
6.1780000259893253
6.1518700532312351
0.3722983470462225
0.4422422495567338
2.7067596677855152
3.0412844925885665
4.6080139218012599
0.6639324605896739
4.0935390668643930
4.4072570116648295
1.3262070228054992
1.8845933473005916
3.6830240791254378
5.3435384737744585
5.6205766765597049
4.8696204119343660
4.4982043836923458
3.3301741969251895
4.4222122685706857
0.5771623213253209
0.2392391196074616
2.4143793834308318
4.4562202628776033
4.6614145587770528
5.4244126453355026
1.6931913738813693
4.6616551816234741
3.3801769329363065
0.8124996641850349
5.4893364002423617
2.1253204102577024
1.9591117118804329
6.0875488514694238
4.2462205603857104
3.7599512425703141
2.1421098921784680
0.3310059284692450
3.9929685558192114
2.3368302740238778
1.6752658225856181
3.7287272942520699
4.4497963069477713
0.5216597214055460
4.1394190856374360
5.6790438926261819
3.5153745599372810
1.6086820959187664
1.2532600403048524
0.2443973356963701
2.9525516721325280
0.6131031775121929
5.5342271885989964
2.8760031899097260
4.5234292938858083
3.9832336210165895
0.5511782194839732
3.9264080560692305
5.2475440682287404
1.3831709494609172
3.8034089509480569
3.5164343193105663
4.7319858331061875
5.6134119765870363
5.3275828157567311
2.6478547541233839
3.2218403235049236
6.0313094538610450
2.0635097956176445
3.4718681453362032
5.8308183924004000
5.8183833396168154
3.1869170151184476
5.4829089574836987
3.1479632845497050
2.6943560157073811
1.5208023092170895
2.3342481274494045
0.2915335879193198
5.4038352180317482
1.4553625643004746
1.0682257548771774
4.5002198480968589
4.2070324335556553
3.2886327990251383
3.2279249377966650
4.1708430759632611
4.0409034631326719
2.7157990992410364
2.1898993933274604
6.2100883908486875
2.6262388169231796
0.1273898861216079
4.7341066173181092
2.6505059911136679
1.0857841069978262
5.4828711655274605
0.7571524928106087
0.5244215886762963
0.8016382942789910
1.1209632159061722
3.8664626214714191
2.3717665995886601
5.0445660161941266
4.7618722074435844
4.1241124552295529
2.8053480777953368
3.3630369270421605
1.8180104737220333
4.0634684279179867
2.0880740811747529
0.9695443288115357
3.1341524609103826
1.1153677856848558
5.2207639654691693
1.0090363605205894
0.2836035484965197
5.5289783237977446
3.1815822026128937
5.1194215293928638
2.1510851080059776
0.9412748210803604
3.5909308858126248
1.9738498115759548
3.0338099679930122
1.8847226664660242
2.8120784363582296
5.3138307678069907
3.3616678171691232
6.1911229580880178
3.3691442216283924
4.5841724950364720
0.9710118900542847
2.8623310371877810
2.7479396348695961
0.8380039111483594
1.0049141840696199
5.2410582950394868
4.4739982142186134
2.8696489168371393
3.4132360048515498
4.8652321398623704
3.6399003765370614
2.8431551931987182
2.1170235127006154
5.8612883389078982
2.3033370555716144
0.9503435480415280
3.4492303597269744
5.7420568567647194
1.1470180859842918
2.8781113774161740
2.6594864274032863
0.3726750254856556
0.7767120357929638
3.3002740117186429
1.8171106030416841
4.6627408038963187
1.5313340655616750
2.4431528080970231
1.3390145195216616
1.0950319823763455
2.8312919715555989
4.9518705254319029
4.0447685422851913
3.4443148552635665
1.9459839630125242
1.4435526806595178
3.8590640663066558
0.1082690171018274
1.4692996226070478
0.3305880877137785
2.0934485903835118
5.7029001435631548
1.5531813276770152
0.2226700490993489
0.2779456692993707
3.9848819518599834
1.5140083569841292
6.2056281381250153
4.1233345006062176
2.0094381282801499
5.6560844484685209
1.6473338816185268
0.8270559219013536
3.2294187606937137
3.3676246730187120
4.3851271870141701
5.4104565986497359
3.2235644159380579
4.8945149983891030
3.0517128729177299
2.2861900565019955
2.8496458443114840
4.9942750225670638
1.9604117508614516
5.1835059629523421
5.5343672050180919
5.0284819485300192
4.3574572974440873
2.6386215307882144
1.2064210299311415
4.3306567444158564
1.3416046022568211
5.6836964732190758
3.9427356372063431
3.3080826701695734
5.5692254005326189
4.5333358084334652
3.2100841159139630
5.2542840732469163
3.5469649945276513
2.1953185356545677
4.4924341851323950
0.2325948032114357
1.3555120657316253
5.9245954825831912
1.2714579162066388
5.8172906486926772
3.8622784410766977
5.4771063009091900
3.1018594073788974
2.2065541577033674
4.7900614423549355
4.7039876312667381
2.7742884543202160
5.3918117100950020
6.0753513686083274
5.2038594835606995
0.5290402326531997
4.8921933023531450
1.1938536408676927
2.5536601398481613
2.7117270875724091
3.5287065205682966
3.6717848660202201
1.5281229577762749
3.4322856830276800
4.6014777269995601
4.6432411240741107
3.2786872550333572
0.7774051388350975
1.4642340715626108
5.9448110734494053
5.2712641736503638
6.2563164456557958
5.9199987132678267
0.8488545564848988
6.1654193767029239
3.0341176941192400
6.1034963973094634
1.6063377923765756
1.5205897363788867
2.6637298093510973
5.5983172509755770
5.4765008376906259
1.2224493500645370
5.0167708111556522
5.7200641927149656
1.4744061061722846
5.6080822996224384
5.9036761676478049
0.6405114048434684
6.2262291448447238
3.1778338554709622
5.8310262917911482
4.7928089595310990
1.9809938535062723
4.0241414210616222
1.5113521020572758
2.4598191701463743
3.0218994974525173
5.5101588032397020
1.9360813235843943
0.0698777093911203
1.0927164197553259
5.0749495732394498
4.0643360842289837
0.6135315327224674
0.0361115773410349
0.7728927834545768
0.5758697045156745
3.0505567595245093
3.1933872510655301
0.0069639402823956
2.8124748587394550
2.7321524496552572
4.6134582150450250
0.9124085952380928
4.7026879011396128
3.5930215757973429
0.5598309997879124
1.9265567640954790
1.3217330806570988
1.3557504468843338
4.9108779774410367
5.3730631943724187
5.0308621696223783
2.5979449034261424
4.1788394205355592
1.5998381987884716
5.1933348471798819
2.0081954364669410
0.9364559471499780
0.5644758597681275
5.2302948598214734
4.5241292565540929
4.0288439861763141
4.2320907118138065
4.8066628854313009
2.9670868040016152
3.9758887683704560
1.1014407264651596
0.7931032146976567
0.3073666515105323
0.5131976870505243
0.6136395733089732
4.9200885739855593
4.0500030318884690
1.5034532793930022
1.1128843734981515
3.7529206493101683
0.5278284380377770
5.8218429136790055
5.7692553392523918
4.0342969846858603
5.2331038306943585
5.1026628909542460
3.1687625253020877
4.0987059761513658
5.5197250251792571
2.4520406975134423
5.1558316641333057
1.3634255541444813
6.0443500132964125
1.6673368468950422
0.5101053323296397
1.6862405981037583
5.4517933247768591
3.0450053836335655
3.1404568467477478
4.3665649659036001
1.4419715283389354
0.8389726235363849
2.3844444596041749
2.9655595983283156
4.3800297226223961
4.6490567450037732
1.8216495504791892
2.5065204104727941
2.5617074549225998
1.4342486971800177
5.2246799357489433
5.3810996451590718
2.7388015125864054
1.3155076246509150
5.2393652391416676
4.2070154127182100
1.8573880555017943
5.6515917707441128
2.5167095843195160
2.1157338815005868
3.5688437519189780
3.6269516165394138
4.6253815902295203
1.4701284926849236
1.5031103718201475
2.7474320221243786
5.2916502900642746
5.2034341085892519
5.8509891724046827
5.6695216527841090
3.2987336626018502
0.4328615605114043
0.7280721263193661
1.2589427125096830
4.7021671986859586
5.2413837392523428
2.1069690731250121
1.4580929081787868
3.3961688614350685
2.7375106494881418
4.4060097188948344
4.3736151360200850
4.3841913384187494
4.7469674742208134
0.3714902526263053
2.3046949997310766
0.6169288313293986
2.4238935318833574
0.2494891633081909
6.2785569087663209
2.1386615867167578
0.4357611075955147
3.2314627693462623
0.0751196889095805
0.3245567831247099
5.3204963139787367
1.0668531573710733
5.8069377243738076
1.6040942585748694
1.9861773764211141
5.7418735405528585
0.5884861824789037
4.8325880398737278
4.9395262862656244
3.3013036694125772
1.3351403676910418
2.9178294343651161
5.2682660488445237
3.9272757515579997
0.2695327806654738
1.5096468204312630
2.1568810109139989
0.8961260065056978
1.7619912633064128
4.4144730029210537
4.3257157339985426
0.5729328576511040
3.8407996202354653
5.1266388724764003
2.9688481790011161
2.1032822172405181
1.1642877540978893
1.7109150566059483
1.6613932574903945
3.9151414336071855
4.8748607967740067
2.6472345133833235
1.0349417161065861
1.6484950604681903
2.3358489869804697
0.1831423101766805
0.9932486676916542
0.6276416124273214
4.5458545840962410
4.5753875089781468
5.8187139102980252
6.1823478623170267
1.2327284382723724
3.8099922152584904
5.9213702344871866
5.4165988675937298
4.4149563158517067
1.5329647428163131
3.6629425049038731
0.5293458166215591
0.6277751358364100
4.4957998612540422
1.6267126005859811
1.4664121823939091
4.3158853683521103
6.0940541519044817
3.7148198333697322
1.2780098733657488
2.3724227047635180
0.2984362683649108
2.0433582474851000
0.6544139103780628
1.5647121037718432
6.1496392273336493
3.4346468726646324
6.0779619513987386
3.3265484509160981
0.3773900265225656
4.7664691043319181
3.2108462840790173
2.4369647531337155
6.0874530019284210
5.6149646265752127
0.3211223027483991
5.7272335100251199
3.8340012505540000
3.0527570784381970
5.1872386261187931
5.2354406404021372
5.7514468327809301
1.1822783608592802
5.4062098139385180
0.5904221429503670
0.7546625423743900
5.6700945215942102
5.8848501900935561
5.0774634945898027
2.7840053527813495
2.7681699531507662
0.5405408644893235
5.2178518530187388
5.8382503445466050
4.0473249950592720
5.6756967671186924
0.4158986194910635
4.2515302605823582
1.8315420356492196
3.7928109154255973
0.3078180991046017
0.6627254129794594
3.0747444497001823
5.5932853640758795
5.2726056867255711
5.9874004465024928
0.8029643028499470
2.0496037129213542
0.1738331522192004
0.8413126334383249
4.3346541327561861
0.9448647392900664
4.8456214480961730
1.8736479643832646
3.3679217597235764
1.5124160608826629
2.0758215750963487
3.9808374634069499
1.8926484357023852
0.8649401346954287
0.1354781325356937
3.3803654811666868
2.2949756193629498
2.8034110021802219
5.0175852945737445
1.8334431541192306
3.9693058651890829
3.7190870834236520
0.3580539538434935
1.2199184090473330
2.2227965936586362
6.0160100855164984
1.0021132732480476
3.7357470466867007
5.3963849906993717
0.6456059294064763
0.2255514545584672
3.3777108708416863
6.0594346937585701
2.5103092237183433
2.8954088740382828
2.6742867034468065
1.5807692434910061
4.9333641138604509
6.0794203824993565
2.9285065821886986
5.0532262098940306
6.1771552752093379
6.2540413837960358
1.5180408546705111
3.6947482557626632
1.9141495016967254
2.7070090186331179
1.8750798288107329
4.7980507344302525
5.3458349541997379
4.3126800684722202
4.1182588254715862
0.8146290327969361
4.4034072526333494
3.4034352104178631
5.7481668609544254
5.6685452992783798
3.7968219656381761
2.3817816344549176
1.7746964411940604
1.2926072338959997
1.2152353714845490
2.8355560134647910
5.2789734629117691
4.2629766594907288
1.0743782748585580
3.2938839724067113
3.8840281144496234
2.4405700612980841
4.0782390283066023
2.1258889921063120
4.6930780394807288
5.5452117725708572
6.0943397073370660
4.1878686217314263
4.0032872683574849
2.1946559897680991
4.0710236135177942
1.3641078000843321
3.4175553414350603
2.0097969436839471
4.5213938228494408
5.9594108501542724
5.6406127032920779
4.7382768626677700
0.1291839909398340
4.7632152243820913
2.7546939419646810
2.4226178109984962
6.1600976185883480
3.6962219280369042
0.8888519786346272
0.1029819762551214
1.0329873385148223
6.1434044851802252
1.6785331924837796
0.6349254721160524
4.3390291752520422
2.3175226337587391
3.1005992684592787
5.6721834185615965
4.8095491035160478
4.5123406117264206
3.9777117485617550
0.5376916232875907
0.6986139434903863
2.6859986317453113
4.6686648398257233
1.5313136410468675
4.5803838434936957
4.1813812954557106
6.2733036385401686
1.4016714016672760
2.3141623243904119
0.8668056193051763
3.2199032044797109
2.1777347790945321
5.6430131523018643
4.4386160168002364
5.0140205488040301
1.8519943289676508
5.8311462061837371
4.5640708653984019
2.4075194002132609
2.0575670274880387
0.6942040614405296
6.1107575152985207
2.3291225163779745
5.1079070565881395
5.0380928338408042
1.1273786832295052
4.4917722631508363
3.2621397697123329
0.0224678902756118
4.6455446115314230
4.8131217697424820
0.4784476344695623
0.8350179529405464
3.6510166747376891
5.3100047421683625
6.0306514575422900
3.8678597400362333
4.9564284702236030
1.5645861223933935
5.3739302100542119
3.6433137358770762
2.8626656124205025
1.9212402131243294
6.0153301906837271
1.5612011938438914
3.7393858900305963
6.2065234774949953
1.6086033707664995
4.1536807311998478
3.0844927051896165
2.0371858750934160
5.0528491227119874
2.2117224589248754
2.3751163957118004
0.7602795179718275
0.6393674754766230
0.2638532199042101
1.5924920608814181
5.8281579794645850
5.9163566627250033
5.1130211309885034
2.0966225386732442
6.1544455430384186
3.3072933169096075
1.3541514209143055
4.9478168227469279
4.0703277357575836
4.8580902754706150
3.0634357774229621
6.2335861006285569
1.8717303195157158
0.1708825453446804
0.9253789620475784
5.6631403874373136
2.9156520546414453
5.6563517317917844
0.3049255250148152
4.5141883073957034
1.5757964395861319
2.4242714381661332
3.0852987623372625
5.3533786433181101
5.4464715593420321
1.4813031329483910
4.2372662553077634
4.5138011006297285
1.2745585336191301
2.4748477301655902
3.7969437646125419
0.0382528645627820
0.4099252303467620
3.1324516302806109
5.2164536693752153
3.4837465880119014
3.3790575823095890
3.3380895953222414
1.9525155443621660
4.9140797224589026
2.8803586893610591
1.3239377761787796
4.3169279805659704
1.6720085494813899
2.9964294991436922
5.9946640891508851
1.1652639017984869
6.1230723537371219
2.2558597096191226
1.2729506796315091
0.4665913877346008
2.4785732214302150
0.2694325140890751
1.0576283107478270
3.5085505882090269
0.4675281557804316
0.0978549243493054
0.3838937763707471
6.1489885205092154
2.4514085561247421
0.3336179747960921
5.0634766539465650
4.6594303424570693
2.6216314467694564
3.2373745590896306
4.9198623053936181
1.8245776801758236
4.9128784877802483
0.6269039012084300
5.4761738759394225
4.7944943060949941
0.4931943676755551
6.1395025989482539
5.6678707532336894
0.4202725231082926
0.7700052793596388
2.3190059060552830
1.2539363470110212
2.4676839990088197
1.5903710801511679
2.1411810953103427
2.5525347558259535
3.6450458639234462
3.5364961172349005
0.9195812346626255
2.3339590149960512
3.6383676693570122
1.5121699540823235
5.6844435308886920
2.6436356030428971
5.5316982281324201
3.6362467990732568
5.5367840144248941
4.3459455473321178
2.9340237967166227
3.2950544529747607
2.6963883425541719
0.6804544677006822
2.2350982550807177
0.8429311806623385
1.1850240714668936
5.2647066262095423
0.7646461012819271
6.1655742326253247
3.6974210947284578
0.4826713679500825
3.3116807008740157
5.8325490347860134
3.8252501200238052
4.0786180741441758
4.2091272450252672
6.1448345163066600
4.6232626738088189
0.5630362488512040
5.3384460162815612
1.0576151146662118
0.4558015284017647
2.4867645797748823
1.7245310985571844
0.0619810515178735
3.8352707957071059
3.4098514908510027
1.4873116718748745
5.0175912555636080
4.2339026003941678
2.9453783879512581
4.3777938203120383
1.1506335256318825
4.3369001427131488
2.7236401802117318
2.2492376022205560
2.6053809841931908
3.7842585477083333
0.6192693612426280
0.0297769923675523
5.8860987129629407
4.6089254454572641
5.6358281393699095
1.4031330621148825
0.1193666753975080
2.0016642308871475
2.5296814642651424
4.7981415604416737
0.8102381789869518
1.8735762816279391
2.3766130196648478
4.0528825804143604
0.8591053928196322
5.4785635358568880
0.6818836085624702
0.9920491156105083
3.2251461061485576
0.1840862854491609
1.3284336634178751
0.7045252627749663
3.5471847465042101
2.9405646287794980
5.4881533308793440
1.8585674350878192
5.7011344288486256
3.9579770047875322
1.3479938535267411
2.9451350774712535
0.2290209662053354
4.5396175863164512
5.5125229493192318
5.0684049961864988
5.5296589292191234
0.5364201559980446
4.8346266955902184
4.6242035616131796
0.3346855664006451
0.3641610563758871
2.9358617061236743
2.9973676550126243
3.9674466543443390
2.1007365195621093
6.1848647184971641
2.2591772234787619
2.4535556894081645
2.6879607132288590
2.2699306716114966
1.4252328285714211
3.6506231656923709
2.7671077312289962
1.0920974217772708
5.2147118470308129
2.7106749006657269
4.3100734128858678
5.5213714209573732
1.0238769288643155
3.9942688719191239
5.6736139181646070
2.4021201869194138
1.9844679957467029
4.5722261399963875
2.5358500960215786
5.4810339732146014
1.7899008446433202
0.6368906604159926
3.0285682858436438
1.8925319393429063
4.0106488060533687
3.0752756523107165
3.2103207617952227
3.2386153466734400
5.6081417861702256
5.2177091405747058
1.1927052821691799
6.2684968543800474
5.6635498474317156
1.2594427834694846
4.2063813640985073
2.2378611744335850
5.3837398576851001
5.4149989348609440
3.4443999414422506
1.7271507320802626
2.5936350868179305
4.7178773934380533
0.9736525057524561
3.7584819382398171
1.8253272243916232
6.2084741770403040
6.0132983063318601
1.6755138271201946
1.4479591647191941
3.1053877851861968
5.3081012595550803
1.8250732887771097
3.8852387425725170
4.0083526565303904
5.8916861935416778
3.2415682663071306
5.0530140590277197
3.8965446344523160
4.0017608860601088
2.9029619542648630
1.1095377313884180
2.4930987144376280
1.1414147626692159
3.5161193320583508
1.0955600557588761
3.5403794621798750
3.7867825344229606
6.0027352945982120
2.9740579635598197
5.5840285240788337
0.7892585334383315
1.4005901930016003
2.7730303789500814
0.7652146530482248
5.5039284143711180
4.9727650990196626
2.3640334191300121
2.8706373544759423
5.5971246417167793
3.0398470338885581
1.6959486516127913
0.2614179496628668
2.1165605297788939
2.6640563383620917
0.1180975325321552
2.1705609719162795
0.1825153242424730
4.0857168417675380
3.5139012341250599
0.2790775358950220
5.2877784475625047
3.3398736734412275
4.3415131684928978
6.0870515410468506
0.7782436240119357
4.5437583471685228
4.7305246264375889
2.9354153338804236
4.5150539627447950
4.7638023949194235
5.1973053056480616
4.5203927836251081
0.5123612625153962
3.1156351267770725
5.1969594576881191
1.9138789248195074
0.5346974062245663
1.1345367088523512
0.2827092185396090
1.5379639574768111
2.7592200169536949
2.3559840731424759
2.9929701023386901
0.0764708450803257
2.2855406258115805
4.3388453335564980
3.0519635982499929
0.9750075618546558
2.5758586414397806
1.0306115635433686
2.3769477839358535
0.5036962467356569
5.8511200426694145
5.8067537342351034
5.3951730244323688
5.8424328500591907
2.0523428799529388
5.1902419583531101
5.9180928021228514
2.6934399343164888
3.3577673805527581
5.2008464378357546
5.5412244746664525
0.7429288497488387
3.1405747002136910
1.0320540446001163
5.0725734325914766
4.3499222125874608
2.0452441097697958
6.2761610220922339
2.7806666772182056
3.9488644533318480
0.7504534459422447
1.4244366333427931
1.9039309877114405
6.1028809141791998
3.7028341455070484
6.0164700424892370
4.2732213622827420
5.5199774374744672
6.0373285348563535
6.1923065397349504
0.0854868107620478
5.4622777963165170
4.4921060782266711
3.3213258516511734
1.4256885195000366
1.2327444862940644
3.5178751127842829
0.3747712954682144
5.0628193052726100
4.6768632078012224
3.9679375194283417
0.8107357923763381
3.3838799454786366
6.0357491879107164
0.8061112787916971
6.0564584148822140
4.4840675758607826
4.8192637393302160
0.1621633158337996
4.9863388991270270
0.5249090930223509
4.0158976027575788
1.4281563996572444
4.1464647635078382
0.2089954297963180
4.9722511330525583
0.3247066757025862
2.4201604660583067
0.5529625608561269
4.9740267737244972
4.4482489078382281
0.0796590127007931
6.1572010342942782
3.4902546501010856
6.2366413475232250
3.2207767002759775
0.2385179262079534
1.6614425245921742
1.8472966922117589
4.4690213822912765
2.8344164071682592
4.3121106249122310
1.7124479740073548
3.1854633941414057
2.5523627200482268
0.9417445012443513
0.8152869773229233
1.6611262690508048
0.0443940287319253
3.0284544207881869
4.8981617930969845
5.4088614930656354
5.5379567082114312
1.0515381924131662
5.1156575690409660
3.3776940008539107
3.5218080989666478
1.5625415016269320
3.7568640688655215
1.3060451033204370
5.4191559787375416
5.5927994545458644
1.8013347170381730
6.0337013161766961
1.0415945379330087
3.7155080285480806
0.6078638423467482
1.7642030400382895
6.1461920313698224
5.0013153527656247
3.4839552556711006
0.2812227966854078
2.7480968252736333
4.7444626924572777
3.0712779836052300
6.0320475025409053
2.1482657709278556
1.2187533485945634
5.4240895071546982
2.7208553763271386
1.6885466896941554
4.7465142866774714
0.9990326594356637
3.0166383877783409
6.0141531702137616
4.8169237212370772
5.8169046340237074
4.6377081617898224
6.1996810591990519
4.1140591874381691
3.2184514513885523
5.9554169452576158
3.9250372072163415
2.1043510588254759
6.1290928359857499
3.6575288309670633
0.5764732665776108
4.8135187441640666
6.1768275017739755
6.1249827903145446
5.2950636490713103
5.5422021391889507
1.2735637178737154
6.0720592567507108
0.7354157854745521
2.1820045393860288
3.8382310087816771
1.2469393998834615
6.0274671176851315
4.7172102285707318
3.9363148812096025
3.3937727603478147
6.0642884652854372
3.2666837209227979
0.6152621217236223
0.8085225818519794
1.1739678546668380
0.8722831932175554
4.2910812833334910
0.9114092728450425
5.3646535933987733
5.5844965351067577
3.5298517528254645
1.4792892021975301
3.2418725156736610
1.9696364258727399
0.2322628559348347
0.2423518023473059
3.1407072495436408
2.2066179149179144
0.8750107265339121
5.7521643885071239
5.8494292652588644
2.2793138702529347
3.7319818477033246
2.7440502895381100
0.4686208293287960
0.5778261760509757
2.8112000331872697
3.8369839413110456
0.4517747401141955
5.2252498902008480
4.9000973866820141
0.4704623891073054
1.8996664971048514
1.4585427700426894
3.2558012840300545
6.2695228692950442
2.5909512914957569
2.6720142696864300
0.5772244625170029
1.0455940011376177
2.6430633310201830
1.5409300386951212
4.2890587174836154
3.1349040921555495
4.9732905533744098
5.8342740591236870
5.0892050064149013
5.4868859134161996
5.7908545026332670
1.6588422682870809
1.3487404089704411
6.0368608020953340
5.9834383435361023
1.7621688030222580
4.9575835252149441
4.9550055791474712
2.5550522972821841
5.1263556540590018
1.7061324061693137
5.7781221241163516
5.1887242278203409
2.8824049321324159
5.6931553230738050
1.9008658118858937
2.2927784484877232
5.2880023780345571
5.4403749071024281
5.2887611144493771
5.2062308074378274
3.0778692441041891
0.7581768987620676
3.4267486176515130
4.7626055866496140
0.2871568323499508
3.0240980429679705
2.7834311924241870
4.6936503562482095
4.4129884406909481
0.5800497797849387
5.1809241521696032
0.6688249072497675
1.5637143638707431
2.6097209212404455
4.0704772738598649
3.5818501722668077
1.4053203236281688
3.2033993512977026
2.5461048662981587
0.6919054591278254
0.7947179191121132
0.3525022531564522
3.1908177116334100
6.0248358706001435
2.0246459698144061
5.7924617936122331
6.0900384622000470
5.1195496256821285
3.0477703417875923
3.6452000668499984
5.8578399373436731
1.2433302156686807
0.7319158365307377
4.2265409870519388
4.3087415064307253
4.4682365693972663
3.9416168700690140
0.9104831634728437
0.1608170386781739
2.0726771383121867
5.4665669085237170
2.1078564198473879
5.1902292255737557
5.1422109906355988
1.1444833872460169
2.5219764210572939
2.8066294328352250
0.2830359666530187
2.7171800910052548
5.9783484695048434
0.3463262017754690
2.5256902766715248
5.2624437041807717
3.2593452008001700
3.9843349372833279
5.3229011258550250
4.0978596794088755
4.3801286240939667
2.2365242574934094
6.2276609327789894
4.1703495702436184
2.4822465335579578
2.5673701796064221
3.4778405715045664
1.4033322577755867
1.0166201712557428
5.6363080826789860
5.7683126164911975
0.8436977300207069
3.9943137477459429
4.8802679982972554
2.5997870796284914
0.4597474229117622
5.9427429897232207
3.2595506932885927
3.9998244111093717
0.7237716914257714
4.9711476693317334
4.0039207673729846
5.4522567090134020
5.5813280815253918
1.8565465541603559
5.9947847251413622
2.7476849683086808
5.9758403938368563
5.3693198765401107
4.7822861866256297
1.9011411361848214
5.8694549584446554
2.5031999069331268
4.1747319133180714
2.0063491817934076
6.0741713075510120
0.9446573785920095
5.9083823236520310
3.7514067731951974
1.8396647228015652
0.3653428728073910
2.1320108671319273
1.1761297567439832
0.8845940879494829
1.0451102096796336
1.2268546714891742
3.0300898474741009
4.1573091622683709
3.2336248734023698
2.5806188471540166
2.1186991499794900
4.0019360091480953
2.6358130235018660
3.3421355536111870
2.0411233772650097
2.0399892053842077
5.5841478344769735
1.5207253167636623
1.4472936542881822
5.9129792618863535
2.3919155486773023
5.7474419201281206
1.0809899261229381
4.0790605184235069
4.3635164666398696
4.4099554029259229
5.4013921325233882
4.9577232973950274
5.9584481317596758
5.2715379681639396
2.9264355194970202
6.1799625362403692
4.6273424866151078
5.3399443057373883
0.7521483151197436
4.3354614049428415
5.4009449613526268
2.1373391355610614
3.3591288919196240
2.3731852224991226
4.6810021953999916
0.1945288519853544
1.6480762637409632
5.9681735222612877
0.2033872887616718
0.3366446814430541
0.6488349424952473
3.0349812769332032
4.8644600938280673
2.4619017928336375
2.8371171991336093
5.4193265363733198
0.9008890114211848
5.0371029037677761
0.6488633542091676
5.6798490306658529
3.6366804020071966
2.4404285577531288
3.9997488831508412
2.4718086120131320
0.5206926852754319
3.9296325663378804
5.8294839490226922
5.5734147405130079
1.2375249306590284
2.4129570513713725
5.9046667548184724
3.9357528913832369
3.4361844555981955
2.5958605875301211
4.7968375011968067
2.6371895815621036
0.1476609158628714
5.0980381174587048
0.9975712424238564
5.6077356431849745
1.8615352773050253
5.7908521754978723
2.9192465916935029
5.9295433662718970
2.7061733126622074
6.0664811154708254
5.7475788330012696
6.1281292758284778
3.5548631243763844
2.4515309807679349
3.6578592594652988
0.2037827072690665
0.9772557416778394
4.3986072201236155
0.4828874231653239
3.6575963387317554
6.0737211398577386
4.7875285909533254
3.7600531246299562
1.0069630708751980
1.3308666055130562
4.2076375845681664
4.4376261621712674
5.5865472600374657
6.2007102702993588
0.0775437414405382
3.6367699438700849
5.9117776055110651
5.0045968591562238
0.7647473171235194
3.9071580912673736
1.7863633949940148
4.1008315661584458
0.4726941198366540
1.3766975580543548
1.6415078195227280
0.8039609082137374
2.3568233648342845
0.3550702041288653
3.6894665694891597
1.6244191702759647
4.6564132021155924
3.2500223032408595
3.9823490698570483
3.1496603406098824
4.7477674331478088
1.7601523796628156
5.2013587905165375
0.1377280704626256
2.1826042096447154
1.4012173747764269
5.4741713680956083
4.0898959585539263
5.9482110847977960
0.9813758302574329
0.9052928181309647
3.8653152447137828
1.2149922000080751
5.1496051272610552
3.7162324232562889
4.5675016946009750
0.3779642800093405
0.7564560964291227
6.1996208797705608
4.9146963877541481
4.9671800826097616
5.9715078217971618
5.6621765156224244
3.1137018585572069
2.6734738579621280
2.3291473923324264
1.1230615899787235
3.3349801341200482
0.1041297529176127
4.3412817078692063
1.2477605849025106
2.7508457513188787
1.2462003719316628
0.1946041522495829
2.8710499430759291
6.2717915262301736
6.1326471227589865
3.4897603764934626
2.2991049652828237
6.1667100326684352
0.2440962907278281
2.8437884979671399
0.2732438797290911
4.2322134137567291
1.9987212682883433
2.4530175722098693
0.6862593025345838
3.6162138020598946
0.3030402988287660
4.4492823976299096
4.2680743808152775
5.9048252716735403
0.0700815715334594
0.7235337585868667
0.9805033992772142
0.5253485288733283
1.8132401315859670
3.9812100420507504
4.9658382327621373
3.1702214028055491
3.3737828868332835
3.2668095882515269
2.1417644477781783
0.1140810630093105
4.9905763530448910
0.8447620789668154
4.7406655814664500
5.3349460413816390
1.5093949250631946
4.5388846580419733
1.3939701911936591
3.2536425045502138
1.5690120556528897
2.1072122548331556
2.5650551761911418
0.4103236276442495
5.7821179462470784
6.2816206730577253
5.2394326078786158
2.4677173088327020
2.4380797227003459
2.6850458106572104
2.4423093263187683
3.7429657924070452
1.8044113320706512
5.2088363548202583
4.0808846290460616
5.9614328196798523
1.4682128595126056
6.1734661033471490
1.1078615906816176
2.4855911974597218
4.9975519218668891
5.7492667012219290
1.8448834024062009
4.6791260621403188
5.9396285163572697
3.3386499799023390
2.0392016020597246
3.7846450128944147
5.6915572920858857
0.4543764364531377
5.8623707202578519
6.0825250472337293
5.2204423374420399
6.0992674804705409
2.1060039670717896
4.3270611481602055
5.3702828210003206
2.2803353033099993
1.9695329820022343
4.5412770081338474
0.4186314140278861
3.7645563972455354
1.0595376165071773
2.1289776937847313
4.8143569674998874
0.7776727313159164
4.2453963236213816
3.9614711431045411
5.8252888396998159
1.7454517312691264
2.8082488825729373
1.4546058663489447
0.3745047584030019
3.7636823977904474
0.6667555552823206
6.2640926481751782
1.9412460032747294
5.7586386486733181
2.7614503362995237
3.9497800118779707
3.3502816410498446
0.8554501927245617
4.0678406881594062
0.4698156062640449
4.0525318694707133
1.1485673833996064
0.4008725209760908
0.5267852943016916
6.2273638025667788
0.9077520723927387
1.6484233433359223
1.4872658233356639
4.2587048832953558
1.8151437835773381
0.3833805213106832
4.5543693227526871
2.2731323112173385
1.3332651458441458
1.5272559427592742
5.5299356169958509
0.5672431394218268
5.3358822787233020
0.1320830480910387
1.2697495944892767
1.3342156273886439
1.0990796144006862
0.3685010145662874
1.1583163365936129
5.4461117534517722
2.3437190479162635
3.2209998743228336
0.8790703078899910
2.3528876583140583
0.9075263547953544
2.5635783015187465
4.3408846479568277
3.6445456358225390
1.6726587172756233
0.4121898114067105
0.8100170036443837
1.2720467828374615
2.1509042146351240
5.5357729160473639
0.3499205205315217
3.1411540210063778
3.3141826627541366
3.6169017391375928
4.3249050624113181
1.2915122212857955
0.6513990462857315
3.0712695722879961
2.4573824703768281
4.4299684117961773
5.6127124601174891
1.2624949075493084
4.1384359831647002
1.6782842301297587
3.2807609761843919
5.7105311626352453
2.1078370031130671
5.2729561011358470
4.8205311078744462
5.3588466633458065
3.7702166342228858
0.8102181423894906
5.0548739520296726
3.0707943241551603
3.7239943461474243
0.0872811140354342
1.9834799157543586
3.1261634649149519
5.1937234796030118
0.1049105950915881
4.6252083978612681
1.4814488555881153
3.7715984249157097
0.9288630322109279
0.7653339988373479
0.4612273544649530
0.1621261432841748
3.3870294399328236
4.3822799010016666
6.0530727038780894
3.1439014207276008
5.5707019760456564
6.0980898632952778
1.7682002837710025
0.4956734948330572
1.2674241090088376
6.0942134392764578
1.0560200905106143
5.4973859259183824
1.5948857487853372
5.7672486559101834
0.5729355089045639
0.1040475505109493
2.2836626387241528
4.6068019362281385
3.7978283291584316
1.9970623989356251
1.8603901493609003
2.9691603447363657
3.8440988802520608
3.4054019619126183
5.2681276513391735
0.6749110047237724
4.6856217432128098
0.9167606076803834
6.1181712695003574
2.0920830620585718
0.5104580734240950
4.2470001784568945
2.8267398035856037
6.2206357185677907
6.2591113189022876
2.8932945945567519
5.2047298584963366
3.1708118357170574
4.5976723056644540
0.2894805734636082
3.7944318105574202
5.7820416666552168
3.4296101666431160
1.5716628127215668
1.9445453264966270
5.9646809350593886
3.7473785737294412
2.8490627112345694
1.0853210156421891
2.9813440877584414
3.4848842869918153
4.1474748484383950
5.8524755315237460
2.9145187748679038
5.1925410018969558
4.1136839570636692
3.7495863281401371
1.9605329265849281
2.3396406773580387
5.2241669441294620
1.4211051012232236
2.0593796439626844
5.1839201361828575
3.8529748267877020
3.3287980952305771
1.7202770258200910
2.6004873150693246
4.9805641916200312
4.6587296147692676
4.3023749144965722
1.9950848157271006
5.1481009420706503
3.3502556088022275
5.3360508473840351
2.4869736180184936
5.3333060035534974
