4.9438072135601567
2.0287870169284354
0.1972700054335317
0.4447420085070564
4.8596210556018002
1.9031305723253271
3.0098189894381582
0.3775466559214948
4.3741358949739775
5.6768336078174189
5.2697615810117915
2.1408739761459179
5.1134063426872425
5.7066615857658061
2.0860335906898304
1.3612660923099513
5.5778829169769972
5.6808998723888156
3.6823292099154457
1.7116724848846061
0.0845022162986419
6.0693314198339712
5.3373561023293181
5.1900985387310339
3.6012924433357623
0.0294246821878147
4.7146749211018673
1.6735570427271567
1.5596443378185838
1.2510669510577448
5.3519723249220590
4.3937677737307039
2.4932974548650111
3.9459237536721363
3.3314090080839711
1.4061618105964933
1.8499759386503529
2.6970897594434549
3.7841554507501352
2.9789543235015388
4.1713932991614033
4.7301134021740063
0.8474711485387287
0.5011464092385506
1.0766396621012699
1.8675034680107407
6.0045701320666787
5.0976330060102590
5.4416050270100866
3.1162591647843492
0.2210333581402399
2.5097753591406256
0.6137453280853243
2.7611884943196614
3.1797006721347212
3.5281670957381714
0.9094135621521067
1.9281356684216990
5.3534009113114607
3.8244799885527154
2.0314501556585274
4.0801167207984603
5.4894842436107876
2.8627762266090571
1.5063511166264136
1.5312297324762512
3.0689307494194282
0.6009025844614430
0.9163676787462820
0.7099616181998963
4.1881668618973702
4.1186477036720452
3.6840864491687326
4.3195463430864356
0.5430574643534243
5.9013283076353371
4.6902782603028585
2.6953096401124421
3.4038213692936985
3.2875888459950326
4.7790040352959897
0.9214178768337068
1.6545751616298752
4.0514007398605356
4.5925955886723653
5.7179454723435681
2.6974705891439883
4.6067430549624397
2.7346125611083436
0.4499165815453520
3.5880809155086317
5.5212215952661774
0.9841813976545711
3.0785591586383969
2.5938424867349124
4.4646686197063064
1.9179917554318842
5.3403064840175087
0.0904050859151607
1.5688058955893887
4.2396989575360697
4.8977160212680149
4.9854122828127299
2.3845742701459378
5.2554448910185450
4.7936463867565049
0.4371974295645636
0.5402269630441394
0.0569163377633171
3.3459393128015833
2.8551502997168505
6.1095568649674430
4.5044377935143132
2.3054699998658346
4.4289581206222168
2.5990541119708168
4.9547674992884732
2.5442839943590361
2.9517754300025940
0.1810080345377167
1.2474564056884330
6.1754237552933402
4.4828813828200582
2.4666374839331744
4.4213071363795846
5.1923816939678691
0.8289204459465738
4.1395491606748553
3.1309885870586918
0.9847970997427594
0.7130873282644185
0.9395878652163633
0.3943244040764450
2.4980180943246970
5.9549168903475325
1.5494800505892665
2.8887485252341540
3.5354070725678177
5.7387096166732547
3.7389840284041047
6.0495498478761274
3.9698009744709633
2.2319714823178241
4.6193048945353166
3.6721750469862848
1.7505139218601322
0.6744414388149258
4.1950446638471393
2.4550964450618573
4.4873954690825606
2.1508084624240427
3.8905053336810766
1.2248364676146621
5.3811313994372343
4.5276655435777524
0.3762713913015969
3.9243005524163186
1.7914894615906232
1.2502268595425097
2.3854103438889069
0.1338391481315913
1.1985939128392218
6.1963499410803999
3.4040782990497043
3.1364259223622288
5.6942532809815543
0.7465375137208345
4.3519835864122385
3.0737190636962253
2.5172983239257758
1.0263387430721884
3.7225231046325411
4.2612451907794613
0.5813028811890980
3.2058636169176538
2.1128391919733112
5.7693686758500640
2.4415133873539929
4.0838994409067215
5.3584406681693801
1.2291784608339122
4.1481947168162261
0.4068013848631522
0.2292008474424699
2.5635692459943349
3.7349484065832019
4.4297017790408493
2.4260235689588088
2.4324403258186860
4.8132714662665332
2.5524420002922787
1.1333253163133759
5.8199699870190074
3.6405869682546448
3.9100801349274543
4.5014281579368598
2.0516728793399892
2.2245252700915619
0.8169652667005031
4.4495184320553500
3.6799469860013807
2.0697316751664636
4.0720788866910897
2.2015145612960603
3.0141167249013630
3.4817417580713683
4.2784196342982224
3.5624633574267088
2.8889474677136535
4.9388983222094955
6.0238462187486128
4.3366657697296480
1.1009946941820481
1.9980617405996330
4.9920281945277525
1.3999255575828082
2.1602381498098460
1.8695128870959301
1.7514356057459375
1.7102140493249500
3.3092730309741643
1.8443809645061711
3.1975788997783412
0.6376939138970681
4.9735939805167835
1.4920210865911343
0.7573827890254031
0.8702008398417277
5.3864841554203124
3.8818179099276469
1.8289210689352862
0.1683098156381706
1.0969159553061882
1.2417379337502550
6.1484075442259298
2.3859003297598544
5.5558825597183841
2.7946504357730362
0.1927510172916315
3.9849022840960440
1.9339409936821608
4.6792820804652493
1.8617535398540275
5.8338653746066713
1.3341449642505605
3.3787017857994104
5.9810766619740070
5.5938255331820503
4.0957474171023431
6.2200015681336378
3.8811450207141109
3.5835277266338181
0.2280906118549274
1.0694184959519499
1.8862593787295094
0.8793469444588152
1.8162300354031569
3.8941406196477484
0.8631537050681587
4.7410638464087960
3.8550531012007365
0.5452521349757330
1.1126356571812261
0.4414933963997250
5.1002485878679975
3.7454032166142204
1.6736289222040344
1.3960083001283048
3.7746827498565345
6.0850138549667374
3.4054311550689476
6.1208478683222678
5.1978600651149627
1.2559037294224713
3.2999204906174890
1.8047929920232217
2.3485216131961097
4.8146077805862282
2.5330340776398774
1.7143473880861444
2.9303006323363476
0.5036326003915123
5.4782827362892812
3.9281380326214004
0.7381137705925394
3.2609749290733401
3.5563172870842759
4.8468572040880469
1.6316414856478794
5.7226210107198288
3.7479085493079984
4.6308593300529868
1.1727101270720830
6.0709447249803761
4.3876416295046416
0.0888841061101588
2.0045591221335726
3.9981965756578797
6.0852746226295622
0.2282570381517394
4.3382021409420783
3.3534285731247131
2.1492092047574523
1.4585707885937156
1.8401697411139031
5.1462186407271115
0.0388622251726733
3.2522911082595831
1.3314460959783156
4.5918333727158940
1.2752818948736067
2.0414308497115790
0.9704773793919520
6.1419550484778851
0.4019883247866882
4.9086403829100043
3.8348429379606901
3.9893822386941507
4.5318294354607884
3.1448216276141823
2.0209126786609435
5.7004550434120320
3.4922818227051731
5.2698517582191515
0.7970699377846475
4.2732311377074730
5.3481889851810838
3.6926870981594182
0.2130683020098718
1.2836113965301743
1.1938299379573998
0.9792926964920194
1.0035748961953288
1.2742513960944866
6.2443479063627665
1.0477096440748799
3.9633171821623612
1.9175082574757600
2.7349422789794198
4.0213129295617129
6.1216793942603944
4.6492574123978256
1.0833660106354794
0.6806311031700073
3.9366839533594771
2.0511107395961363
2.7583284611295493
4.8826397764262346
1.3092960687396276
6.1745096857277293
4.9085510684055205
5.4422828292564525
2.2768082497566784
1.1777051711679944
1.0114854403515401
4.2847924115917513
1.5623584490085589
1.5739955027615313
0.6925748148520093
4.5443910333115651
2.9119278967704680
0.0843941619720165
4.4934527228014529
1.0641616338364095
2.9521766754128280
4.7932799352223654
6.2312042508225716
4.3946211239547051
5.5459632255196309
3.7072552050091865
2.4438716783749292
0.4675619828614720
2.5032218227636585
1.8020263043422162
3.8445066552829337
3.3230469466859009
5.4113889688295966
5.4969790555990636
0.8086686458310307
5.3281203922574010
0.7758479315107720
1.0655456640554339
6.1123609833752770
2.7916332676159659
3.7924520649066360
3.3473378699398411
1.8031527726811913
5.7424038612793256
6.0542863697515772
5.7033850219215205
0.0855294946547557
0.5668419860959648
2.1436726575802396
4.5343337312189345
2.0861478026008338
3.2652859704754529
6.2718709219700060
5.2780517894933299
0.0734308240256145
1.3909023327270649
5.9049633582842160
4.9718404921280923
3.9015566927939753
1.2589339295460931
5.6172482440255367
3.6909246023504600
5.6137646690506546
1.4978606554746796
5.5859889698395397
4.2257404567967889
2.6901226565463765
0.8034508621975698
4.0041462247690580
1.7481178863779612
0.1471030617905337
0.1267940625490769
5.4442630998996355
0.7845373630863023
0.6181658339516685
1.8370980066413878
2.2054225273880288
4.1567984073277460
3.1228455859481632
4.5711661688385101
4.1532834532086422
3.8472990563373850
1.4217981380337494
3.8953559687661152
5.8658776519961426
5.6786893729114150
1.7457693250882995
0.9964632749639672
6.0494764991553085
0.1904255823629410
2.9207103078059347
0.2265546152471554
0.4710499823062082
0.4097754209263549
3.4379076607253327
6.1486856177246558
5.6303073067831022
5.0085416504298097
5.9393446056753882
0.6735327104757932
3.8931786261685839
0.5039138036852192
2.0187930779158632
1.2281045889392714
1.2301664152502563
2.5755738068730110
1.5133065006069577
2.9305003487497467
3.6091981375256132
4.3404127416349167
5.7446067300159953
6.1365045932965270
0.2563758388444569
3.4104175002592534
0.0196083243689343
1.4371209069875748
3.3604710351182296
0.0032004899942501
4.0557177878009316
3.3500205821081339
1.8532734698956810
5.7510893019370286
1.0248546750840180
5.6590527831857038
2.8749092474453266
5.0738583271879669
3.5846382112376807
3.4020617049648143
4.3510077552757487
4.1247211651216382
6.2455281599016939
3.5649450251637655
1.9445567392235754
6.2520827545123385
5.9834065545598678
6.0641455340576123
1.2457566498913231
1.8042098827590114
5.4665438471553678
5.6665546217499880
2.4158503157711122
0.7470616212104785
4.1651175496148554
3.6809379532584869
5.2817297019325595
1.5461560883823622
3.0241105126488019
0.1950865481665164
2.7547182725147952
0.7772902136384768
4.7999495789661708
2.7924385677147909
3.9570559870592668
2.7459329480927455
5.9054853738646669
5.4523409772845755
3.1823893265787571
2.9154875805690845
6.2721434755546852
1.9520174028317028
0.9747629818284136
3.2883575022561629
5.6864738675701760
0.4397981101511774
4.4113678561743521
3.3097554514039178
3.2594103810082471
5.5922032460159485
3.4923561494568141
5.0122958812814451
4.4572227957476613
1.4974289483371033
3.7401064119924676
4.0242520014067251
2.3504728444071605
0.4944355466045331
1.7727927317939887
0.1450350901224206
4.2969499840133327
2.6452779952068712
0.8003886448649239
4.1814348468025555
0.1244744469960081
1.7339847670709390
1.6321214205858288
0.1950842410698614
1.5026684679911366
4.0571957232648490
4.8082012196626573
5.0421637249889368
5.6789689147878502
0.8414942116979810
1.6414223457330774
5.2273428444672074
1.7173186531601417
3.2516916124427011
4.9470748958917561
3.6596443310698312
5.2539616218361695
1.1638553690982854
4.3248110983662489
5.7750847140486945
2.7745056524490361
3.1323399430698440
4.1247326274963374
2.9265272755148528
3.6106454325398025
3.9835125267166909
3.4523986100851052
5.8226387279415270
4.3297246209355471
3.9176758690184963
2.1941893176891338
1.4081488037273533
2.8389048361819844
1.6231642304085609
5.8096480217175026
5.9240964555285851
6.1594700253147172
2.2096414258156676
5.9124019881339196
1.0332704674676003
5.2348219238886244
5.4114031287631086
4.6028937396896437
4.9872630430030123
4.7749004109694697
2.8753105215214738
4.6958468932319430
3.9715485624320772
1.2227968085505190
5.6411303464554043
0.4303261803415901
1.1710761423371805
0.5335031588170007
3.8870032967727486
1.0637457630841238
5.5143601396690212
3.8270012633378596
5.3904712069276304
1.6413312642702695
0.9129382201919872
2.8979059702903700
2.2566719007773850
2.9837759663320407
4.0141126885017746
3.4637562774445874
4.5878216853015790
5.5943262186641860
5.0473531281458284
4.2334203725031037
5.7888342975523539
3.4407757398770422
4.4534240940452969
3.8745726341571398
5.3448897248094420
4.9626641686845723
3.7921794351020406
5.1692749528790340
0.0791891735496734
4.8903577053498148
2.9286513936335177
2.7577630478227171
5.4730975663801926
0.8582014857456244
5.9246326418306499
4.1750521623632197
4.3069713931561875
1.0391281118337627
4.1558305339425097
2.1381430007252233
5.4165362295621868
4.1154441023245036
5.9474900046485715
6.0900800035595246
1.6052733170258353
6.0350745523543452
0.4897440699354365
5.9344570146715236
5.8538718437568846
3.5613791241647945
3.2989961359797588
2.2241266521353720
3.2559147535336170
0.6741203647771414
4.0848988001790074
1.0233743553442398
0.7126349735521503
2.0564852537170384
0.0979626240545947
4.1103812837421350
0.0075130656030891
5.5062088930585080
1.1477713573163475
5.3377406780347831
1.1615154239800016
2.4678862525870193
3.5717371375684128
3.2144570148877243
3.2336955863548602
1.2741860337474362
3.5190685463446481
0.4357158733818464
1.8009113662988869
2.3508998671000820
5.1523038988076770
0.2118036939130008
4.5769661511254718
5.7606741630190799
2.1352877142593489
3.1487802691198272
2.1254324201844894
5.4982570001671736
5.8236168259000269
4.0998690738629087
1.2482568199448978
3.7583328960842008
5.9639748679083011
5.5588504391731650
0.9831196277857416
4.9437251268172604
0.4481014932139238
6.0242843704600970
0.8923193322035990
2.4855708946841917
3.0223913816153583
0.2950654847092467
5.9680781869272108
0.4641238033678298
4.7835409316492656
3.3537519038707884
0.9157861491141538
5.7551359750042677
3.7989489758427233
3.6381935928476636
1.1011633183003844
4.9235243728108911
6.2185773125121688
5.5540151389539654
1.9781808355027277
0.7640556556806710
2.4226803051609331
0.6571735557876310
0.7564211769241918
2.5649302074963898
3.1978319990104098
2.5062018738374965
1.3939692166986561
1.0281770065741320
4.2484171020463330
0.4271593981155284
2.3063920930637414
0.1571062951739660
6.0894052747751051
5.3776632531236821
4.4074163166855085
4.8650673072112962
5.2084533885496622
4.8588226435833173
0.8937693179705054
1.6773621366020137
4.5895339270428170
6.1709535362499288
0.8002364662779422
3.1731038819128270
1.0407947395598325
6.1919909218697446
5.7900122732719312
4.8560362176451877
5.9213542965543358
2.6586039103948096
3.1162139718247133
3.5717715766573459
0.7760935231451556
3.1285664894331169
0.0407483813840508
3.5640852761216486
0.8341055530189535
2.4910759370976030
2.3565387306157368
5.0215034868659805
0.1355710413765074
5.2170873666402864
2.7236586050200953
0.4169855182509782
4.6244065649274626
2.7162394940134851
0.9605504009154440
5.8830322781386917
2.2844107577922643
0.4723412298585418
5.4050072705154610
0.6547475618315418
1.3144171685160879
0.0803138480241208
0.0099848925668792
2.4336576885174193
3.3702509205116802
0.5824197399929899
4.1238488416743042
0.0227427387098827
3.0415716124014516
4.0294487988587306
1.9500074072301563
0.9588754531633705
4.6199562748120329
5.4164890873387730
0.5476017504803441
3.2372437035234580
0.2734312515077094
4.0415252619314916
0.5062516105948014
5.2993582280775167
3.0470188157508353
5.4595274625101249
1.7946759688904075
3.1290681613941111
3.2458154708567588
5.8499098992583711
3.4155687935913908
4.1320500294389220
1.7464039121779218
0.4149809932155541
3.9479752439614266
1.5525137834253602
5.9371317389027567
4.3079046303857860
4.3841997557449233
1.9879197341946997
5.5215361159382015
2.2493952350799327
1.0849697735254005
4.5268580683006858
5.7083235030254311
5.3058351870972347
3.1799400972013907
0.7305205881868830
6.0645375329754705
5.9691441500221272
2.4250175527848263
3.0122516284937828
1.9426713669842159
3.7288235358228841
1.0289917746267490
3.6971890986804348
6.0461719362990367
1.7265511247265255
2.7609978827948063
4.4474508089686795
1.2521553035006616
5.8987053430971184
4.0700466038456620
3.7809295402759422
2.9585152478119205
2.1330668208037635
5.1216373574303411
5.2939199540413613
0.7280252735149707
0.8796226247482097
1.1127228472707018
4.2554247390478865
1.8008273142620483
4.6263603513734148
0.2859125415806001
1.4645804053250682
1.3353922555621525
3.9382113099396960
4.5621733535110831
3.0187617698643194
0.4778203108226780
0.2771166793019225
3.8630974993108458
5.0687195853045361
6.2664393096254640
2.0091141326749558
5.3721362904167700
1.3697992193642010
6.0503850227828355
0.8137352370382855
3.9802018104275705
5.0712429681417301
5.9476175175557504
2.3900502129965884
6.0617419080715909
4.3262303879903454
4.2238904389816812
0.1354980573824774
0.5844793540182792
2.3490578065943266
1.3858307831355885
4.1258927591085639
1.5716506137697646
1.2904325578731815
2.0682000126117077
4.3789762198479680
1.4261157497171539
6.1661496139993677
0.9834842418750777
4.1465010180920761
1.3708033874605305
5.5126096597399847
5.1311092333808261
4.7865091398728952
2.4360221801697879
3.8904389879804184
5.0109196138474239
0.1524164786959642
5.9921658779590343
3.5222047108187384
4.3279415124368121
2.9255053251725571
5.1470582975989148
3.2209297848792335
0.5042462306476311
0.0522386831492258
2.7837084584615761
2.9372441348503542
3.4055034850521029
1.4627861786978291
3.9734849160155918
5.4211946456216955
1.0449823565505429
1.3899136109360766
2.3918043544870007
2.1316122538430822
4.6837878309704086
6.0100378258814491
2.8729204509340738
5.1679641711517101
6.2174865319783779
4.2903065185873839
2.6531591759625957
1.3504881764588845
5.3425574292430387
0.0406536911289406
6.0585812873140341
6.2668334995683699
5.4535688982753969
1.8165099608090727
1.9613966567884409
0.9363765507247995
4.0277779198347110
4.0455172596462665
5.0007248409452840
5.3154848251117253
5.3137783348453960
4.3386895617394456
3.7858357922222146
6.2128372241828531
1.5103506372622193
6.1296158301591470
0.9179924021523562
5.5225928468869778
5.6478190714900007
1.9510690192671931
4.2548389807903249
3.8560454052790818
6.1454812109406109
3.8161332123193636
3.7061913385074070
5.1265221350307666
1.4374801445048362
4.6935846509865415
1.3885652330433409
1.4511943318268543
3.1728664486000322
0.4540492025185039
2.3147757908951232
0.1263423422036289
0.9572899453771557
3.8199079167751324
5.7515903505596793
1.6163580884798361
4.9258623984673058
3.8572591374232790
1.5929934134026864
3.5729100931940976
4.9959881613811472
5.7135488641760936
5.6039587440531902
1.7963140035618010
2.7078539485855400
1.3086094833897688
4.4057085261290521
1.5801914396528334
1.3365135608382981
0.5031818626409407
0.6610991056532421
2.9930877649767313
5.5125044849564446
3.4494625498481444
2.6712491696031551
2.8181034869611823
3.6330085788770141
2.0911925142298018
3.4823832925839744
4.7210844913194174
4.1802401265303839
4.0559456889818497
4.2770302430252638
3.7520502272747778
4.2626250636651948
5.7235156823564912
3.7746916632850005
4.6304699087626684
1.1988098880550810
2.8568402476991852
0.6951864884312988
5.5818990549872742
0.0638856026598836
4.9245472194242401
1.9191220122274939
5.2726483379804581
0.4456311064310173
2.9540613742762685
3.4067386003431208
0.3387009761008750
5.3142232481293217
0.7178581273381223
4.6903768669650976
2.0720971666399377
5.6664740559410243
2.7561407185666522
5.4229919450211650
3.3198236474886094
2.4863994703474046
3.8218459928980368
2.2041041457923871
0.4659514989536662
2.5913275506163758
0.6860852197007142
2.4880349303731850
0.7958182233905039
5.2263094953247142
1.2869288194211868
3.7302562707079909
1.0826594097069431
0.0024526982086783
3.4237450515497025
1.0502643461931294
2.9825671334457295
3.7471828634522035
2.7829561569683006
3.7656697225001392
1.0324973521890288
0.4600739688882232
3.2639691675274647
5.8858208003760479
0.3914993775229631
5.7199522639882261
4.5948669798717638
1.7487015745259140
5.9321741418612861
1.4662772054800786
4.7136512129055035
2.7862070337358853
4.7385212407447073
1.1538744640734093
0.4567526297179197
3.0860482556979334
4.4833517409669152
3.2002085131123130
6.2663801095674563
4.7889528540595689
3.9834574104231981
1.7063012908914810
0.7828461920991894
5.9725686274054057
0.3371001192828867
2.4523863517245803
3.5664934172398639
5.9678303507178576
0.5276935854028605
1.1985456264218488
3.2879086883054538
4.2948373567568225
1.5993054885375881
3.3835698602223587
3.0794605745961521
1.3837896107096992
5.0347556064044250
1.2836026769634843
4.1780374827365083
5.7823318997940634
0.2408252934889464
1.6685131718468589
5.2546323899828620
2.9263706511003873
0.0814716419202561
5.8891664645815540
5.0184723538228280
0.6888524437499504
5.6798588968318260
1.8096284806347565
1.6239463492832356
3.9411412402078430
3.2564903454764473
4.8176318361092143
4.5655281558716974
3.3294886217448623
5.0153254026336329
1.9155210862422749
4.9342460195088789
1.4849735629681322
1.2523788880151256
3.4826397989117654
4.9487022306968447
5.2478660418933227
3.6300522621690461
0.9612735407505708
0.7552898583873257
3.9041079720654284
2.9320992232263494
5.8677451931678171
0.0849911223071912
2.4907964913389811
5.3097203428054476
2.9776591813268523
5.3401364768079187
3.9011383683244403
4.9607212952546309
3.8862864131428219
3.2332472034022275
1.2641406387412650
2.0638028700917843
6.2050239900493338
0.2254074451398125
3.8568455946624138
0.7251220941286800
3.4121451835288878
3.5342651469446080
0.5500704615946200
0.3382525642110835
3.9486557112500531
3.2224583912118128
1.4376488088093269
2.0091671640738440
1.0205394954193463
4.9914886956727518
4.3764056636772839
3.7116340765752653
3.3529947159660130
3.8067351424014633
0.5725233522236318
5.9302985285033527
6.2700291330055098
6.0774200861489263
0.9280152547511598
5.5933747018802249
2.6941984327585455
0.2076388789916640
4.9064618115987431
5.9522091774539758
5.7752262613533016
0.6242379368654977
0.6908962029582402
5.5973004956195469
0.7905819229927898
5.4181594648863678
1.6144834774917038
3.8661060619600773
5.3182076095428217
5.7299074691999481
1.1517865337375823
0.6623734389916343
2.1168557499937957
3.6983052465534438
3.1216322416620201
5.7967090628042941
1.4226181055955878
1.1536539807258599
1.4168245199562048
4.0850300700631950
5.2806222009967287
0.7874636262344333
3.8037833544840702
0.7273204415888410
2.2566586179702388
0.8931115673202543
4.2792232482330324
5.2258202921944648
1.2562757364555868
3.2468793543835024
2.4582891198005834
5.2264387631431246
3.2063474396266409
0.4685863306414872
2.5251380885391761
4.8034363890878593
1.1097924051194081
0.4250765775514069
0.6502381618643882
1.8537707617392385
6.1429840183538031
4.4876559874305100
4.6314999337347000
1.4438971404881280
0.9303095480579724
0.0081575155666674
0.8315138338244735
2.2412529126550491
4.3919710551341069
0.8064342776288074
0.7295772224320153
3.0253848081734187
5.8303098456939484
1.1462178276879520
5.4112696316047000
5.8962562277572843
0.8130232014158292
1.6393534758694293
2.7987556042659172
3.8922820654041423
3.6855661737875476
1.2837813765180788
1.3934635247074436
2.2720546715168179
3.5574739327469618
3.9606142238139745
4.3608294823796312
1.0635656990828224
4.8191510540318667
4.1112027580765851
1.5161985807562874
4.5061119857855880
5.8273732382885344
3.3694972254524380
2.2902328734871564
3.2615312027748700
2.6941699058925814
4.1726627410612931
0.0241857383996782
2.5236902909531533
2.0898587523334871
3.3428735670890304
3.7401793928297575
4.9589785318638553
4.6002385763443439
1.5032422456972523
4.3473054855440223
5.4103482462506696
2.8337607334353097
3.4244427589423054
0.1923777834813912
0.4395525359039746
5.4852033477656352
1.3027459895345184
5.9780527396834318
4.1936405083800068
0.0431952713815080
0.3866555946715141
5.2378100000919305
1.3683736976990810
2.8165449175039994
5.5401056769345178
0.1109097412640201
3.7453616848492457
1.9171157001096046
0.3718952186931457
3.9119656455993281
5.6495568728774979
0.2052074340037985
2.9819475856337574
3.6963260411920942
4.5812197171151920
0.3744135287237580
5.9407399809159909
0.9537855697776859
4.8696312962245418
4.7653567772558700
4.4057684399046995
3.4289024475708323
5.1706359556098853
0.2871725487366898
2.2606547837943221
1.8930584783002056
1.4156777467800992
0.6194165475652458
0.3676794170128669
2.7965483218822866
0.5017065584637841
0.8342761696750205
0.8829147420705421
5.3053328022025488
0.6920411062410311
3.7131638508925513
1.1692626084175841
0.9973927806370532
2.8533989599099789
0.3936775202630370
4.4880666625475936
3.9177159703523516
1.5203043722577052
3.2343561623066583
3.0855622623368100
2.9159403541531641
4.5280375297048350
0.2246697442985610
0.0862158074802535
1.4272826921106296
3.0248016052520637
1.9656201025804185
4.0051782914696963
4.9916682899026492
5.6266486744151702
4.5782779797747404
1.3570421513126645
6.1183176920331679
2.9958124857044175
5.3833324884481142
1.0595320069903640
2.5353684457719021
2.8720483993325971
0.7823396731563544
0.5220301807349473
0.7021708916130819
4.3465705689284215
3.3683949859194700
0.2684546804355144
2.2512239688989322
3.4717062776656729
0.6460985699250592
3.9950292409415673
1.0744380716695270
1.6994579723346481
5.6914305622768033
1.7094893707567989
0.1081548449721992
0.8290098874625326
4.7229988745886304
0.7225206371018141
2.5330412700204952
1.4568077699800457
4.6378152375925010
4.3094194787389632
1.1168623424534398
3.9388939106457830
5.4045185333147980
4.5551764198226978
1.9327706007147518
0.1071621771209048
0.6499882466407986
2.1683889791727418
1.9452544538691388
4.8124521083661680
3.0815676483907382
0.8169747988683904
1.3043208149140997
5.7638756634248676
3.8339621332196439
5.4818567345255511
4.7401717654546092
4.2563011067500209
6.2227952463485723
5.4861330632670642
1.5865900840912723
5.2940337301771683
6.1085798797627096
3.8397534627997842
2.2438051434335278
2.7889860969580846
0.0538343097649571
5.7366348490497829
3.5071308020492666
0.9694057114434358
4.1675959927990478
2.6919486287166263
2.4937710702883447
3.7101567717616373
3.3974424418191869
4.2648671004637624
6.2216236383510548
1.0123437510956694
0.3883888374576782
0.0462995211640346
5.7136830677020409
1.7605566061229658
5.0030881690905904
0.5476662977917602
4.3705078730335973
6.1910380009943253
3.8866870599258929
4.2146452354807167
1.7521479276069345
6.0832214283439772
1.6965387850453615
1.4648638636167037
0.7638294409021006
2.1709529229660327
2.1327406517790246
2.1318268395567901
0.5739074775565554
5.2842827108690749
0.0192685006137219
1.8448067909966945
4.8961541698462154
4.4533613754110348
5.7973826326620808
0.5133233041694379
2.8471845074908191
5.3419899498217580
5.5127536522871949
5.0888746325823542
5.0203752795095475
3.7556789376188071
3.8692033294207966
0.3311029974634211
3.3801137769608220
2.6720996158161627
0.3644052799652699
2.1995660175705729
0.9266352674649753
3.4389685863696986
1.6911042587131782
3.3577507940307978
4.3711254811239613
5.9737957325390321
0.7489933312867868
1.7181454931372517
2.5291982864718676
4.5982147524740089
5.9278520055946640
3.9990946091492483
4.8584162799833823
5.1950804106989166
2.0264666260852202
3.9761620870701124
1.5156305126152227
6.0465664160647803
6.1809339160630872
4.0732352314347979
1.8804255135916115
4.7043471989290842
2.8281466391882004
1.1060971088269778
5.3744589376679492
5.7957793320919464
1.7658581238180910
0.6795117530274876
4.5253429025409568
5.6248932942132637
1.4074195190383605
2.6305946766358712
4.1919360508306340
4.3695630484756913
1.0314050791117617
3.3990540389162129
1.5202688290344013
3.4570097160592352
3.1458892722665541
2.3449970044405921
3.4090460714528770
5.8338012121233378
0.0316248813887932
4.1636368076720958
3.5095986732202058
0.2770267515045886
3.9109440906374631
4.8465284036214626
1.1558092766249806
2.7883056463040026
6.0851347859561322
0.9440969119082059
3.1495492913110152
0.7559925437900463
4.0465948782942274
4.9748499302213114
2.1531382387176570
0.2640121749024101
2.0761236180257110
2.2499778545640257
2.2686159179259988
0.5164717679160964
4.3557894145108458
2.5516667052445854
3.1720725341340552
4.0475148011132616
3.9030272629429090
5.0748955520670389
2.5572404677584273
5.4731974373593451
0.2218916908294861
6.0858823797560682
6.0227851052592634
4.0609979305866917
2.5810858000538843
5.8712292362299605
0.3200587593616818
5.6873902311659963
4.0063048322071442
4.3632698418234934
5.0861886495568394
5.8452963589489784
2.5697816181239923
5.2779841995885484
2.5289001926962671
5.5430074214898442
5.0623533191602430
0.1023373109408047
2.3921190948274593
0.5210269111784787
5.3891958490324514
0.3651481425708173
0.7718078659554807
3.6763953035945329
3.7903340117084499
0.6829238255004177
0.4473015456526884
0.0815985879749019
1.9268939018634426
0.2612284035300633
3.6172213727765521
4.7799129209355868
3.7952986347485034
0.4132026852825039
3.5308886318862487
0.2345653522169412
3.7736099873086415
5.2211292451623912
3.5510377434506974
2.2785226316574825
0.5310026691994146
4.0810724179005948
0.2678239919075031
4.7633798265439813
6.2365431534694329
2.3548240156888700
0.3146791813950839
4.9481281604283778
5.4762870788969975
0.2293969709572814
1.6237218017045538
3.3653930220037624
0.3296028691486514
5.7701558942912214
3.0481255029956884
4.8726662543468393
0.9325093386503208
0.6886755037163897
1.3516701474146939
2.9961691257900913
1.5482723071382147
3.3073139097400155
2.6265398213200868
3.6443310644535498
4.0155135288158084
3.4086305304989803
5.7101298072234501
5.2366802061131965
4.8320641201928547
3.4869276834371026
4.1382141054202375
5.0152262758624566
1.4987686689852162
1.0877008132315511
2.9024811214570683
1.6134848361346747
2.6322598444105645
3.9286315912020697
1.3507248529559646
2.0658829429064611
4.8342038230522197
1.5633933724995781
2.9564792566411660
5.3820742331486757
0.6260278770250689
5.1505535004627996
3.5292012471613550
1.7200912878696550
4.6135781533688336
1.9860529705237138
2.9781064677739910
2.9930140765131057
3.0018678871757194
6.0736486988366920
1.1117562679857451
5.5630772768683459
3.1901613862285831
3.6233722803951931
0.9506506474145656
2.4243922425795881
0.3369277601234478
2.7986424910980903
0.5656041936677433
4.6959225618514733
1.7368654987456220
2.7096095498370438
3.3870909212240559
0.5329342554979659
0.9447831373463891
0.2750817623271746
4.6686843187197944
2.2229124135108469
0.6361319022236106
0.4337079633412811
0.1269690095345068
2.2388548671469932
0.9033944603930425
1.8235960393263111
4.4254553884674008
6.2151195019386005
0.4829391456551053
1.9361105713148135
2.0103115437704009
5.7375500021361479
3.5359057977066590
2.1846915782722887
2.6823114476730110
0.1566021886430665
1.7609596946116555
5.7488376790121780
0.0465531814418957
0.6061019162878781
3.6552611772765431
5.1078982716063992
6.2570106974880231
2.5811197122309308
0.2784357421821773
3.8179151160024607
3.9333502000659779
3.5619677650185659
0.2643523624559627
1.1578304765758398
3.6722610468164576
1.2961174892979679
5.8611018402484278
2.8489526408305950
5.5215512254589294
3.1139306382908902
1.7811069524401679
0.3424130359680844
2.3616936658464609
5.1635853788879169
5.9439249467141337
3.6002608926290436
1.3095780530951275
5.3890314964488448
5.2173412230099121
2.9501583654196155
0.0137837657137390
4.4813216679087269
4.6201360999397574
5.0585512540628770
0.5787535995345532
6.0254899787707883
1.9078780577500067
0.5632485802510692
2.8812689187451235
1.1715195602040773
3.9610431558966517
2.3251988225303912
2.1209455133909811
0.5294617002634956
1.0831024488085224
1.8277140229229458
3.0309264277618224
2.9221175440592151
5.6821038290487635
2.0232040007270831
0.4612752496983969
2.8453561984039397
2.7422449710742867
0.5399764586179652
4.9539195570107815
1.9518292262740362
0.5434158318836362
5.7116842890375343
0.9692544679962505
2.2276933041853715
2.3334287386377945
4.1407732730223614
2.1228018467049372
4.6969110682688777
0.6502113488972777
4.6501010377473868
2.4664602810245406
3.2120315261010277
4.7811017407413443
6.1920382246449002
4.5772652860243683
6.2493062985622156
2.9813563505205964
1.5157685174099382
4.9919823330221433
2.5939985056938450
5.5662006674266813
4.4572607659676109
1.3481048920648229
4.0897223421761062
0.3729774222335089
5.4876475273132250
1.7204877049563392
5.3789227208540664
2.4221713291597808
5.6340822316185806
3.3720230742232307
1.2678417718724455
5.9453473347104140
5.5572688510385504
5.2345629141018799
0.3957080411914807
5.2620656220571504
4.4836632185700589
1.8705438366580007
5.0855877560618081
3.6513010053716299
0.8887730239392337
5.9658335861793113
5.4108705227947755
4.1772748932574721
1.7632578522624276
4.1731295526514547
4.5752731890280085
4.8582240607867639
0.3710180900466574
2.2546110247405222
3.9022182009745827
3.9631986268734529
0.0898897391288141
2.0256986640744530
5.5585955288035089
5.8547021470545619
5.4696702742139456
0.0330714964937019
1.4634491398814606
4.8538185711294499
0.5442636385982147
6.2076269269662774
1.5072029619116918
5.0942313062609479
5.0212688071246134
0.4618352082322394
4.0541976825182129
2.4474343856060878
5.0252653384768919
4.5361211462149793
1.0687004470085157
3.6058253862034992
5.4071820757286995
5.9355230910288936
2.5620756066669967
0.3219127825718822
0.3594804662595044
1.0552593779392492
6.0915982697661279
4.9891420430000766
3.3088240934086079
0.2206662728416343
0.4546270299519452
5.5103306076105554
2.0285787443817900
5.2291443700178570
0.5978054147129843
2.6522780819207310
4.4821973306604406
2.5020939704851721
4.5279119400943681
5.5320929783993158
3.7931790131845520
0.1546121946615986
0.8128781233770525
1.4221816660732955
2.1664879380508535
5.2026570613168399
4.4286063218825360
1.0928261253844844
5.4260096601370904
6.2516274173061808
5.6996985577322956
2.8085924368611215
0.3031606400526078
0.9214640066885940
2.2734457423963463
5.8558213348721182
6.1899832144092333
4.4128957418186232
0.7645405519400037
6.0168179776795991
4.9494394510400301
4.9069690384846609
5.1090032035415671
4.1785384880537206
2.9064535614041063
0.5056293566064693
3.4078517798983472
2.7068761194067941
2.1712056824006583
4.9876808201876415
0.4400810488130777
3.6523847562361662
1.4196150893662185
1.6813632686768549
6.2080920404344369
1.0329817298330997
6.1368058039403639
1.1161637912673268
2.7651971247759914
5.6704963824246191
3.8867937402249635
3.0973321150458295
2.1904077146892926
1.8620618891172454
3.9983563303610139
3.6431484777731673
3.1388664092460656
0.5030132446514213
4.9188019479026579
2.3616994834765839
5.7638715984723694
2.4041104484435234
2.0500103222316821
2.0959327211695400
4.6701812857629799
3.0730089516259804
4.2062065399923059
4.9511686764016680
6.0398233079890673
5.9845687396163694
3.0683178166890284
2.1253156212859299
3.2219808300838002
1.6621900030169785
1.6290732281664575
4.7438657626192926
3.4300633323549956
4.8828807739897533
3.1199536772840766
1.9149128556714485
5.7545405158056768
0.6520694959530754
2.7748980234670251
5.3723861292192652
1.5928109742112315
2.6729175837667705
6.0312829331897229
4.5385681002395950
1.2065913714673622
0.0217265636530118
2.5133382188557443
6.2401661600793563
2.5537070417914816
1.9401510559094512
5.8085813963156143
2.0939744786923180
0.9176834886109394
5.6562908032004646
0.0895272820543033
4.9005652047061794
3.4899808069941827
1.9558657375681443
1.4693629813677842
1.9683368370102305
2.6907622488351390
4.9545821404284043
6.0725984917723945
5.8332985896245564
6.1823218661634725
1.1600912226216376
4.4718318522376048
5.6411734807718119
4.9488928316758116
4.9816710557417769
4.4938107707789356
0.1134558787110510
5.0513010437666956
5.8984252744940173
5.3699054595544800
4.0448943340575596
3.8043075306070202
1.1921687778193304
0.1877551362141347
4.0539675149566508
2.0569373998356344
1.2214930898421570
0.9175786354056670
4.0481469462491910
1.1445356032680984
1.7581828756079478
4.7104352828550935
3.3195086142484853
1.5522101422104257
3.1732758753713792
4.2937398018357653
1.2600266318466848
1.8479612648036856
5.8701277797550979
1.9912693717854228
1.5181424066591094
2.6501739881949886
6.0437426035134294
1.1376916149596881
1.7179751079509595
2.7268741756723074
5.6332679175557603
4.7964228226049972
0.1155030066109683
5.9209215792937160
4.6851669535988894
3.4390178876773576
4.2846229669170226
0.6134045583874171
3.4988279826514970
4.2262005627239017
0.3262697469088186
5.5657650758219557
4.1346041190614855
4.3210246595932924
5.9738316390614008
2.7713477633021926
0.6899183386614088
4.8729742752656877
1.0187918999489967
1.4517076138965219
5.1338187030278046
5.1277112541795669
3.1112915337543727
2.6594778247263267
5.1779578274332474
4.1089250350307118
4.6306263811857571
3.7616814696614935
3.4810544487119501
5.2492994400579924
0.4842280205949431
0.1463900483159207
3.7804438958171640
6.2524472458489582
5.4757165889173303
5.0878004602105165
3.8379936712793987
2.0908044632913447
2.9841057139980895
4.0524445562714044
0.6635464253877444
5.0452455514098498
1.8029987688255467
2.5746306768762524
5.0584047656198852
3.4275855236621786
1.6024335177658167
0.7366753842280024
5.3466582519236674
4.0750205208356114
2.6741557742077418
0.2416183198954008
3.2079066429437626
4.2260099567928693
3.5208240320274546
3.7283823417768795
5.8210766159207701
4.0455926782913902
5.8041795073558902
3.6328315958884159
1.4373215935768693
0.1978838776696260
1.2237536141617935
3.1526939597942700
0.8412246926314600
0.2734433687288779
6.0063531617243555
4.3160933756832636
5.2327132688962195
1.1748203208383146
4.9259972564505388
0.2423104654976665
3.0459220474292672
5.1773633697788890
4.7854929663431012
5.2350688912926291
1.5718133172192930
2.4027411855499534
4.1288031389017901
1.4824804491116315
2.1108780632367803
4.6422322125571016
6.0804428215126283
2.3425504525908201
1.3906038698246059
3.5230332576264409
5.2141612275362368
5.9983306858668675
6.0337545878626582
3.4697296128450934
5.5227730408911881
5.4614223081626632
1.3285113240973410
1.5527296104772110
5.3326210618897250
2.6715666303068377
5.1720895148699393
5.1487984964438791
5.9891697739127006
2.3595673504051211
0.0305873136942588
5.1837560299694827
1.3781506526097864
2.8551165405966641
3.7748503348542872
1.9272408774620065
1.8673315704314688
4.8293537097932075
1.1299538766200170
1.9532947125976541
1.9126060740216371
1.4167220472921387
4.3006864095186907
4.1755639520052199
4.1035160905139101
4.5470494775404910
3.6494596618790762
0.8665195184774123
2.3145952514051604
0.8814410555375763
1.0635676327778447
0.2471053069276901
5.9402927280486519
2.3343911110803619
0.3305571881158826
3.6536241370065445
2.9326255242459589
2.4899946432237905
2.6778997980181098
5.9140309956804646
4.6367080589591492
2.9572364491594327
5.1594016478950255
0.8565041233212117
0.5202737900327005
0.9265920571771316
2.7582680767509271
5.2679064991644440
2.6384542862209561
3.7148864848452288
0.2976823765762964
4.8977442896689984
0.5250108040318233
0.0597407911277350
5.6588145330364776
3.1223583312230194
5.5994918979230262
4.6669862429129081
4.5515395923558613
0.8290479259670287
5.9988426539868316
3.2695093307998953
3.5755146290496445
6.0935018010160746
3.2102683806553021
0.5314815016097784
0.9077074581390264
4.2214031269845389
5.1249310328516815
4.7843924714898716
3.2181399584015105
2.1493482958445873
1.5417689076848782
3.0337256173617457
5.9817411008858770
2.2011548068554703
3.5623337959343941
5.9942278660527926
2.8815306106678196
4.4834559612968459
5.3253454627775714
3.7268879629631515
1.2131356071737811
4.8708001192182611
0.3860556918445234
0.7244727068798353
0.3782656449196406
2.2119192951559508
3.0688481828755467
3.8604608863496686
2.7732256894931533
5.3159665311038786
4.5154113443350505
5.4640272890228863
3.3420758267066155
1.2955719057744479
0.0107401561174336
0.9509196712035269
5.4402839216477412
4.0836152623347539
5.6109714395805774
3.9207356997877771
5.4122295785208765
3.4876818234523785
5.0531085201468535
5.6582889448428721
1.3445347305956703
1.2493845867517308
2.3123373501944395
0.3322142391308968
4.8897529191524436
3.0565018503146080
5.1116900840341684
1.0428493614833436
1.2441970719169648
4.3153801789558992
1.7891299173330166
1.2011580264463593
0.7393967978240660
0.9239353074770733
4.8419789305321750
4.9323786616798397
0.7225364776694785
2.5157059376096407
3.8853140232842676
4.0837155196238610
0.4612557830645843
3.7937469748017714
4.3094928665233931
5.1656511135684875
1.0781972627688294
1.3187819862195256
4.8994541449442668
0.4863491850244954
1.5394096538015041
6.0578686628288949
3.8447129108884273
3.4289431971365496
2.9947338331723921
5.3028614115298947
2.9351393880958612
0.7857515827523084
0.2275806633452829
0.4329541527977118
5.9442241224181318
0.5994008955567696
2.5226731271161791
2.6492733844527554
1.5319285544661836
6.1669631942310579
6.2034928297689156
5.2687514643108670
5.6321287924209091
2.2744216457454542
3.9612039417010552
4.1019553211176625
3.4130848018780209
5.6561875000360393
0.6385102206252921
1.0186003626759621
5.0460265639714708
2.3900249932312243
4.0958824685971074
3.4058499368093802
2.6413182911803914
4.4759667143064492
5.7628034603212681
0.7008695940490837
1.7717115439940518
3.4830873076202651
0.4142878640366816
2.3906589037793564
0.4478481626894815
4.3168053448835728
3.4677146746730472
5.6544940097754353
1.4640685122949231
2.0413409919279917
1.6647753260934364
6.0729055350373393
0.3666097088283244
2.4718073715966731
5.9708461369823587
0.5945989016942036
6.2323025079176304
0.7016594368252282
3.7358171062468251
5.1530126624796928
5.1491371983992211
4.2554185370044388
3.9433365275639711
2.1874383681482383
4.6455419656120993
1.5235841487496560
4.0475687068314938
2.1196843953780613
1.2059142186677660
3.3643524331574550
0.6927867300442798
2.2283662808597682
4.9219722071079666
1.8095071796217188
4.3138996557195322
0.3042876321186089
1.9419075851532488
1.2168950704796710
3.6501234629310768
0.5973362188896006
5.9307295939021980
5.1312443779721839
1.5302404484756629
1.9581177070221416
2.7555019731779136
0.2101443217905916
3.1479727227136176
2.5338601943205457
2.6404130278627518
5.9206082768013921
1.3315194718994376
1.3229949681660942
4.9883218038289954
2.0267387506064467
4.1909302322031872
2.5536348817716146
5.8748829034312298
1.9403433614813672
4.9517661651590208
0.5904489481230700
0.2622706764744637
1.7704056565480859
2.7055769287608635
2.4594414064208263
3.9061626898910471
4.1051268066345550
5.5493789781378586
3.2282823991148843
0.4811736413236200
0.6451132466411325
6.2703562462638951
4.9278974138824259
3.2735149601451097
0.2943346771481128
2.7602691263153609
4.8421583220316178
0.2747524757908754
4.9164563504228154
3.0983994385297557
6.0244708309242272
5.2053959573484176
3.2237653504626684
2.0759825780184884
1.6148316112820051
0.3361564026669938
1.3141449611547211
0.7838260774556999
2.4158913343921835
0.3388826698222826
1.0407219318061585
3.7648378164429861
4.9417345717464194
3.4833831001906050
0.3940382884184064
3.1365749864660080
0.5345759580171470
1.0295577743052240
5.0688824277260869
0.5183055120756345
5.4263430466832325
2.6348763804204576
4.1857664432470445
2.4016772794261771
5.9161474326592707
2.6863181698116056
4.3959518386106762
5.3271055110396288
3.0751747383772519
5.7277913519065624
1.4466272679329195
0.6453852823856772
2.0296834835807003
2.5855201916468458
5.2595313420437222
0.8835323421020858
1.2764839096580336
2.0179379339306545
5.0730362075926703
0.5756271975655763
5.5656994236183186
6.0011290960174772
3.3375565320040015
4.7953112808999396
5.5634557329983725
2.8606745720903803
5.3068493517457211
3.6597429688998000
2.3917239750032477
2.2152429275587178
1.1102174363482380
3.8916480063878991
4.4181771182611573
2.6427014562020927
4.6195424168923171
3.8809319701178966
2.1548311952222954
4.1965595251925416
5.5096401911673363
1.6889048218552378
5.4056115013475319
3.6041753116741475
4.9836368849943424
3.8147886158243072
4.6661471417572873
5.3327874709235408
2.3826047996286168
1.3143977124610264
1.5089901658812666
3.3452529231374113
5.2724115418392818
4.5934374794806683
4.0847396537122558
1.0840684962596157
0.9306564156618252
0.4706673477594452
2.0742631265661249
4.5765055247793658
6.1006683799977299
1.7105837529440797
4.6800944325169063
0.8259675720562472
1.5889116640001921
6.1764158531575095
2.0539950684602784
0.1570374621312410
3.1046289945171130
1.5970011053007733
5.1188668620276063
3.6865930942066933
5.2061992453792936
6.2311673232214861
2.3400414673318970
5.5049866980179170
0.5046474307816783
4.7395660580002801
0.7012164406405043
1.9183487581630256
0.7095190047033213
3.2900046016590156
2.4503680395203360
5.4808811777061361
3.4410975971178415
5.1510141541308077
3.5897673586712697
5.7878495463560835
4.2162168844439556
1.7206390841508852
1.6856358616431399
1.3641163357802617
2.5865163765092967
1.0965712849436551
5.7063652769050188
4.2250552208992760
0.4670580723166492
3.0483765227207682
4.9274774374016479
1.6685349616531922
1.3176052214414005
5.6144671920712348
3.6743001024154944
1.8130920405620410
5.7833694360898713
0.7079362613899316
6.1250135913960477
3.9673442284879772
0.3549365575597582
5.0988804697916850
4.6645174019251394
4.9493890119915482
2.5433174768069104
1.3548785759927038
3.7510422277515816
5.9786299085963188
1.2979192558437760
2.7577500068831902
5.7584346098011689
1.5767145159469538
4.8684147913197391
2.4270239600994308
1.3612749691395054
5.2755727153387335
3.1806659661666714
4.0709463195517133
4.3116163486141792
4.5422654689940387
4.4088059424154062
1.5195892787287431
2.7139428056946562
4.4114140869717096
2.0285297617326075
2.0273609712259741
2.8189533225594054
1.6828794723517295
1.8642789620539979
3.1368324599093595
2.0020987940679391
0.6813920991577976
5.7882331554138293
4.3025309544734522
6.2317382131691650
3.5411031802139292
4.5170494065836939
0.2090149859094731
4.2870118322919311
1.4749317140346268
5.1654257373586923
1.9425722505302871
5.1638731666459528
4.1161430730479749
4.1569097592726241
2.0429724619311633
1.4525086844583552
1.7387751603540911
4.0110408218303535
0.7989666167119988
0.5089245735180578
1.5016038033198917
4.0703073586437535
3.4331741097625907
1.3409150560098471
4.0064513766668846
0.0027341420624530
5.8516557008828931
3.0674907185892337
4.6878188334453856
6.0890959676976566
1.8363220174060111
2.0883277125696611
4.3989469632925067
2.4605757772564680
2.4042794474970957
4.5961388689880263
2.0122583836333039
2.3921294326137450
5.3923988289737013
3.6773707472111821
2.5637373944352526
3.8752474404782786
1.4049323809919503
5.6285881934842159
5.6883174181053260
0.9852814952764930
1.5932134447376360
4.9589814065433249
1.7249059552687067
1.9519131036583932
4.7000432797842153
5.6749566051215545
2.3633702450404281
4.4596094222235356
3.5213363823245065
4.0323513718720463
5.4619358287060154
0.7238971784414944
5.9070552596850616
0.5182801334220078
2.7650318404991876
4.3180745696937990
6.2340597294965452
1.4302761712162300
0.0100477648730992
5.6954306653659543
3.7687076508922570
3.0070512664443929
6.1885869194685945
2.7923565247265900
4.0439277988578537
3.7208938971499639
5.7431866804031309
0.7833826432308213
1.0817479396653948
1.5057271978664484
0.9218901845109807
3.3374521699301019
1.5659029277107899
2.0800159831547820
5.0934234097468423
3.3292479378504689
1.9862607724127688
6.2798826771018170
0.7002454948793869
4.5358906788582738
0.6551289720094136
3.0059926521738509
5.7476210330799553
0.9588235696931658
1.5129932611642196
3.9021017320513360
0.5028548427555166
5.9711793729839098
4.6671062704367987
2.4515850907329044
0.1739649197135193
3.7056110982147263
6.0556360504458375
4.1550940805874834
5.7365956598293977
4.6467805207333770
4.7194221926372819
6.2235309831290406
3.6700579145710703
4.1444334269494973
3.0621085567768831
1.1663246715318754
0.4715652665744470
5.3008038468240217
5.4218987500948259
4.7194341650247660
0.3384584885508546
6.1286735474437259
2.0109463008912734
1.7902819406140400
3.0208608005047299
4.9897846894309685
0.1490053788002546
0.0027926248867312
4.3879079175983442
1.9343357008774069
2.7594426847608786
2.8828045552222021
4.1668755271717783
3.3016556776853170
5.8343909502838516
3.2751618886926930
4.5332948132338613
4.0147353704385784
2.5355415605603131
1.5832542964524217
3.8330087819733687
0.6002111351567655
6.2352796371867347
6.2485054833319280
3.4988303049676426
4.1600251443807288
0.6174832133857130
4.9089345805681797
3.6488305833740275
3.0588624580464163
5.8349010419291591
5.5175913954662814
1.9649912533542224
1.7718630480657740
1.4959533024502794
2.1798135857171181
5.8687209965894374
0.7917963641355757
2.6200399002822730
1.8624397539593838
3.5887410889867088
1.9564635432813400
2.5243171360631220
4.7158245673831054
6.0710230779328977
1.7316311068676289
4.7781357057309295
0.9955588628068539
3.5819722274479573
2.6709225190809232
1.7296215150835503
3.2502625977826067
1.4816176801871141
0.7322975957214738
3.1927903626179850
6.1889142945639710
4.5452439328397016
0.9400180474452106
6.1029392991471871
5.4094533038441481
3.9869295982362756
0.3018751106710308
5.5350035815442062
2.8806586343852119
2.1573666409600336
3.6963702102039671
1.1660261759684660
0.9470097258769260
3.5146455337277493
2.8259126380036914
2.8673273987730732
0.9536771701517158
6.0358897247307111
2.4725876544291707
2.1653753333618364
4.8443646019832984
6.0965612922250116
4.2512305373227024
4.9072097046066636
5.6898156322436098
4.8763299969483631
0.2404409977891791
1.0617925712309053
5.7117138975120616
3.2354773580741463
2.5602586685343027
3.8877235633340503
4.2794980956861828
0.4755754266704100
0.3944480179243677
1.4029401339282779
1.0042855812235463
1.3506355481341552
3.0913147587640668
2.0922054139096238
1.4595842001594854
5.5723451605860914
1.2308011305691133
0.6260740698550827
2.3836770790903219
2.0745495170811283
2.5150125731333017
5.0477358221963380
1.7747481588554634
4.4251269041326200
6.1642415860141062
2.3317898155347572
0.0655759212741445
1.3591949446408438
3.9571921661064051
1.4642939326688751
3.2514935236766136
5.1836676677645732
4.9027793315998771
3.4846149905408921
3.4116953611538916
1.2271119078276060
1.9477384655459831
5.7430635221689164
0.7382379004159243
5.8832868163668364
0.7860668962676480
3.4535861646179575
5.7665921743567363
5.5546835619230146
2.4397867799410062
5.4671793070633461
5.2105561934762017
0.2608638851155899
4.1692365864394745
4.7462823032566579
0.2550966356722025
0.4816387674167109
0.4639600358387290
5.7622366605558781
4.9948005784354574
1.8887698664340566
4.7272822817919424
4.9398883317244175
3.3984396535323205
6.0672744903482227
1.1285753151977742
2.4250537853876688
1.7135839433659834
1.2157820129865262
4.0281778705290279
5.2060196935627987
2.0624909336259072
1.0531919395436462
5.8240749436504764
3.6663914751016087
3.8219354516336512
1.0777061338820446
5.6131976328777533
1.0651677152280374
0.9469056776072938
3.4029956212584462
4.7303158010274702
2.5626861812081851
3.5374522246670521
5.4485602409970033
6.1878401431830783
4.3240009377588420
1.3663409475649526
4.8364172302199027
0.3961443941344779
5.1913474947390910
6.2381038340061972
1.3235383407123618
0.7722621081489417
4.0362864678475452
0.5333058576116807
4.1151781310847806
5.7766061708261933
1.2544168427140605
4.3078221473438187
1.2485832077516348
5.1093069232388144
6.1110653374886885
4.1436402686577285
1.0092976732286154
4.2507427909398405
1.3683931058937042
2.8688000675132064
0.0960617218602477
4.4928012902378303
3.3092249203953288
0.9731856885171897
3.0606182719454349
2.7412683803630391
5.7193955180405291
2.2471324223561107
0.8171282612099595
4.7990806989348291
0.8491916610907435
3.3460819173514582
4.4821338140968781
2.6697711629972352
2.7683743337973317
1.9237500058575538
2.6185695088256482
5.1595556829636902
2.0604341637664678
4.1310719067081063
2.4833622862609621
1.3730054548962636
5.7973761420611698
1.2037090922029974
6.1157974520917371
3.7892860625286731
0.2682195369427219
0.2092320915397101
1.4889314303456258
1.5380906131435952
4.8122551257379884
3.7275796602312772
3.3730069073193691
1.1714263756064207
2.4370017248994786
5.7754499132862849
1.9088666992432524
0.9890014733763962
0.4214594769995330
2.4019177095938553
2.0902686415480183
5.4064514844613250
0.8327627960504042
4.1537950250874189
2.4205710017079363
1.6131596733781965
3.8633198682526277
1.7670931244012640
3.9353014984687174
6.1249293456868870
0.9737452293526471
0.7661344122832264
0.2490210652466809
1.6098041383867385
1.8842862166340888
4.9667097549544161
5.9174208999200220
0.9367724488728219
4.6488659147567626
2.4190312513247565
3.6394864504843158
3.4361434167598608
0.4433917278831719
5.9399769702190213
1.4930334739129707
0.0796569574336330
1.4889064004963690
1.7195641248646438
3.3410000059002054
2.1238861952093848
4.2351520267673139
4.9317755549298745
2.2610181439465440
5.1112728576565445
1.3359017318482966
0.7704854937948029
0.7684898551856914
3.5978032781159066
3.2530744231179454
1.2651886991493355
1.3747051917820996
1.1235511354716896
5.8108660961781320
5.4631761459326960
4.7081655339659250
0.6464704661098464
1.3133646542825987
1.7382023990667190
2.3045309831455416
6.2333577350795499
3.7118064516927838
4.9875667509417063
5.4277827132890328
3.5019361419675232
4.9399937161116805
2.9880321388721462
2.7915462172925025
6.2814925311534653
4.4449411218265427
5.8066437780219209
1.2779607351925717
3.1955258680801184
5.5385379292416514
5.6125707629589794
1.2504054801752424
5.7602898975147827
4.3500492350341089
1.8439221293364381
3.6712577258076906
6.1513350089394470
4.3488754294653162
0.5544874719166036
3.9341534888119081
5.3811823503523160
4.2540022420294612
2.7617724182400343
5.4881097472803910
0.8010174273326626
1.2650190021752572
1.5840424356904650
4.8799541022252741
5.6687236105747552
6.0280596403280340
5.1209386787756683
0.5695469042832347
2.3865489359954641
5.3123800685368563
4.2590571296004667
3.7835971595139157
1.6803328771469850
1.4418748898288904
2.3225292140092164
1.4839214099364151
1.4693208694664566
5.7100420322125460
2.7946418026050677
1.2797247044804108
2.6175602049336413
2.1285879694752050
0.2682850608417721
0.8177227009542953
1.6973396384757224
4.8108866701092330
5.2588268093186743
4.8628191431694230
6.1477541408395915
5.2245816487211236
0.6884622272437335
3.2491305180011461
1.1449257947750402
3.7839345670950579
2.3187550006578350
2.3123883144890556
2.8177551848652835
1.9234307321632831
2.2017387703233053
1.2129979045073722
0.1329231605839704
2.7356630290162638
3.1158487295685946
0.5986184506009106
5.8782677222634314
2.9611326147093138
0.8118448316013638
0.1836570741552338
5.8056926951529251
4.8578328574906298
4.6887125994442318
0.8975249178870469
3.4290714489309311
3.8622745608672737
1.2769336428729865
1.0537195496770249
3.0023966127476891
3.8220692041908091
4.2018314046036904
5.2753812084676408
4.3143895780429720
1.6855718034544540
4.1840632624447887
3.6360590088088367
2.7358859794604329
0.2219895095160534
5.3538937699081570
4.8782233077388666
3.5164515414906359
2.5622951552142772
5.2230974107079842
6.2138245866582711
0.2049922927324538
3.9786539559719594
0.0443047044969392
4.2671433456930181
3.0205277179750620
1.0172685781632953
5.2309661859742231
4.1736193759554130
3.1003832304863805
1.4439072051673072
1.1405655530808345
3.4753273961524385
2.9227384304136375
4.7401714389267875
1.8545793986406816
5.6354772504357600
5.9317118531613593
3.2565449333885503
4.9788012627438603
4.5916827247432970
5.8284612451914368
5.0648376323878557
4.0510906168739789
5.6119179860015445
5.9743715897843419
4.6695094289419536
0.0699918272754964
4.2852540867440956
1.7489800125225545
4.6247245700318551
5.0011892216258973
4.4941069905499234
2.7773404521884810
3.0143928265169206
1.3933460305856060
0.8593124038918339
1.1141247654886892
3.4156253283830553
3.3467494585884676
0.5104715979571496
2.3752806134861588
1.6883426915538440
0.6573910119567705
4.9802442516211514
5.8391873963258938
2.3566778989898953
4.2979645915813940
5.4878724319059620
1.1721647877628594
2.9094394820815621
3.8366204020918859
0.6960848649692198
4.6577684621440589
1.6084242662727086
3.4031826714580284
2.5873992470923182
3.7411441686188507
2.6174042066893244
0.6436988443202434
0.2502663338712358
2.0894177810570240
1.1737682603808421
0.1465934619347194
2.3315894121497416
6.1136094918827295
0.2404900618472391
4.7389395548264055
0.9220133643525712
4.6422123775912612
3.6535122788513603
1.4790919655880914
4.5395935972603469
2.6280378017900503
0.8018621823524186
1.8778024026608791
4.3285096405856107
6.0453332906856101
5.3823344183800321
0.2551393800842776
5.1781419530475086
4.8855082843866571
5.7977438549175648
5.9945110564672781
6.1326229189714425
0.4076662728966706
1.9106099236921974
6.1991045131198508
2.7741230696599368
3.4616786504208603
5.6200723776799624
4.9065987139216762
3.8895026405396611
5.1421220735899213
5.4392039160359804
1.9746248389962324
3.4167002618830336
0.7635628519885231
1.9470184086190221
5.0077694078787980
0.0282870657562345
3.7217284029355331
5.3639553648496960
2.4208735687347169
4.8327370784385160
0.3035699618816051
2.2106460774303400
2.6243124362808445
3.9514135380499265
3.0402114233001964
4.6835084170920585
5.4103154239832829
2.1802970992032908
1.5640469840722777
2.4658462136470143
2.2954962508696335
0.1223436467176663
5.0806706137610691
5.5730185288847300
2.8666962910637634
0.0681873329831133
2.1842266578527756
2.6009192471360452
2.1172008470015733
2.4053342552838677
4.5208488491084102
1.9975634065899768
2.0757901555574443
0.3330878045495783
3.3272654608205561
0.5202105484607852
5.9677307836448925
2.3539281946011745
4.9417831348041457
4.9076198848584651
0.0396440015470254
1.0231451349623963
0.3121589477052300
3.9793327772868277
1.1750527710970746
6.0132774579407888
5.2787233308589085
3.9177606224766839
2.7768935218148587
4.1462237987198840
1.8733897739887322
3.1568775485436134
1.0956783772211089
5.5195054500066849
2.8410921667276314
0.1790123564011453
2.7889173886181169
3.5307770841133546
1.5297939183280762
1.7079643217993590
4.2562911286184546
0.5719703567003868
3.3224723368018503
4.7041589714317409
6.1814345349446143
2.3509798584787642
6.1146199832189208
3.8152306636342628
5.4350569803555411
1.6696066824655280
2.8469748982143783
1.2117185919818672
4.6850839349844202
0.6780399877036355
2.2641465424781324
4.5590780904808721
4.8208061565128322
0.0130340271967809
2.1431034008928376
1.5490341452051450
2.1383712855137658
5.1969617817397902
5.3252110789769063
3.8748900039702128
4.0556934234789930
0.9375749124198982
5.7198620863617915
2.3556043832241436
4.3503669962341096
1.6106918048201102
4.5753118010863378
5.7101447652381454
2.0238595806358246
0.5320664524589787
1.7081550683102107
2.0356431398357420
2.9627907684933588
5.3712041710455019
4.5279585159004601
2.9550421474007598
5.4045309655315750
0.3774792703062848
2.9056573248272834
0.7210884445242339
5.2328253325598011
5.2912447336335191
2.0095573597028542
2.5193394882103437
1.3335684726758108
5.7900369439212778
3.0002267920815222
3.2814015022058598
5.8144253956058201
3.8881952609540558
2.5497261895179779
0.5586041294531116
2.4635030446775148
4.8251611458550379
2.9039402424926628
3.0422948382242905
5.5239273560797404
4.1790786885233562
6.0322128534875992
3.0412676552466333
2.0002731062664698
1.5946969390664503
5.1902926210132696
2.4585862686223097
5.1763854885856899
2.3116206328996745
0.2731717878372067
1.2359506574892389
4.3010416623861643
1.0894548398236039
0.8473084609274136
1.7703610009746413
3.8209668779250263
0.1356434451942593
5.7349521869747546
4.7564156114722493
2.2603915470688909
3.4750713229055346
2.3083078276271474
5.1938854228209825
4.4174120435071949
1.9039908265181424
5.5685098456796700
1.3996733612123464
1.1373187466584214
4.9448036084994813
1.9246044516755896
4.6771980311759096
3.1496876491005117
6.2094959249301196
4.3801863237511629
4.6624693931837085
6.2639778936560528
4.0641262905763407
4.7500464845666457
4.5116285053410916
6.1034593964494190
6.2411392715800327
5.4842162589513892
6.0133961465962944
1.2865274236626749
0.0976489499981095
1.8162865077034103
5.2108525270230848
0.1118929723265662
5.5847521341386166
3.5325678860093666
4.0570050956802097
0.7320781801477038
0.8406582124821512
3.8616725678377559
2.3882331657309135
3.8598765744978834
2.9567244906044232
1.6140323983704026
1.4609089356244489
2.7169850182922177
1.5496837042255456
5.0814733841831616
1.8586926971631652
5.5318876964973693
3.5482050406065193
2.6319554222270138
2.5288391450052745
1.4670594640408681
4.3942417457275527
3.4322776371836490
5.5821781154541172
5.6485416461136584
1.3268675090804820
0.9949638470595890
0.9086902426490600
5.1874072575172789
4.6436032039464559
4.4591615446483424
2.3421484885575183
3.7916753615624597
0.9860950742996930
0.0145644371168037
0.6718820155175914
4.5499841447969338
2.7105091567176975
1.5857434394201930
1.7893224089649706
4.4254694225818678
2.4873576281125489
3.5074622896523846
6.0448482943902562
0.6988317548398884
5.1760961453740517
0.9779454068548330
2.7111572185334021
3.0166211807786181
5.5127476909477835
5.3349739359823927
4.0670329191924548
5.2195982258397828
1.5118158951393077
0.9800300984950084
0.3031831657179228
3.7931366269147215
1.1028080731719223
6.0665391133358879
5.7632868723839250
3.3406848387562236
2.7108225101583088
4.6629849276056232
1.2091463997053469
4.3559275593579283
2.9420854475352405
2.2885279198768411
0.4632700631325395
4.6653314429813690
5.4668232253169267
0.7579292551337574
1.4090420451290120
5.5552636280694889
1.4972847155478455
6.1214117906654453
2.7091703731819048
2.6315694669157574
5.7331107185589829
0.9629456051490324
4.9643677994870847
6.1015773817179824
3.9692299707885694
3.1449585820102870
6.0758382027859215
4.6671792677781445
3.3848690160507329
1.3552753829202329
4.5233890683239277
0.3127465579889621
1.9926569764561766
5.8832855551303913
3.7612888868913767
3.5096866184508522
4.6052750264746249
3.0966188410124529
0.4312497421183850
0.0667205751239109
5.5714775586453325
5.5691266860626971
1.4902893425167028
4.0743288796046953
3.1971983117409697
5.8196786091894532
4.9167613254260285
1.5675722094634268
5.1140363659596071
4.8099997700681225
3.2306066535591205
5.1489808348303328
2.2119024644749334
4.3794243838363442
5.9169721464647065
3.4483424603804416
2.2642449651084586
1.2859311366989075
0.1505976876123425
1.1961988415082410
4.7560816185643935
4.7960609806689529
4.8559301611951753
2.2141597290642694
1.4612425093024979
4.9369465276176925
3.1826834328048754
1.9072897972074254
0.5576446136302574
4.6146886360295349
4.4015326511289992
1.0004128690539922
0.3514672612350280
2.7590181048366880
3.4428324534509342
3.7115351201843225
3.1631023638181404
5.3693021888357899
3.6643467850277163
2.0332511823068136
3.3683758002898547
1.3132890043094012
0.1009579320769926
2.0936254506695544
5.2541014929443799
4.7238090956092176
4.6337758295360398
1.8706327325644434
5.6939344771920739
1.3711052301219671
2.6074457840984619
5.0840143880522453
4.1573867739246753
1.9784316774212571
5.4467421180358464
2.5664200266746868
6.1160569734594175
6.1915821229277226
5.6795039902260047
5.0873325726067806
4.7015110954148289
3.9393035587972673
0.4420111948252158
3.1284182410803858
4.1727263656785150
1.1403444280174584
0.2452918783871908
2.7484042965268918
1.6037448877205918
4.1934062088129007
3.6654419080323142
1.0747777703881891
4.3935785062360404
1.0920720853536057
2.8286166211558763
4.0274080609434160
0.0978558885271047
4.0348296751137633
1.0209366645451259
1.7636074815470604
3.4541339407487874
0.7548129752966976
2.6615602300936079
1.4412006838948010
1.4435902828972613
1.3547562243363911
0.6268998102794905
0.9792587554264020
0.0924024776088096
3.2979843682424055
3.5934231628351125
1.2491448835793115
5.7457141326572287
2.0579345689298951
5.5715018912541732
1.8327028790504298
4.9458703854931336
5.5887475897266148
2.4366831329789758
4.0595193666465228
5.4621658312212817
4.4597921182304541
2.9061154393277491
6.2302351412170012
4.1991612062428905
0.7348632243988671
5.6090215255022162
1.4073704677155618
3.8490470418436322
3.0143893391287189
5.5111009993793170
3.0175737890785412
2.7491884572319552
1.1888280377496669
4.7603724015506144
4.0383039279010617
6.0590912689732255
4.4548288506176998
2.7369738365901397
1.6612243612968858
6.1655756090184424
2.9482019747071382
1.3378521398129708
3.6531376662429125
2.5233650599805091
0.5594953948208220
6.0640836752879821
6.1724435787117979
2.9918421555836043
2.7952429122328093
2.2022632466228917
1.0513402257045441
1.1411891398387923
1.2518845003795462
2.0297937091735978
6.0132199503522443
5.2990127152853406
1.5181365090994003
5.8839843764053770
1.7037544427437674
0.5215067736435995
2.6561362664066910
2.9037834193856908
1.8132422472105798
1.2136902831645515
4.1123128391537307
1.4083149578266467
4.9232347423778284
3.4794918026899957
3.5205078675983179
3.9466125760261472
4.7510981503027008
5.4690153799959909
4.6340531515083052
1.6809602816008347
1.1492272362060725
4.5331743042962858
3.8292774584593650
1.3291784338330983
6.1896524297247346
4.8621353346464886
0.2038497900984716
3.4929556936048405
2.2668843600025745
0.2964731708512127
0.6811023944094290
0.5480358890186436
1.4386421593983576
0.8198841745123929
0.2740360281289618
1.2753463025156204
0.1954437104382195
1.0594164869831055
6.2012047423480565
2.5656619479513711
0.0065200101173314
5.0719419912559749
0.1378029368970737
5.1922511382813727
5.6566418975854384
4.7118977624156004
5.0459694141084359
2.0503471143518541
3.6123535510988427
0.6563007863467754
4.3387276955333016
1.7308891249995384
2.0486525213852342
2.0169793382745795
1.4454326724142061
3.1748672484028608
1.1995657961746544
0.9280409664784559
4.8629019579986634
1.4820774061228805
4.7265287231098210
4.8252011688576912
1.0402290267033865
4.6397218637966411
1.2306260180357784
1.5514729021728322
1.6810842175373482
6.0948398534406545
4.6180901728687864
5.5603145365575921
3.7489053752737012
3.6592366237043961
5.6677998706310406
5.6381365353671198
3.9642959625128542
3.8563291800839226
1.3362624383317780
0.3135066420313534
5.8928598969998243
2.4678320469584913
0.9216541924377353
0.8281145483429940
3.5638945144342014
5.5417650692523033
5.2008811997879265
1.5316802129791571
2.7280733166469306
5.9702563193150073
4.3348867904377890
6.1024288146988592
4.7473946193966832
4.8968655826674814
1.0817881786360868
0.0403473867740556
2.5450337696653880
5.9623582991850439
1.4562366705663903
3.7528652520084234
1.7481908810529256
1.2642830191261871
4.5080288815801213
3.1135355910595583
3.0676861964069637
1.7119837456222675
4.9555441050014757
1.0962361545308623
0.3536893508494373
2.6763540875214686
1.7397356214896689
0.9210946615723912
5.0898193762050346
1.0466543251065428
5.4413109899625089
5.7365617204121131
2.6837793130152097
2.9791448992783609
2.4985960964503042
3.2592404753912092
1.8856611052667736
3.3293385914569891
3.7692078861719560
6.0360393558617478
0.8002066521975484
0.8554932659094031
2.6750640956379228
5.3561672905525022
2.1642974194261817
2.7046885741533098
4.1564454253126044
0.8639582544129694
1.8751940901585136
5.2883781886882728
3.1258170021310958
5.7416967536008112
6.0547963202316515
1.5879533871526934
1.7500583497447775
5.6367339109007499
3.4467762112265796
5.7575245665304378
0.7699749898936669
2.5170053159887154
0.2644332152031100
2.6992307959670381
4.2855003084313674
5.9711573789958985
3.8165075950867040
0.7243491662239842
0.1694989879787213
5.6809309404495263
4.3393272957234821
4.8974211657419930
2.6801225372685917
1.7876486651291814
3.3697280967380783
0.1913408482214299
5.2337192226242184
2.7664076862787845
0.2748852189704846
4.7865868714321342
1.8881783371571981
5.9788592118023010
5.2496272673278375
1.5466289372952700
5.2702135950020343
1.6004488835535429
3.5017319283320245
0.9184916322802783
2.0239498760360792
4.2637295909861743
3.5789560727784964
4.3599705802646094
4.0313363433066538
0.8246748484606168
5.9042702843347028
2.5841943526300382
1.1683522476885950
3.6813820587719071
0.6373626616644659
4.8102739709380726
0.3518077596924670
6.0989794311233609
1.9543863766710645
0.9262738840656359
4.2893319951953499
6.0292158036830097
4.3545246718090178
3.2766328682147008
1.5520884755196438
0.9863840366080562
0.8030106737243239
6.1510201270272038
2.8258372955605688
6.0459237628768188
0.7472013956655222
4.8868941629427969
1.3201047316662997
3.8538459507393412
2.9484005698861595
1.5831849674145360
0.9680683172099770
0.3051517629728144
4.1419102195613968
1.5904154478743531
2.5249538676006700
4.0951220777458319
4.2888269209424728
0.6217505176584111
1.9496355130477732
2.3105334664806954
3.4676690478711634
4.0802375070669665
2.2237290247005896
1.2722989890327194
2.6302812761322074
3.8319871723442418
1.7984812584584962
1.7510334134526080
0.8804308666719134
3.3282249146331502
2.4087324614734276
3.4841554195417044
0.8006723247747997
2.8103168074139058
1.3850980511770357
2.1057497274981354
1.5303694382587740
6.0545139652421778
5.6966903077922009
5.9079988470983249
5.0495825159822498
2.9037932189209741
5.6399041054758579
6.2437570258206589
3.8026486469820222
3.7875103962977148
2.7287286557580961
4.4770794215011520
2.6571888563221240
1.6768618754753455
2.6987892996825065
1.1756720227083564
4.4170071274230009
3.3446782237292236
3.6474131222501565
4.9972576465734528
1.6727761510706436
1.8398930609777946
3.1443377592017701
5.2306003084981967
0.0662061139526178
3.7165138010141625
3.4482391982023759
0.2915580092148007
3.4208029467523460
1.9582705131919931
2.8500358429751445
5.6325056636307611
1.1268739730324917
2.8651865033117905
0.4649519130969686
5.0605846880259007
5.3362976955940580
0.4279059000071799
4.8168318463013780
1.8270789098980829
2.1566998881251167
4.1793086812888518
4.0213979109054536
0.9043935321762524
2.6009603528466627
2.1017518842728173
3.4738543392834638
3.3325517343531272
4.4943169103990943
5.4430962216963019
4.6183301652226891
2.4064903075860493
0.5126990174908217
5.5732754380983431
4.4674295151861347
5.6551114106646967
2.8248455884321202
4.6637715904371735
1.8728289256805377
4.0325405404758596
5.6465550660638071
0.8838555716128406
3.2214981223907473
2.8781654423670062
4.9260765895325669
1.7424088208628741
0.0622485489819961
5.9361782890158148
2.6644676441565465
5.2100244902295634
4.0931556561461138
1.8407015650439564
6.2397500066742495
0.9227999467695821
3.5876490278982525
4.6655962400534579
5.4730159763710038
2.6984304446255796
2.3370633317745813
1.1376986737953618
2.0718914572991824
4.6764848617307191
1.3947301441043480
3.0947205474242367
3.5377095410429806
0.6605393596978484
4.2781837388686563
5.5113256840537463
3.9554909136816847
0.4097140430895919
5.1687056144419774
0.9437810120607499
0.1274436373319176
0.1273549196850178
1.6079554056377114
1.9601772739003380
0.2403649763897325
2.3056450324962525
2.5129624093693477
2.4633968305523384
3.7819440015033789
0.4474905400522471
1.6444462754965228
5.0237143668051809
2.0785298741319100
2.6405691926378001
5.1982462707248915
2.6031440632389486
0.1852470172334662
1.3076969230727928
5.2608150130438665
4.8715638973219946
4.2596156995022474
0.4043938010304342
0.0600168381627876
2.3441914994024526
3.0918802253839348
0.2493831655579913
0.0633997160771368
6.1981158328667059
4.9508371742946915
4.6596864907950764
0.3945306902096617
4.0591967969677683
6.2582415797169171
2.8110105332244517
1.4757224244281666
3.9409255917144845
1.5703517988675644
6.0727493319072066
0.9013042217220280
4.3263882625674031
4.9333989733243362
4.7356535126519477
4.0414780441735667
2.8920660961975120
4.7975045333308497
1.9880185848439809
5.4959061781655016
0.4615323238972220
6.2829748904041489
2.6128443941682895
4.0349470829970961
3.2814161937392585
2.8850557337442457
2.6171761313050261
0.9707180434392206
2.0054923830091194
2.0341118529324311
3.6786462074409667
2.8597589918673014
2.8711072180976229
0.8994937939350134
5.3111468315153889
4.2873006360840726
4.9547515064723626
1.7936613946514295
1.1822509719089680
3.9367123849955945
3.1072674371764815
2.8938887585618307
3.1729024592064015
1.7762695040443923
2.1221092979465879
4.6593192990279375
4.3955327213771636
5.0072829596354982
2.5083631424272208
4.3712170470855733
5.9395105931219909
0.5636228259547745
6.0415785803184150
6.2674850569901981
1.4302134744735653
2.4066018872588897
3.3825497085637806
3.7370686121750234
0.9415928048378457
3.0900785251447491
0.8129857728657613
4.2144838765497283
2.4812559616355618
4.2730965380029993
3.2787266906550925
0.3004899050844391
4.7172849049240408
2.9547067203224300
4.6384773741196463
6.0142919367355576
0.2021609428726637
0.2591814081831953
3.0084170289249377
0.7170802828431103
2.5358922656258667
4.3894252981298933
1.1628132160820697
3.2753681700027344
3.1541470922175794
3.6295662992950031
3.6703221890549975
0.6797182776539009
2.8974110929965260
0.7424242482789504
3.6024315392608703
0.7102954322177130
1.4942354389810117
4.5718076071142377
0.4245622444437614
5.1144114468082194
1.0586501800624459
0.6767157483401219
4.0200753769269033
5.6873366795581157
3.7126857903532575
0.1322482870255449
3.6531312460566383
1.8648901668276214
4.2620397832651458
2.5610988842786582
2.0410926624334009
3.8166043045717268
4.5578155693392732
4.7904161476337963
4.5374287904103783
1.3078217890561972
3.3245256103064462
4.9735489597472746
3.8226230330094677
0.5766058160848091
5.5689641902586349
3.2495663987453338
1.9025832558044353
3.9512988773859030
2.6196243477062953
5.6867990253661960
1.5392692198726130
5.6060319741410449
4.7926848182809811
2.7037351472566264
5.6246148811219898
0.0323057422148804
3.3599169586043369
2.2913535667415412
6.1008966964198024
2.2366148914086250
1.3386853851854437
1.1651918174729132
1.3741857458114739
1.7019648717995328
4.5946302566328354
0.4452677900941725
2.4950953302924921
2.7683198887414324
3.1199211287278250
0.3589831674779332
3.3412004838937888
5.1452927773560386
1.1925448375067573
4.7806716813279291
4.6026336868101057
1.2567050425484396
3.7922144460343485
1.9459216019659302
5.3919842376455058
0.7906398138788470
2.1715439702284653
5.7179490613897075
2.2541578326081750
3.7095341658790137
5.9455838646850054
2.8843515625772009
5.1238499525576007
3.7743579196895238
1.4610376810662409
0.7315734668001733
0.5284184685013923
1.1268996714045147
4.4168311004109508
6.1930692160443686
5.4140146452112123
2.6230136993316489
4.8613241933696933
1.4206057926318016
5.9156068876751249
2.0273745943518220
3.3886983319814870
4.2963032282109923
1.6669318860714366
0.5834894610415755
4.5841938790402699
0.7645945886129623
2.5636923099516529
3.2931563250267497
6.2437164427065310
1.0194250364404767
1.1889615346033133
5.6296055057749106
5.7407364925507300
3.7687144449111933
2.7210501880344151
1.3041312179840763
4.1920430291779169
1.5118270395921238
5.6796653809604400
1.4456175700562426
1.1740913272005908
3.3037345811570207
5.0888588114751006
2.8671144864946738
1.7239459422455279
1.9819402874060374
1.7552056814577244
4.4027296010686934
0.0446351547368424
1.6269184129848548
3.4604959705638438
1.9447133090139141
4.9165691378097769
2.4024026110361514
5.3010668090945936
0.2802302937325801
4.8263564445621538
5.7647547720482217
4.1798913287216237
1.7570366595674820
4.9059433059518724
2.5943651703045614
4.0317420928385346
4.2828825613878330
2.1761000960380139
0.4347785186983286
3.9899094799911503
5.2238653416557081
0.5303762397892312
4.5736134265991293
5.4832384880516711
5.3789750712999211
4.0599787124744244
1.3862687582206921
1.9583872404402363
5.1230585068866246
0.7484778310737341
2.4791021817179462
2.0407779607618197
5.0281843736263898
4.9176089590265111
1.8642054796745680
0.8664265773329378
2.8613120406221055
4.2831534665820907
4.9271124480674580
2.3075595976958412
1.2633266174027686
4.0049948138981764
2.1165709066935836
1.5280183855912126
0.7786815578426262
1.9260649203844094
5.3304847509361810
0.3435896393557929
3.3733709194723964
5.3678010482516338
2.8009167007348865
4.9515750150248747
4.2911769273757780
3.1349169847320071
5.3881850071391071
5.8710968463974389
4.9815240377248893
1.5319547472923929
3.8612749300441513
0.5290879603493762
0.5826616697309701
0.2424433952232618
4.3566283258551515
1.7499367217149997
0.1788094062496820
3.6473332834384697
2.4901339931078734
4.1693234663534859
3.9862026673987323
0.2848054578687000
4.0340832480873452
2.8270005116148256
3.9121338627814617
3.5355589992725611
1.4997595617221753
5.4936396616220335
1.2046703940192933
1.0659917532073979
5.9512511171710214
0.7701620439229964
5.3140906399882537
2.0825531403909876
1.5597815343566690
2.4473337235699910
5.3909097100626715
2.7016570090388834
5.9296172917171264
2.1001763146643886
4.5730669325481115
2.5001000689552066
4.0371741341156850
3.8447455544841844
3.2435391579253903
3.1350003722570663
3.6232125175343497
2.3736353428432402
1.0328429353075899
2.8708718380508249
2.4029690382225177
2.1701237721134903
6.2223503220520850
3.7527674570534271
2.8351927749271080
1.1505601144077242
2.9182099100691574
4.6389746354934500
3.0716958787887867
5.6774281466462897
6.0999214642938817
0.8493872523135950
5.8354601549345348
2.4532024582911083
2.3951013288342531
0.3228352142589828
5.6274584578624296
5.7173703697272682
3.1369703636655228
0.9840196216155563
1.6935903913571109
2.5088513966260799
4.0457408884351258
2.9752943018687170
5.0373018112553218
0.1546724523656545
3.2278023529416906
5.9530108417870577
1.6943427686368393
4.4026199048661399
5.9001597967448198
2.5248064303006008
3.6301599063344838
4.2526571324454805
2.0755849972654303
5.1675824284906540
4.4734989011616735
1.3855570914007880
3.2386726073417536
1.3193120842141641
0.7460257296389401
3.8339273839487431
1.3443833537608112
5.5024715611329063
4.4741606172263237
4.8998137841817213
4.8937559003286175
5.5104598257177289
3.8438406285686653
1.2131032153350374
2.4403657501575147
5.0868626921866653
5.7534500673149536
4.6197805477490821
2.6292419568459748
2.3920668793386333
4.0209726198646063
3.9210171870412793
1.2002596378395844
1.5431900833839081
4.1211028714731510
3.8678105147111550
1.2106710185695229
1.3302235386249694
6.1418246633848046
3.4630527224359087
4.9310499136021431
3.4573528032331931
3.7342048151494742
4.2962645074921459
0.2729885054470641
2.3115781163947458
3.7396763887273226
2.4734589680458345
2.6303538043189252
5.7517328436131612
6.0630908548545221
1.1503873079807085
4.7585123958894204
0.2875940721462213
2.1387434806867192
3.7163375349307288
2.5856235938343950
4.3066085192527703
4.0119150666348133
1.1584580544602745
0.4810675991511528
3.9860629833577623
2.5047888560081879
3.5533833450031667
1.2618844456460181
2.6763608403513643
4.4412248467639808
3.8534273077864949
5.0541956198404066
0.3358671212534246
4.6019422899553311
0.0747893834954755
6.2749031777185298
0.0624843787820193
5.6126801311504879
5.3443399894717851
3.2333272985032191
1.2004682008242058
0.3430307562259082
2.3798572993452396
2.1078333771550142
5.6499311052491574
5.1891443992942490
0.7951426814373802
0.4311357148594738
5.6500616923539289
3.9279330875181162
1.1484799991921673
3.0489441874412790
3.6585059524081882
3.9630574394441296
2.8934263650387382
1.2571577750727159
4.2171508845235373
4.6341024188118132
5.9334000172197543
4.9088129009697834
4.9559318822771132
0.2980860368372505
2.1310361291661080
4.9986936228014471
6.1654588841766556
3.9649198021930099
4.1417305303977399
1.1761513553258063
1.6413711160338960
0.9703320483406601
2.7612402391067685
3.5595071112184580
0.5773510719932294
4.7040462873967774
5.3471807061824945
1.4559054340539943
0.2575218418527049
6.1608325094053358
2.0804718288465294
1.9645640664928514
5.6434875162743312
4.8897827506207783
1.4192300099594197
5.6288296347387909
4.6780309273133387
0.9483511904819466
2.0825712360109532
1.9628155693820981
3.8128102769476624
5.5399659431015920
6.1027697280366731
5.1527225085891519
0.0114916200347905
1.6754458721224450
4.7622526676060026
3.6272747901602767
1.6117613854933537
2.6215457530339275
2.6184706152357151
2.3097492077033306
3.1362648736840759
3.0534609922395477
2.9265621063847851
4.0691028474445226
2.1973331874394786
4.2684733705976896
2.5164813914792163
0.4344491856538429
3.5427192810229329
5.1215790388996743
4.1476840725831892
1.9880196343414789
6.0215859335434150
1.4518538815084896
0.1870187194265596
0.7425621419383349
1.5517032581094474
4.6784745577638605
1.7667748601069944
2.6846519213780922
0.9512595610966561
3.7470670620601347
2.4569808009818952
3.9351317590790194
0.3584136377568555
2.2415626271800564
3.5902404117467799
4.7772973691672291
1.8930746639180351
2.4649155093550963
0.5722385681347226
3.6698595573646235
1.1276750704219693
2.4767148238066814
2.4629513305634725
4.6955169657209934
5.3238396853172585
0.8377468818653009
2.5539067710344479
0.2737942878266814
2.9831871175000071
5.5560513475889026
1.0678120589595181
1.4082623601648454
1.4348937638561685
1.4182008552544636
4.9502336749546130
3.0880172208938195
2.8394659668267797
0.0609082989787738
5.8418896304735606
0.1844507831532912
1.3159399990331369
6.2397931591968216
3.7048992870598441
4.2777265567232243
5.5709839857780059
2.1562831240554150
0.3584905040891337
3.0533071219532970
5.1531718085367464
3.8662890387308702
0.6664722872780531
4.2274290663853771
3.5220073378583283
0.8549604769564352
1.0894131055469511
5.8900880824100392
1.3836756512871313
1.9263073610674684
2.6487289457156331
1.1938877284100744
6.2054313861924681
5.8498000444441125
6.1381367072612738
0.4873965495505341
1.8662276801441740
4.4743292865477606
0.7499385098234617
2.6270070509866796
2.8504762389741716
4.7480048882566344
1.0218111641124594
2.9263728225744456
3.2105166554113089
1.5612406765498097
6.0649595017139708
3.8548377998058045
1.4382466790229429
5.3608050339536035
5.0837443006760727
4.3750396695094445
4.8676088228549661
3.6208859998467848
3.1653541283609510
2.4730139776488875
5.5900558508663822
6.1099085857051474
4.8371272045425782
5.9826119143378147
4.2500679524687461
2.2895492956929724
5.7817066757006961
4.1793413210287147
6.0652012715869992
0.9746368611601594
2.5278762369826606
2.8533065072418284
5.6928381453861450
2.7529229461425593
0.0838636365701112
0.0121713558690339
3.6823699953219546
1.1031390830053527
5.5207439458635408
5.4765123693906856
0.7817067723613342
5.8763141299474233
0.3904691197479978
3.7347970504764669
1.9928817156208631
3.0441013834756281
1.9581961957588039
1.8533183176217174
0.9406481143725725
0.6629398250170979
0.0519698478824448
5.1574185760276956
5.8213272543876604
0.1353091135573726
4.5704541075289580
0.4350966966080005
0.2142859491420594
2.5926445495658346
5.0815957509627507
3.5646166997807387
4.9098311120037197
5.5567667616485004
1.4511986265768375
5.2191813631081425
4.3462413890324241
1.5585263974973063
0.9069767319390614
6.2814044861908167
4.2854877084217176
5.0410122688549714
4.9315382218592045
3.0860371239651294
0.2233668099618247
2.7845661171134672
6.2349467854701199
0.1984591312018111
1.9536678544055668
4.0429342089299363
1.1437503372530582
3.8819535872732160
4.4360397792715043
5.7839740389161598
0.8961707306311170
1.5357153950011491
1.9261558433045480
0.7349771627339611
4.8411094451449950
0.5703716568677066
1.9732690822852710
0.0966640942682272
3.8073853015002257
0.6273035337021661
1.1301533789407752
2.1990109462583720
1.5176444072655215
1.5901534319075170
4.8370382936736993
3.7627317106479059
1.8554629642345641
1.6006955102804681
2.7936096226241589
4.9537300581163439
1.0034300881340086
5.9937525027850125
2.6036201416939520
3.7085168766450720
1.2894627155051663
1.1401491927205054
0.0463131758148661
3.8841076305508668
1.6324292286704414
1.1594403920762590
1.4888929167400506
1.6826283783162648
4.0811006052243179
3.7055361660369206
4.3129096363608790
3.6991430940272361
5.4032386938607555
0.0247136914675933
0.6119818521172725
5.2901144369348829
2.1807826824962113
4.6675913591128388
1.2050527025740461
0.3068994305620385
4.9986662288979344
2.3997526130387175
4.6357286881370188
1.0148879195825742
0.6534723696572334
5.1056648162025118
0.5122994160478719
1.4074992471558367
5.6045741394670863
0.4437204504488254
1.6284511863558913
1.3210378479439531
5.5165798957985572
1.5033005741871051
4.2131721113329057
5.0865699670630633
1.3745322171445959
1.5187094546882522
4.6440575597652440
5.3859083985622878
0.0991450718540738
5.9164403622088404
4.0801330061624554
0.6121724852204071
3.9713125306324391
4.7968612886536555
4.5297747087665687
5.3622962464643500
1.9639390868925450
4.7706265966951875
3.1088270566227987
5.9031597271527314
4.5150316722379298
3.2404389566547507
4.2316635463466552
3.0581213235103748
2.6164157675583670
5.9515845193417745
4.9623371240498928
4.3632147953010847
0.8803672152155413
6.1144425072417015
5.1754527740790497
0.0166122171021726
0.9297204884110658
3.1675258405305011
5.0009885843406172
0.5615663512903966
0.4137799870157950
4.7913568444485648
2.4841668009526461
4.0642220951724726
3.0951342439146030
2.7236700339042388
2.5393910200321055
0.9198794610666271
2.0527695603590277
3.2861723805484155
3.0386169256284425
0.9828681468859460
4.9671752172584140
0.5878400300810989
2.7727961034699664
1.9194495491955796
2.3195691459846208
2.2295762304049220
1.6181646599450252
2.4745750201059020
1.0771690333812907
1.7573587668251325
4.2584957115943780
1.2658446007778068
2.5501365856561971
2.4376163063305465
5.3561830427916926
5.1775501736584193
1.3509490143631862
5.0826018932256432
5.3654373852241619
5.8604275167550837
5.6032112530645302
2.3308204872960774
1.0710127749376430
4.6237863519178868
0.2126934263593212
3.6834123392326124
3.0334626895839136
5.8413184599624701
1.7435806003040391
0.3406913861701789
5.0652282194204172
3.1726625366864702
3.6455311970598947
5.7619205485588330
4.2561423266116565
3.3168022004207378
1.6472431341225673
3.8180100256098650
4.5890596634484009
5.1897804106843068
4.9266846212817148
0.2230225722062894
0.1774036613195462
1.8518899884739624
4.7134119140205737
2.8440800421211385
2.9118994570875998
5.7800481802758910
3.2809117369151073
0.4186287013215212
2.9443848483408988
4.5595842975352925
4.4871958144606037
1.9564485967680301
1.5344356902298228
5.8019884568172264
0.3043707061421081
1.0875904759253523
2.3717756685328775
2.4249129384354484
3.9442498841804858
3.2433769964194705
0.9694287178681388
1.4982706703961521
4.6150002765204210
6.1470871515451053
0.4831176130521716
0.3170149672072928
0.2085882662428542
4.8980446941346285
3.5970493790965250
5.3968205230182278
2.0143918015803597
1.5506767659243830
0.9779084767647958
1.3654331359008296
5.9447865280713339
3.0000638097251815
5.3036248283515137
4.4036304273517963
3.0417589290191884
3.2227900927146047
0.6300329346904538
1.1485080457391392
0.3446153885064974
5.2112653014613990
0.8902787926807119
3.1285920843835098
1.4949556442536043
5.0598735530408980
5.6902843365975384
0.4075487506025763
4.9414227057121378
2.2173657005242271
5.1919902661528505
2.7039323454361539
3.1894914675229047
5.6280997547461560
3.7857560529506724
2.8190816246702406
1.5431964373593663
1.7824238949435214
3.5628274750142337
6.2449060675321810
3.7513807455937433
1.4444129426285000
5.7190410963658289
4.8778380497618672
6.2256500660009779
5.0942838192750139
2.7450288110484018
3.2235347498888527
0.0932212419665117
4.5593116920710726
2.3083448607469763
2.9098885090034217
4.5329179830371320
1.6037068323464163
2.5644742816439665
3.9862870153291250
6.1757385147630286
5.1886197125803317
2.9903990390366433
4.7526162888942958
5.9696153617699341
3.4611964893983580
3.7454258537108265
1.3577159573945032
0.6628675901374349
1.1869999561070137
4.8539342078013785
0.9136629195853585
0.8410747385608808
5.1625884345874242
0.8269637143882916
3.6731604530813233
2.5984277173205252
2.8145173751405124
4.0746404639392590
1.8438068522110522
4.6404570528479319
0.6446073745888536
3.9957076000715932
4.9529893313184603
4.2475156011425197
1.5039292275648972
1.9666765076438824
3.3326071631515339
4.4643343523415426
2.7005821609592950
1.5216493691921034
3.3581585893822270
3.1258793758532084
2.2094973550994204
5.1656674137098637
6.1943294178626340
2.4249312193961767
0.0538925262639091
2.0606431360073718
4.4495097654804967
3.8257329249548526
0.8490789633163898
0.5489196358766105
1.6588759375088515
3.0073336462129783
1.4525148114804907
2.9767150498846955
4.7821902109676540
5.5743966917673466
5.5311256429892426
3.2276105778551374
0.1274296803800167
5.7655614344135637
5.8946367552377925
2.2151057064886439
3.6853262225561374
0.5119665465632430
6.0276992009146957
3.2653713739952139
2.2171075037924646
3.3957949520105757
0.6443644427361208
4.4538903290662617
5.5755867216047426
5.9976552008031003
4.1566651465608890
4.5389934406388264
4.8563127908029298
2.3318948722849604
1.0781507751372210
5.1953399987301250
0.9943773212314508
1.1734657589649529
5.6296436269364198
5.1099678681757386
1.3050721355742860
1.5389851513963462
4.8665312325558743
3.7621654789292625
2.6685134603788385
3.6861030990206256
6.1844969796159228
0.3885732160466600
2.2805022317293262
4.6724027705056894
4.6272978018090187
3.3355776300754880
2.6440288802472014
0.9315152281059854
2.3975304069355121
3.9343340918299448
2.1415479363736947
0.3993765532911989
6.0499484723586239
2.3049718034329829
3.0077501956389208
1.2263680807255819
0.8779100006477292
4.6113265221169737
4.4010262191020937
3.6887490690883911
0.9206363138652941
6.1960335917141505
6.1888539580854047
3.2346650700555770
1.6398257272977133
4.9707729023388927
3.3742558765567336
2.4137943027917714
4.8795551126692320
5.8107038627513674
4.8462959360597822
5.1206174073464767
4.5212415966019286
5.8778346671483241
3.8610055099311027
4.9161103886282831
5.4726612916236830
2.2339514146089892
5.0717602014008234
3.1682116749379730
0.2680607505650263
0.7298165838444924
2.5158947231750632
3.8880923918952921
2.5680628512593353
5.2791078409074172
3.1584777710589820
4.8461109160189064
4.5388496920822670
1.4249756250622989
1.1301598185792610
1.0103221851589990
1.2791004150679235
2.5476760304407184
2.4071820036135358
1.7184078524555131
5.3283705131038142
5.9553613082586176
2.5458754165575348
2.2324070934220459
0.0604939496496090
1.0218532844685457
4.2050362871570899
0.5752198028205259
2.7495557671414415
2.9693632006107671
5.1891461746807392
5.3466908452352282
1.4242346473281802
3.0746208280821423
0.2517882783077410
3.3552035052535865
4.7982280946789100
3.7493742863288468
1.0261576940523471
4.6356291490829982
4.7319760587518029
3.3023994456496166
1.5284007017596539
4.4197255681093282
0.7325480069015402
3.5526607975244313
5.1956666042015769
1.7456058947870898
0.6981034283718850
0.8304815050877820
3.6091543298351159
2.5072665925717486
5.7141811346989453
2.1983524808630559
3.7986870106792967
1.1622405678005479
1.7104135325818868
5.8751122564827751
0.0833623810093842
1.9451167380916434
3.2486424421069695
5.4753840576663650
4.0470474969192471
1.5150483729926867
2.0798914866214968
1.6180799216332717
0.6340267828242153
2.1731045757281207
1.5679660431157763
2.2857530966897479
2.3906788690720555
0.7228025327978836
0.2399328307824614
6.2650030695613088
4.0893345096221152
0.0123936369791272
6.1026001630644071
3.8658565246551890
6.1373644114373951
0.2520951207762585
4.6707088934167365
5.3971614153513254
3.0776203063644085
5.0057064098811566
1.4325313310858554
5.9411319041601116
4.9421701060424210
4.6210501150443850
0.0442626846329622
2.3593086806623429
1.5187298915534437
4.7825987260798843
0.0390596985645413
3.6261956927119336
2.6887923447650781
0.4826940933943468
1.0677173743601480
4.6611748154597388
4.9757032167032982
5.9400186908689410
4.7278417593105155
6.2485338233074907
5.1506416019569778
2.2984857381483987
4.0997143357157011
6.2795399215610770
4.8223518500125815
5.1504375119636556
2.3885415907613221
5.9676442272461756
3.8909848460851086
2.2088444943975212
0.9019970342008566
2.6618258734509759
0.3312275296979800
6.2214098351140494
4.7887889688758429
2.9733162418573666
1.9579660078495862
4.0504619449330885
2.2306354396528740
5.8536333979275570
1.3401387366007347
4.5103858497032068
4.8844966879766751
6.0777709077354860
5.6408105242803197
3.8647086544875089
2.7179774435692665
5.8742527061985168
3.1655826533399698
2.0638513508840450
3.7094020976509898
1.6307932038788617
5.5705419878823452
4.6087811569677468
5.9067873984810362
3.9562410483162895
1.5743289945532928
5.9774141288308167
5.5832526628597670
5.9360362021758455
5.0220099408526409
6.0331987431734246
5.8705681442183275
5.2086259911700488
5.6584707978786843
0.9131128112790573
5.9676198949480863
2.2203605928733201
6.0690310438816297
5.7760422265977933
3.6356488704284833
4.2469977122629556
4.3070223104308498
1.3419132247095686
2.1321356810262038
0.9267282946684878
5.7493827961858104
2.1296288060627071
1.5124125349468418
2.5314310701120117
2.6303131225943348
4.9112302166084412
6.0116694489201530
4.7250643774858538
3.7222288823469318
3.0181535435487916
1.3795569768669658
3.3151038492868845
4.9151173342034413
1.3851903016711689
2.0883912498619459
5.3048204624536952
0.6114735772860516
6.1266936455098557
2.3112088082063513
4.1186410664835948
1.4067562680245134
4.7952504636750142
4.8021453433126968
3.7076592906022094
4.7168088849417913
3.3548563497017216
0.3970435881416626
5.2127721736744483
0.3781936618003947
2.1922524195231312
4.1974653044816463
3.7039749263666231
5.1884986412402467
5.8790863085867118
0.2680678151645421
5.4357476218119194
2.6299607983293019
3.0428034217367124
6.0027619459703931
1.5161255617254088
3.8372518543412699
3.1625469758071274
3.4778600901737384
3.3655245472022401
2.1393307356245286
3.4276311634060503
0.6586857405961478
0.9972005263100759
4.3087011955289061
0.3061225479460952
3.1229900593208213
0.1181525271395531
2.1125281075495885
5.6741809735421382
0.2714478141279175
0.2518911186550857
4.5832481121992785
5.4636260885278434
1.2869549114558534
3.8416006928670670
4.4053493015665550
5.1448355378335577
1.8715392693340271
3.0878391616800376
2.8543349962235731
5.9798879589196501
4.1703157824282728
3.2355430777810121
2.8137538796641839
2.2889523114973609
4.7607098157991850
0.7124556057211321
4.8241040236213344
4.7313144540147398
0.5654702083762291
5.1106826852255995
3.7549895391212993
4.2124568133695472
1.3995586522687367
1.7894691583104601
5.7504945647255727
5.1989833515474659
5.6753272090289988
4.9658070461059953
5.6713925771605274
2.3452113461314568
1.5678623614091640
0.9250777494106545
4.8068654685755199
1.0072287518697831
4.4212470272562250
0.0591742157667440
0.7964508786199284
4.1510517398039450
2.9035647397807645
2.6430463368417687
5.9052752729902789
0.8557675444048919
4.3911245032134740
3.6236551983626724
5.0148176882387547
6.1972743510747792
3.8901282331704792
2.5747279994173953
2.1482807694861208
0.5109856013448387
2.0844910495961591
5.9848002951068828
1.0604289807256744
5.7341522284039312
0.0570126119800753
2.5864100175696350
4.2028039762361518
6.2469122025174340
2.4626883152541912
3.4845556796723902
2.9429689950706233
4.5104397228816566
2.2414347411523199
0.5787706917992881
5.0143299317993115
3.8049176754616330
4.4457494534032636
4.8666301484804038
4.4510545247636406
3.5925197539760605
5.8542242623467180
5.0587917556182687
0.6826532559727553
2.4679637490713722
4.9304406079154806
2.6875843571013349
3.8116621094581919
4.5461808164186106
5.3096024407518350
5.0770409459367078
0.2073031286342799
3.7476672874436661
1.6392171605574277
0.9076785654129818
5.7013987544688183
1.0716165634812347
1.0514620708601030
4.4045090072914279
6.0959831319315851
0.7929600304478985
2.9511446652666495
1.5385473112713781
5.3069609239030253
3.7507556149173094
1.4014253488116954
5.8287137269651828
5.5041345307859464
5.2258855066222658
5.4383927971666983
1.2887045638789627
2.3757844613192489
1.5893515139238574
1.6300087355917900
2.2834281018272162
5.9320070662468911
3.7548227533497132
2.7760377117092090
4.9620414494736762
2.0687582031912926
0.5907799444550750
5.6631526432088028
5.9487026193667267
3.8522853113653044
6.0752993712369303
1.3493470524293223
2.0938016087969831
4.9679744370312742
5.1223945732386023
3.0427661482392785
3.0179178140900782
2.1319799844517622
1.6745575912796504
1.7033151790440080
3.5503308556312589
3.0387492775742722
3.1176990502792838
1.3461299336314323
1.6355614669895617
3.3890457969090111
0.5663678031939795
2.1330550066356424
4.8732556144618648
2.1182238487102474
0.7754581230341063
6.0756551698706494
0.6401485196349920
0.1193781067521952
4.4725310549006556
4.0979773480136403
0.5798833907378834
0.4597952767029742
3.9548834627686626
1.7389052934447542
4.3579360921755033
4.0554255475560588
6.2480328979231503
3.1695796719360545
2.2902909997245300
5.7340392215289286
5.7070482569393430
0.4594488667794719
3.4098572906462343
0.4643406933512564
4.6137204161286212
1.7734935805338454
3.5042936693268603
4.3497372930477427
0.4963932925428787
4.3091323203328793
0.8173172630640105
0.5279160521050992
2.0477054357751001
1.4987658695515600
5.7277688496375161
4.2179827415385809
3.1035882007578905
3.9682694950857220
0.0846174756964553
1.5431435625953429
1.9889842661435020
6.0108732921878678
3.0415889505118736
2.5468271109945526
3.0420612445686706
4.4973845754393862
5.8312101696682053
3.6712584020196553
3.8130085689123643
