2.6045249122328955
4.0854402903053062
0.2629493321949298
2.3258483823037932
1.2350013247850802
5.5463306651913786
4.2955797468320398
1.3039366018560148
0.9646049153540375
3.4691240414369515
4.0960708586452892
3.1173231291896029
3.5537055824282975
5.5362911267277291
0.9464459803008597
4.3767491443003150
2.0860944350504957
2.5229658468569540
1.6627697240253259
5.0031875145860072
4.3224616919229497
2.7541070889864501
5.6196605075403419
5.9665700184877020
0.8240042521801061
1.4303796527921406
3.9963213907054262
3.1737240653391305
4.5649901250509259
0.3759215327939966
5.1019482543341299
2.1802320720264308
5.1745663283911769
4.5617502537514225
1.2835093576979004
1.1033764472031304
3.1576543815220655
1.8345130839656791
4.2636915936773372
4.7766476181420181
2.6757676906027905
3.0935999738351412
1.4070650711221355
5.1884019235056389
5.4555648341083440
4.8398411144337752
4.4722882921283569
3.2055021444856804
1.7506637543070669
3.7261233300427556
1.0194048435433520
3.0834268121827622
5.6123169772637898
2.4169175937652168
1.0003379439174469
6.2499685877081710
4.1033088616704534
5.1829703372008549
3.6650228945878260
2.2160348466354058
1.8136737429636982
5.8382139013074932
6.2654990551382532
4.9263172973333003
3.8452404025759015
3.3571466774007281
6.0062035948468750
2.7264275451634701
3.4588590506405263
4.2177307490392977
5.5714541061424203
1.7436363197713953
6.1114902152404547
2.3425091243757730
1.4673260629395541
1.3540157437621099
5.2542285165997882
6.0522892389870195
5.9917900489006701
0.9559325930244224
1.1569065188969627
2.2148708923784932
2.5798371115250505
0.4841785274827034
0.6064026185015983
1.4075481296834231
0.6707155232819625
0.8655979946172271
1.0862658204435509
0.5553680402318973
3.1820124200210413
3.5576997905927761
3.0437378263491546
0.7085532753261042
4.0179195786103499
2.7804099901748374
2.7093022504610578
0.6848548587828367
4.0984469920434510
5.3645247381159029
4.2461538427697887
0.9362013311852599
3.6637588945152499
2.4101227904081886
0.8318012018869615
2.1228229323432775
2.6795271723267535
1.5218639002136454
4.0699874260209894
2.7784517642603892
0.0104905020283805
4.1306515833207378
4.2093995586920290
5.4452162009534026
3.2175292807809579
4.3762531468404262
1.4781637814657518
6.2360904408289990
3.8307072556235298
3.9420192039799660
4.4442802746101453
1.4573228705983490
4.3943517587482175
4.2135588028303550
3.7077175896743091
1.6011066592558378
2.3393953496354825
2.4398751314097713
2.0424055851232281
2.8962226084196043
1.9730260066795979
2.7205050595766949
6.1054905337706744
2.2135105580670111
3.4689950292526728
5.8652524389478096
4.4835613780049082
1.7718720080381134
6.0401606148389648
0.7146794302967568
2.8789738356956174
3.7501218401488816
2.3177096075273376
1.4593356212151656
0.0811870612290254
3.7272518770277716
5.0826966949266978
3.4106227769822195
2.2878507629769866
3.7424170773275707
0.2062403334061803
3.2415925767856004
1.7625957173700679
2.5609698099743179
0.1226868380790069
0.6767136544847997
6.1441006328656309
4.1996654507666387
2.4771038723451784
4.0645923387221323
3.5751187645611511
6.2270309333981446
5.2813428064004819
5.9922271195194758
5.1676131239741361
4.5147222946729384
5.9163555837963626
0.0574313930097499
3.8258196471544927
2.2125398929114675
0.5810629930083612
0.4776019456903521
4.4780266708222936
0.9754871090238504
3.3951941429202273
1.6372652913047976
2.5062572552866298
5.3588905705760332
3.2775876191005398
4.1977538741747216
2.9376893977893852
4.4271182414463564
4.1222082074319317
0.4592930842410263
2.9956732115021030
5.5161915452651353
5.9512695320321916
3.1287813103108091
0.0672808375959403
1.8435647791505556
4.9844482969561987
2.1152073676142429
2.6676363230303815
3.0266741063467766
3.1341764930279901
4.0881731284976048
0.8975350105293369
1.0311086480812450
3.5728076845766656
0.4747730829916371
4.5621529561698697
2.3742625034661695
3.5171094011774016
5.9128925500899987
3.4586079932892795
0.8937024953530914
3.2703373031450753
6.2734074070092438
3.1424523142169383
5.0069658678968239
2.7310049230544404
4.4654724106199906
5.6645396452197208
2.3071636004529181
2.3810979221308477
0.5951877309205782
4.7003922375430331
2.4267582534859060
0.7767944985758678
0.0365077272471766
2.9760162604688949
1.7089634670303053
1.2971414490131810
0.0555992558900337
4.0423073007576438
5.6306676800739242
4.7641156986905466
3.8045976513315374
0.5588176134927558
4.5559218167789153
2.8751126093965289
0.8037306249271685
2.0463163825863901
3.1879868612535645
1.5760259695700345
1.0802353030623397
1.4085641991358622
2.4774762557487806
1.8505321269617210
0.5061417536533479
4.2408117837497583
1.7207242327806878
1.0825136548717951
3.4083234464282692
0.5030447131648340
4.3514337790412840
1.1166237600990609
2.0977295714886095
3.2707441832215465
2.3444942549181307
0.6045387996009357
3.6619263520452265
1.7694800519034275
4.8087815021265401
5.6382598713021492
3.3909208528205159
3.4878893195353391
4.6800983398883425
3.6199861133201958
4.2048180935141373
3.3442175613056717
3.6583194914963402
2.5396247674113859
2.4673574609306228
5.8816020310769881
5.1314053261735193
1.6560435502309576
5.4420995244436501
0.4254419657705918
0.2460563116109998
4.7177401046568894
4.9189377762443520
3.2721645548717762
5.6694584319571888
0.8070337103387535
2.8470491231155348
4.5511343513895168
0.9742501413790887
1.1484598869389242
1.8051140719007506
5.6503558886661160
5.1906300704535209
6.1776079492243854
3.2176243435269147
0.7219956517255643
4.3024601181495736
3.1168114300314200
5.8180912947494905
0.6858356139293058
4.8413042393877754
1.7602803694469922
5.6242443502826234
6.2635161749511044
0.9125621444924912
1.9581544159552897
5.4808760923270583
3.2264860208271862
5.4819439956445697
2.4893927738202306
1.1925992259387395
5.6599115858780555
5.9926702749780585
4.9457776345436297
1.2215365222407131
3.6171051947531963
5.9246583766030776
2.0012166953463599
0.2452136102428692
0.0251299391319349
2.9478166385135887
5.4155974222209089
5.5039252867448250
0.4678302901668298
5.7358741061848662
0.5719164665021329
5.5482775594740215
4.0057379379739473
1.5390776735065790
1.4780573902225027
2.3123965946922631
0.4883715807302812
6.2364510766626600
2.6918807530982365
2.9969721327228118
4.3123333175948098
0.5733339284412868
1.0814525391374274
6.0866385409105863
1.0498049126629108
0.4305862935825854
3.9564542670804768
1.9668911116281935
3.1015660135847134
3.0932813409829314
3.0495371088215686
4.5106955302001950
1.7592207652147269
0.1678428803836160
5.5501508152452406
4.9997715050558869
6.2479513215004969
0.5910154666160876
5.5078990931983434
5.7403686863216921
5.1763098924447073
0.4442793829210158
1.2718148248619991
2.3758451520158861
4.5573912603313760
2.3714357017659560
6.2483463263033174
5.3049905504972905
5.6011140070547594
3.8639465038491436
5.8970437318569289
2.8772849455084213
2.3429450368327966
5.1217974062565554
1.3161757877694742
4.2476755472638850
2.7169663180217922
0.1806826916933151
5.4081798928672606
3.4270177095209355
4.1174008362497787
4.3505887525852094
0.1739422791106189
0.7883531695647938
1.6848700940750700
1.9480018526637120
4.7267656928872368
2.9289186791632997
3.9462901269057302
4.2890230893970180
3.5407436397417071
5.2399205730943699
0.3520474508431448
2.6203538255393739
0.1314235980879611
3.7109903379411855
3.6894773326795511
6.2560519299257313
2.4038858055058254
5.2755384606203064
1.6792888795961163
4.9380314530899136
3.5396494547510522
0.7953299441999795
2.6953862006357379
1.9484362007424569
2.7025394625382870
0.9527992508150565
4.0345693297388978
2.1844359892685472
2.8835153918989049
3.8606802889942053
3.7010770138220379
0.2076446817156099
2.6349495865579913
4.1145643846062621
5.0304451884685912
1.9107641333367293
1.3331534693471301
0.8660539976132599
0.3171773116982420
0.4146845866073054
5.0528952950833030
2.0933284464331146
1.1653497669066897
2.3334345549778868
1.8562917118212523
2.5440173970514182
1.2292923922685932
3.9975455818341548
3.8547787376188500
2.2001345632989331
4.6995740624663114
4.7054498194219327
1.4628904992533469
0.5927148992035479
5.0446344558607494
0.5290098735493459
0.6176647183659433
4.2427165447994781
1.1551743932633327
4.3530312227695269
6.0555656080889717
0.8119879921759331
2.7653754002113420
0.5272059841073491
3.9438983432980179
5.2971324968034326
5.2144007399617571
3.5079188964767680
4.3744737350656999
4.7582471207492469
1.9375160382001770
5.2389725222569901
0.9776561469182201
5.6940296647807864
1.3825604743957065
4.4583911706763315
1.9222812341980289
0.0864314470541814
4.9631039666807917
6.0733839249516501
3.3424814874189575
5.2731542590525375
0.4875376482356132
0.1010839648825140
0.6973865738190391
3.7100695314952947
3.7397203642338064
5.2867864419029456
0.3699571305653358
0.2853092800328151
4.1597714103812624
5.0625627951247401
3.0431422394916567
0.5767929022087274
0.3699680586390809
5.0992339926614418
4.7526555592338822
0.8120825193756367
5.3741288454663998
4.2398211406955131
3.2876501026906455
3.9463697002834532
1.9583861813401537
1.7246375092214692
5.9938444676176177
1.4364487324601001
2.1646808126448631
1.5751637891751482
1.2354878105665150
1.3363738299466343
5.3161673464704018
2.6787071099494022
5.0248525315465145
2.2566801972127339
2.1055657539817640
0.6246627960889058
5.8969942075166708
6.2263440168026927
5.5234460966701322
2.8234307589073566
2.0773080091590703
3.7691041288981397
5.7127145577186882
4.4647599325951086
3.8425732300140916
4.0166215464250641
4.2591675737699992
3.5970238992759969
2.5033486268794540
3.0420333825116419
2.6924586795150005
4.1440738143236242
2.8577670641470294
4.7969335654001855
1.6625557646378688
6.0870735253796386
2.1732299981267538
0.0704779508002814
2.6907714004565233
0.8143803061514339
4.0431328145108125
3.6528871464975774
3.8000599695397761
0.2687884823555098
6.0522866866117893
5.9897869189314630
3.1259241090770913
4.6970725345912525
0.0807040588632343
2.2879043521412266
2.8977104318252320
1.5989661370323029
4.3404502156829583
0.8747648020530059
2.3180772004867811
2.1513690062136295
1.2709667664697282
0.3073968959540436
0.8252791215068433
2.6138224880276293
2.8272055245708017
3.7777084536144314
3.1278857052195783
5.3175844929823111
4.8274500620453233
5.9254375848577183
0.5316643075072662
2.0517282308232185
1.9458977018207797
2.5393893462859052
2.6835824920575830
5.7899840386349508
2.2710559170534417
4.7028102272142558
1.0893807417636407
3.8110617837532152
0.0438159945629501
0.7323325091574180
2.5834461244425633
5.9299768922728902
5.9836863814771162
5.7898134725358430
0.9084203831185450
1.9280595718297537
1.5716792400899795
3.4621364511654900
0.5716974839827658
5.0592752265011862
2.5692643108755453
0.8437045415286049
2.6400144051939733
2.3800072281318689
4.0386633712913884
3.5576201839958466
2.5377342375945942
3.0095772393477720
0.3918786762260915
0.9905866727197743
5.5362329602487108
2.5265316653019565
0.7486010520404528
4.5253109640061098
6.1819145361889607
0.2404295372587237
1.9315755679004294
1.7871956145933598
5.0528668917128234
0.8760789858564324
1.8600428929579198
2.9482890460261850
0.1876449471661161
4.0288899927085566
5.1746879618155219
2.4038770659908901
4.1200822243236743
4.9847624031241020
2.5472413040916133
5.1678150526361089
1.4454665909533677
3.4660494200346394
6.1652024183322958
4.9938472028269318
4.2788181741607811
3.1811332650017050
4.8143998267123278
1.7533515291375910
1.2270367940686693
3.2439815892225603
5.9266555854461691
0.5750092616254558
5.6442208218324987
3.3949933757828537
0.3405365510142886
3.3879857899337367
5.9461167745531140
1.8634893321312918
5.9079392143142249
0.3794299856333222
1.0680391164156484
0.7804407729892907
1.6529684509794302
2.7786246319289263
3.5695720698606186
2.0385907772363265
1.7706313828056901
4.3290115554813884
1.6537225310735706
4.7639697632256706
5.0550908179994432
2.0889525151180157
0.8796037634816499
5.9271040787081191
4.0864462684347131
0.2716229930927661
3.5475289175362890
4.8115768649818316
1.2284026207547973
0.0135140157827628
2.2933415329709734
2.1364610364736674
5.5893149786997132
2.3280533156609629
1.9996016580895648
4.9501308851298198
2.9842788692546884
4.1120358551037475
1.3806213120116624
3.1295387324649986
1.8289601680012504
3.8016895083464930
5.4836866571992449
5.0641993715392415
1.2481711470244532
3.5339775613428537
4.8114488945271070
2.3059349967840581
0.6152348159227474
3.0645215124050940
2.3323349437120520
5.8141400936188425
5.8701875414905142
4.0668966918092631
1.2192366676599358
1.6722678747694144
3.3656774861510956
2.6110694970668544
5.0040207890609096
1.0504319134711189
4.6073710988144061
6.1814088050179219
2.9179319033671627
0.0880051556968729
1.6002555065701618
0.0667352825917264
4.5577939885116079
0.6296869756945431
2.4027045696823346
1.7132170131729982
5.5005925594761038
2.0133057547126110
3.6535062338910742
1.5574965767579259
2.9466772878744818
3.5333564652196126
0.6831900269951457
4.0368909675676745
5.4903304610901635
1.4989128090661223
5.9991633921668761
6.0059862267300144
1.3687188678645075
2.6347949511951563
0.8028903855419542
2.0097915080098483
2.1466448315444682
5.3190798239362715
2.2499468005676184
2.3838979436718910
5.5676975777620106
1.6776772559091793
1.4860264991762100
1.8381896454014754
0.9556603585148558
1.5276590708499156
2.6056474842406869
0.7767707117823005
6.0057413847910261
4.0501707141089165
5.1602391424547731
1.3194915558502402
1.9948804012427601
4.0485884754489057
5.5749466703217392
6.0952220442871266
5.4106815861408020
2.1407560332581190
0.2919737555281481
3.1357445596213416
4.9155807164020873
0.7694585281353924
3.3759506832666593
1.5614658274362454
1.2857258920983319
3.7448505164756822
5.8281543291460958
0.5057340803366150
2.8428006936353682
5.4578861909849250
4.5391757303520155
4.1391377701287757
3.6815733169243279
5.1732299014606085
1.4108379732921077
1.0071004730290787
5.0335273077497842
4.3575705902516777
4.6684687877020448
1.3442685899107891
1.4088296606950563
4.3176590013222720
4.3492587520655119
4.9657868828048990
4.5413018960622900
6.2076553332585780
0.5459454480283430
0.2947431922566682
3.6109806917326637
2.5896398602172956
2.3634543611743153
2.9010720165953123
1.7699555691739739
2.0453121619487402
5.0706383666962767
1.9011860631004007
3.2669963546175493
0.5390692455667399
2.2590863631135307
5.3247885695770121
5.3104476803826186
2.2992108162398353
4.6673413790758511
4.8616798163363963
3.7626675676000803
3.1706738928795510
0.3055272463172584
0.7744905793799487
6.2227873647328282
5.7361034617957163
5.4303051228296706
0.7508915035706072
3.9338508545306574
4.2457026204343595
5.9867593559021373
2.2461687812247368
4.5592918845159538
4.8710956750686174
3.1198795954522649
0.7290300179512578
3.2973997670876183
0.9176698452794723
4.0893787619811128
5.2124227572357276
1.8391777346892935
4.7346449811147195
2.1490915729058728
3.4137178203893139
4.2713278417435170
1.0093691814159942
4.8280490249906132
1.8207344101127509
2.0491463162114871
5.8346151191724793
5.0774134640121664
3.1854100720192142
1.6873820923630214
2.9028570856742806
5.1665239837241979
1.4026635485115775
4.2380515144759014
1.2744981833343811
4.8324505042198194
2.9518009446804370
5.1250880560193330
3.7308135453285511
3.0307953111494594
2.0380999768687675
5.8280984587108922
3.5046201810725917
4.9789385131773987
5.8905255962633447
4.0633256001711304
3.2022297934886210
1.2092683297765814
4.1255662337570520
0.2812446074746862
0.1369685892066555
2.2435507081233199
3.0364135945686863
3.8074497170377093
4.6426450779453896
3.9809605931525973
2.2111392765143552
0.4160286165601206
6.0001179919876302
4.2729138536167257
0.4809775471284394
1.6513931860736428
3.1241101871849479
4.7359359615046364
0.2203067425496769
4.4034931137741324
1.1952074780141040
4.6512223856305015
4.2635071843010701
0.5367281276105835
1.7256896228203789
2.4661072223050637
3.4891113332052299
2.9357673265221167
2.7111888360652983
3.1305819307133058
1.3518787021978624
5.1951990822827385
0.1387465972383834
5.3063511836786699
1.8897885907078025
6.2344295801301604
0.4810331653691649
4.8073743532057458
3.5760783528112476
3.7193410963323643
2.1937600505294981
1.1596732582307239
1.5597269614547113
1.5532141660728782
0.0563068076593204
3.6173159182118924
3.0128938496149598
0.2983764623161944
4.6462092442641811
0.9212710597922559
0.1541736776490675
1.5934327091067197
3.0360039870934799
1.6438425903488025
0.7356887738908742
1.9604689502134887
2.0250752838504615
2.4665243173507765
6.1408144428839284
3.6664622584876532
5.4195378041756150
5.0465946142655955
1.9584757194449327
0.7639101618632606
0.5511807784524415
3.3464170968904017
1.6343902685979939
0.5651114292729835
6.2132205710059987
2.1998711714868171
5.5595421925513744
0.2344118488812754
6.1114630818711637
2.7383108231370583
2.2775564514914617
3.9683331009589922
3.8374262426235015
5.9235179008507552
5.3011132325189019
5.2447586128008776
3.5074970721271921
5.2732325384474468
2.1958412168044301
2.6317471015927456
1.4738477336325995
2.5575874793833853
4.0575733100011240
3.6082772091894246
6.2681097932473850
5.4336642508339681
3.9548019397164640
4.5506714788375753
4.9336211399665340
2.9647590514157804
6.0218654649312233
4.9872887684657794
0.9943370861004703
0.6247409852783001
0.3875531644166583
3.1267445161283192
4.3165537534430305
3.7540002817939118
3.1195833069146088
3.7031788723660295
0.4825585030157148
1.6527082064339556
0.7164390956531363
2.1743550149538704
2.3918582453415791
5.4012182161065301
4.7513459667025399
5.5995451760928425
2.0551397652313432
1.0991962817991066
3.6450434634497699
4.2966312198770940
5.6682722853874727
4.9874259133501049
6.1219018095728828
1.6013178357394495
4.6140894423285328
1.4655713824264263
1.9991535385424115
2.4071903848159595
3.5081742429204574
2.2864196279486189
3.1962624006061202
5.3771337816721170
5.8764809272076119
2.4116814811110663
1.6054896727928587
1.1198597589943322
1.4295342809435412
2.0733366720285846
5.6569595494173139
6.1633390841049192
0.4587788378943658
2.3757952045919377
1.5695906215150026
5.0092849284595555
3.5262472519154286
4.9257916539015429
5.1614409079709160
1.2831816874556368
3.5007218679187146
3.5972591055888459
1.8281032600769325
6.2295754522937070
0.1821863059103862
3.0084930635646261
3.3149338567941999
3.9048902301562740
3.9184929762339475
2.2139909890509877
6.0641174572832393
0.3855773176181235
5.0052658646782788
3.7774997019832202
5.4789443805502387
3.2043668686973232
3.4706817982642573
1.5310225006427389
3.1569288762772016
4.0729688506075314
4.2156390759053357
2.6828226847666450
2.6687883920942190
0.4733189342293346
2.5266130124640558
0.0406524537123044
1.6388724017485303
5.9379277841871492
0.5635757946298312
0.0072237383341354
2.1280616652363400
2.2862925427039360
5.1478594086515956
5.3780940041641410
0.4934497388176836
2.7299553241638281
5.8469099962447100
0.1422558433638908
6.0181633116648534
0.5793107374864352
1.1989983959012178
0.1863631212196307
2.5312566472724791
3.1141225954568874
3.4803500974272596
5.6001947637477061
4.5264274799463919
0.3335964215517365
4.5087853203052832
1.5661659946576780
4.2353228400593883
4.1722636822035986
0.5499284583948504
0.2823993492855216
1.1911761081767789
0.6297208001300996
2.1785382547078025
3.1940454149097777
6.0057921393253215
1.4482255637216448
0.6510488911722817
0.6005988422443653
5.5963102094988209
0.7092408868599800
6.0543919658584171
3.4757748202183851
1.7176433639217574
2.1221137965453631
2.9949212381650869
3.4564968333207093
4.3275748598414383
2.3402181449521917
2.0028127263512294
3.6617805837344557
1.0400829632021187
5.1909782978695596
3.6753675823271332
1.9524748298412917
5.6976805412528009
1.6892862664496477
5.3720792382952007
6.0303910052891023
4.2456561242335020
1.1391269247494280
0.6702961939757544
4.8414496895313714
3.5496996699703969
3.6647663165389672
0.4035973150742633
3.5535857018003907
0.1677191313203080
3.4359498538861817
1.3663947433590335
5.9350456045830748
4.3970701028279908
1.0209539575144269
2.6471168582094782
0.5397715366827774
2.0657202000775139
6.0456022077256888
0.9150889553726180
2.3268231225834053
4.8200257265163025
3.6023422058350718
4.7286554074328864
2.6783848848566949
2.8698258815700992
3.1138074993434786
2.4821122300374592
1.9295460832958167
3.3013015548462361
1.5802120565821505
2.1948355114965654
3.5492760447435061
0.5308507590426718
3.7679845147637154
0.1608201510679214
0.8271753962756061
1.3140720711063099
4.0317044285889105
1.3921988954062636
3.9837813890931417
1.0713747136605805
4.1855110628587866
4.4098660838521431
2.7377759686337644
2.3630402172449259
0.2480359643125886
2.7502412244937453
3.8440341903066586
2.7970961179679912
2.2729375044001201
3.8936699405892750
5.9822589742245231
5.5014002982149091
1.7408742613637329
3.2652667680725447
5.2520615269801576
3.9690793409736957
2.6307996961539564
5.3379216257901714
2.2746877454076886
4.4200000182825576
1.5761308123988282
4.5072305108386930
4.0120584660165708
3.0001465432364638
5.0210720397460902
1.4845163390108329
3.8588986997183228
1.6594432079375561
2.8214007255671052
5.1347557053869455
1.2624310161536743
3.3912159535972961
3.0885945159254824
0.7313710989882976
3.9773370296145463
3.4918842361726057
2.3945333211516671
2.1493528889647471
3.6559196071155617
0.6757665508169177
2.9961695081762398
0.7053505454786634
1.0160208166178348
2.4719941857103302
4.3765021915998918
3.6400558561795027
4.0322911774207357
3.8079728398702191
5.7234346559604523
0.4653180764326980
0.6917034343922238
4.2370451120459469
5.2688478502833274
0.0106400824819065
4.7726164122140924
2.8370033747641217
1.7218517605076509
4.1652327664146434
5.8575356594775307
2.3907839513044418
4.4896465028908903
3.0361195142611059
2.6596229351683149
5.5144146535980969
0.0080574592036769
4.6177033591819328
2.9219011892506623
1.1152240476320980
1.0007647802584765
0.9258626016471457
4.6630669942959582
0.2179833764036445
1.2247569558997853
0.5050417572517200
5.3821480819782881
4.0982027261506921
2.1696754016208608
0.6075269583396904
2.6133621540551890
0.3751872373169018
4.1296552060165066
0.3964169751625995
0.8529011310892639
3.0231699530744787
0.3863735338872211
2.9036892598812649
5.0690718649592954
4.0771668498227998
5.2005362851713395
5.8622737401234168
5.6065241371575505
5.5141782044827439
5.4342440708717454
0.4016921549855754
6.0670179738979595
2.1504888773652704
4.1644809930389188
5.8166477038988473
5.7167092939042981
0.7924075668196836
3.8696569937028893
0.3271924677879053
5.6431842335966271
1.6376819184579452
4.9354770571293729
2.2090425904022175
3.0561372749245708
5.6577781770395257
2.4545362015221572
6.1642704684640721
6.2192449769539859
5.7883978208543629
0.0876202153592801
0.0160472799043883
5.8362016739562508
3.2403656207946638
1.4515906399532010
1.0179341157773822
1.7439267622068797
1.1017873197652999
1.2664239231334924
3.2287746205166559
4.4170063865300380
1.4108268653732674
0.5832842912975806
0.4452295941725006
5.2098010548206499
0.0338650498340883
2.2605052225374034
0.8670899028215960
5.1423083203133730
1.4494186019987219
3.1360514526868624
1.7900425900886012
5.5950702609366525
5.7413441476283342
2.6036572261498416
3.3175940385102267
1.1111828582420173
3.2677944172395557
3.2664885365734997
5.1060825632981661
3.4529737994442726
3.3735034224879064
0.7411068882188855
2.9991246584024474
2.0115501101795803
2.6568087402973393
1.2421496777046328
4.7889161725467941
3.5019434511875871
5.5269996953662002
1.4079340539874750
2.2562944822049102
0.2715254335213830
1.2555453334491740
0.3970601260096592
3.6662111133856405
1.3740849750569271
3.1786740006633631
0.9937317392915074
1.7959466284491152
3.2586412147278496
1.4590791314712852
2.5624154153814760
2.4025084008435371
3.5850405086831549
1.1496869623994124
1.8548362025676817
0.7473808951627756
1.7147840971837440
3.8463003357620207
0.5485960815067528
2.3239430453773142
3.9397281835986355
5.9192031545396189
0.6050385757780266
0.2947804227522823
3.3909524499781187
5.6223114798327565
2.5840110034946715
2.3306048750344006
5.3118887563304877
3.4422164107492410
5.5965869814037914
0.8794930137022696
5.4525022421620486
1.0381159034792220
0.2524555250885879
4.9007123049706909
0.4686058790720127
1.7706160784525760
5.0379661690339299
4.1466060960391715
2.4671849309279636
4.4471470041467622
4.9031076057710452
4.5629478768545919
2.7570141378820630
5.3947246300027674
3.1059529552950917
3.0456114188095067
3.0098223883838311
4.5897284742841578
4.0470398379017904
6.0777348904054689
0.0499956455715138
4.3417166162764431
2.1895372392095416
2.3919863167215927
3.1292901483257785
5.5702135048186667
5.6339922965564160
0.8823431557598617
4.6602937502548896
5.6025656533134196
3.5642885192206295
4.7855387916793184
0.8424236388781970
2.3479485269138198
4.7949288081034238
6.0923315147993931
4.9207423527895422
5.0973575065436609
2.8616831984183584
2.0379068318583653
6.2750317114128054
3.3162281566936058
3.4602193888476944
1.4845585278497020
4.9772464683838606
5.2348431785844820
4.5438316069899418
3.4653642681162000
4.2855884481005608
5.3512122300391027
4.3511537622882122
1.3803537753902586
4.7894911664571991
3.5035763856465922
5.0390593808527058
2.1130359688451201
3.3538215723839282
5.8164461765790811
0.5685550951753262
4.1564732808969955
3.2173889693974544
5.8950841230146347
3.9785623394744496
0.1512898771518939
1.2652535655861323
4.2283672204855787
0.9122663663909490
1.7662863325874270
5.5794085185630715
3.8819451605126840
2.4345680248780210
2.7598684524654993
5.0476450599731120
2.4470448059567289
0.2276860548427667
2.7125707904010765
2.8859967003673099
0.6426318048733859
4.4911063943512852
4.7928738044106192
2.2117506623289063
1.6417805610616865
6.0207364512931267
0.6900716650723284
4.4115146840933326
1.7690907044041067
2.6282233341196726
3.7674818454347960
2.0742022584318249
3.5757335629894609
0.3441396018125242
3.3842212906372913
6.1137849722288751
2.9373521859182627
2.4232459624095832
0.2145212143841602
3.4106152742483196
3.4692180384845890
0.8841175107454313
5.3145657754800917
4.1439580116139130
4.7138401934204248
5.4625225192548443
0.1798897137547097
5.0898129423002478
5.0037287354906503
2.6335939345455661
1.1872677371242233
1.2478631903750441
1.1391608376795062
3.1913368852314057
3.8488504250656983
2.7457859355362126
2.2740224940578053
2.0681153529410379
5.3509716665971583
4.7938232758223558
3.3061790452701700
5.1036199045752300
4.3272734184913251
1.9278149894523791
3.7781563377421938
2.5086258283401515
1.0344916765016410
4.4489296678987884
5.6252650475486643
0.0630560068288447
3.9250460448003905
4.3262047328136575
2.4775134184436145
4.9585710725669552
2.9403289466390192
1.4052717900094853
2.0872456835143818
5.5438369111632202
4.5342784296677969
1.6330415542928343
4.2797148045426976
3.5853772313247161
3.8876746197680943
2.3718553070030071
4.7904890607006188
4.3256056157691933
1.3161019303195767
4.5614354472015064
0.7282419510409239
2.3103523858172696
2.4871728540396822
0.1222834476541767
2.0034356837434730
1.6524699503768652
3.3871272255655600
3.0012281320562395
4.0557346036056865
0.7907316716814059
0.7915728557876890
5.6606971601074996
3.9129798974289605
3.5663766057334532
5.9278445750796420
4.2064470769502647
2.7779575601310782
5.3901308518457176
4.9914725730206069
4.3669130757292516
3.2412002551091326
5.9695489220430051
4.0303462972467461
4.4088781392953482
2.6078849100909265
2.2888062198872205
1.7071104777924890
3.0252093841394347
5.7759248112925299
2.9248485453366029
3.1769244506693717
5.5082111316351918
4.1262479407642507
0.9125152560483342
1.1105642617387819
5.7195557755477342
0.7447668692206215
3.8064748493280498
5.1230712677332528
6.1326923048112185
4.6469866180320523
4.2429862216230232
3.0556592185841316
0.9258471979667574
2.2215649742054411
0.7770749513133229
1.5404103374121036
1.2794983632177297
2.6587636016029363
3.2302465027229395
5.7716228205493669
5.3910351242251080
0.9950335189870706
3.9283149330306335
0.6886767609363104
1.8503710840032803
0.5337374605867488
2.0245408912721459
4.5872186877745316
5.0445879420178246
5.0384193701647959
1.3095439576476531
5.4709198577851312
4.5506233361997834
0.9848469471115794
0.2358425502502419
5.0717870133424938
0.8218109477118523
4.4379434932339068
6.1312722431887954
1.1444576443963201
2.9065995346231928
0.9336479581281169
0.7643636308467814
1.6699922665942371
4.9748497786426249
5.7644534613105094
4.2766868886997909
2.7782665189246356
3.9384037066156923
1.2794717423762161
5.6748436091645607
1.7358257869779008
5.2025207909171192
3.7492561709263676
3.4564221079600665
0.2893192235843794
3.1707132607486614
0.2289669036983027
4.7075626108784583
3.4562413419041764
3.1420340199694166
2.3452608880803170
0.0185035119626114
6.0759732545127036
1.9767349710664373
0.6633562474517684
5.1170372264098871
4.5990947072045456
2.6083606055024715
5.2411676861932746
0.0121118501700793
0.0995841733179125
3.4451796663127734
5.9424205176983858
0.6765379932532878
4.4567975358101100
3.1260876607970980
3.3695675107925647
3.5711409868109967
6.2765083468663621
6.1067580614445065
1.1762914270558953
6.2539069679417265
5.6213511731043484
1.2304753749734851
4.7292185113829737
1.7799334441186638
3.9336894562795797
4.7558324543616646
3.3221098618135905
3.2547384740128749
2.1004340816827876
3.1752584566755999
4.0692505671200552
3.7505584558619409
2.5148551316783267
0.5278333579671258
3.7285888882423861
2.1680138446971888
2.0133972012352497
5.8961358130139878
0.3430322973127904
4.3779495759338989
1.5558422282357338
0.8641823923864024
4.9760626525662657
4.6720705327326364
4.6230823350805812
4.2914125915144439
2.5239937032685140
1.6032199704653094
3.9751722940207816
1.1429998183225079
2.5420310886177413
2.1478760546546991
2.2934097080778488
4.4721846002337449
2.7452924345266538
4.7517806403381471
1.0097680798866393
3.2885391681235121
4.4715020429610410
4.9633326671478137
5.4876254694713387
0.5777639172883355
2.6986209130872290
2.9471244479979113
0.3475737671148634
2.6710324149817377
1.1835671973339521
2.8083729341883763
1.7586569253180353
3.2051036968540134
0.5860556433406406
4.2620077274540220
2.6643792203399150
0.0579061529158256
4.5235855389793507
5.9357191587106142
0.6638707070624021
1.5241135934626722
3.7514159320487450
1.7837482841569237
5.1273940954666761
3.7164676539442447
2.5611297746155408
4.0021497238905264
3.3060811074532275
0.5750788562021548
2.5639393930938019
0.7968571602058623
0.3403682056565557
2.4167435550626033
1.6221686153629604
0.0989457275020043
3.1591435814190216
3.6444329208240966
3.7442117938902850
3.4985204455606120
3.2205926948854269
3.9145690931858206
1.3778129078393933
1.4785467408531214
1.8812702423812444
3.4903763218728425
2.6669137691015168
3.1571816905591548
2.2287406478766645
5.4924199136833378
5.4054001170367281
3.4263702312703668
2.5240609686764919
1.0782320225737239
0.0293923266144955
4.2923067194812718
3.5494205311620486
2.7250934752259299
6.0471524102173193
1.5193904630906938
6.2803845106536489
6.0269619152264617
4.1822007161645782
3.0291292452226188
0.9518938740449611
2.9435964271728010
3.4392184597849682
4.6429299127162595
5.4702863424483583
3.0424324223421952
1.0142922532315126
5.4508563048062992
4.3526778083900268
3.3664294082250503
3.3027973428423638
2.3728226807339725
2.3354901801556132
0.4728118188079842
5.1182673139520194
2.2302332740658741
4.5070730251911950
5.4613957161847093
2.0459142278355613
6.0428208624574076
4.9044157136559265
1.8762137644845276
6.0637351198460783
1.2350584716498820
2.2912727811932743
5.8252560278103331
5.1859827406454881
3.9369354987595666
2.3960244899330569
0.6523000013956168
5.4978285926782950
4.3813150486538142
2.2662222994013028
2.9634885980403420
6.2268330728093959
1.3064292762068868
4.0441722302552598
5.5549324210538087
2.3316899584704704
5.0426603382306725
3.6554180432110881
3.8423398998084215
4.6109432610897230
4.4525379137791861
4.8097852657866342
6.1048663938943131
5.9831885128094022
2.0664003272060927
5.4875477093787275
3.4560917258132049
2.7187913212928243
1.8252791058872986
1.0046636115103151
4.2624600583335521
2.5812240350844302
6.2165305768421080
4.0833617066147720
0.2657322031609409
1.8138289854613880
5.8367283573504016
0.7124443158523460
4.7112596683239065
6.0632493362556810
1.9946051065473902
4.5895455682844810
2.1113790263845011
1.4242130664897212
2.1025936333392523
1.3379051588349302
5.3199048521966912
2.1437146058559660
5.6627561878537342
0.7141765637341748
5.8377663233492294
2.1353376329664306
5.7920855575019790
2.9862867681247618
2.4736613563614975
6.2044626788780404
4.1808472928691263
0.3204733237075680
5.4298011902822232
5.4475967533586109
5.7708394552475246
4.2280226858813057
2.7074217659435074
2.7093047558698098
4.5861766372223283
2.9097139478713716
2.5090924780781130
4.7578523059903013
4.8987661316720663
2.3862529173830445
1.0703619037130205
5.5487976748580925
5.2353019578728404
0.0138432038058583
2.7301437069185832
1.2968764587456905
2.2322702523755020
0.8981747219042044
0.9692928978256748
1.1352572440375810
0.4555263700199495
1.9411939837753995
0.0815764824846650
0.2553266487134556
4.6147347722560781
3.8266983089053701
5.4928767427491874
0.5172542923791059
1.8898583296216327
6.0052701520015317
3.4955529788506237
5.7397595621816997
4.3154077862423703
6.2759149615731502
0.4302737947402771
1.9280185580094011
0.9494795547176265
3.3473705151339925
1.3306981648352962
4.9701934441744706
0.9782689430577629
4.3557212931721176
3.8858792249000365
2.6919515451048266
0.3210461815361335
5.7388920133230927
3.9308433868210830
2.9041423030061009
2.6049191977821731
3.6950235690816791
3.1788329946563016
3.6140763870321728
0.8425384524217113
6.1954319202591961
6.2819996974122159
3.8654607746093879
0.6997642053422125
5.2813421616161609
1.4107584303110514
4.8077612649804253
4.0981629635080381
3.2440161171732691
3.3726571040770335
0.9600204878667228
1.9732622159579307
5.3746298543841737
2.2426543059195181
2.0191551408514328
4.4939728954221181
3.5195920418602604
4.9951897002986865
6.1408375369269912
2.7653292996485668
4.6780831881387117
5.9668723318655186
1.6063764483793872
1.1555075654907911
1.6750430552909896
3.2039734636354376
4.4234825095725716
4.2667064337259140
6.2720846639645993
0.8166830418056528
3.1011738890332365
5.4959345090744973
6.1531296326269125
4.9967116054414795
3.9726086505611224
0.0053525830763850
2.3700824328793302
5.2246713394534403
5.5153922712958776
5.6721988119948898
2.5170041360775124
2.2787513057451210
4.1270882368314350
4.3860463678212396
5.4204679115376502
1.4167017770533934
2.6710712721148639
1.9823404024889322
4.0688536979740464
2.4931436350594720
1.1008054839665362
2.1543397726564177
3.2997142076515260
5.5482430313752680
3.0614955632923091
1.9079912617860029
3.4410667919732680
5.1414514750699301
4.7523127629407904
1.4583926741873021
4.8611547946023688
4.6736718092565992
3.1228854698426156
3.9645465544047256
2.0856738270438164
4.2089092483195909
5.7634772306545194
2.6214740577341349
4.9960559956302699
3.0375736773644975
2.0358357906468205
0.4263350597896989
0.6854856950617269
6.1612325038940972
5.3068626918694433
5.9946435516939109
3.0765269152089756
4.6927858373064684
4.0013834905386894
3.4435879732086097
2.5643808625517019
6.2419149185471579
3.1146443586734440
2.1499882414017795
4.9302137897121945
4.1564669016590150
2.6532616297663023
2.6946320293577353
2.5520565806757802
3.7325132777880681
0.3587119920213574
0.5355387569021390
0.0632413472859600
3.9493518604138012
5.1682907253026960
5.9009643234610403
1.6377854704038426
0.8245831772316741
1.5097668694174702
0.0796845703051488
1.3606779504801456
6.1634975974595436
2.9870339383038789
3.3346774686540250
2.5214956057839775
0.7445382352923476
3.5020856691738893
1.9716040847044360
1.8568011428828686
4.2536586074088900
4.7534531297567639
2.1036528794608902
1.0222565083549247
3.7007006001532261
1.1828706144646313
3.2079739712485886
3.9781490463915765
0.2775087717502168
5.7024079069129003
3.8092043321739668
3.3711991361710565
0.6841281051362406
5.0000690253787363
5.1512772460842120
4.0538955657925424
1.8495990990170592
1.7075917412905730
1.8170249193573593
0.7177525908339170
0.8115118796519104
5.5922809877225621
5.0840988439314367
0.2829211367016851
2.7459864157170566
0.7973469499136145
4.5295685518820488
2.1225419574727966
5.8488654387203338
4.6835239478253214
0.1388469727450777
3.7579397640486283
3.3371895706621588
0.7733127953753284
5.3022908777048503
2.4942206968122416
2.7731810884563672
4.3811537648709420
5.2955720326274598
2.6732900398119153
1.6791222498589899
2.7478197266206981
4.7990374618450655
4.5072246684083916
4.8296650547753988
0.4561695446210121
1.1900439373230363
3.5883182675899268
5.6283976321261786
1.7242388987572055
5.2979432943569380
2.5997080114736009
2.9779619182837456
0.3534789757292851
2.5990166465480193
0.9254824912418662
6.1998361486858702
2.6254031517065952
0.4755610935747650
0.7756937351956884
1.9096618264431757
5.0461515003035871
2.7588723219929792
5.7359364404630560
6.0401639704600436
3.6726104038338816
5.1948191954825491
3.5962848678354127
3.4302876664635753
1.0517191959319854
0.8681553307801316
2.1282448550790352
2.8349485801155900
3.7178942853352348
5.8189949678224924
1.8923077636310013
3.4804150222067545
0.7667135803990981
3.2301878750272173
3.5422200250957561
1.7368994514752105
0.6462665296321989
2.2014067974668046
5.6572246100896315
5.6118490846387177
1.7189494850644729
1.5452867380530151
4.9581467427308015
5.3691043159593743
5.4075049932898844
3.4954651568915311
1.2815086025677858
4.5045067421778748
0.5904460116062692
2.3856630848313660
2.8059933968654831
3.0424943510979228
5.5539177405412037
5.4611207369858059
3.3137650539826216
2.3290505251291909
5.0270719435747457
1.2292757752604710
2.3343703026518194
6.1279475940071935
4.6821687329254091
2.9285574757119517
1.0766948944882480
0.0207895080934744
4.4233414976287948
4.2086655862145435
0.8956529749059636
4.6090513010914362
6.1408101695950705
2.0589807873341166
1.8447440407402864
5.7948707803630537
5.6573622505893928
0.4567393985795290
5.3987126523129820
5.4462854352817418
5.5753287892956944
0.1536176218795988
3.1757416065390074
1.2027411215336867
5.3723464389203377
0.6197954255314996
2.5376556149560421
0.1381758769487015
4.3702037611868461
0.8293701939853074
6.2628417706074258
1.2202315265949364
4.2385745357652089
1.6002099761527988
4.5490641856198799
5.1135500839529255
5.0033817735942545
0.4122252837201174
3.4402378110859790
3.4245088170562252
5.1323324364205707
3.7282143249422974
3.3271478665554426
4.6275792455234956
1.9741350428302642
5.1792568201871116
5.2861697067547384
1.4583039755953735
1.4948058731208886
5.0046659487559646
6.2676848853892997
5.0583788001204759
1.5170377565700945
1.4375817421855759
1.2185705844680501
0.9195470303299502
2.7773899725493658
0.5920205941754162
2.1951260409786015
6.2410206435929734
2.3424493549385672
3.0761933171762696
0.9928415556235960
5.9024368137842176
4.1186278483959349
0.2907301224250745
6.2481215367604843
4.8988736065964016
0.6549282846594113
4.3867328949264941
3.3646661863836838
5.6809522338328060
0.6344864893526638
3.0582802748139080
5.0988033466066058
5.4889296940071093
5.2540196320317794
3.1222401334317906
5.0977161129744566
1.8974817156611630
0.3515788727884052
1.0078136952996970
3.4748026910975858
2.4133022793269308
6.0998345298190717
2.7915939814277402
1.3145021199235933
3.2372125870052049
1.3211117812125668
2.2646408500172277
3.0859331816969933
2.6001142889895066
3.5700462194708380
5.3192979144488550
1.1621085201129988
3.3713998205295437
5.9286940808150908
2.7101079498706602
0.8650155337794041
0.3313881717396923
2.8947237221373103
4.8517403966892845
1.1456910098707991
4.6763334195033703
5.1856321188442456
5.9709262937117238
0.4965649134989674
0.1307875120232499
5.5196225778673123
6.0678773730052855
1.6530122199334110
1.7349278112069990
5.8236229175276719
2.3507634547092642
3.5586039838708761
5.0009647282779399
1.1377811135906837
4.2026208623880024
2.6551930939966688
2.9320047613970290
4.7443667159346745
5.6691355906677012
1.7216274921831116
2.3360481490716367
0.9222731614705263
0.7659528052019987
0.7968420807651314
4.7885373874828430
2.5678132305857515
0.5735134899056142
4.4791060861551850
5.1222864554574548
0.6138335147550419
2.9698938781408444
2.7999813791991754
3.1695155723566293
0.0243499100285299
4.9668172230196443
3.4431920519802892
3.9949865495823231
2.7552449656781208
4.4799031542106418
2.9287240771180758
3.2296814855194578
1.9721045099817844
5.5001541074680391
0.8259603206042140
0.8260199267563477
1.2498815616443315
1.9778684120811174
2.9141108944677367
2.9706120828980280
1.2622390285689973
4.9585688322091244
1.8972747607990719
4.1745283146780823
2.4692390621197164
3.8497307902138012
1.1965532297282420
0.9703842125506490
0.0301321884737817
0.1728210086866183
5.7302631320050610
1.9446702052977543
1.0563884349761490
2.7240129360321541
0.4743962513731053
4.9708149651825195
4.7454052733272416
4.3587607555110370
1.2300622574929092
2.1695253326064048
2.4147028653951437
4.8358835014151511
4.7328404386498626
2.2611263092081542
1.0375596880599938
1.8229086568768289
1.3146979062530644
0.6151314499006624
4.1338436865473511
4.9427653224705645
2.8715812469240638
0.7766574636316111
6.2134238585439432
0.3074611206470815
5.8055475415206805
2.1321377775038930
5.0574383647686885
5.3567528834961511
0.1996913169204297
4.0023227021084322
5.9354499722737426
0.1645543510862345
2.4061843501539841
1.8678871647144770
1.5323421563695632
1.6864115493915948
0.1348035401923435
5.4686346184724917
0.4918762396722935
0.5402979550524699
4.4371861323244186
0.4920527826772885
0.5374497946377652
3.4462659386740917
2.7542889424134827
5.9401627487835604
6.0722811260917648
2.9714185534121027
5.2614812683703089
6.1177043182642228
5.8063489030362776
0.3114090355417223
1.8170699848200114
6.2426546582277513
6.1051208124941203
3.4380861218318350
0.9904025162378559
4.0808068066931238
4.9465644836151936
1.7619960225494675
4.8902619558177527
2.6379883593796469
5.1613486161443562
3.2506538204373667
4.8901630290415969
1.8020836635362538
5.5831771692548102
0.4659575830696233
4.0466673557783093
5.5884732143465907
1.8151140593734432
2.9858497539587581
2.0894950227298201
2.8044913800268407
2.0905966021408986
0.4952604429690984
1.0487558778756638
2.2862321657618323
0.8375350612975251
2.6592314578686427
4.3801710790641115
4.0661543375320131
5.9656924402252702
2.3781265001370575
0.4970964126489493
3.8902096593534328
5.4418919511540214
6.0317529300224457
0.5827789860725675
6.0527293824417141
3.5245478018485450
3.4201019122481062
4.2358258987916289
5.2934156879758447
5.5365656370428722
5.5633806847098013
1.1166066680973044
3.5955693100880515
4.6341485310671660
2.2837440601082308
1.7728488814291592
1.9294382737440448
5.2831345865977335
5.6706412813442562
0.7749843793688964
0.7102583350087188
3.2222963594148801
3.8211483266607438
4.2215191228318698
4.7927379557728180
0.4172721688211160
1.1952292451979731
1.2067649234804190
3.5385181667438679
1.2518210443665927
6.2314836760341112
6.0275394166576532
6.0722995835121161
3.8150284577738640
1.5272959658251790
2.5960476000384425
1.6381869904954283
2.2553562525750368
0.8928917398027614
5.9136731987012459
5.4387754271252415
2.3689160865798971
3.3964378717544563
1.2847973771628136
3.0324438747346991
3.6811948095844644
2.9753504788674974
5.2498046392641493
1.9303660390310853
0.1431935002903351
4.4673339183493201
0.1121019392302096
5.1001091710975235
5.4028215015287602
3.7475937853964756
4.5864623946930463
2.3926938580136112
1.9971163765310656
5.2522468363541650
0.5881707556750959
2.8447876902413149
5.3331276375989916
0.5859223835626380
3.8196643737118614
4.4144786226986197
3.7360560491295529
5.9638056437874001
2.6789623071676649
5.7757284602212104
1.4167048801094011
2.1980473136492491
2.0718011934029033
0.8085293459540175
2.4910411803004386
0.3125069828326849
2.5241353595872744
5.5692871584730250
3.2658529511225027
1.9465866962060006
2.7069774855783897
2.5914235735542990
0.5222175877054709
2.2712680218674097
5.5717929695366371
5.5986673251094503
2.0674467483260490
3.6716655295218357
1.1639543354554835
4.0331631799283967
0.9219016684728522
2.7018180945352563
4.6390928575913417
3.9755553388066653
3.3269969228810070
2.9085801974408159
3.4880986640071070
2.0773123831915874
3.1987309865250393
5.4595905958170814
5.4157265458879875
1.0743337491783029
5.2770960397078861
2.6855694487574202
0.1562546172243683
5.7058967675750196
3.1086168322975012
6.1019434550347427
1.0569849135035390
1.9475127760948110
5.3042562860925848
0.4787911206286742
0.7827435676207883
3.6554447394496989
1.2559467653439365
2.7090996680977031
5.1779566364441179
3.6829877876132331
2.6918258502019499
2.5874731588618118
5.5394146984850252
1.3627935817876538
1.9171894543378489
5.3578661087251795
2.6237980428639469
1.5649020911662177
0.8441138209164050
4.4722951032287313
5.8238046008905053
4.2968438627641676
4.4044065178424372
4.0077481261482717
1.3796920556119125
3.0871177693523930
4.0163932946117358
5.8633373295671714
5.3718640582564641
5.7692224743949865
5.1577382674671144
1.0376286069540863
4.0843438007467832
6.1542004139696846
4.9024732912216038
2.0541061516203554
6.1231719811027867
2.5168749246738082
2.2045284021692173
2.2116685011413351
0.7337024862961192
0.4565718840205973
1.8378094229593451
2.8128901043019177
5.3493031266426181
0.0878027384072204
5.0674975154651172
4.3046602438548929
1.5767357841555987
2.5386006075945926
4.5104068871546925
5.4320848426083455
3.8749362825564337
0.1213565471725107
5.7131405249333840
4.7457059237416432
0.0233766905304394
2.2057219466172939
3.7237778891295075
5.1990824501862685
6.0383204937096551
6.0620367548314960
0.8929741398172486
3.9929502526064078
3.8936505831839372
4.3389856896013805
5.5060746976155537
2.0083593755791558
4.5604559045593964
1.2823868723082910
1.2181548144171166
2.7727166464512711
3.6676867014073036
0.8562526180354478
0.7293478702429106
0.7526153075546703
0.7832931739856174
5.5934502615677593
3.4871513268371515
5.4821672030497588
5.6927050549884024
2.2182233318070605
4.0716587403795543
4.9902447027917347
2.2246864280857226
0.1215130807077147
0.6628256708738579
2.4745820733929551
2.3523838948885056
2.8568583646222558
0.6132537173833659
1.4357881215510915
2.8268481788996556
4.8633834757597345
5.2049906559329617
5.4587555012562987
3.1634320286701190
2.5851149835744911
0.7011530295346320
0.9422632553114592
5.8218932887065540
1.2992340691547102
2.5508074802523328
2.5852035625661403
2.6447594810743249
4.8787853851286007
5.0791748906207719
0.7799280137701373
4.1613618669383081
2.3353822652536245
0.9271605376693610
2.7340523409561110
6.0796688851535645
3.5749075314904819
3.5091761922551368
5.6134253450630327
0.6214323660480642
0.5768932909926188
0.1280302429656072
6.0063140391309497
5.9930747760690384
5.8654067381830775
1.8685518219987809
4.4353665456878373
0.8011334458721692
5.8514355301869978
6.2202318717966802
3.4551613945133908
1.8895200199991975
4.7024412066666885
2.3204059505316494
3.6643980598096033
4.1592156736712296
2.0730820587771839
5.4851023201136275
5.5048489112791996
4.0524528379023304
0.3159654209792934
0.9304184546552329
4.4388927344974487
5.1989956720408337
4.4313738493807984
1.7797290397997236
3.1124970599990012
2.4016437094439143
3.8960188293774127
4.9574056969706843
4.4005216677191266
4.7123103565799971
3.7546904940638441
1.1161909218264705
2.9881660465127737
2.9308006992321336
4.6346202056823014
5.1778601580708647
3.7918485212783168
0.4737367378465536
2.6984688805259607
4.3271357770066601
4.9503136181963718
6.1961818486567140
2.3661322679212975
0.7074913342301486
2.8052060459992694
5.8243218736234121
3.5810426225833201
5.5515329520060233
3.4919067391132499
4.9448046244943207
3.8550061255312640
0.2655208869904085
4.9387337051275955
1.1422004976086422
5.7463459941213522
5.4825022806371848
5.8123422413185839
0.1525650876795477
0.9181492602171600
4.5908469059953170
3.8783729062929742
5.3391747358482755
4.3456854740979285
4.9685357591716173
4.4012625659126128
3.0848492678216051
5.5218743121755303
2.1924117195252473
2.0779103336953244
1.9010690172661453
0.6769049243772787
2.0671385031916021
6.0779305937819208
6.1827175206948786
3.4173419228682129
1.1973256730145352
5.6821545570101133
2.3175465347182711
5.5901359258381103
3.8603562614438856
0.0118266364625967
3.0229335129815542
3.2068561144705168
3.0758945833567064
5.4717395464486440
6.0581028930544436
0.1443710601934541
5.7975741230006630
5.8361131714838423
1.5814423479519273
3.6253161159898228
1.9173805525058960
2.2596645513040388
4.4031391578971437
5.9795682983924356
0.4259598075916562
1.9300583949852239
3.1004245382288804
2.0675535718264419
1.1863715239267685
4.1758715567326590
0.2718493612129100
2.0101699921551170
3.9463954663445127
5.6546039809208537
5.4293511986505507
4.8461138814277893
4.7632376907742673
1.8783833645158832
1.6735426816141665
4.5402129676149583
4.1900494505241159
0.4779793340728791
0.3280194440134696
0.1863525971787301
4.7118048098612091
0.2770399912678210
0.4685413344661640
5.9438620624371694
1.2065497546105299
3.0814075115761055
5.4469909356128312
0.9938503708251507
1.1024860042377804
2.1017006034151162
5.8631347397551021
4.6929015440786932
5.2891969248477402
3.8589822292664877
4.4861155009762008
4.3918196566548318
5.8584458016022811
0.6297469075036061
3.9288698773934900
5.0230626276801145
3.6621534367707085
4.8353258655340250
2.4690059985608843
1.7050588170051273
2.0630675417997533
5.4541096145952972
1.8160017860975064
1.0213540195692863
2.8041333774339896
3.5114405583402477
2.0712281043186560
0.2667017128236920
4.9429627368592381
4.3092227527980143
5.3102538147938620
3.4403402815490356
2.0146626202642746
4.3791709919525834
5.5645683041127629
2.2773452838255848
4.7699204074478541
4.2198751050118029
1.5967539567994502
1.5265136337555971
6.0215585589064240
0.7730723355284391
4.4187176994576607
0.0129940755080651
4.6263921601285647
0.6899141752684367
2.1582214903934629
3.2078955128705191
1.3308587353950048
2.5862415682518334
1.4374668940456916
5.0607634993508848
5.4706685128461654
3.9476772175939185
5.5510871937299351
1.3428159732262372
3.2139216627624889
4.8801646152866809
2.1808730162436554
3.4657742048102436
2.4684614549951820
6.0428307926335627
0.9101929057510195
2.2422490566927959
4.6796903616776024
5.2018879628747046
2.5417657823850761
6.2510176191527238
3.0839853140363620
5.1923305464026432
4.7047257838640535
2.9549961845392660
2.0352073378177784
2.7995775773366436
1.6969089412620340
1.0803657855863298
4.2280722277748888
5.6321415101700198
4.1532748211246169
5.1412130099852176
0.8704314507367182
4.2933683333789521
2.5552351089371097
1.7699084906473463
2.8043476161191769
3.1003982041348248
4.0831311606545357
5.7216589410159120
2.9632128151324060
1.3941053784702429
2.9519476842460683
1.8174361846791693
5.4563368259502596
2.2080243965226378
2.6633176300385819
2.7771773060214930
4.0760561807307694
2.4771714318025060
4.2722646164235059
2.1003861851582393
5.4546261048120357
2.0157395093199320
5.1879197692444956
1.1444865083538271
6.0242156859085245
5.1889536328431518
6.0121822404313949
2.7935115016806651
4.2318058142710138
3.2605728229682840
6.2034730037429675
2.5457966472985740
6.2432716474810981
1.8723632139033848
4.6228140421808464
3.3186720903093065
3.0791997198350969
6.1113253424890281
3.8458395179545319
5.1624671933835558
5.2105745372987666
0.4379908621519584
2.4666186132398087
5.0459175997840964
5.3779803529088044
5.4658079785877050
5.7566521247822200
5.6889285691397111
3.9021312873621574
2.0435785965029063
3.4864252118514929
4.0187979815308656
0.4953771171140728
3.2474026845902051
1.0683915720640833
4.0198789503531138
0.7868606058205436
6.0829297547146908
5.8315341644239860
3.9801812498204763
3.5614667852670499
3.9080791831998867
5.5766873334614226
4.4110155377576774
1.3568910590524945
2.7375482612920155
6.1774240035606525
6.0194465011563176
4.1139714325922725
5.4427529436392978
3.7971127400256255
3.9789279599641794
1.7299404672291554
5.4095543520370013
5.1958462577442068
1.8177870997029366
3.3531879789581391
5.4207102919277581
5.8585763863497053
2.1510688874523987
3.6274416563530161
1.1244841736918185
0.4782205005259884
3.5676601648895971
4.1120983053860902
3.6994578242182388
3.7691879008203490
1.1805525952467739
5.9975610025258757
0.6791526846557607
2.7396409866804894
4.7980297804530521
4.0526324834514913
1.0652201277802416
5.5028587498066264
3.4147706632927384
4.2720787815188990
0.7033318779440574
1.6485852535662633
6.0416529159363979
0.0425869947244707
4.7226780694094783
3.4316153580813245
5.4834282995176222
1.0575474406009844
1.2478649964924746
3.0124339320206222
1.1538730412427163
5.3816748765368096
3.3943216490464225
2.9364523193866843
0.9258260357932387
2.3109349801940300
6.0587318550986549
1.3745891191371014
5.8911239380954248
5.9974044497650176
3.9856818547523343
3.7543945392181102
1.9792397669086692
0.3248912650462570
1.7048396412994062
3.8442383335836721
0.7217719649826854
2.3483463593482128
3.7433386186556254
0.9483975665909794
2.7395385221789863
1.2934405851115380
5.2458264633694949
0.7442540409867853
0.6292495085930211
0.9459710316294269
4.5575377214154056
3.0224776366289894
0.0801480884142643
1.4335263716172697
3.4242288040505993
4.7837895344024108
4.2561040610121186
2.3765405087065132
3.3391834135883181
2.9296932742148352
1.8072241285362562
4.4928755962405429
1.4784345053970311
1.7456697235171226
2.9790581414262705
0.1123131635792205
0.6535976030089918
4.6217761049050745
0.3682650807237300
4.0400478026165185
4.9631330967362537
1.4215843911816053
6.2255763683887277
4.1062720944179159
3.0383685382651402
0.6859193354774061
4.5580928677232615
2.7059945212312231
2.7426501810905513
2.5589698685130711
1.8358378072131980
0.5989410146868586
0.2894005698007773
1.2013032898542231
2.3835441140870879
4.7016381474800637
6.2448035766107077
3.4727943719968479
3.4566744471428779
1.5094376422501590
4.4737850486513224
1.7263314931214424
4.8111683319063410
3.9432272244111215
4.7288901960944312
4.5866519772571870
4.9924106785486408
1.0384634949559963
4.8681249578651355
4.9367973422051996
4.4020685275223164
3.7369042614968460
0.9651296670385400
2.2138560560268532
1.6184378021255026
0.4838432040945747
4.7627714051784551
4.9901914662807849
5.2049628174499016
2.7859868582266523
0.0200499689446672
3.8411343788310650
2.9232593969219285
3.4466278184320189
1.1974322355058493
0.4735263117676731
2.3138182395948683
4.7417778417464431
3.5118513959825139
4.1998360530733230
1.9280245550258450
1.4847746089023854
5.3125371415065539
4.9006925913776964
5.7934868345075268
5.2894123565759568
2.3687900968958910
5.3150027591577258
3.7025021909065434
2.5943154506625756
5.1201183681032321
6.1483248511767643
1.4315394039706304
3.2619007420855350
2.3046090554886862
5.9481708900964447
0.5692812187888598
3.3313103258759735
0.1708875283064958
1.5984054178760840
4.9083002820632640
4.4142964282401147
4.2545130370091249
2.1142920249275763
1.7980277833599858
4.4129867789797874
5.7973631019356535
4.1142349933586244
0.6995167435390892
4.9015320428583689
5.1676619079306958
5.3300225453424037
2.0798095857804482
4.4867465442303098
4.4192238167230213
4.5762483870834147
1.5768334823835366
4.8507633693387975
0.0803935163863883
2.5366000295044127
3.2383891777972269
3.1950425362008716
0.9179850814526631
0.1583665770963362
2.8852576105881966
5.8457630260787550
3.0033099178295064
1.2626914730829217
5.9356126802032447
5.7134179206724749
3.8748843124751984
4.0445615018395120
0.5022148550380794
0.1621013251980010
3.0152645923280845
2.2209542454580236
0.7644918432306740
2.5033246838909373
3.3562001472524892
3.9386926544458754
5.4825474912816654
0.7991253456351032
1.0106227328168234
2.3405433712872257
1.2282068018142147
2.7740825090880001
4.9435054718337561
3.4466884143715970
1.4559543968343138
3.8374233672792339
1.7113437689852806
2.0374518151500043
1.6858821265959871
1.0084192928287330
0.0197091487543478
4.1355313164128011
0.2223081333097209
6.2332812075801982
3.7739067289589667
0.8740106789907520
4.8441434510666195
1.7928624816663365
0.7327957094950618
4.6589742862359467
3.9245987847445263
1.3775597735618477
1.1740696859346489
0.5216649038327088
2.9125353371059841
5.7303143013114841
2.7012918889800188
5.0386135465186577
2.4222328229529575
1.0123020316023765
1.5798683253985222
0.3383802824707192
4.5434976352591656
3.3777298878989295
4.8275439041002191
3.6167650764377957
1.5255469611759649
0.1725511360412838
5.9880946267152204
5.3472790064299573
0.0977054084471554
5.5935232154939287
3.6930068567694199
4.6028729801714059
0.3301540876243555
0.2314814903718091
5.7253947652544976
3.8273779060715571
3.8627726374848148
0.8273831368502230
4.9817340555593219
2.0860814020681668
4.0222820835247743
1.9163700633354670
4.2966050964941109
0.2756108521044959
2.8082656150041441
5.6594891210797940
5.5869638799188035
2.7297241731525519
2.1830177039592895
2.4321178647930353
2.6631037857788833
1.9963310723323486
4.9115605119397019
2.6174784788941876
3.3450984883751578
5.0357745038173825
1.3195168325013089
0.0064706200964834
0.3506574688914585
4.8956375250458031
0.0444066060793623
3.2059406848855305
1.3987496388298648
5.5351263537859383
4.6069521131032110
4.2835912986032669
2.4940989590005893
3.4267224152024784
0.8053610832319729
5.5026256139835246
0.9323245234674926
0.6692818566121308
3.5762864927105671
3.1595018882096895
1.3572791241950108
4.3097522417448113
5.6828878457537479
0.9751809649025162
3.9723170194901796
0.7254519734860014
2.6386327771974223
5.0408011450692767
5.9312778711539291
2.8453764888714246
3.5857085371001141
3.4138646592161050
0.8617609458877171
4.3162012331028468
4.8329676856985975
0.4003246958128095
1.6262348773880804
5.1680038727900319
3.9723631629452538
3.1499885764165509
1.6175012835213720
2.5851984402125616
5.3854317612235096
4.7314847319573436
4.5554180655833818
0.7063795663474323
0.8610589456459029
3.7517528840647572
0.1957437944455401
1.4763278435583675
1.9623485804024541
2.3564349733608942
1.3045449671321829
4.2990301795611545
5.7884126696371432
2.3367772417555162
0.2245413572786490
3.4217145173033781
2.3793206568119989
4.8572677563092084
2.2959797768854964
5.0858084321648818
3.0032588097105770
2.9764336906164122
4.3226574902297141
3.6334958763374736
1.0147181104402807
4.2528157938998756
4.8221430621958525
0.0493902502962170
2.3160330357190522
0.1425623709335095
1.6877974875921757
0.0520121600694931
0.4390733292082464
1.6619589787585212
0.8000243767548360
2.6395636197669008
1.3083686330395370
3.7217556470433766
5.3978774890625107
1.5404442576957986
2.4494655959123608
2.2233084969320149
2.0972588817906903
3.0449240002254303
5.0275265264557589
5.2569508117375623
0.5802684856026370
0.7478247427181125
5.3535529462992013
5.6095096246245477
1.5431861422543640
3.6835251210300908
2.8943564624765989
2.4690172095814922
2.3259627243053931
4.1903666732971852
4.2822294487338874
0.0076121213633807
2.9944707767466818
1.6568767215562530
2.0487699404973188
0.4908543794562302
2.0914307694454473
2.8855837148271091
4.3354719378013815
3.1846893467409294
4.2831854167510857
1.6283210805468136
2.1908012783622164
3.6673988854656576
3.9499190967746265
1.6456760936736081
3.7989178686065226
0.1487682338688591
3.4270172804679113
1.3796510155701309
0.3258269385792229
0.2479843190402236
1.3368683018145937
4.0617189070299862
5.0762819731766138
1.3367789230953020
3.9027723785081556
1.1597469627781438
2.8635103759207139
4.1922762784842602
5.9801808582903577
1.6812031716235942
0.8397245062433548
3.7398293359408012
6.0171249992961560
2.9845233846816397
1.0586713334911577
5.2650242478914908
4.7484671524373709
0.9803653204235537
3.6778477882278624
2.9542584080633199
1.0289944113890124
2.3727890645936940
2.5446030173501368
0.2634570370961657
2.1832448191123777
2.1647685646431936
2.1319224697379013
0.1838412375101275
0.5127528343582797
2.1333681415390866
1.8604457999447432
3.1759043411632706
3.8421513839568453
4.4139059401159777
2.7103548746773076
1.0543789749520378
1.9542383955046561
0.7154346618908545
0.0951519607294094
5.4649600445481878
1.8287448200560918
1.4239476416527306
2.6940064922834774
4.9425631190141308
1.8723346348953624
5.3433569355789663
3.2110132009937704
1.6749060730615479
1.6096205670593917
0.1853625806649699
4.0853819771396926
2.2149082452167543
0.0426583118728394
1.1775489071982133
0.4233766131279812
0.0343428578383028
4.9694974986462803
5.2708813767904141
5.4792664176993009
2.4187099785231996
0.7738325793041714
6.2304085839119416
3.8476845940592992
1.8684324033891815
4.4156376780473439
0.2996312174924431
1.3272180619473448
3.3595251608858918
4.2099831179811282
3.7052631611292961
1.0086623482553960
1.1643941291913535
4.5331292455780288
0.8262291335234646
5.2038681766126871
5.5349684116768474
2.4667816557032758
6.1355285959793866
2.6119919448315003
5.5987676483414148
0.6740155695953867
2.8431700885658091
4.8208314614383685
2.1635720418959941
0.0470442255410606
5.0723635905803697
2.3903948952417680
4.6739518284664072
1.1496644159303910
2.9002976219960175
0.9924265250404013
1.8609302885042833
4.1595485420348046
5.1638876740171016
2.8362452755286118
5.0815029760498156
5.6303377755110686
1.6152011166939544
1.2973600622910830
3.2114693573138196
2.9520189549442195
6.0780952291302563
1.3395377192473272
5.1992410407576521
5.5067678266680025
2.6013887825139936
4.7450457105989843
3.6149089949359077
0.1011338752344256
0.6585771435019649
5.5729698988325111
0.8107470547119788
5.8600303318189653
3.8392765607752248
1.9312732716694010
5.0350852575458944
4.8341986296614996
3.8139592183191677
4.8519793861922906
5.5929582908608069
2.4316003782323206
0.1850575760705087
2.9288163857294713
0.6215240099522805
2.7802140115382201
0.5247169500979388
4.2511246704664662
2.1890317668765920
6.0425379155006000
2.9695386789822926
1.9400016103424083
4.1305140759349381
5.2431985994052610
3.6341877835813223
4.1103821517178485
3.7795479888989472
4.0836366766877950
1.4974629942952953
5.6038078177449169
1.1274036351713856
6.0440106759852545
3.6052228303567539
6.0114409776527911
5.4980810229146746
2.1334811633153419
4.5248699641499091
4.5387147349322863
4.5639129410353618
3.9240796682028822
3.4338901805357303
4.0330276258988000
0.1885576779675776
5.9665272743580591
2.0868171475451787
1.2823619676648530
3.3704060973093091
5.8352714122346701
5.2305843483436920
4.8463848228844144
1.7238171134814648
3.5922351008085704
1.9008263344674485
2.0239850789521516
0.8367626298390977
5.5345414492417397
0.9657449471882287
3.2334692319630864
4.2850013096042012
4.0859182976098216
3.8062288621236413
2.6765749646232502
5.6572640436429715
2.9100750257665093
4.4793353897376589
5.2329605556312258
0.4642645039323683
3.6073904351708141
4.1654345694968207
1.8206866970767206
1.0876156859103747
3.7797890511234584
2.7575899015779481
1.0431885121831392
2.7475347365781326
5.7906352496858728
3.0748145637963660
0.5528863306374688
1.2200233774977252
2.0956892227820192
4.9107636074400300
2.8121076277896124
5.6955005670757490
5.8964534434586433
4.0112902764662755
3.2692238108622753
3.0855822367253256
1.7487290891537191
0.4258583364231814
2.4039070457680776
3.7061153254835353
3.6069205356232223
0.7016585979991682
3.6755336413666377
2.7116926721079588
0.4781200399613915
3.7346977261828909
3.7514009858081425
5.7953778163190641
5.2259017959595511
2.3172313662204922
2.1784993723704678
5.6747725961253597
5.6046398627924070
1.3182140123877952
0.9426737470101496
2.1991302076946653
2.8756870273863293
3.7673824435655363
5.6263403485939643
0.4774440012930667
1.8412901017742294
4.5072154710547201
1.6229074559533261
0.1371647474111828
1.8168081896021109
5.0881729322923785
1.9388612067388737
1.1496442060508927
6.0096339349396430
1.4683396485931319
5.1746244632118215
0.2432393400967103
0.2979256530821340
4.5495580348727547
1.4541220615004671
1.2715638184037121
4.9804181066125457
0.6773338221958763
3.7477108713014355
3.3459408568202562
3.8302328996175752
3.2899171115886254
5.6908859835441756
3.9821128249838558
2.5036129517178183
2.5207080999274782
5.2911114058822237
6.2678000116702073
3.4126781656522236
3.2312969788060206
5.5122509898250724
0.4926604476391665
2.5277979470575458
0.4359339454954699
0.9887682024662164
3.9858684725269020
2.2298285930035076
2.3078356486427314
5.9799953842593920
5.8532058995514760
4.0444967583022287
3.5886085663172298
6.1200776898584452
3.8559542065979722
2.2979351784214286
4.0866832504675701
6.2158219295263866
0.4870000212953515
6.1711388611764972
2.1391468807318463
0.5945457778539626
0.5969569128112963
3.1649497785346825
5.3830221833564682
0.5989609354594114
2.9919869036428128
1.2299377850243987
2.4604954606907103
4.6181011084180739
0.6594262295117250
1.9208082099820751
6.1145585038461965
0.3071853937769157
5.7251850087698877
5.9111622620308717
6.0171477144541718
0.0661625093320072
4.6567398140305141
3.5792268185824208
2.2206942581536033
1.8022968318685673
0.6355172997665053
1.5631895915889331
0.1971625798839352
0.6558243963479407
2.4292141167981378
0.0102486207770357
5.9802660362421429
1.6028286183922018
1.7809831918028700
5.7319159747617814
5.1089696323935270
4.6981921795180233
5.5092721214338871
0.2723019636179236
1.2289213612055037
4.6412645472596044
0.3262509059185275
3.8306108514791481
1.8519099218918054
2.8877980581880780
1.9759894462148355
1.9209735890737287
6.1818864129056532
3.3790455102041559
4.6137193639557585
4.5382694905306060
6.1588324222931865
0.0995501366272885
0.8257759657810896
0.4405860520490942
5.0652604761493301
0.5767890224098533
2.0829116982435272
2.0789102035866418
0.1562039517686445
1.9067909888280488
4.9788092963029280
1.7127230696851017
0.8625229621866982
6.2718711281307957
2.5190585393734679
1.6614958618438200
2.7676577624622536
0.3375651950893119
0.5849259495576936
3.6641854515157419
1.7226847104587761
4.7514435150731540
2.4410656790884104
6.1427619795704071
2.9864864519805501
1.8917016105790110
4.5359196032379954
3.5310137881129244
2.4361927415977838
5.9564017745609572
4.5221366950635087
4.5914953670902072
1.4855721837946774
4.4380614467029584
0.6955162600920353
5.1465813079031193
5.0103766222705621
2.0728623753803976
0.7895623027358627
2.6968664941156963
5.1765760741075963
1.8091884560563389
5.3212170370181733
0.8740045536781660
4.1765899766691126
4.6683851735718500
4.6210417109353239
5.0527107435269603
5.1241622147771757
4.1644228133884251
5.5587638981828071
5.9402866137398309
1.4803361342040133
3.4039359422043498
0.3563338405053090
0.6574075533900197
2.1388482029357951
4.2669417318408316
1.3869941388535802
5.0546891932948306
1.4274517680132046
5.6897402269512956
2.1002761952787679
5.4268246433534992
2.4420588885201480
0.6993109819593739
0.4907487465103967
1.9371519312376897
4.7198287737181044
4.5248802217430031
1.3190498650961977
1.5479535027441673
5.4826611649824892
5.8425908007412239
1.9420980213280139
0.9628103663474871
0.7991245046375854
6.2495197394074475
3.4753829786629837
4.0728488329670860
3.8398306680932399
1.2628315456697310
1.5448402195961461
4.8480468826622873
0.3061080227187404
6.0721429945150067
3.8304906233774005
3.7346930971932224
2.6080742206635854
5.2581161583056186
4.8524900851869139
1.8494537216426228
3.7980591073051895
5.2711171299794941
1.3958530244551248
1.4791540257042786
2.9275525955205093
4.9289600265673430
3.7579223154469692
5.1320118068717875
2.0395365359089674
3.2825622300183874
2.3626461203208571
2.4477862804276813
4.2370663087409044
4.0036853269664920
3.7663977003314839
4.3798202388747622
2.4715922845092195
3.7462915783016735
0.0000191689790990
0.2902418934678674
6.0577974828042516
3.7536921988725624
1.0998015338712559
4.5483923201449610
4.1779429075637209
2.3806737671635645
3.5239240987887870
2.7975709793519621
2.0691536020174652
0.6571361542779677
6.1989564930576098
3.3006976034150388
3.8034525516012407
0.3292382547986711
2.8845836061543109
3.2307036421445474
0.5011676853681978
4.8452160465358691
1.9160064404735913
5.6687489038602283
2.5754947031460156
0.9298269910294604
1.7642915795903120
1.3833226433605683
3.4911615430067338
0.7160110766930490
6.1926228577185398
4.3468067686462257
0.6611800379498785
0.0452240498765827
1.4969406744752021
3.8394644903242496
0.2169512945572501
1.6777191410454426
5.0000044710288716
5.2613128465809140
0.6893421547879127
4.7009082582109762
4.9546893656080950
1.4187790734505741
0.2978752012428173
4.7423111450553961
4.5308242488341399
5.1190626589450563
4.9217847430521191
0.5793806077355169
3.4433789637963570
3.8792065080852156
0.4854808365476936
5.0946617778256211
2.2993326158441718
0.1051014480001850
0.3434507359983459
5.2359873541347373
3.8062765568156030
4.6038522043136307
4.0988120211816836
5.3307565335917220
0.8057456749898625
5.0299615682115171
2.8378689828405679
4.4869863971444062
6.2731585666371501
2.8849740120986338
3.5781838865076194
2.0637265118732291
4.6547690593171431
0.7526320541120677
3.2784050323784015
6.1859601490465295
0.7350648168254260
1.1597849712041042
3.1595123710220210
3.6451545114729407
4.3009229269434579
5.4187800110815347
5.9874817985894602
5.1862191818531276
3.8723956676366575
0.2397393285001557
4.1796420210799248
5.0147893605965770
5.5994510277987555
1.3560184927190542
5.5291756009331037
1.5035525627011761
3.9384778469143980
5.6925044110791587
4.1993599929490069
3.1238399416942584
0.6619822837137845
3.3799886607644201
6.0768790066593033
3.4644939404425452
1.5105878486008766
0.8254395401130482
0.1572474807348422
4.3225459925213707
6.2125745256129292
3.3505970179377829
5.7002423792969674
5.6971442416035840
2.9653158790190890
5.0192987016528923
0.8512341620072503
5.1517328102068554
0.5164039794188041
3.8684937305551843
0.7055282212433632
4.1853770324318420
3.0869383112921609
4.4703083438559021
3.8368168016877049
5.9487982882563575
1.0667062747129459
3.9259230026154461
2.0665465952443287
4.2940095149363318
1.2015960531735768
3.5410214799086885
2.6128715613927724
1.0539857944193494
3.5043988216998447
1.2354866351893903
3.3056745789878503
3.6956454610637004
2.0167149645513134
0.0577791955784351
2.3733832696398127
1.4386643860949309
6.0208885473935005
2.3433620395916943
5.6856021708928353
1.9188140961698006
5.4555425640747854
0.9889472382273222
1.9648549045159018
4.1388754839236856
5.1978361009407434
5.6103714041476458
3.0937202487426303
2.7627328670657891
0.7912397769874872
1.4653850020504753
1.9786073017869918
1.3722033331534276
5.9317318897257172
3.2839692921386141
5.8429953022970684
4.3378380259312612
3.2767748049626566
5.9557935518646046
5.5091414421399136
5.5416751153249439
3.7638437948250680
4.2998241032359958
5.5863035961034235
1.6072413920453186
5.6239351190674780
5.6816739574969679
0.1361261626503137
1.1715365913446651
5.0675254426495613
2.5606336119866353
4.3642600053330645
3.1891930318669961
5.0815745103133976
5.1566212352839242
3.0558704184733410
2.6125133308136887
6.2369072351093138
2.6599601790954903
4.6967532304080715
3.3215999781203580
3.1145000433311676
5.8778786033098065
5.3977283876175255
1.2623484184372278
5.1002524227184525
3.6183285571059600
0.1996004188534956
2.0601065136876850
6.2289498009984197
5.2383202845128904
3.7916743996777491
4.4743811441730834
6.1682466031541976
3.5512773382036928
4.6707810751289225
1.0091671470768209
3.8850833317547666
0.0491849384538666
5.9279956460000580
1.6449091161645735
2.6715977045987702
0.5151303233312665
3.6870879782828130
0.9417264867455774
5.2088843748246187
5.4414964165160518
1.3086203360022177
1.0594107488329669
4.0330806812577089
2.9073111061685513
5.7948089500155975
5.3990855506251112
0.0187147133605750
5.3397400553061027
2.9785677176146010
4.2364550745586191
3.9137203285256046
2.7270559018538592
0.1935959692732789
1.5744697022646923
0.4887862759741275
2.8780725232941879
3.6766005534226340
4.3955249654743653
1.5246044612997516
2.4723434947454361
4.3244820376864528
3.0030633012637313
2.3360132750763176
4.1625004536620080
0.2165579120215055
6.0941892431202982
2.6392362239439406
3.8354018955662483
4.9026059692058421
2.3467597817228167
0.0693267264026986
5.7608859478942867
0.5862638327792272
4.9689103455933035
5.4838766553705955
4.2346174979601177
3.7342819683034647
2.0809069520892152
4.6172424493159596
1.9834996295738831
0.3373875109859262
4.3832507690799458
5.6833904470560901
0.9862319577873612
2.7355791631089557
3.2309481799009543
3.4009496914974040
3.5951512484266801
4.8832147084013355
3.2967705776509586
1.6131006205865051
5.8694632523034951
5.8011931050905412
1.4885259084786222
2.8972596039253466
4.2092765339274951
6.1777748006578239
6.1075059378042260
2.5533586118016989
5.9967729351905490
3.2470538817122088
0.6090851508469088
3.3561137141690200
4.1951979032026907
0.9538369219352885
2.2248382900193833
3.5046858244194818
5.9836393938543546
4.0079998610976100
3.6176967525303483
5.9734770700410751
5.2629442839074709
3.0476042391903175
5.7891370441126124
3.3166695178466665
1.4919631572590373
6.2568442636294233
1.9190643321608014
5.6318935203174636
0.4016905052292113
4.3001798032029672
4.3693358291393691
0.7402422093045821
2.2945607106419614
2.0562665103869908
0.4509298926657437
4.0021730334895231
6.0412480135288860
5.0373168077201873
2.4966402627963618
4.5284059299235793
5.3908233290733198
1.3925216898008563
3.2346032403935636
5.5675435574840586
0.6605811128828788
0.1916365645872754
5.0192676024553018
5.4796161457556289
3.2422007963067050
5.3846500144613634
0.4179408640771178
2.4100749690777112
1.2625291766501323
3.4454890103710718
1.4961474150195411
2.4680869910564387
3.7453089892480493
1.4634571566651930
4.5092739512994227
3.4639553449086145
3.2086878381290558
4.1468755431830981
1.9580564707817809
3.5743611866787313
3.7920396338945834
5.8518041982643840
1.5664614974034718
0.7185923412884095
4.0368108446390725
5.5511519740649353
2.2120644002148766
1.3276545078606445
5.7500563419941981
0.1889080701254660
1.4577531905351520
2.4354312794299466
4.4033735315150890
2.3632923487340149
3.4532822426450975
2.2673819552861287
3.9584316421006096
1.2356021457184567
1.3755191309326902
3.2089483360623592
5.4278025501639009
0.2262439803607439
0.5841451221197986
1.2106347347072253
5.5950118885800295
4.3173927341739180
1.1729222572866456
3.3346156062712917
6.2665870156131325
5.1460979357086076
3.5347132733832112
4.3416784441892888
5.8395292408455779
2.5577346336348992
4.6898122598040253
2.7397796507665850
0.6349066273161090
6.2620359212296455
2.5611905794231746
5.7649146883270168
6.0931336165634740
3.2833875744588683
5.9464028282507382
5.9638284724731854
3.3710366552120350
0.2560163161259441
5.2769591377586131
0.8408203857062322
1.4524519427820144
0.8876068432562845
0.6238393468812988
5.5194040950847283
4.5535252970322029
6.1362794038579720
5.9314486852880348
3.9225499814116462
3.7759628154972078
4.5720189781018652
0.6680476985896578
0.1822070355371696
0.5867013700455483
2.8076958238129737
2.2733131104781124
4.1568450179740539
2.1196301201743135
4.3774545889874359
2.8947761530304779
1.3415479467213236
2.1621852873918619
5.0534695366553404
2.1035784274996097
5.3442599365874077
5.8018055650233800
5.9746915484881820
1.9845923431788479
2.9057493122162916
4.0738074342752686
2.0876857517392322
3.1524816176113255
3.6010094594764976
1.5097906857942334
2.0096464484020422
4.0192975752492277
5.2031975545511768
3.8827601792766546
6.2658753289700071
5.5201254782332549
3.0219468826444253
0.0287205381847769
4.9086622223486138
3.5010271174509535
1.9928905969101545
5.8472044472594789
4.6248925201445310
0.8464929673769465
4.6382392331652147
0.4209900784789681
3.6355322902779541
4.0733033387979365
1.2829729166572126
1.9673272796188013
0.5962687549862417
3.0139960854708248
3.4190383478786468
6.0999856316278471
0.8417570066910175
4.5493976385287755
0.9329126086448717
1.1000817743430340
2.1474949231021605
5.0643995959061350
3.9551279605784542
3.8191467642118568
2.6618865805763097
4.5409690378562511
4.8069664163259347
4.4936269614436952
4.9219679907331795
3.6607204133077698
5.0739055629638594
6.0389630117307558
2.8875740360492670
0.3681390068546719
4.5000261486764561
5.6033864431767268
2.4903647271616918
1.5240914985993230
0.9992429096321099
0.5013629511224029
5.3742870043062956
3.2742129715443080
4.8241338795555766
1.1553697940958925
5.3885639262358316
5.1706980974987307
3.3529750050909111
0.7506971099010391
3.2560792187676295
3.7504090130372343
1.0311797695125489
2.9318948017608975
0.8716235112889947
4.3270447435169119
4.3903390250512153
1.4090768288962521
0.2712193803594166
2.4383694015793846
4.7061747409321022
3.5537496416847540
3.2644540650880973
3.8107356234143568
1.4748271825617358
5.9087364176648718
5.2768476109762519
2.2401016391738517
6.0488977054575699
4.2092301589252621
4.5216971288756111
2.8951534390222458
3.7899583172583493
3.6625613470386273
0.9446719488305019
5.5271588793018953
1.3170311155334513
3.9180889619849579
2.4462240386678027
4.9878275668111600
4.3723504543062051
3.3986366273517934
4.1502365695839227
2.2489348754760705
5.9517432154771015
5.8294108337670272
0.7784240072413370
4.4834779704507017
3.1584518825071068
3.4337004607331449
3.4893591211993904
1.3986481828090744
5.6161764501056197
0.5283603107919741
2.6054709779199472
6.0358728135892772
1.7068217227270015
4.0359433955421276
2.6513778731817559
0.7651289349661342
6.0401936243646563
3.9979869817200511
5.1062658067024174
4.8415928913505999
4.4816476454552951
5.4511901941052576
0.3351684964309385
0.9203281292719662
3.6347533978206208
3.1666283858050019
3.3700716077450896
3.3112548986653945
6.0245409476443932
5.0679078025212849
1.4491037131002362
1.2537304226621451
1.3341470863519533
5.7361100071796693
0.0495836951722057
5.3080802364924029
1.3068685786587599
2.9860425389420211
3.8934178458776163
1.4918521730806809
3.2314528979923205
5.1297299216757342
3.3590772447056270
4.5381783790927095
4.1831818634958635
2.2366761540941775
3.9440722392472627
0.5419274628226437
3.7833694754491565
2.1717610663899016
0.4935250548233971
1.0791914211050475
1.2836660929182919
5.1505581308971884
3.3871352624223978
3.9880935065002268
3.7957704609901746
5.0299172947961655
5.0780887732673312
2.5348099808438018
2.7148521217805111
2.6173838375576088
5.4387325972598104
4.3990898292392782
2.8382363988306554
5.4258294902790203
3.9613791428878393
1.0743156433128089
4.1499109368075473
1.8399162384237591
4.0911110775834327
5.8826569081435078
2.8899138575883558
4.4430568879584937
1.8100577619146057
0.3766198167175919
2.1501979716090465
3.5443116349132384
2.4531726822588689
0.6364134851284138
5.8911440391315439
4.5923089429757322
2.2964194174487886
5.8266185787949079
0.0431556328996786
3.9908964414472070
4.0974256884769238
6.2276861211386594
1.9312966139813463
2.4227008543041642
1.9183138454047652
0.1414227195183764
0.4741811905834458
4.4175581144539562
3.5316514792104230
3.3017854371532667
0.9414891731947118
2.0136722320023059
2.9071079873994581
0.6189649654501643
5.0613512906237750
0.4933153142037669
1.5893806101473735
0.4052915207227507
4.0855743906534867
6.1602703328997190
5.6804530938625808
0.2458981477002292
5.1056635102176449
2.0975255417239049
1.3185170502846812
1.4715010380968021
0.1541937476723769
1.4397687234814855
4.2830562155353880
3.3235761505093189
4.7817836614404428
3.0598415645930706
3.3117592241363356
1.2691102626630635
5.2648661456874564
0.8613312739357269
2.9749461633468570
6.0091799866442566
3.0082373020116382
3.8332514697019713
1.9606703293387786
2.3680189704169265
3.3864890970694699
6.2016120096863485
5.5138031630275224
0.2544716340477483
4.2895059603271619
5.0214749216362993
5.2392185972654843
5.8667007061261014
5.4037878871989804
5.7534480686363061
5.4368568519104139
0.6396329597293844
2.0009779791620996
1.8635790400596746
2.5725333576524041
5.1191063949857565
5.1961781777359324
3.2302433950518128
2.2309753756648467
0.8343085961392299
1.9513563197535984
6.2287206148774921
5.6801401460835201
1.2543027835994476
5.6544905101076504
5.2834552802128592
5.6242177436008207
0.9352211698230242
3.8590070066607178
4.9226594000228880
0.6256039371372643
1.6471815543826656
2.2445543451510335
0.5955208180255755
2.8452762657855097
0.1966031985002870
5.8232948321815803
1.8251378515526053
4.5369196050410912
0.5861988517428202
2.1603462811452050
2.5439528546396919
3.7779204880655084
6.2544777423565394
3.7717625617739357
5.2309587408192089
3.9036691665913215
2.3961316517056792
1.8399857411891130
2.1949107068253952
4.8460328995898072
2.0562055921046825
4.4589146975068497
3.7216836019840129
4.3703851683490171
3.8888622789977076
2.0405103649019800
1.2953465064290883
3.5936872462202127
2.3351192764372697
4.8398563479549610
4.7355908600089576
1.3293749300005897
1.1405846093131864
1.2183514679745535
1.5592176848154624
4.5829317601058275
0.6050663407156777
6.1820081325175753
2.1315729867349265
2.2513668581567932
6.0527403691592632
2.0044401787734722
3.5347259012009733
5.5154499347493076
1.8912172980544499
4.6513334153973718
1.2466850456179102
2.9665190446841301
6.2343323066804022
5.9215618050023222
4.8384285398712565
5.5829881856624031
1.5465615656729825
3.7490155009269857
3.2567795563828610
5.1032139314465921
4.5954262947326576
1.3800190731528765
0.3560570018976868
0.8816417849042066
1.2833662852871033
1.7470556802561328
1.5614207851424267
1.4674777874896385
5.8446986346637289
1.7323444800198271
3.4855050450292970
5.1387193302611438
2.8256975949732190
3.3589606792577311
5.2534467278978338
3.4104815220024869
3.8142004578606596
3.0792093822822824
0.0148283520497177
6.1834907087376827
2.9105626580689798
4.5937277697149508
1.4462492147039503
3.8702784759999238
3.6032772300145308
5.2253173271102700
0.4404921930480036
2.5402765076088611
5.1396073787779732
5.2819304262225621
2.6851476198286490
3.4767006247399141
0.4191835108219489
0.8071734590328770
0.9333182940825201
0.5168613712448383
1.6219402766491444
1.0554997459235147
5.9460867977758634
2.0809841038977992
4.3734464115177456
4.4982368632020924
0.5158377443355918
5.5741913179062763
5.6723102349418193
5.6059069961282821
5.5536326299853549
0.7409020535681593
6.0908136019631893
1.5912567347526507
0.9874508044548386
3.2829085509950402
6.2532015542030628
3.8524214714540106
2.2442425958812628
3.8844316949046718
1.3361706275380416
5.2816773617869872
0.9565673663570604
0.9718866495119290
3.9760335369574995
3.0432878798343133
3.9397343007062018
4.3656262962665027
5.9946805852282603
4.2566524653840530
0.7954669570896665
0.2076644566075369
0.5714773748338654
5.7949205553266889
5.0151751240566478
4.8145119222162256
1.8264429262748521
0.3138843833387736
5.3546721404706243
1.7739576177969429
2.8023859185455220
0.2756464507872562
6.1905796722956019
2.0980611542810115
5.4060199122252666
4.6189087800543920
4.7097358142619488
2.9624482944551094
2.4374526178771427
4.4222196922034138
0.5742637468066073
3.2661872567156696
4.2983690509906216
4.3144456686212749
0.5362644630457651
4.0914610096946786
2.9880293256507660
6.1628146028294823
5.1721834523258181
5.7623927931575274
0.4322582274886373
1.7099686376860035
6.2003295113010957
4.6114920815166904
3.5545471935755057
1.0230570527849108
2.8790602525467128
1.3347764088095886
2.1002412706010332
0.5623750348793471
2.7151287952216663
5.9479230026614109
1.0945702797842181
4.0291322220609063
5.8306955121137136
2.3706970428281497
2.4204372835899464
3.5167278399604518
0.8115821748773046
1.7439374021423029
5.3335172287096499
2.6665081402929842
3.7652259653522804
2.5870749812280112
3.5639538331266079
2.3640503234166017
5.3875332836953955
2.9734599017857346
4.8212816183325424
0.0100116091441648
3.1632700449332898
6.1546272946346052
4.7603059540387891
4.0041055873296205
3.6623299371514975
5.1853548098140179
0.3403050992990234
3.4194418443221841
3.1290735541781989
1.2558119040128890
6.1768133032357477
5.1254971618896086
5.0310990814593186
5.9335288239629529
5.2753351861603939
2.7792045661621469
0.7152308283466904
2.6321802403677284
3.0792622782641050
5.5053988583821951
6.2587752767788674
5.2076334803865487
1.9758733493709839
5.7192272013078442
5.8506940346541505
0.0384251844297346
0.8681119599699507
3.0713663521561165
1.1132338107661395
4.9422268189109744
3.5582036750483259
1.7352024523255529
5.6891144826014406
5.2667001021562951
2.3959706249982018
0.3363504234620569
3.2944128351991377
5.4413541814250381
1.2886523733714750
2.8431376462426439
6.1784883510640656
3.4570066244185225
3.9376872237352440
4.2488109752232672
1.4058187534089830
3.6198369930129748
1.9613238752823883
3.1566259312622957
1.0188742278273619
4.7263602199429045
1.4635048856830526
5.0931182798295431
2.1174602021624178
2.8084879381885592
0.2985123519209057
5.4231679997405546
5.6932187897595288
1.8238761176199785
1.4138110282673586
1.2129691715504003
2.2513188202912344
4.2181037194715030
4.1167182337326258
0.5866496417092525
0.8806940778110096
4.5434038424699592
2.4186702127617634
4.9059580160391381
3.9331684979331039
0.5268515266466166
1.5600638432138016
1.0308340501037510
3.6541270129684684
6.1884087149563172
2.3472769824526902
4.2337641416956213
5.4255308522548793
5.0486451230105542
4.2985867860337139
2.1305070705762432
4.6847968020531567
4.9639110189854447
2.6039954029111105
2.7429070764893111
1.6333102779768487
1.9210455602317629
0.4882610191574402
0.4827892920650228
1.6958609948379775
0.8561428047900843
1.5037298310026619
2.7576281411066934
4.9668095194500372
3.9337315597285540
3.2410224145308368
0.6228435842768691
3.8160001274689477
5.5951902206247492
1.0170050848202943
3.1838468353229081
3.4656006992398400
3.3168695392027603
5.9379678166527263
2.0118522973117829
4.9915935104506390
0.0112415050399296
1.8325643953785657
6.1037006101137496
6.1777860621377627
1.9974516080224878
3.2689197185435948
3.6038426919836941
2.9007329663644450
2.9119538790074704
1.9201003460506723
5.7163496586312146
4.9307936643616790
0.4121203389573824
2.0429398610094478
1.8628022200710481
4.3814073848263684
3.5732931326669135
2.0780495648336959
0.2728747587123470
1.8904209898458315
3.1756488854757712
4.2330497763554664
5.1882251725505464
0.6743690577649003
0.6261197993010152
3.0581556212262151
0.8187187266890738
1.4352515301117876
0.1279867231026796
0.4964890912037727
6.2568517215796726
0.8116712406998471
3.8844862198389594
5.6233486769305268
0.7429238923171387
5.5891582812597456
3.7406241417237629
0.9269615611134111
4.8585384833586485
3.0391187720643624
1.5171131315103368
2.4300770416566011
2.4183005545817369
0.6673055409003584
0.3749828385697025
5.7122737340566898
0.1141388042422890
0.4309327005991327
0.8487199726963287
4.5302341544789861
5.3749306873023235
1.9567321028326428
1.6782211828331624
6.1656236301020195
1.1405391621032639
1.8362607960336030
3.2189737835399499
3.9653043932815426
1.5573871124007626
1.2011511683395797
0.3893786576173860
5.9320716982580208
2.7095648264280618
4.7979416763406064
2.4034839695830925
3.1496777118543715
4.2617690441472051
3.2235039044406277
1.6251042742184334
3.8083658113949017
1.5938567387018465
1.8252314809822465
2.7284486695613710
4.8019063176553818
1.7294158032850402
1.5436747562009061
0.3517214121713579
5.4755425264600683
0.2264811939115749
3.3077009940637958
5.3257487662865275
6.2604594844671215
2.9117107904825419
3.6974758456409211
1.7990135643608758
5.1518980437022801
5.4093839430415356
1.7419112545975113
5.5812133456556676
1.1349600326929981
2.8165500634130378
3.9440138104091291
4.5060626696629802
3.1416575273338774
2.0523114866949270
2.4264150682345109
1.0734369822854701
2.4509923558408673
3.3565408397446719
1.3287680058582794
0.9789940806453229
2.0924164415119852
2.4401255550900705
2.3351280011287989
1.3909356731297906
5.4555587547484699
3.1456606848731159
4.2162409980087254
5.9409790739206336
0.7689071818471539
1.2442759160885268
3.4703068094246330
2.9517042746595190
4.0074117567252907
3.7721225033115413
4.1623166125835178
2.3357464868465785
3.3739228296511410
4.5847159119945289
0.6426630416988038
0.3264584541111521
4.5085368707547584
0.0564294689894126
5.5265868881573477
5.5671487344150599
3.5339493184242965
4.6326370529045180
4.3525178325320564
0.6471869535551296
1.8993454538418701
4.2621426360863310
4.6134725337302056
0.4694909141826500
1.7021576083045489
2.1713358457645335
4.9949167366727805
4.6451570669439928
3.1911314468521326
4.1100725586647080
3.2701928612934150
4.9977399862147482
2.1608137309319440
0.6166443019849162
5.8874894871382457
1.7597637938780766
6.2209536882447161
0.7290847131711697
1.7240824493830169
1.2507112149565069
3.0641541433685893
1.1488261448279233
3.9688845213160335
3.7603342407694971
2.7859782520625136
4.5928185779909594
4.1794053372639466
0.5897103040771111
1.7284197528753786
1.5296679826377027
1.4960008707014996
2.8504944761747937
1.7624885281234672
2.5515950756716306
0.0952074825674468
3.0166910407903385
2.6488924099015132
0.4064959876572450
4.4398725963725933
5.2672644476159753
0.6729689094344011
5.7684340814428712
5.8131424198997275
6.1325748903003401
1.6438577729425403
6.1562074205833142
2.6396139743267022
4.7089643948585733
4.0644030609208555
1.6233419911841938
1.7372289891463322
6.0416757666448504
2.6729695766399209
3.7339177924357974
5.4173887672796024
2.7023522100433377
5.0789539882949466
1.7549193772737268
4.7163167110859856
6.1843369449597372
5.8381521400782983
4.1120777865664078
0.7272298016102292
1.8096585378315668
5.8412525332071850
5.0097903972489020
6.1305399318389497
1.4213245632538269
1.9984707100158572
0.7416204498294424
1.2559187530355962
1.3501529423972527
1.4419558580261571
5.9268779975723067
5.8237060738699142
1.7873350023296577
1.1718879045778299
5.0592389391278507
4.4639440285012633
2.9703071841224569
4.4937374948120965
3.9913894330530684
2.0998052002877667
3.3726544141661527
0.9141414639765145
0.4236294478688956
5.4830266778296100
5.3630553294761238
1.7864183033753036
4.0950313705260672
0.6499368319555133
5.2164095749660975
1.0984406450579913
4.0056150633049912
3.6022410936639311
2.9362454285967274
3.5698426918029487
4.8118825520217019
1.2990244901095411
4.8075275114841700
3.7077496321286314
3.1574045997731894
1.5344127799382663
1.9477338752763103
5.5168335117155527
3.7977414317094431
1.7926491794857038
5.9935362739153710
4.7931332790147101
2.3569532174400107
5.7615513748226856
0.5148538872692136
5.0090554914942471
2.7702501994081126
0.0593481267404602
3.2411714641522544
6.0694708762715779
3.6621876355877228
2.5965365527910027
4.7829011943394466
2.8715493130051710
1.5219627798805528
0.8759534559292372
3.7734430020979870
5.8206105233106840
4.6369744503418984
4.1390539870621961
5.4784872244340992
5.6479258615209984
0.5985771606989926
6.0720873523487535
3.7664378417705358
5.9125616021766607
2.3934820400762935
1.1631111713977620
5.5313968826173463
3.4210489551102170
4.8205228014020394
1.0580472087508297
0.9261869085048432
2.2639021403870072
3.1784945052800615
5.9615793119399250
4.0475369853335819
4.7207398143720898
5.6365785929591032
2.9905987243262673
5.8043621647472010
5.6471397584223784
3.4326736474378290
2.5541815703039852
4.5187942141155375
2.4732146319440713
5.5785854338780752
4.3636748589316587
5.2351816474771571
1.0145910598608652
1.6997504252152107
4.0165263372074005
2.1226728504549381
1.8921510287272560
5.8632902229224211
1.2542791243758564
5.8162342627462653
0.3439408088880326
2.3949612052680944
5.2308531577762558
1.4869309438241243
1.8125219213202313
5.4663775761733460
4.3254215438921939
0.0176475549139001
4.3677727038876943
3.6972463621840856
2.4062280249852743
4.1960862636058875
2.5031375437310048
4.9067973027707961
5.5169572467175882
2.8716726133056172
3.6342654394722449
2.3470010119143252
0.3697308709855167
2.7979673665072329
5.1344766882539750
5.1694294574063289
3.7218589780067428
3.9136215654100748
1.4956125969541751
3.3324847971555842
4.5990072232805996
2.8783219204526365
0.7915080067929399
0.4032858696738736
5.0205591710841340
0.9079433268249908
4.5212749497721862
3.9146127206157817
0.9293119234812373
2.5612490495717006
3.7838361345483347
5.2452392440549032
1.5575254935243024
3.8655329819655271
0.0447488641223593
2.6578480886596085
1.2210416207037471
0.0448087414783631
2.7126344464085093
2.3125798678088123
1.8002567684048303
4.1499950258333040
0.4844898807162552
5.6798949806735619
5.0245938115356132
4.6129999355849431
1.8602829181607761
1.5803176305986215
1.6650146657490377
5.3476011926679581
4.6969727180584666
5.0053239055504086
0.8902280658859278
5.9186670314756071
1.3363101871810434
5.5617803225765785
1.8874339597166208
5.7072897103005156
5.8598690012773176
3.9442302358106702
2.4102743787589933
3.4673817280644892
1.2386608781381978
2.1387937109204715
5.5236775739909270
0.7894850316032345
1.3038503544608440
6.1968776852421259
2.0114445554767495
4.6843165132771531
0.8838506519967015
0.9950804725305618
2.8870093330108646
2.7883855354946623
4.1185173122252694
0.9066153223151112
5.3426859444037298
1.2474768975924089
5.2788190774533987
3.7497234925662166
4.5057925780117527
3.3093813381274950
0.5398696813356268
0.1180774736901584
3.5638064944629702
1.4833252749482220
5.1526916951300228
2.2415330542281944
1.9173344634184255
1.7578031955934439
4.3619413129678621
3.5459395823401456
0.4207396574334941
1.9254690161485462
1.2450347929305698
0.2013653293721916
6.0917926063471377
1.1084743736041081
4.0338456911967917
5.8601595002255271
0.3602198807052579
4.9104642260160984
3.5427442246537728
5.1614182624214262
5.6336521066735381
0.1663907103138951
0.5326782557384930
5.6793419646143590
1.9398079519832985
1.9913787945089274
5.9792832860663054
0.9651153267237864
1.9615621037941440
4.1608585648036165
1.8634269818376905
1.3941702609002833
2.6461912129027985
3.9968652175812389
4.1986858709539829
2.4358514744471593
0.9046123866926552
5.3291308242381152
0.8281590810382566
5.3513976149401268
1.8312418752015176
1.0176406094551311
5.2276857186397585
0.1325580671242285
4.7690013057640481
1.1980567763585086
0.6961369482111324
1.7642598615951737
0.7706112809019084
0.6997824562968780
0.3262796768239224
5.5205317116899177
0.7923199413155744
1.2747117555803571
5.1854283447541443
1.7818908894926313
2.2789377838585163
4.1068062051094918
2.9391517187221621
4.0913347384570917
5.1133658294596405
0.9528161229541825
0.9617779157222438
2.3866837931718918
0.3529795185403278
2.0203362805728364
2.4356818628516157
5.6642404172175445
3.7505108721172244
4.7766358146407617
3.9745698309748909
1.7581127683544842
3.5957192268392388
6.2720908374110289
0.6140951736178655
1.8176703219151065
3.8746880776418799
1.4000699798860086
5.3331492365320319
4.5521155885396851
0.3280280244479830
2.0997829611094883
2.4576170848042223
1.5082370131011698
6.1428521413747852
4.8457563674659578
5.8257352833494105
2.1167800527338065
5.9620389113787615
5.4450428625810678
5.9370379926070571
0.8132750045857058
5.7867767834535071
1.0186518173879968
2.2784576381432147
4.7737223859543612
2.2752247166458832
4.7226329229237427
3.1356919335541313
4.7348724569516030
3.5081731295854506
0.3162453076676500
2.7151114670427883
0.4200239211395294
5.8446336353246577
3.8323206201001301
5.6757741733243021
2.3736223774755474
3.1927940403035477
4.3124677754807470
2.6626927676186445
2.1027939969128506
6.0004748495981106
3.7932251301267272
0.8619467284509662
4.2507423068785224
5.9910887378333566
0.8527862401055130
6.0579213329988830
1.6243852164932382
2.7071419924379985
2.3274195353477971
6.0347698816497335
3.4788802968704085
3.9151635596212069
3.5205683645538897
6.2634240790691722
2.3400031435839721
5.6224788488240360
5.0460077895316564
2.2049141424923455
2.3157530741209853
3.2297718645496101
1.7365399779754016
1.0077584287975143
1.3220176793379543
3.1577422531499453
4.0814823377562508
0.2608118609630924
0.2290441112497277
2.2457501922943912
4.0925289656897945
1.8252048356335984
3.2029252053894401
1.5654106890812598
6.1746886139946193
0.2164965659314436
0.1309725050061984
2.9465966294086048
0.4547496566332455
2.3530298469701547
5.4861902869653481
4.8233788651797660
0.2667859434859864
4.0610058570768386
3.7997629673373594
5.7156090918804585
2.4737053504707327
1.6938334538659112
3.0372325400664235
0.6066604939159457
2.6172451700805981
3.5638191128358754
3.7795416988361614
4.4698990993967822
5.6785131769625128
0.4172623680023124
3.2769005065424430
1.8318646398650400
0.4910904178404147
4.8393103729325739
4.6434851236939574
3.6242985810687038
2.6390479980631127
3.2470505360869120
5.5363203774318368
