5.3591837909259272
0.4989645366698198
3.8518518476981773
0.5882174890113308
4.0213690103786792
2.8744162126007038
0.3692170729507228
3.7532958170254407
2.9184006774109257
5.2963828090772784
1.5920125046219822
1.4640380008673988
2.8366747746298562
6.2319904026287611
4.3994693386362869
1.0402200427878407
3.7018726810797782
3.3623468770421181
4.8676767773883718
4.7449086512259155
3.6383024916616393
1.5800449803587455
3.1095126651910503
1.6908780003774726
1.5618076258918510
1.5647259019511519
3.9809583449668606
0.8595258786703481
4.8814958563096331
4.6015333836168955
6.1572326956057033
1.4902761260088293
5.4777473482887364
0.4299117360130190
2.7017109801554025
5.0434663985411037
5.1204407397950780
5.7738376566624900
0.8610476122431578
1.3944456302047934
3.2700117505255548
1.2797810472574167
2.2671483727155120
5.7187413092465995
0.1766926759129463
1.4764652709565831
5.1841323429469917
4.9205563911327523
1.4575229193435706
0.0447754360103158
2.9807701464932972
0.6040136595181147
3.7977992277009984
3.5908337079574495
1.2958133223069084
1.5459289010336117
4.7061762271408378
4.8358126875213054
5.5249164018504198
2.2628940856998518
1.8584667711864467
6.0087175429772071
0.8324121406846010
0.0636779340373123
0.5484361328770252
1.8862489989994908
3.4930078149808699
5.9515458000286694
1.5852546911429481
4.3898723347557569
2.3489737091647274
1.0099872872656810
0.5909400445501262
6.0265103815478023
1.4537122182549258
0.9439120671700540
5.2040258853332073
0.7987612629469073
1.4896233102861796
0.5981598989688738
3.5428904526092557
4.8058191563173605
6.2689783398645522
3.7742843837104951
0.6258836877181302
6.2756166126828923
5.3522724013446430
0.3606480642745499
2.7152251797368527
3.3855075031054551
4.7618792782152282
3.8486513200111903
5.1824687136620105
4.9697776806043921
0.9796897164613656
3.1468021432204925
4.7420103082461980
2.5789387562509565
0.8356945929654652
2.7736598796588567
1.3833408999512413
1.8515609521878797
4.4418921339043198
4.8688317657153419
2.8456019515016706
5.1119504991137230
5.0281468672422820
5.6823418130968841
2.6160009592818381
4.5338275422595800
3.7337166416441221
0.0305606633919625
3.2204370989712889
2.4276539010451255
3.0830086522254097
2.5930076111526268
5.6800908311259315
0.8490675253002449
3.9079408752862350
3.2561547063359044
5.2841130768873690
1.9510301438223852
4.8912550010124018
0.9675967493203829
2.1275769402200702
4.1694196737473623
5.2912582805816397
3.0957787923662230
3.1127485541471906
2.0099981260652209
2.3605762957692762
5.3755547242749095
3.6273172854641835
4.5112011589663110
4.4909086248195695
5.8172965168242206
4.7326562203470379
2.3474087580848044
2.3702345373430376
4.1696363189773615
4.7216246231045078
2.4535552175385749
1.5092672748388336
1.9927580571732493
5.2801765248300843
2.8359635160322467
5.7492204083147440
1.8462282752282655
6.0325424816369839
2.5810678255999484
1.5962395010394994
1.5885422507979179
0.3454951165259307
5.9945656793647144
0.8604375323043122
3.1092699639236785
3.3140839852608073
3.6739391864048399
3.1862335675117617
3.0957855233012284
0.5516382171694281
0.5772491666244524
2.8294860880478709
2.5098900969110387
0.5111596580016713
5.3665782343371591
4.4965525479978332
0.1462697200007151
1.1090873809935595
2.0825435772178156
3.6042074654992411
3.6647500901224848
6.2675876242158504
5.7450567572788920
3.9000017583374866
2.4568961401953953
5.3523277372271059
1.7334287929751708
2.5215890468706825
6.0990061768292847
2.0836588171448391
2.3705213912021947
0.0797483924101421
2.5504042055947576
1.2411386856198114
3.1207045989597804
3.9291297287776774
3.9546632605095251
5.0356479910170782
2.7922612962348219
2.5722752646866800
6.0126012195817236
3.5834623296579129
3.9787910126543040
5.2859033816579819
0.3771334641345279
2.0194759381575071
3.6527761607689717
0.9156585375626983
4.0595205621480126
0.6369051476631242
5.2242034473262082
1.2996496811682225
1.1955612558822382
6.0926922098721823
5.1512325843490254
5.4694925158689003
0.4845648409180925
6.0786109779908264
1.9633178023859028
5.3315214159783562
3.7803238785889022
2.9789404308948932
4.0650848195679075
0.2243529845971372
4.0322222121529165
0.9552044361029735
1.7804842755692769
5.0858998016255068
5.7618370711072329
0.2005206608490987
5.9285762021070925
1.4971792164984521
5.7492581058051000
1.1690293603420701
5.6679028608114050
1.7099004905882049
2.3054301158317676
1.1137086672654393
5.0790085800036451
2.2150917048482412
0.7337949452003634
0.2550464921894919
4.8530850443016655
4.9665074776769282
3.6587215323279092
0.5194461523068428
2.6211525777081568
1.2764185343004135
0.6250872612290149
3.4881758059791856
0.9091781434796040
4.2830882531013028
2.9619501062044669
3.3604440613044737
5.6606685038488775
1.9105782959934849
0.0487945388417539
5.9301305226198160
4.1855565234502237
5.4877564510207115
5.5777445605156561
2.3888849342087441
0.5399271650302209
0.5378078861518489
4.5421319325987870
5.3744992297238570
0.4448320176148775
4.2021458661643294
6.2441905411960041
0.0141529406531484
3.4615649065522929
5.0533396318373107
3.7857385612175491
2.1066883091013771
5.7706436186416248
0.5996482578388271
3.3331943922218792
5.0201590023904341
0.6249904984415640
5.7372191999435511
6.1285327402673344
1.0899527523512331
3.1706730372262806
2.3781780165892221
0.9087045721841555
1.3662673252493653
0.3720176921020173
5.5588857402406724
2.0891776834470139
2.4962049730400633
3.2292085309309422
3.6957556938686662
1.0381080980172337
4.2500346837368266
1.9772570057984786
0.9415833505101783
3.4444125736041502
5.4974611922253676
1.7885044723211929
6.1945223316526841
3.9874202540563397
4.4156506223799621
1.7670408897761436
4.9012119389882205
0.0376377696945101
3.8794433194282600
5.7082751723206737
5.7418254152889316
4.8919690149123278
1.5858065250219133
0.9250564530895322
4.4324142841531211
4.1441678019981936
1.3483433749070552
1.1528147972360760
0.6955113285303247
3.4521520212145473
3.2727382666328770
0.1440939463305857
6.2181625624125303
0.0601723336647645
4.3378741362958433
4.4568873170191941
5.8373770002745244
3.2469741262430225
3.3405694896175482
5.7406903693061393
2.0442320372676326
3.3031580740734894
1.6972234737929115
1.2975923397695748
3.3120608285278452
3.5336755836962181
4.1664301230836607
0.1565833751278930
1.6942354717046300
5.5279427648318951
4.0970496021195686
4.3690960172272577
5.2666097834267989
2.1690220988174760
6.1669525721928977
4.1428925194308004
5.2883774277184772
0.3094819986827174
5.8371937145556920
0.3166816837560860
0.1122462335601189
0.4675834814905198
5.3754456412554878
5.1837857979245907
4.5970573295193526
1.9697041302992577
1.7557504993630348
4.8444029586828607
3.1511425055833868
1.0903149602431030
1.4305947930123590
3.2405611606096101
3.5710445487217717
2.6402758095428625
0.1940749068937212
5.7083040591045426
1.8056061553721974
5.5824463193094109
4.5215685550835030
2.7588622750691925
0.5617381310929511
4.9165776604914777
1.0947632146355517
0.8218776577719641
5.5645850662896192
2.5986560577233973
5.5485492130715137
0.5385806262238770
2.7534516119875283
1.3226477733544042
5.1949740351824083
2.1024853366751213
1.6837855769203465
6.0160764906115460
0.4317661002631638
1.9193886365842958
2.2462660193839565
5.7187672337174433
0.1847662494804020
4.1084807000643870
4.1623059774311812
4.1050399666371131
5.3335458637329216
4.0730033126258922
3.9684955852867705
4.8393092048054509
0.4231720904611699
1.8529286196592281
1.8089886936048347
3.1408702241368549
6.2478285109328073
3.9118126855588375
1.8059463317716531
1.7062197630588043
1.7309681843264322
3.3636361766199263
3.5742022034735479
4.5294584924874650
2.3454559462263718
4.2666350660413990
0.2584406955062809
2.8306348032698070
5.6093457021297546
1.7288137091345357
0.7931016287685168
0.5930372091950907
5.1001825028141408
0.7549549179498987
1.7260026098274799
4.1463192770487307
1.7653065722384254
0.2074425904572618
0.0793622364866453
6.0648177764740963
2.7245750626654481
3.3521097302946190
4.9117169677347068
3.8540500677722105
1.7712903376857492
4.5283959302663011
1.6296689007425775
6.0135254480422597
3.9901459163924473
2.1376624018138255
1.6106670313199294
3.8346437554526873
2.9478370550379633
0.5272496106841686
3.6412141899319601
0.9560658883110922
3.0688145560576023
6.1304599106569286
3.9814537410020954
1.2968497096142797
4.8783405699063955
1.9377385098525446
3.0672894749822350
5.3386066806104644
1.2187249048648989
0.4458444156684584
1.7506076514336972
1.5353725356644721
0.9164740840904051
2.3120807232290979
0.7657781343694305
5.0924794579493593
3.9454807704723582
2.6331558888991218
4.2722014436985356
4.8925928186389482
3.7671006969416938
0.1704873267099332
4.1721783451738323
3.6574783873606620
5.3967072619178111
5.8632244624583389
1.4995451515924385
5.9807134837844771
5.1609384175955402
0.0839304394876449
1.3185423202586060
3.6244315762952772
5.2447550528589000
4.7631551251368123
0.0281331665670395
5.7753283459777522
2.1863326876233211
1.5147902926418271
2.2642760956032735
5.7320763892862558
1.0064116949200073
3.8380852615832852
0.7137017413089458
1.5357050951184883
4.2001360405800172
2.2038836905831420
1.3716127232035511
1.6082797171709531
4.9635341437603522
3.3058096495824234
2.9523386061646599
4.1245987444153931
5.0649005665543427
1.4116563335193086
5.1304431741604191
5.6776463612303401
4.7714665543829611
0.7262278057494538
2.0524013296616452
1.5079866836177354
1.3766083374015474
3.2260551935873552
1.2746059777351371
6.2136254402174966
1.4381610870422532
1.8447345528118897
4.9250085314426810
3.4703847849893372
1.2563122442130239
5.3005013673259276
1.5091611762245589
4.8935058338531254
4.0314503085990294
3.0420480236746541
3.9489808896815513
5.1223142908337138
3.9832008975154882
6.0372039501170383
4.8969475039939949
1.4825612305225269
5.4132578726031326
5.8469703927297125
1.8992531203753509
0.0422586459476612
2.2968819030686483
3.0262031126009794
4.6635800364266222
2.8607594445114191
2.2659205621451184
0.8783403314557774
2.7358624159336351
5.1984912521859048
0.8343080209533983
0.2150848897159145
2.0294533589292993
2.9638660776494850
5.8757460281117675
0.8516812633932291
5.8256521304028901
3.5429512972562418
3.1959345679768330
0.7586161135323999
0.9973350620665441
1.1618293849786414
3.8965786573381651
3.5234133875253564
0.4508965100811911
4.7927743825055469
4.6412167076021200
2.9346041223843660
1.7927749569795468
2.6826734001542558
0.4797582422944187
0.5132956392549767
5.4299947677231595
5.1508084786444330
1.7017310196978763
0.2585725425162013
5.5510330102234651
5.2638685306068043
0.2653567071656973
0.1477548428922714
1.7039261727799146
2.0204938429951680
3.5389280521155424
6.2732365087990818
3.9919928752610061
2.7478691109010787
3.6840735823514610
2.8308109833251067
5.5261634532691701
1.9994564567491424
3.8674887177579196
1.1208954182410029
3.9920022439823968
5.2693256323535946
1.6287139119276670
2.7452294545100560
3.1871941883812323
0.5864548574970265
3.1724113447643445
5.9751341052211782
5.3864635746849201
5.5151341362667390
6.2514908778623637
5.3267666253400368
0.3145416007203143
3.6450547861027491
4.9808178684890496
5.5656567034196760
3.4389967154782428
3.1269233790605298
0.1843839566467944
0.6266883400742628
6.1927461324387281
5.5007046369672956
4.4395974435175516
5.9848657351544050
0.8919226394832748
2.1313507521263140
5.2640924301312184
1.2551069210202883
1.5886446900497775
0.1492637164577807
2.9064518388701419
3.4675484605873548
3.0764830255724380
5.0100005438388635
2.5710606319244413
1.8344829535486704
1.2007848608183584
2.7521931924984608
4.7564555377998978
2.7303510172011123
1.4215221069248227
4.2535323044130848
4.1623336540777469
0.4634462781322696
5.5986557478993380
5.4652080920067867
2.6553376295053228
4.5245973969433075
2.6452445761406485
3.0646047603591362
1.1232200477591372
3.9499265368759491
2.7739410603325205
1.9036940819567871
6.0010862187278109
3.7025560470817012
2.5156948113315414
4.1606337064198717
0.9829311273265768
3.1528529632073181
1.4784587961598106
5.0398006965018913
3.5077827433050528
1.0796292900639120
2.1134472483268429
0.7939231481381936
4.7624500461105503
4.4913639796856684
5.5876538701738241
5.6294626865201600
2.4671597983163256
5.7063717030276884
0.8302802818581905
4.2087323409859660
4.8245543325486206
0.7773571561522381
1.4386406577094579
3.0287468122098984
0.8445459784669296
2.3783596392418440
3.8975036260435756
3.8916011316883394
0.1582072373813536
5.0158864343310343
1.3876864512841802
1.4339238590204808
5.4915889248749696
5.0680692519202575
2.4461374914653646
0.4800233887204722
4.3765157256192779
4.5484307647520801
3.9948480764651673
3.1763220874098899
2.1365115081129686
2.4832126463093953
4.8815459290784435
5.1089191032732595
3.6773389742160569
2.0291350564227906
3.7499534347009127
5.6605359560169299
1.1520348375734240
0.3121333043995708
3.9264019542364430
0.7748132819766991
5.3087362356227823
2.5946065058226155
6.1305838139738773
3.6442894778430199
3.0082019107503188
4.7351778098393487
0.7151346943823396
2.9476146295591676
5.6310015641581819
3.8060112795488381
4.4932965121144450
3.5856457455309765
1.1333573291824675
2.2111300967672385
2.4235512132211867
2.0838428345131077
2.4608998154709711
0.6835206025050417
3.7942103982443549
0.4535627129608620
2.9942825026070174
0.6647325202576299
1.5278263768863318
6.1113745520286722
3.4947092309500225
1.4547300710022568
0.9522964109149725
4.9452690944000262
0.5351381496835272
3.7278429058828770
4.5273079154233820
0.1406667213213680
2.3572530090612824
5.7323859695372033
5.6053112050670890
5.8116295932656250
1.7373660634702612
3.6850193346278659
1.4160254180786114
2.9439327704178666
2.2356360780074507
2.7132889378501233
5.4906098632784692
2.1278270527158578
4.4442164852347270
4.8801650439030038
5.0976090007297774
4.1909463059716838
5.7638113011523338
4.8286121878149668
1.9561824308932527
3.8737322828261482
4.6784165987848887
4.4982755824873726
6.0150014761945387
5.4411788325018664
3.1689226917226101
2.3864815360019511
3.3800232126385472
4.1952777079647054
0.1318515990894818
2.5359433848492721
5.7630917467515621
4.4040734524453971
2.0964181979495344
1.5032160258548681
3.7153800150184706
3.0576697010376774
2.0977066468366248
2.2066317187139379
5.0843516626349663
3.6590628410494128
2.2218319387303156
5.9328074641697901
5.7871959658726864
5.0593209025349255
3.8354821897329399
2.0549716393327699
0.3306023150579976
1.3991841576368966
3.5340554132039985
0.8739337003488794
3.8996703281120610
5.2002815576485180
4.3105479700916183
1.1273575423355553
3.2125068413636253
5.6579433618048860
2.5367364463009507
1.4679478082727875
4.8511857099431133
1.1123003456688252
2.5476052377101963
1.3615920467940581
0.3232840106565812
1.0783998994009396
2.4450458009091314
1.9363237281593004
3.3015806708994484
4.2169682221051605
0.8213523100765527
4.9232455987143791
3.8743481598296454
5.6364534901382308
2.1930505999903263
6.2292133113437469
5.6905972842627204
2.8681319420084908
4.8025501057720570
2.5344786383840163
1.7549304614501606
3.9228480953614016
3.2501916029923583
1.8189288460724771
1.7843828698803548
4.7854379432033074
0.4450608005769353
2.6530751309521596
1.7314444819482180
3.7895771714562216
2.6174924186045643
5.7868949467616604
4.8582002510270286
3.4906667882054956
1.9880440232700682
5.7027124640050006
2.0399223460190612
1.8657509160535786
4.4162137284694909
1.2406111964660300
5.9752480569609991
5.0796614513777225
5.2283068819399157
0.7513736810139412
0.5032990387109538
2.4827114858689692
3.5614062368510702
0.3201060524968511
0.6079109435980347
5.2834253943905738
1.0523810826805413
1.8007364045536354
2.8355858802621237
0.1470243025488865
0.6072606877958726
1.2390089830540523
4.1115989945224847
1.5758639905092824
3.9917033233046610
3.0848549220409365
5.4277638991937565
3.4166068300526051
2.8592509687305463
2.3037246127612181
6.1155133494279754
5.5642999649794023
3.4644174172983639
3.5076980694035838
1.1495165313163693
4.3101807266116836
4.7331225838920474
0.4828433909827860
4.9978658756415033
3.4352809673721114
1.6467714148098298
1.1714684004986993
2.0302110855984377
1.3708732769954484
3.0879166631222854
0.7389447948438980
3.4701547608148973
1.4836140971870522
2.1417413249948338
3.2348199011624725
4.8097446152606356
2.2688148976253109
2.1185611855613478
0.4587463565495500
6.1390430095627231
5.0274072036831674
3.5984111372533367
2.0502256422170424
4.0449031058096265
5.7221489198409676
2.2496276737138468
1.1856918700174224
0.4591350883711428
2.1016447259543116
5.1583882634082201
3.9668713134721978
0.3304701090516734
2.7346489889290218
0.0028269564976009
0.8999149649193509
1.8130694079716227
3.8054860637872538
5.1739977743461063
1.1082627644177161
0.5192012905356777
0.9437913662382659
0.3459409129020162
4.9015672895306039
4.4207389398090999
2.5173474140079777
1.5186814702903138
5.7058666907615239
2.7218227890548161
0.1016162380957446
4.0459763907695310
3.8074608022802212
1.4082944485620188
2.1719952301679144
1.9864134277708374
2.6445389521534866
1.4028362409368562
3.4100803773108428
5.5039442486528900
5.3565347925721642
5.7556843327717830
2.6579455217968881
4.9715879961554563
1.4962603832985044
3.8298248433775206
2.9032286371468521
3.2629752864342749
0.8070664842742592
3.7954910880238826
0.4637043038569307
3.1214780182263668
5.0383061796088393
5.2528837258818406
0.7438072528078414
3.0230138609759614
0.4348384255835792
1.0170373831184976
4.6470589088039436
1.9002701961586461
4.9518729788825153
0.8372912190512066
3.6777176435845829
4.5332255865513380
5.3414060111855353
2.5389194947158416
5.6842172456203439
1.7283479962374040
4.1039668380864436
2.0485254811999787
5.5919140988352680
2.7576976537456854
2.3520506773087679
4.1945912418171529
0.1753639812527134
1.1810194184862233
4.6396848974349423
1.9488197153180145
1.5309234226670452
4.5613342415934746
3.5173158445533907
2.0720396265213936
5.1269935685306409
5.2260943733439973
0.4779250841309302
4.1743107156418304
5.1773227720482087
0.5823376090911297
5.9268960131442068
5.0954368173254165
2.9491048935284385
4.4736545291273639
4.2960549976251885
1.0435072863420369
2.2669685271981339
2.0484285531032946
5.6068155909967601
6.0763241459747466
4.8233605353447411
0.3028486474378368
4.0730425381802293
3.6919422560011292
0.6351632378895083
1.2277506551412061
2.1611126459307597
6.2443847330606497
2.3090373108369469
3.9442759159321192
2.6448166380540163
3.4364092192214994
3.7758413019294412
2.3783870555832149
4.9264041015622766
1.2609257104415530
2.7467345703367871
1.9214641162327630
3.8913435111485057
1.5537337774552533
4.6365735178843215
2.4364030592695545
3.3514289917162148
1.9819569496486555
5.6083146119539844
5.1636222346189671
2.7485070316171649
5.9002022599690012
3.9844546331795558
4.6275676240028805
5.8940130935164916
5.1431905041126615
2.2297473194159290
4.9853435341888677
6.0344562709185166
5.1368785321643786
5.9828514879705823
4.3720064928418561
4.0928300023477044
1.0665186270535894
3.6364551264226841
1.0456422539919121
3.3550639611952771
4.9609217374332450
3.6351373093369910
3.1981606946543129
1.8472802733066394
4.6499828502053164
2.9653959060390478
2.8314216480457910
0.2533691784250378
5.5235861293524753
5.3301362469183111
2.7454114900967785
0.6855035800949637
4.2586817665964007
0.9297321450002766
5.7553538597458633
4.6286257514160836
5.3326662692109030
2.9079723358629979
4.1130154901092437
4.8291072291606287
0.6249447562117222
5.9747487531652572
3.0889494567618172
0.7618705517069800
4.7823559709681049
3.6627376161654892
1.5343950501509904
3.8669084966440930
3.6854906560956331
0.0073578301788093
5.8170609413464485
6.0300284598862746
3.1094676981460441
0.6842091967194937
4.9090650278285981
4.6583713902042243
0.0887881570677950
5.3870891217168335
6.0346048974627262
0.3894069380890001
3.2006756362544393
5.1330392624122441
0.1892612391104183
5.9632389008639413
3.3594981771129726
1.5070761644542059
1.7509357866596686
5.1547607243665707
2.8427106772113455
3.6248647679722641
2.9624595507584326
2.9211530178916876
6.2720638847601009
3.4433250081375082
1.8931339176436928
0.5635996677973164
2.8725044597856084
6.1463041726332746
0.6624749989531213
4.2423107735164018
1.0260756874306358
2.2076838219720298
5.2686412854121709
3.3771878052308080
1.3798280078900820
4.5745964281422529
5.3279225404860240
5.9577535369032768
4.3694088400544580
1.2157110196607768
4.9666812241755300
2.9000134298379727
0.3109293578887220
5.5135529397576670
6.1520643595769631
1.7437436488277698
5.3127325538961383
3.9950468708156812
0.1150927765453271
2.4238739214746463
0.8436944133437196
0.1655011409529804
1.9839064428765161
2.1986290070420957
1.6376703222330060
0.4663822008581611
1.0618886976746507
3.1953068180037856
4.8779349208071370
1.2066853200910985
0.3068255341369636
3.8134107668816215
4.3358568291712345
4.6619987776927889
3.7286990329154133
0.3142781488855287
0.9016861697494050
6.1504168014019793
2.9855239292100002
3.6022310538326039
5.4128952625870301
0.1637674889755755
1.8441389001183774
2.8947701642785995
3.8110328591895337
5.9975243594158707
5.6781330192678281
3.4980396617459428
0.3346296994256951
3.6579448914731270
2.9147102401333478
3.0857302672727793
1.6749952919370033
4.7817670849007197
1.3395770660286510
2.9665053470515121
1.3106781061677071
2.5178546529942434
1.0688960066839852
2.4266973630670190
4.6665309284634970
5.3736205841196849
5.6688675978288900
1.4654719486718923
2.2380231037884588
3.6802767803593883
3.3647008981246609
4.6666360601928236
0.4945824433720988
1.3398169388890049
0.0621062118069458
0.9653871726957062
5.7301991357424136
5.7219025267613084
3.6953454695030739
4.5776653254658166
5.9541431691789244
5.7618602648683694
1.0448837608140908
0.5474967395652316
0.7942142718378367
1.5463100543507067
0.9034282998197717
2.4686699792688014
0.7057655768494369
3.7083626166997905
4.2813619115639430
6.2197160380965872
4.5082385318384421
6.0628109314113114
2.2566639050176387
3.0187614000201339
0.2808064913886983
2.7855756401441085
5.6489692299879009
6.1615763366157745
4.6941377489156793
2.9153056972636078
1.5610592558693548
1.3610397967572463
1.8587036676302451
3.7519900465179936
5.1375670781003144
5.8617472425932702
2.8873000403509423
4.9015920810870179
4.4263744757133088
4.2904058450848632
3.5221461984612166
3.2937957242221065
4.4169945337283929
3.0970271964627627
5.4558818173056531
5.8232701966811371
0.8775898164441271
0.6923703318206764
0.1438581668311872
4.2164582403636421
1.4858056379201163
1.8133010650233825
4.4823795876610673
5.7050917641393175
1.3906625451340922
2.3531667504582714
1.0901293744452898
3.0161259598193562
5.7350628254626539
2.6726724121041525
3.2651814272866955
0.6375551970966274
6.0019240470831834
3.5918043549727425
0.8917491512948248
3.9922844508271838
1.5614984828924687
5.6928061847339704
5.1883531331291097
4.6118563301053452
3.4145587050834432
1.8735068692678605
1.4816404263829237
0.7682657946403677
0.7925176760794540
0.6039550442006035
0.1603239603227959
4.1936175005135841
4.8638214722646289
5.0698791827840157
5.6559345544650341
4.2339685346228011
5.1992352701161089
0.7843315098997300
2.4966229620600728
3.3115588689126283
4.8764146806692494
6.2329986723740696
6.2669535954955427
1.4527372070084219
0.8746417268660418
0.5744139744379377
3.7108689150601917
6.2275984390958783
5.7327326190969199
2.7959655220590411
3.3365907335485616
0.2546236501285315
2.3058608436106929
0.7810995526526067
5.1793090973800009
0.7931218471763956
4.1772956081837513
3.7029621640877775
5.0356543801383991
4.7508588645162471
4.4414833821956847
5.3295928652846261
1.4244347563882154
4.6216222827295468
0.1030247780340825
4.3226948623540657
3.0280154337717375
0.2831730268506305
4.1654080308345707
5.1971380925212571
5.5166142096471233
1.6825345383647219
3.2125737784245110
1.9516681912416385
5.8789809103094548
5.7424251046097350
2.8057180824898129
4.4799122787428018
3.8247665726200530
3.7354249276802562
0.0545735121690302
3.5490959181425072
5.6352330280384866
2.8082101632825158
3.1759124420967151
6.2645913078303455
4.7176637437695277
4.0883959156993859
0.8088015591524397
3.9632065152591704
3.0510777844585268
5.6039792082994877
1.7508818392406635
3.4618020491948585
0.2301898544231577
4.2890387465090507
1.9590681870179860
4.6550566875491945
2.5312209008829454
6.1249953332581741
2.5889073603118100
0.7687591483290412
5.3882713668407973
1.2290435616134698
2.7841219816881058
1.5762719596176749
2.1411974571300760
2.0155116859072977
4.4192124603546805
4.3717517318419725
5.1155221871352223
5.7500654038039754
4.4230714341572090
5.2332585441444586
3.0736266325761541
0.5971735177552795
5.2613321018048111
0.3108901600266873
3.8164668490016895
5.2005426168635092
3.3587333371924966
2.4029854890699349
1.0757737623155841
0.9750761348389946
0.0997561673625071
4.8924969447293769
4.7493671442757810
2.8391298648942769
5.5490994340301878
4.7148555771621607
4.8875726102180597
1.8976866715286900
3.5175075543335512
1.8931789518631759
2.2221916419043417
3.5513023446939087
2.1748440814833487
0.3496348126033796
4.0673740737380895
1.1788763366707844
1.5585645829400345
3.2323338665940535
3.4856089634179828
2.2795858741208530
2.5860425001161933
1.3481933226554144
2.4620390491081436
2.0579395220152508
2.8814251392536163
2.6155166017476148
4.7052076758892465
0.8484759299973386
3.3252969060222752
5.6157605005372533
4.6759170934754195
1.0897877335336008
5.4012627799323401
6.0735246678846666
2.3713324752966107
3.8175617876035446
1.6078363937706357
0.1337384717776202
2.1483819846979806
2.5819319989696141
4.0628448132711670
6.2149398423298932
0.8569187518831872
2.6954326176914249
1.4240404422832220
1.7669467943790551
2.5962585192437473
0.4965608732631259
4.1431926657013616
0.9539004217659565
5.9636167420311477
3.9864794724418573
1.1458544554871068
3.9954702557934607
4.0903050875161888
4.9951006985077218
0.6472012965864032
1.1308855599422383
3.9756053464120700
2.6767719515936124
1.0770497278524780
1.3519247959108380
2.5286551866602536
1.4659933187845762
6.0986591720643064
6.0202649493196150
3.3513670883602695
3.3552942016583192
3.9167542752719688
4.3321963720106371
1.4792572270665452
4.4310930100750383
2.6128513279650889
1.9785176477215300
3.0011695850886557
1.2186066039952859
0.5747578801729801
4.2244654989087032
0.1182848387317730
0.1204350792820997
2.3837197550044564
0.7017410606285229
0.7717667867396258
6.1007177085489230
0.0849576122019293
5.8747706241836033
2.6785817267251524
0.1950516787511900
1.0323772802852194
5.9041317809304319
6.1587280028675293
1.5705603395855299
1.6502491692550814
1.3234282516475362
2.4120610202140433
0.6290887360420256
0.8495774830541849
6.0401037526415005
3.3438782190172551
2.6142009836216222
0.9862860829195869
1.6230230285207679
3.3573106000261848
1.2730703048820065
3.3661126069952929
4.0062852837447487
1.5211864305864828
5.8493511725079443
4.8163661119767989
5.0647380266532291
0.5197325895231631
4.6709791366215407
4.7246812838082723
5.8407123165863002
1.1482428211052025
0.3477621539345868
4.4236664299956754
0.6412735068012888
3.3062253540012816
2.9835974040924493
6.1204642472875328
1.4961677693566757
3.6935622131739425
3.0535837524217886
5.3679121842670217
0.5450135105992576
1.1717063221149875
0.3671775735232732
0.8351826304814116
3.3938553603366639
1.0582108274621977
1.4678824644808068
3.9253563661306052
0.0019811770048088
1.5969760521130552
2.4089438408776336
3.6108859795707167
4.3297572747280295
3.8308473246156320
2.6449820789850005
3.5796284175896593
4.8919472426111730
4.5216834728816897
3.6588545286035821
5.4713865903374534
2.5483007376065117
3.4366197061218036
5.8443608273157546
3.3600554808781822
3.0479756946518437
0.4918416840290235
3.4375567932250215
4.2816710096172841
0.8750579452448493
1.3574247371531325
5.8098084612297178
2.7021083300319400
1.5055986692309620
4.5792083482248751
2.5736188081469220
4.4259904326014867
5.5890403229063708
3.8073672190368915
2.7034828620743512
2.3842320567185173
4.0954981967768909
3.2237986776777805
2.6905557822086932
6.0383973305003362
0.7667667357551858
3.7507802770265366
2.2753406259680271
2.4354323992461211
3.6872625168448558
1.7586345039611577
5.3301449412580570
0.3931917603081814
0.9213701901168985
1.9345764858111549
0.6797403881660141
6.0454056836696877
2.7877313172183671
1.4991551248072645
4.5599214825334444
2.0868352937072641
1.5931830054098011
5.3108135995228052
2.1595135463504400
2.7516240933904279
4.5744985363747022
0.0797993566412881
4.1026910079664836
0.6497177150547276
5.2974415147363745
0.9029508381606089
4.4906319160692751
4.5956089529573818
3.4170575953579281
4.0294825979159876
1.5145201162527469
4.0652421532771417
4.1695376889212348
4.1459195931845692
0.8685778807496466
5.8721240200526301
5.5087879558846451
2.6774143845627068
0.2677356976040673
4.6444791751396286
5.0143972044240117
2.7677938074683097
3.7190862471754214
1.5885484658567632
4.6505060737962136
0.1989898634069225
2.6229023748433611
5.3840525682244298
2.3376861559448887
3.1374806523817225
3.9130809669465134
1.3977196541724464
0.2147177809329392
4.2214493083748188
3.1794385772822435
2.1495406354699593
0.1062042758907073
0.5457676933142377
2.4662835343465321
1.5349257056003112
0.7212081281842869
0.9542878821212917
6.2651156060349331
0.8890290635459489
0.0431803874063633
2.6754137538768337
3.9458074420446327
2.1651122013385877
3.1858712363861015
1.9976659502395819
1.3124982156720275
0.1793110625263269
5.7578032814512561
4.8000267452919321
4.6305039255956286
1.1533718232158581
5.3891068423567710
5.3262065206222360
1.8381331822522637
6.2614360464269492
5.0882311877267465
3.0135694231082653
0.8325519575856065
0.0201517483256497
2.3697118962556534
3.5971444168328777
4.1637555931818513
4.8873258824231920
1.8168498638879536
2.1260455299491690
2.0714249959233695
3.1992347478364502
4.1202664744996662
2.8596437842799247
2.6497161574886015
1.7450345226815622
1.5725015574832537
1.0897806021565084
4.9463141738374459
6.1773463880438175
0.4154938261049211
4.8212558507616183
4.3698625095077261
0.0984416315089015
1.0035577999937348
0.4272421793003328
0.7911152155507709
5.9589343616624442
2.9066295343324575
2.9823758632539454
2.4295778202399774
2.9323752811969430
6.1994104376446684
2.2147305605258705
0.0831734904992618
4.1276408477871591
5.3607162256776517
4.9742957164259556
0.7148812656608640
4.1420237476372552
1.1793109117806757
3.7705140083481581
1.5622400975357427
0.0326127278462292
3.3024232270642302
5.9016211464744108
1.0896246526463380
6.1452563286817279
0.3819552513648979
5.0752423271530249
0.9904557044938647
4.6262946566582519
1.0620608676423153
0.2501178241859026
3.0725904994491708
5.4698899067708968
2.0869505612671730
5.7937020232494092
4.7136177818104636
5.4795537760858357
6.0938113816322188
5.8189229554516952
5.6043206350949131
4.1118904108679075
3.2620268653578801
1.4898372422956485
2.9972484792020779
3.7935684401099277
0.0322501238880541
1.1037986718129633
2.9006547370690350
3.7682096062242976
1.0587151494326856
2.7030998917484901
4.0763952332533835
4.2169549088539675
3.1530505957009538
3.3163360063842231
2.1291598201108521
1.8581760539223056
0.6544501060357901
0.2538657765238269
4.3582777830110890
1.0704516474097019
0.1361182998526251
4.5165652453512752
0.0835275458599556
4.8250063854573808
3.3819670152371111
4.4290711449915010
1.9063992322331986
3.6359075087862158
0.1909930647409185
1.8865796979327762
6.0177907194203435
2.4791198707346691
0.9458464942386577
1.7764353626299494
2.1195335151362680
2.2288962827011445
4.3973458375799748
6.1485735582645962
4.9933664973465239
3.5066659444117727
3.0177393160118422
0.4249642356781132
2.7330607832857980
3.0836301827539470
2.6669797616643800
0.0229841063805274
1.5342004022446578
3.2457007580385104
0.5913831976562804
5.8455128636508027
5.1252300008875986
2.4426607924648089
4.3854663270158296
3.0032630849765543
2.9166590607642426
3.5345287444779871
5.5742163641100237
4.8988019578650359
2.3527153559398211
4.0376875460943902
5.6998742339971944
0.7554154609980004
0.3472112782489509
1.6325897897454789
5.7580008096405857
3.8392749897389975
6.0402891758390815
2.2897657150634307
0.9972366276551219
1.8703472008629205
2.4937287888842299
3.1835774725890369
0.0617282152393324
5.4756700770757449
1.1141287409642984
0.6751608862134590
3.5532520039935460
2.7198186677819107
3.5479172674793351
2.5854002132676248
1.8452972241386207
3.4973518079324517
1.2371254201797734
4.3383820541659359
1.1523966406224930
5.9443776403687529
6.0505602819687088
5.5928085612616130
5.8371526217591736
1.5015012412412942
6.0564008071855460
2.2162087935353765
5.4488815557552170
0.9071443127303933
4.3676426552496297
0.2981160346580274
3.0730828525638390
0.0194615124565119
4.7399880396606120
2.5318302016337313
3.6449271911330579
5.5737938183948614
4.8204584639802333
0.4709203418170139
2.1535564553061128
0.5281919999330883
3.4356283992513652
3.3505242414853238
2.2404452633239669
1.8942277081975043
2.5898422129875081
0.7100499434929977
5.5758261460855643
5.3252434061203493
6.1623353374494618
2.7271665767609208
6.2812789907380058
1.1756138771465703
0.0010186800849925
3.6936260619845971
4.1089532389809849
4.1047555719071518
4.0070747732482586
5.9560582354609268
2.1718965257326981
4.8354242660606443
2.9489444810139620
4.4195053589939448
2.3455262805503283
5.5480453263249867
5.3330386535277450
1.5015226000335831
6.0805721956561101
2.7419456561193476
6.1889542742254786
4.7818033958928323
5.0972327491955838
4.1494077161370759
6.1081969436028913
2.5595855986359286
1.7899281259545581
3.6268178570779215
5.5645086142101334
2.7478448686330412
1.7743234609293059
5.2914006902566735
5.9752436486877265
2.8179320798488989
3.5274474987614179
3.3740721361439201
0.2224621171267895
2.0986153201247921
3.2621182959040320
5.2097036962106209
1.7761275153897320
5.4670114909588285
5.1542051927563790
6.2822947705232099
5.9729319752427390
2.3094366707137142
4.1967032775885542
0.0658950945775680
0.0298930613454600
2.4485011228069200
3.8872833078884543
0.1747028870846967
4.7563000337560259
3.3390955682099048
0.4902992224530464
3.8176730375938899
4.7528443803422444
2.0253883562167485
2.3553350025372950
0.8974299571739355
4.9354674009071777
5.5237378702851432
2.1871061828799507
2.5411718469553715
2.3499315696033345
4.6827115934178805
0.9952322327637453
3.4010544188273495
2.9642888540033807
4.9377750776570437
5.6901032122821142
6.0193822405364692
5.3929724910997212
2.9899288275231997
0.5824819317439544
2.8819479699567490
5.2277614797499838
5.7498903947564797
4.9802479787545941
3.1798499491432199
5.6161059002992584
0.6300474192223349
3.5300718093746437
5.9996581582563984
3.4728798251898279
6.2459045874425163
4.9116777478078237
4.7020996295731665
2.9523696292682815
2.4779805241617461
2.3335314037339367
2.1485644796049370
2.0639271910490593
0.9020340067959095
5.6175429284101694
3.6946452215335399
3.8074741470154763
5.8295666211591604
2.5780049522037234
1.7483263253725858
0.5662720220687001
6.0734055634729662
5.3940153473673966
4.5343318525315279
3.4821455881178753
1.2930787058354629
5.5135408654002145
3.5165319856779260
5.2646294059757857
1.4846677161114514
6.2441702177625427
2.2279636731919625
6.1162681293855927
6.2368710950932842
3.1590286921992186
0.6437141564651818
1.8711471081769850
0.4498630526000671
1.3506483674368157
0.2384322872992075
3.8834089102417679
0.1459946425735297
1.5635883119773284
0.9757468417877884
2.3069033785687130
3.6377731265286686
4.0634892656666945
4.1971095407084986
3.5547293976164092
4.7345122778001194
3.1849081815198197
4.0039207870495961
4.0606180252334045
3.7793863637456089
4.4694367864439393
1.6092615398238816
1.0275928292257552
1.1658378352020768
4.2269721320935174
1.1682985498819147
0.8123493468286880
3.5097241538402075
1.3398074682002570
1.7989244606866792
1.5591647291664872
3.5436357114553028
3.6900385216585865
2.4748335545031415
4.4374570427025501
1.2033088089026953
5.6836236340270485
1.4487431163481443
3.7268809760809662
5.4604190492022102
6.1466662428316736
3.3232192675259800
5.1836548687378574
5.3147332382477002
4.2044333018345492
0.4652084492039206
1.4438614331985733
3.0265169614815108
3.7889413729313559
5.9150297751184286
5.1880851284674492
0.5665190917376016
0.5551212887902502
1.4085596431192688
4.6409666148444497
0.8246923484059897
1.5513770670101303
2.0881204162073739
1.5444202391481376
3.4261242565987708
1.4086718644044298
3.7986117803445945
3.4258955889078919
1.3382364596685956
4.0593143394260389
5.2567399439001141
4.8978773430376803
2.1923618740140061
6.0121385987432516
0.9514048761301526
6.2460030423917727
2.0663360513738644
1.1632046428174592
2.1648270834147287
3.9954102478412508
0.5297258835072621
3.7336889401659161
1.2303942403887436
2.9600095186037172
1.9497590747968927
3.9865175091363407
4.7724789707657127
1.0544920523846959
3.4061801171407193
3.2398807759239228
3.5104522431388943
4.3900402081558614
1.6156331779508606
0.9114667130067957
1.2990442301573411
4.8907883849468341
5.0156101172908434
0.9066846664298122
4.1957415667574622
6.1847004369810152
0.4095291833214523
6.1497852495551575
1.3242584127192987
0.0179985862963103
5.7156076599165777
5.7974224278434834
1.2224806036164593
3.4204865838708209
2.8927461646049966
0.4534857036215430
6.1180093591996831
4.7131440142081393
4.7433536970280725
3.1613876410757817
3.4595273433236482
3.6134183408142251
3.9684919597575461
1.5870460167118052
5.8722683003937881
1.7409324654822913
1.9880508521923110
4.9569987924840913
4.8023472610397153
0.0601719213675014
4.1384422275060109
0.5579238140396008
5.7973677200845417
5.9623542512133580
1.8302088705989970
5.1165878738653934
2.1218709837455392
4.8213645608420332
4.3619700199402365
4.3556287236179738
6.1372528044842634
2.5269264850613387
5.3710946093500320
3.8065044386567664
2.2348024792204013
3.1568398659610550
1.4077293875633097
1.4585720263720143
0.3586071991027417
2.3957991683011803
5.7676850947700986
2.2223812643692766
3.8820894741506913
3.5261138338277966
2.8367270966070683
6.1205121478274487
4.0645590056057204
0.6452499105256870
1.4246933670609558
1.0445059535988495
1.9345573194420662
1.0645867382432395
3.4941648217874901
0.4435340712932636
1.2537902675561823
2.6251009283703399
3.6878554282627882
2.4401421218968951
5.5515714482132674
3.1854482451671582
0.1805541120193850
3.1762834356417913
5.4734213318419940
5.0863120122118426
3.2070140850432884
3.6738205835270445
2.0051561674828227
0.9766763439747301
2.9026667862450832
4.4122736804768694
5.4304961380028525
1.6651552566208834
1.2365792316126192
5.5957102105847545
2.5200954640317978
3.0098303157423820
5.7972642201351094
2.5923321640429196
3.6947967647122635
3.4409013764989216
2.5573718198677677
3.1510195434799630
4.1020289545140960
6.0902327918315322
1.4229150518758575
1.2877874941435892
4.8563207527216790
4.5159436747427080
0.7341864443695814
5.3872133190563494
4.5214183094318878
3.3275130542476004
5.9855436192440585
0.6694877094457322
0.9494090144105902
2.7548137176781191
3.9545039274364853
6.2493824239872851
5.9037753659810033
2.8515805012217119
3.6816001034542198
2.5171083754092636
3.7913491846447740
1.9231840608337161
5.3140133402398178
2.4833708290787104
1.4804604230533651
3.9501069711629180
2.3928159367568953
5.0354588815378074
1.0845326197673482
1.4215750239276925
1.5116253459814930
2.2994162383474022
2.3607292572162084
2.4055579684659514
3.6102226354443703
5.8378305876957262
2.7992634860108692
5.8687331851006812
4.7140011275503815
1.7551669280707685
4.1933496113363997
5.9286414896060080
0.5690930693734720
3.1634390869683044
3.1035849518074228
4.3722624252281568
5.5706322293703909
3.9480170168176043
4.9799817524669630
3.7933316594336666
3.6998167800461594
4.2384344273761752
4.1234533472091881
0.5757144741708585
0.5709760843770468
3.9278721263347838
1.9431773944073396
1.9345619559611502
4.7262187035105061
2.4094881539902060
6.0844998883349097
4.0775620209309977
0.1050965341114372
1.2790043350435127
0.7214957351517087
5.6968938877925606
6.1064767240081910
0.5508786504985942
5.7999706499834698
1.0049603583837570
4.9784395117101177
5.0410679606179176
5.7701372732322644
4.5348165296590990
6.0485203692932350
3.1864336847498120
1.1287827036096647
1.1638625857292895
6.0060985543219338
3.0963617455183372
3.4674748518325176
4.5031125902806526
6.2517643559523712
2.6854253653959548
5.6182860935928653
0.7954976277769176
2.0410214857659126
0.9195866559404064
2.4006585961919971
3.7259871327799874
0.5311558745838471
4.9378877236690020
4.3356733285719242
0.7529836275680953
2.4223913728482680
2.3652928323025946
2.7318058772827811
5.0658629425347321
2.4972555710609408
4.5311127781377358
3.3003906617296459
1.7844368814596634
2.7536617352785475
2.8926882673210370
0.0585916700981022
5.5326712277962660
5.4459002158896705
4.9461752397989116
1.3201358231867268
5.7299121124217676
1.0019190494914918
3.8155232353354993
4.1706901697041125
1.6843962190194541
2.6949922711554222
4.0725096877379885
3.7261266533907946
0.6809317340148554
5.9815235710313761
0.4896584353248482
1.5060450787572681
4.7677110284836983
1.2936874368332281
5.5266843896686408
3.5990552068087798
2.8252504031736603
5.6986519294986895
5.4480445908846642
3.8422582962270875
1.4190451590698601
4.5703593329819139
2.0203815067399660
4.0513999066361448
3.8909783958305972
1.2382745388680965
2.5908192473641538
5.9685248995756348
4.1803824884848728
3.4233584709045735
3.3690150077933647
5.0035802560461971
5.1259281330266511
0.0406118392411039
4.5514587839348479
1.0769309389943127
1.5251749758664943
2.3417382067070363
3.1691771547309755
6.1532483386119852
5.8083617887781598
1.5422221906274669
5.6437336566088980
0.6937412003278529
4.8163090487899645
3.1813270848814033
6.2410451511318934
0.1091893922950825
3.0229075785700119
1.6529548371555827
3.8762033398870686
0.0640963011503002
4.3190121687790652
5.0708030259772556
4.9449302003708375
0.3588996169175593
3.7787479334070677
0.2097933696434239
1.9773225710561511
4.0100912124080592
3.7396870062888539
2.4477014313370744
5.9280343300051559
5.9633147337907708
0.1162221642121994
3.5019527673868964
0.6170424137341987
1.0667299473950627
3.1431266875915034
3.5345896557483618
5.1443996292024909
3.9027912848162458
3.4531854099193215
4.7320562077649031
1.2434570150119511
3.1592288864558800
2.3566938553369741
2.1836862714202416
0.3031819226290637
0.1222899764687940
1.9417265015203700
4.8442371562786022
0.2435585879786204
0.8575278488900819
1.8626166837720728
5.3873633888412691
4.8344734277180574
6.1218997134544804
0.7682100168805269
4.2661235507789099
3.9679561200115145
5.1009731647410241
2.8921387446998916
4.2195342550872352
2.7818777808220814
2.9517684262032042
4.2226233976144272
1.9508043436173621
4.6238393442263508
5.8297233706229150
3.1154229458618685
6.1129523991265859
5.3460669002388146
0.6203518574481178
1.3234740904076063
0.8388678906500885
1.2658131177410987
5.9553350929880278
0.4885662410533616
4.9789077329517619
0.2758336655259382
5.5133139159519642
4.6907042430902255
1.9561030804008377
2.7130589844293418
3.8061299707400034
2.3835250397687373
1.2920358779197378
1.5474950222304724
4.6218488885421030
0.7217639015237596
0.7945363551618624
0.9516059163484573
4.9217219697542642
2.3698958226834965
5.1731351055246444
4.5635224509846255
0.6429918967616568
4.6993966155894320
0.9710341665198193
6.2479341682054015
3.4944424611890832
2.9380837797956945
4.8541844217302197
4.3379176391752141
2.0695414633795699
0.5860888028735033
2.3809559423862487
6.1655477401852714
2.5396893308926818
3.4066796065313398
2.2180819827209848
1.7603396995224401
0.3238879921989934
2.3635273540385513
0.4392768398372607
4.9343931380001784
5.0553331668359140
2.1363200299001792
2.3743435714510608
2.9158137440143976
4.5913279830282541
1.9776393337147111
4.1371114865576066
3.3596766249966996
6.2501562397983399
1.4071990932072651
3.5676017502483748
3.9443075446129030
0.9253115421807422
5.6226762257983038
3.3672395621288747
5.1296451084401005
4.3893396984390032
2.4884244786751832
1.1512645033179123
4.0225257473092508
3.3676292402177537
0.8349753280546415
1.0891433483178619
2.7557809711310508
6.1357003447059686
4.0349769548803183
6.2772386995876310
0.6561937912886087
1.0533194865729114
3.7032363435111435
6.2698406503449196
4.0643570643707587
3.9824534236164060
5.0582432324164577
0.8295078891971603
2.6984284594945995
1.5007064280258027
3.7531357343898444
1.8392169010834318
3.0927538552604625
1.4215440654591651
4.9790942387617045
2.5721927084553489
0.2723677359738814
4.3510599787073252
1.3988537075686056
3.8559788046811687
3.6330597422742583
5.3924098526095081
3.7448962707578946
4.8943992449227700
6.1222150827395678
5.8261068422995512
0.0197804891316752
0.5615910491395530
5.7033353894993253
3.1657198609585961
3.6462110792205582
0.0745155806757283
3.7846623963174570
0.0428570903303974
1.5874079386722713
4.2380093649430384
0.6681747348240331
2.4914765844836060
2.6806886734366255
0.2599251848210967
4.3459982282329497
4.4796361996156158
4.2848668903087050
6.1180974421091774
4.4368890515637762
1.0176902865586837
4.4366237620011733
2.7673870495904724
4.9764289714539647
1.3653074111896120
5.5539508409071905
4.4176000612601909
3.1292239614230803
2.1947431786760014
4.1861334466354760
5.0268434117453848
0.7005203785979156
4.6575333703097161
2.9486323763234261
4.3800158367585533
4.6593988901489407
3.2942794144238570
4.7553137828068728
3.4731886398497673
0.2009076416160558
1.0273279395828796
5.3690041287068428
5.6578841951628558
1.4372662947182357
0.9720446938867857
2.5238087739623452
0.5287772269216481
2.3853112812554653
5.3148176596519354
5.8173705546302923
3.2252641641338600
0.7861076293143178
2.6902079517750450
6.0587364127189520
6.1890983832179547
3.2896136872554802
2.2865054695332589
4.3019831314252963
0.3417747517074903
5.3625795717814109
5.6598834669406441
3.8806781398448593
0.2431768621781521
2.3410877640822072
1.9899881359890839
2.5749869409132859
1.8660533690225050
0.1544214285947182
3.2318814781026748
3.4708461789895155
3.8059803542286330
2.2517847462296179
3.0719677249364468
5.7837948833201986
1.6169204727922584
5.3780020675855074
3.8303019887284364
3.9311534399125176
3.7092315477231876
4.5594920985874197
1.8214478925910007
4.1154535658229241
1.9903605476795549
4.2128867084831620
0.7322721571685398
3.3318572066592558
1.7423621298479830
0.8554435574725763
1.3052717862197296
5.3570591881816512
5.6849869902610584
2.3684444893594878
2.0983927555746869
3.2496587845429765
4.2772784151801657
2.7578764719653308
1.8761077036749518
4.9457009440528470
2.7979271952524933
3.4440502489322178
3.9874243405141412
3.3285863002614278
5.7272504523802983
1.0923350166058237
2.1175097092117712
2.4069590470982751
5.4240962826975236
5.6097243568944677
5.4608877240587868
3.0564129806861069
5.1892330179997819
2.9486427660703294
4.7253009422318817
2.4576609315821893
1.8034626082746370
1.5423446372415701
1.2533370578505378
5.8475646959193002
5.7378812117192366
0.9990312963056013
6.0076098373579505
1.4348568593341562
0.0834889870801377
1.1945634710631985
5.2504242421434082
2.0365162187309589
2.7974314218891085
3.0379636318863299
4.1521964268516474
4.8214149991109565
2.7825364985463672
2.5593111059552411
1.6120424634701116
3.8574361919435325
4.2632802862342460
5.6095043440653978
1.5379876320936983
0.1029755930228210
3.4681021473385756
0.5549124390399424
1.6754971446413347
1.7904645990080275
5.1025998041508229
5.4499501950597713
4.4778030515168261
0.5667809577541140
0.3651911717851148
5.1898972228670299
1.5628746718364115
4.5043185354288466
2.0807064953347543
1.5240080855218572
1.7003438563329489
0.3189144002191898
4.7353854092052927
5.5083679566999768
4.7963759641774821
6.1050671789093780
1.0074798441986086
1.4328475121148987
2.3348032192123882
4.1889005728398647
4.2226297507350017
0.0978189834896106
4.9863032097931770
0.8840400260551389
3.7653693451954990
5.3956283277725303
2.1747654491004860
3.3702300002321954
0.9399283847693435
2.0752512407880923
2.1307490945996097
2.5324757094981245
1.9599201370597741
0.6985224241976001
3.3860135290248601
1.9166099698836199
3.2656428165093963
5.0249329269778338
4.9648816322589635
5.5981374931941446
3.4424335934298353
6.1090309395759617
5.2483962223865817
5.7723921716581064
0.5595364265478557
0.3952606725660822
1.9251359858060255
1.0884192332498401
1.2806558773128205
2.3440266247164532
1.8341647677279860
5.3657379544528636
2.5486952621222376
6.0867208905552426
0.2000995964353952
1.9652983981707641
4.6302945290047361
1.6568013162497794
5.3609195850154228
6.1260084098125063
0.7247066251248649
1.2535848204985762
5.6691838766400355
4.2809155154879850
3.6736895296149572
5.8291348508521343
5.6425008580444125
2.4593910267628316
0.8433835347599716
5.8881017708377117
2.4644931572657254
4.2592734092148277
2.2575463795343853
2.0732634035690403
4.7182816868502773
3.1289540913889309
6.0523244704943577
2.6617528118048210
5.9811445391460358
0.9158714982301061
5.4369960810319276
0.2630386181805938
6.2806848265074420
0.8819866057751290
5.6257993503021728
4.3205861542586428
5.5364223914176698
0.3887542594973881
5.7953023075303811
3.0021477023485463
1.0587921254317827
0.2745501874142838
0.5441793228099517
5.8402201963245171
3.8736569187149499
1.7434795992352630
0.6551073483541353
3.2466480817245436
4.7758046947698336
5.7037419915221577
3.1376838094732618
0.1694175551782996
5.6177339746774662
1.9195774993040742
2.9104884989866857
4.6621876402992282
3.7941419697184791
2.6312985091767542
3.9180615619505792
5.4655781749709593
1.1430766785332755
1.3835330955928520
3.6601498531027707
6.0540216347413143
4.7340404238004901
2.6184757918312349
0.2414551184622421
4.0833184918798695
4.5726902571954966
5.5321826995008410
6.2118654494069983
0.5538493236894396
5.3971470557914882
3.8132804161003628
2.5935063242776786
5.6778229259509807
0.1902732743215541
2.8777502079056170
1.4673212588220821
6.1514111564289564
5.6536438582195050
3.4643008006587319
4.9315373425554716
4.9028952321848918
4.2212598633467948
2.8329068278764433
4.8308679436824642
1.7459437333256858
2.1375018296194583
0.6042959325094027
5.8293291029766827
5.1071534841461430
0.7573869768141912
4.9133319318032695
0.6898706156742642
3.8461054821384457
5.2040095793553007
0.6430592069952036
0.3561917363341684
5.9798896332170219
5.3883371531040050
4.1550922118611915
5.3407952171783668
4.7978569140571397
5.6700908131281960
0.5533775452114315
6.2570844879866305
2.3643695465043888
2.8295843290862246
2.5112544600398192
1.3944416353219891
1.6854656559167143
1.4311308016387549
3.2207833063851106
4.0722947109787269
4.4133529208571138
4.7978658329372266
4.0162572695044423
5.0332743860256857
0.5595939297860805
2.6431004896387629
5.1168156579082842
5.8411150668623852
5.4508104768202736
4.0170138865535598
6.1862644613906976
2.3445517854217472
0.8038119129879884
2.6786305072756393
4.4062157840567959
4.3617309770084978
6.1867019318294698
0.8332851188527288
0.7250785710565046
0.6691071649780753
4.4407148093338851
0.6027377577091803
2.3130847970188366
2.7932190790742224
4.4882068513734250
4.6364005065559137
1.4788236129827790
3.1567511163705562
4.5343380076631741
2.5299221298407852
6.0969949833318964
4.5959507024561885
0.0228900545038895
1.6005758893134876
1.0706920877259318
4.0874148786685618
6.1951295827141459
5.0369712952369152
0.8426999599617072
6.1353629837101824
5.6833668568309621
3.8846494806381835
2.6584202375054815
0.7653571025232820
0.5993821472859280
2.5477316791184603
0.7441455681506284
6.0952738117467415
3.2548786958913767
3.4935440088022554
6.2166215472641380
3.4282137160035591
5.6420123162945881
4.2121070669015008
4.6424176248377025
0.5393703007589401
5.3921852564846668
0.8556072980765571
0.6715145155593245
3.3597233875142098
0.7609786230195742
6.1813040297635675
2.7883371418441234
3.6959717514112604
2.9339088110725084
5.1351689637918110
4.5436169403642976
5.3142966209169238
1.0616922501053734
5.6441563301589799
4.9335538360269213
1.4122907836110954
0.6732641482419296
2.5916893418483355
4.7455737880679871
0.0268969458285283
0.2484505602076894
3.9036072715841637
2.2744017005245118
3.0705368976506144
5.9118852792901517
5.3888145741545337
2.9874992550941690
4.8136613619311719
3.4809277936393621
2.3006835840799718
2.1839307034141053
5.5218478706110190
3.5534647927882959
2.5020987058393005
3.3733121047288432
2.0487449337018089
1.1855491741023580
5.9682583672999412
4.0329945284625861
1.1679919079379544
0.7926755836808415
0.3009081662527469
5.9322270718930046
6.1173593496151675
5.8646354209275886
1.4743943794581174
0.8175429881716261
2.1546375852661437
4.0163284776861996
0.0753119083081797
0.0814221828796218
3.8464569700336169
1.1718525116555962
2.5837717540657312
3.5881221226089366
6.2127047966998816
5.2278495337127255
3.7260346095870460
0.2015221167820539
3.0911478538172590
0.6909141804415807
4.6456460192037659
4.0016731125550686
1.4056501509720882
2.1171644992257801
5.5921172710493341
2.7191957104485653
1.9455809288739592
3.1507776416404289
2.7918655290879726
4.6233396806871250
0.6970748602254789
4.7721102367920025
2.5527915072858725
1.9157050431823457
5.1455739256524549
1.2515872800766485
2.4975715976915724
4.0745130989306242
2.6032409984072640
3.3317919046396889
0.7395169232242980
2.8358851951077066
3.6073189649479454
0.2402841922401739
1.5940807612975725
3.5031711697174424
1.3984746484900548
0.0791626599321582
1.4700962044166486
1.6611176420749869
0.2948839784327012
5.7497518763140878
2.3989547942084619
1.5238228448408455
4.7463204258857132
0.1736450426834223
3.9865049018298944
2.4617536191732077
2.7747511513512646
4.2393595035474556
2.7148207109565550
1.4138946104434977
6.2229489910741052
3.2934143299171468
5.8731605983950610
2.7827101998313810
2.8612292648397606
2.8214759024779776
0.6379125496560677
2.1103035134298054
1.0997766605290595
3.7475579738773410
0.9681587227841284
5.1421653063622470
4.7614247656586910
0.0873999141761565
3.2698112611962822
2.5322620765266879
4.5957980112534562
1.4386767498405089
3.1282613659345748
1.3314485835304408
3.6127476618248306
4.7383381245123255
1.6961319777689827
3.1802771182568046
5.8688967400578784
3.7080605216452902
0.0045966495115771
1.3856184012104993
1.1782448205600811
3.0455476652548374
0.9461271197926935
0.0907621108459259
0.0026361839700293
1.2353259975937059
2.3078649308947168
0.9935338754391250
2.9510585398708615
1.7189111455507426
5.9748474457229621
5.5438575754921979
0.0033920341655255
6.0090549082403495
2.8773942799126697
3.4596702993962052
3.5583910326876484
2.5421859123005577
0.9139444947620337
5.4589041011912993
5.5460922891092617
6.2804809671337294
4.4822753798274695
4.5366892222028579
2.0667696236090478
4.9909874997643380
2.4064780156264431
2.4525610830891811
2.5842901430894156
2.0223602061029293
2.8179235773516425
4.2024940151666028
1.3511655797174931
2.8433068512350443
3.3843465599221392
5.4213850665959740
1.1251429588713113
2.4359316961132116
3.2317974134850611
2.6322442735535878
5.1914988703837199
1.3148835590191017
0.7871476985940207
2.0720867835915833
6.1658691768677096
0.5807408693387863
2.7158757010944869
4.7488508320256289
2.2684923173617735
0.5476743182162045
1.8321924034870758
4.2493170689205408
1.4570243267667684
2.3409147984573444
0.0319016819900444
1.7514781360631431
4.4774796374222250
1.4412848678944168
3.0520627850814459
1.1956237166354191
0.1632789320234784
0.0745670873236353
1.2647104465190100
6.2627014791009250
5.7351614603139227
0.5660304206351492
3.6071193997574924
2.6444910777942603
3.2212469314152541
1.5362671405793078
0.8509921354010876
0.6398405804527332
4.6630413685589733
3.8496960861142906
3.1822097749617497
6.0438111671788723
2.6026268520346543
2.0177864499365570
1.6897405863028929
5.5471173472707429
5.5980977988106950
2.9742924281931726
1.2721255317323383
0.5839051606694439
5.4335763025039441
4.4554116721118486
0.1631745176372484
0.0826212679756504
5.3578537336753449
1.9699345712299963
4.1964124925287605
5.3743811912523434
3.4691278865064463
6.1720320717412260
0.6651394395179303
0.2920187971217987
3.3247068263975823
0.4003670751804603
5.1246917354199351
0.0157534498599804
0.1856105425684369
5.1211882868698009
6.0176185920408649
3.4426386499415615
2.1398024565643841
5.4815428515251359
0.4369704797952558
4.6739446785841361
2.6721054155282058
6.1694020690887692
1.2421168942890970
4.1165674453291148
1.7545273552535265
2.6000811399510622
0.0646296767552115
3.0867497481768700
0.0951252579694070
1.7105963491557667
4.1066159303052983
3.5426070944533543
4.3049757563361810
4.7310194680649520
4.8612478823788301
4.5197122197794792
1.5717135366130102
2.3297205916737358
1.9455360772702828
2.0632293902796359
0.4071723865070719
5.7158801724093120
1.0516910492092999
4.5986772500976016
1.6124285481934675
0.3838211823073894
3.3316534788503742
2.1144833816067372
0.6279056986212245
2.7283782527622420
1.2926614335452147
0.1479694433363124
2.9018677931216690
3.7024219462132311
0.6030464803057001
1.8940787757709405
1.8018111706889748
0.6694487891306665
3.1809413171806749
3.0342355007545123
4.3192146274038210
4.4289049739732711
2.7139465285811193
0.3191308643935014
4.6043124114039005
5.6640429508936787
2.0621513615339691
5.5701448802163123
1.2524491619285196
3.2860496679715139
3.6721805078268717
4.7521680932432977
2.3627273262436312
4.8641441277037192
2.4149411017661233
3.0585317180914218
1.0496777991306023
2.1056306911754819
3.3847629408710378
0.9472586015109298
2.1521872844512995
1.3124139392948559
1.9548557298085589
5.3364368507167841
4.7738059202032135
0.3160325283325527
3.3826561849135937
0.4218996804520844
0.9063888917785721
5.1986987612375550
1.8373346783755071
5.9443318265837455
0.9960837556753825
0.2635175423003950
5.0039223022790909
1.0080706027155286
1.7245276404039518
3.6112749523784986
4.8499851683110959
3.9164928980469771
0.9988230815314175
4.7648373067647816
5.0406911248562993
2.2091378373639241
0.5358993836551557
2.3698858854671632
4.8064917574980681
3.3294474255067676
2.8297597390760290
5.0057608304659498
3.5858088861392634
5.3975195096125317
6.1281246467339034
3.7081792646855392
0.1121594130109727
3.8036710117011330
4.2837371791622889
2.3494534608451514
0.6052270654717701
3.1676654843536287
4.0603370385798661
5.7126030792878311
2.9127174761864141
0.1552020606161704
4.9718934494610592
0.3402998934559375
3.2181478005042967
2.8278197673598160
3.5547300199665974
1.4548284570765011
5.5228598281598140
4.9896216515565595
3.9911362558266825
5.7233029025592881
1.8015451668656022
2.5805301204921682
5.0567358065017887
5.8838683747742291
3.8323947448545588
2.6082450911365900
0.3208165388110924
0.1779595591432904
5.0661260811660700
1.3372284608225382
5.5386709990263858
5.8809679293767179
4.6820845850127641
4.5806247124463342
1.6683989203773062
0.2474898602008928
6.0245771144674789
2.7362826113705325
1.6104670107373589
5.5867898314532205
0.2653340065319404
3.1783457229476113
4.6924094114741548
5.3939498719663046
0.0911332480306861
0.8236075060734460
1.3761734463145074
3.2456529917555352
1.4755351559636034
1.7696337390341501
3.3588807136215149
2.5212425529906355
2.3186966942267220
2.7497944945680080
4.5367019757971132
2.5170995865720442
0.9586831144381170
1.8147470619716441
5.4091356364664405
0.3323356425444030
4.0274420339108152
1.8020763945266876
2.6573922700247841
1.1681740972020054
5.9067042742948894
2.6417840982952585
4.2571940376932149
1.9689092910325590
5.7367894604931182
4.5706473692219598
1.5170204815384583
3.9244114264387271
3.3554138548870980
5.0101068506481479
0.6422843943607873
3.3163288936778303
2.8780831239767970
0.9155759597422075
2.3777016167963940
5.2668473458114073
6.2738014361252850
1.3574539252359394
5.0069212815513886
4.7602241910813081
0.6034302200851334
3.4810351909927273
2.2943274290935896
6.1551235901326962
0.7943996936825706
1.8850045975098850
0.6192071713479846
4.3514132027027861
4.9268785111700373
4.3751051995682548
4.1366254232364197
4.6341330502670388
3.3729630422790957
2.2767251277490397
3.5326222852708296
3.4327549389365890
4.2690972595215868
2.8142941250707967
4.9031699331855689
3.3234542833204577
4.5706993168641770
4.1227376449917053
1.0747976110657058
5.9712934272661480
1.2942492595183757
4.4725490587377106
5.0623133042142507
0.8886564494401623
2.3156138876462511
3.9622783574352733
1.5882477043765426
2.4940577991399295
1.8060324078498038
5.9206200728733860
1.9647179133015846
3.0257791682049482
0.5128407885365789
1.9866617802587678
2.1705622891412415
5.1325547944502414
1.7944208496243239
4.2538767380454159
4.2453336970908415
4.7554579747913186
3.4019819287632536
3.5189207776945475
3.8273373285695755
2.9925708688594295
3.6934504344064853
1.7691867087867534
0.7941419590614434
4.1176396935750033
1.0433508158954723
5.9551401553455561
3.9187859934505234
0.4067194152878975
1.4600962703131348
4.6600223213577898
3.0443154281768545
5.3883991382447123
1.3909270802560865
0.0438546588775777
5.6074311482780326
4.6452752248881781
3.7538823597824131
0.6408071095509223
2.7770798795877840
2.1779134371246265
1.9015153670250045
5.8679261744444222
2.6411370072780000
3.4365008656825986
2.9287847240583664
0.3557599312642544
1.0422638507910349
4.4675014059071270
2.2725006421726013
4.9257275910278242
2.9015845566120690
6.0109852834659545
0.6916822016528655
4.1867592403630773
5.8126894792008201
5.8479538181343536
0.9093250839534704
2.2950052309727993
6.1234910479897318
1.6284723477298300
4.5708404837870047
4.2136678683308384
1.3212584201614503
1.9385046866555975
2.5106353230572114
6.2026281561801433
2.7153332097485547
3.7655085740909935
3.2033455806481643
2.7834363341258448
1.3065103633152890
2.7567689240488873
3.9057057154356856
1.3184156103948839
1.7464145511823896
4.8674007070054808
2.7208504035301053
0.6931583142588296
6.0087539032180581
2.8293815452343605
5.3925078275799372
4.8154020164279157
4.7345916733050881
5.4596045174363770
3.5643606243357722
0.5880803993231608
1.6476494592026651
2.7692227281659307
4.3605443648505302
3.3867919625994096
6.2682625087069770
1.8877741809587152
4.0955194245881348
2.0097278548867785
3.7616270732207857
6.2358281099733270
0.9087226536427163
6.0425573158563983
3.7285587354319842
5.5683059070441443
4.8314993438828990
1.0471268746290452
5.9471582651202288
2.1482692101352030
2.1332060177408478
3.1172977205149381
3.7426309513702680
3.3655904796775284
4.3466670151548055
3.8872776762925194
1.1413347190632139
2.2325922184776661
4.5120962891476823
2.6754423168564627
5.3503950371513698
5.0577127461587619
2.3609477697026815
3.4800441516782601
2.7049338236590632
3.3223099086274517
5.5305144868788849
4.7519760486384843
5.5345532872940479
2.5533614142447245
0.1133323249789876
3.7538109369841761
0.5403137232071068
3.5749401105356786
4.2494402545329493
5.4776204877482577
4.1698500121042761
3.5000769470577575
0.9948597619264444
4.6547606249514963
2.1586710218876317
1.1108258732958445
2.6305451119430785
1.0119341527983210
1.5460943879249858
3.4189275553393625
4.3579196583108777
2.4476798485395381
4.6646268256043442
0.7846641364960287
2.3706148493683799
3.9787383777026051
2.4870277865972370
4.4874775850846946
3.3947558007723062
2.7013592819247840
1.8893781698877754
4.0932013401598946
5.9130026881135835
5.3091164731400378
1.3226367187954178
0.1555741332872069
1.8449283610908316
5.6990829180993723
3.0812065994556841
4.4892783686109281
4.1110998725579684
1.7295346616995153
0.7080107047927024
2.7564865547712771
0.3145061638111137
2.0498498343997591
4.4838373740956765
0.2722682569278946
1.5966840567441702
0.5663483294299954
0.5056623568181770
1.5346121913365409
2.9887650872095390
2.0377226611886483
3.1461351375075770
3.5708205168852172
2.2680869836319943
2.5340076149447639
1.1848379378714486
4.1567458490573905
0.0967674785555275
4.9105272039189911
0.8351120314954363
3.7862212554725110
2.7353248156388803
4.5178022130517164
4.3464164283473421
5.9004869768109902
0.7552230978046337
5.8426340152886951
0.9829847939771952
0.8062070542505846
0.1476010293400308
4.4616757420560536
2.6357239947582576
3.8518981772527150
3.4180195849574964
0.0608040468826981
5.6642959301762525
5.9948485831857470
2.4528090772585154
1.6844785411065106
3.7564255617637534
6.1174588594470025
1.1584427053103286
3.3816487978985323
5.0932162557952054
0.5271907165995198
0.2677218755689323
5.8967434485580172
2.4369585411887447
2.4984670208855793
4.0565644383469932
4.0878379655146961
0.6519750186964525
2.8396715632262439
3.9507553760990763
4.2686402026056705
1.7845925251897448
5.5680023005005257
2.2938028109031388
3.4532944221718047
4.1523696260408256
2.0609979930131610
2.6982293767285048
1.8678053028195503
0.4580615291846420
3.4147006320256197
5.8013517580453051
0.6551968808008900
1.1894668357731359
5.6209845791303357
0.1129495268387265
4.7784576418765932
0.5553819990593089
0.7221797390535830
2.1963977323157104
3.9633226254341176
2.2358104938273047
2.0621539596457472
4.0010109098780422
3.1605030783449042
2.8452925025112430
1.8714391670899844
5.0144736038951914
2.1303837492993152
0.2994014205782722
3.3493122936773529
5.0089748996349428
5.2285334737225790
0.1320124673246449
3.1588501704819039
3.0539064261405224
0.9541717123221726
2.0587965160084529
3.1104713496857817
0.8945425666923934
5.6446351497855298
4.5518519502947763
1.3054004987753305
5.6618356120184119
5.3662381367438403
1.9236952781562995
3.0183600261740713
5.2777893343424775
2.1344947510682348
6.2287828472850819
0.2369404372421337
3.8142238167823810
3.5612766220767984
1.5418113521881831
5.6246456676518486
2.0846197932988946
1.9548699077375284
2.2557816128792396
2.1533098173345535
3.1934304192837630
5.3121192072813228
2.6291567427607414
1.1148938962345312
1.9749091814588047
2.2817656913493405
3.1018159487494161
5.5326767256347908
0.8021574766053258
3.9787212994786447
2.9564840407466111
1.3840033040565334
5.5951120511883321
3.7171474420882729
5.3269021382320547
3.6556423333086068
1.7865566352256603
0.2310801780430482
5.6270283972524968
4.8273246135284671
0.8057639714422008
5.0246102822726257
2.3518192953420969
5.5476724013756638
1.2050618068211518
2.1456739717218309
6.1424950583927238
3.1774301896081871
4.6197549235732662
5.6179170954331079
4.5605182034563390
0.3047975165062535
4.7387440468387352
3.0327008993432973
2.0872780400814146
0.5583017072420233
2.1550376145194292
2.6653565306137676
6.0406142080624896
5.1135122418668137
6.0644290788009707
5.1317464722266068
5.6883772886598170
5.6197195167996199
3.7817636963024328
3.2930689371525723
0.2467225545160441
2.7783194156781708
0.6568363807769786
5.9856713402796062
3.4593165910397574
2.3650213339529813
3.7216368853288211
0.2469703491652417
2.6929917044292302
1.1591017242085662
4.9205916902799842
3.9571650562191669
2.4712920342667588
3.5621233637714682
1.4631374174661804
2.9481554414578790
5.2570689173311846
3.4052876794832239
0.2816415865479964
2.8585845883525387
0.9468879974091323
4.8234592001100625
3.4757249930270859
6.1898760500566858
3.7329891851881865
3.5688232096334134
0.3547681377491627
2.0934275535959297
3.7975936983742207
5.1623502433162791
5.6518004798367185
5.0565336974286366
4.3086538636126503
3.2722689553561213
5.8185520957423327
2.1647220009154795
0.0403592803804124
4.0777576426360094
4.6554517519899923
0.7007980207034822
2.3737972827855169
4.3472134321659768
0.9137373581581744
5.0998584055257394
3.6724483812997324
0.9731822738231920
1.7885710383159568
0.3841538167201438
5.9986040881797491
2.6705067948024452
2.2340610574353996
4.9594178040700418
2.1403999847418058
3.4969893367541949
1.7006647076084229
3.4144683584077611
1.2642963722686980
2.1180277709282511
2.8695867604724432
2.4474198033789363
1.9729870396257660
2.8976125988310955
0.0848585041138157
3.4534504762164842
1.8520159919411279
2.3147200595256003
5.8481390744505042
5.0873778971497652
2.8229338604697842
0.4187511362862412
1.3294297834655642
0.8625257750487292
1.1464421296345475
1.1436202632493384
4.9458026280718528
3.2775870497618125
1.2748821197508451
4.2999027909651062
4.3969672037989200
2.9293430530028020
1.4578679517390321
5.0722810106100678
4.0141260544317401
2.2300970056954350
5.4970947716225425
4.6260055648617326
1.1811832252969079
1.7060544581274006
3.7311084301755169
3.6933364933561434
1.7575517843219901
4.1901013410013688
0.3885374585093153
0.4908514900514371
4.3122844049830524
1.6357104227483599
0.5235382655267452
1.8706832312255059
2.3116433802496852
4.4303402475493057
4.6245933893446258
2.8621247032002088
0.3341497025235605
0.3847795356196866
3.6625186670852412
5.6506778839221985
4.2065866836299097
1.1833212745907939
2.4835570944566974
3.3649043303857393
4.2391858653026633
1.0153942384574919
5.5971831186070080
0.6870785465837820
0.0828276079566151
4.7948981164771922
2.8496336834839955
3.0383742314106139
6.0639351715773344
1.9978699826910498
5.0769993966391675
2.2804144524431602
5.3981963959493147
2.4511018972359726
2.8670870456391744
5.2179107346229818
5.1677924817391760
6.0071973163760868
5.9981896974745474
2.9424722816590831
1.2884492096622957
2.6453645174104974
3.9261091425449810
1.9540936681685868
3.1997890896463339
4.1833502652088672
4.6563392347928545
2.0978289877921417
4.7087270257299831
1.7843501920430860
5.5055589862005307
6.2460064458508331
2.5931223257131082
1.0796880190201807
0.0213217695966476
2.2309410878221727
5.5986715618834122
0.1859827859863729
1.3354360735256521
3.1362011699897101
0.8673354814200369
0.2918372237557553
0.1175027087217294
4.2123147936192877
4.2209520744265072
3.4575930622320552
5.9202965244960737
3.1288794016344581
1.8472480010796666
4.2382122554112467
2.6757002474482543
1.7297355271140975
5.2107394877415878
5.5415802643132688
1.2931030533370178
2.8713895146330670
3.6213514842610754
3.0710738272853511
1.3787065246254586
4.1218834595533842
2.4606350620521003
1.5575551100626934
1.5559069810154618
4.8631955034890506
0.0207402038542604
1.4805810905247696
3.2067120334664625
0.5293778309829416
3.0410899438749817
4.9162012793765086
4.9249255103421241
0.4445951178807113
2.9331040003420403
0.9646087708019273
4.1955621323883596
5.3187723410493639
1.8982902607531269
3.5167797033332588
5.0131693558715789
0.9104966027911854
1.7617083669806588
1.8185548095355042
4.5698289192472084
4.4304622498360899
4.5470002276856647
2.0265262901221806
2.7653216528040336
2.9403428172911985
1.6039775934778147
5.2107130137307713
1.4671940044471730
6.1593195343647880
3.8371556280231629
6.2563995772603294
0.6931589578775125
1.5895879238835984
4.5421438329776516
5.7733353780986478
3.3438506850536398
2.8849886985673376
4.2964307472010175
3.2455399595469685
1.8593925907528861
0.7607143380874837
4.5215549476483838
4.1548343650956614
2.5756199244231270
4.0257525923501021
3.1638061598970419
6.0621612142088983
0.6331799129438641
2.5405684890254729
0.8886993265000352
4.0862511224985374
0.1297025410613478
1.5737044280824604
4.3854947111868272
0.6035638651905528
4.9820458232230855
5.4175190724577247
1.2717360732635310
1.5972891111269116
0.2503910120363006
0.1358989745084052
2.2521922635868474
3.0644940849180737
4.3317063450928055
2.7856756281568780
4.8452510560857025
6.0719119368401717
2.5204761729501572
3.1060017875847157
4.1316605244575557
4.6047293219480778
4.4611115331411719
1.5622029906385331
2.9825437506377712
0.5159695949072370
3.4764037233124312
6.1563988664170157
4.7652719937149746
2.7418744137273832
0.0560666566202084
0.7463914353309340
4.2410117454169853
4.7050426627638808
5.0374014920970325
0.8850321974239119
6.2304317932446134
0.6806589509995786
4.4210779709595531
5.5704128441465350
3.4312433503109929
1.5432006456469554
3.2437479189079035
0.6155940511371885
4.0162642430777629
5.0032252443961527
2.8203809113632810
5.0891168845923787
2.8039829246569656
4.5938433691222889
2.0174230330551048
3.7038109003715052
5.3938696170647988
4.4243517926963420
1.5044837600115410
4.8845755852725423
4.9755448259840485
4.3204734704494898
3.9873998176025212
2.8023722901765789
4.2907684008673384
4.2850682905528226
0.0067552062978466
1.2129069946837947
1.7086421849375140
1.3009369305822089
0.9133602199405894
1.3699189810673116
0.7337890791736781
2.0441950955108572
5.0422348488694029
0.2985962878941081
3.7294556766275773
3.3992537287877855
0.4568057528720119
6.0603255295267937
0.3692607312433989
2.8607235390129153
1.3357823044108499
0.9077971422808652
1.8209455946099771
4.5859357096917739
3.7528865869289878
2.5439530869597662
5.9314463661877941
4.0258872557849426
3.1396455001832222
4.4068743578163190
4.8604458161568154
5.4954624092732010
1.5024540324819333
5.1376114383981051
1.7216679341214425
5.1970867099614857
0.6118284412096161
2.8488304635617103
3.3612312047578761
5.0930752133326882
2.1660142136296705
5.0512864179916095
1.4345602649507703
2.2911604766460139
0.6086101233260393
1.6333439654357063
2.0758189252852870
0.7451584715343856
4.3457713132249047
2.6199110478628342
2.3249692334813927
0.3782106593240661
4.3435254147496920
3.9967611261895852
4.4065064503419391
2.6812581694126223
0.5900491207871758
3.6887937158711379
1.7007663961293302
4.7157522368688500
1.3801666021788346
4.9427211891301610
4.6955188606358904
1.6793817800050999
1.6240689155100514
3.1900828588455430
3.4690770113138494
2.8250738573253584
4.0855781994130318
3.1209032611512395
0.8942991595445753
1.1904838661595694
1.7824504559493868
5.2120953026244807
4.7409594077670851
4.1180656275153984
4.1203292945932883
5.2598885154729667
4.8139244994966051
1.0420086275436153
2.0623823172362274
1.0284182351160420
4.2625944143777401
3.8857884501879512
3.4446226749129987
0.6575843574632741
1.0403142583669784
4.9770606290753703
1.6064814483987502
5.0156724039736744
2.5260236102813125
1.0958365882528958
4.1918529155238238
6.1341851272200154
3.7325055287405884
5.2660574886773519
4.6271345139715683
4.0970967825937379
0.9336269466991014
4.2998957857184132
0.7356877576890356
0.4061444351445612
4.4053394969435571
3.9762557531471807
1.2397260005808128
1.4865796354395446
6.1231170731822866
6.2009220749491742
4.8392745487093984
1.2806658160886406
3.3224294643397805
4.8861616579640907
1.1189734163136413
4.6624948363755827
0.3423095005139334
3.5507800579467927
3.1860659174635870
4.1357727359108614
0.0509663132346326
2.0273390051048250
5.9463952381006955
3.1561709569464331
1.1875800813515378
1.4523110553469241
5.2594807698178361
2.6612589076965456
1.9497179338614743
2.8569791966981457
6.2270819259982542
4.6284933188007011
3.4499696302320850
1.7480606359426516
6.1538899299679271
0.8803704754641165
0.6116418062213421
4.0374611007068371
1.6376669439747802
1.2950525252280618
2.0268501302221247
3.4302392155759427
5.7784998266611485
0.7885121701248903
6.0039142182322731
4.2017492118448336
1.7413489730493208
4.3857636485641267
2.1823115225984702
5.8901022490754436
4.8434213720747099
5.8065608504957007
1.7178361739180041
0.0359617350285351
2.7312450228068701
3.6508799397277216
0.3634167224139102
2.1851803945532837
0.6133155166391490
0.2477592139555153
3.2849760828246133
5.7409949406296521
3.2680152587868228
2.0035683197306700
6.2426198459851792
3.0944151044498747
3.9760975879989373
5.0992750395720003
1.5146474083928345
2.3744723430104253
5.5889632687275341
0.2378402562457760
4.9671965988798741
5.8743816331748970
3.3267339179472071
5.8577915045583167
0.4119471029508793
5.8431366644769192
1.1973810822419610
2.2898259214592858
4.3738506728057809
1.7443068314345176
5.4923189242755521
1.1123479940801975
0.6498865934679875
3.8361003014303576
4.9011410975289866
0.9195625939976367
2.9914110051613010
4.6010972654802371
0.5488636803478018
5.0848823625674813
6.0299429855021627
0.7154084569910486
3.5313137989850003
1.0013207404936932
6.0810766770038995
4.4375174816255161
5.1860691217450032
1.9145893495586546
1.7707983427357512
1.9753558177132031
5.0618331937772876
1.0287584036936108
3.6556867408804732
0.9038691021347675
4.5280841140801638
1.7702245573938860
2.3869041902750014
5.3996714447415330
0.0593548726962987
3.3269408768372233
5.9284504212454463
3.2719552790155944
0.3160775227396397
4.4215910252992874
4.9400079368779810
2.7124060334262348
0.0402843682176066
4.1254511320366669
1.5873193321754973
2.3807410855487232
4.9582470680272195
1.5300448005589606
4.0434474347106653
0.2786017856506803
3.5991061059160514
2.4371485087281828
1.7984437473106820
5.8598048657960060
0.6942278667485944
4.0340747361745555
1.3132389837819241
2.4152077846751023
3.0863249967236839
2.4755174534814888
1.1055980127088278
3.2576512178470822
1.2888580695358356
2.5655307690448881
1.7309768956731098
1.2712206527305725
0.8346683397433079
5.4254428739990006
2.5101071922171991
6.1306082116013680
3.0033772781606469
4.4053046513791108
3.2168232587309662
1.2138560542993475
6.0974769786501923
5.9430872660513403
1.7766612745192885
4.5513543586175622
2.4936772440584183
4.0649395925286598
3.6696859513775699
5.7071805438496845
1.1046778600299285
0.4151361675042286
5.0385992790390395
1.5688150809383388
5.0995319725924864
0.2818587749220735
0.0520801856947836
3.9886771771143792
2.0010399000955288
3.2485169469197110
3.4957021805793889
4.2619585237159168
4.5974322578245053
4.5531137587620698
2.4682119541255960
2.9374486713728034
4.3782518925896401
4.4293845713734461
4.7534946633013648
3.2245739512690390
3.4484222898147157
0.4151860594354663
5.7319742322719049
1.9134890396090694
5.0542853147706586
4.1155827683757078
1.6034379487720281
4.8617677617326018
2.4950677600490652
3.2005782810434571
2.1247005024652386
2.6836593492267662
1.8819523632461259
1.6702955107744422
6.1204337212584212
3.0378491217060617
5.3271159267172754
3.8135595764817989
4.1710584535876292
5.5699423330126505
6.2449011396745782
5.3848833149078184
4.6873537188239842
3.6803800530305995
5.5446906964657261
1.4327372518002202
1.1089556556093951
1.2336087672594913
3.3776359486981282
4.7085361449423377
3.4923362813733791
4.9033796639662848
2.2689593271135382
0.3565597402625892
4.4737484078651537
2.8705687882437831
4.9070505307374557
1.7314959313615221
5.7145099216139181
0.2020036163598349
2.0520562182148496
5.9679587245584322
4.7895957769906738
0.0347709107274493
2.1269940995390191
0.7013298127247433
2.9218647200394199
2.1149943404589950
2.5865406455372519
4.0976571535885187
3.3129772867337457
2.3899756934324063
4.2683334555870713
4.9919391203570207
3.4504046588435857
1.2597273251524519
4.9227243109548864
2.9096499543215857
2.9710489890537466
3.0392525614047421
3.4858061561486484
1.2045241878795931
1.3434092280532688
5.7652099231048721
2.3241064456316991
2.4783317315904418
3.1161060473439828
3.3581103127060272
0.3457204098884160
5.3215207452729363
0.9920515709932558
5.7583781132397034
1.9562103594208715
3.6873396425295897
5.1662774979512571
2.7148137130908574
2.7325081501522575
1.3115981239680479
1.9665830246676992
5.0620323740377007
5.4706953487787757
2.0552610212927012
4.3960362748497550
1.4096923789553035
0.9687638211523850
0.5574235415583240
5.2570153004376818
3.8633590956272106
4.2924640335910755
5.5881672969911484
2.3079925549617242
3.0293977180827358
1.2290761836048687
3.8904634375994216
1.0339442066965470
4.2649890857891410
1.9498197165739426
1.9862043761784145
3.9790565038347228
6.1930421053459392
4.5013720186382438
1.3849939520965546
5.8481023885387771
2.9169836832064804
1.8344489990601780
0.7804355991795237
1.2202929192847265
4.6202707859861665
0.6708799257649265
0.4125725190031457
5.2708386416348585
1.3256522999814226
6.1734301627867199
1.3339569167731773
0.7916717748039963
1.0529464546230562
0.3152694205672699
1.8026696642202882
2.2089407756471764
5.9004929261135270
2.7581638535787687
3.2509611826593225
6.2346068079057151
5.4370128490339811
4.2607949942045842
5.2715886790349238
1.1218364498633719
2.3658568783500087
0.6486464072437622
0.8704939851868116
2.5445580166205168
1.4564070659832711
5.3778942389060962
0.9602128039065949
2.9678156847012698
6.0318313386088516
5.2131673827640101
2.8359693565164830
2.2868959295689701
3.6475189341093643
5.6769874820992250
2.9304301634227117
1.5890740219669182
6.0162203988563290
3.4914394511850988
0.2606350225010904
5.9326244337621583
1.3261009802877644
2.4709162517142502
1.2200756091571983
1.2988613575558650
3.3748928835994363
4.5282881039090510
5.9611392567207560
6.0992507929887143
0.8577114639984880
4.3198701402256772
3.7982722288014217
0.7348052998969370
2.4690555675227737
2.0438467480742708
3.1006252708225501
4.4793779574761308
1.5687079574360956
2.5525681779243925
0.3768375171882768
3.4376091503335524
0.0772134682418334
2.5233758479264683
1.9661708502186113
0.2730697062870563
2.4357154694082763
2.6889802833289695
4.8218920886493359
2.7409805871875190
5.0098746706950621
2.0053073609395367
3.0081841593968708
0.6735322802547032
5.7651430799767693
6.1882853657189614
1.0783803188436880
2.2639476491614046
1.6983428608855600
5.6085634130917796
4.5656372815375015
5.3470016267974705
2.9375748952980860
2.6075515799166569
1.2890382315986011
0.1536344556235255
4.5228068688374501
3.5137998190155271
2.6433009015210986
3.1658761397287014
3.3688472343988658
4.6383192278988208
3.2136821179019344
5.2536787170745063
4.2524585964184469
5.5405472951516561
5.7415084409008115
1.9472897947259538
4.2143465910638058
3.2488511229964647
1.6476000470129606
0.3573690348581731
5.7078733430090933
0.5851410506355191
2.2204619358336073
3.8391086118195243
1.7742496846538611
4.6176870826969987
2.2485525931786055
2.1813700647374064
1.2743729901239600
6.1634604542202673
1.2408234582339037
2.4943694665518299
0.0547029286020649
4.5931502895121463
2.0202888829826517
2.6974474285854577
4.5016877201250090
1.8930083396482829
1.2976179676191988
5.2182582389598373
3.0059567942283216
0.2769937963604564
1.5747036471134199
2.2369249010275754
5.6279579118417429
5.2714602040937093
5.5214506166700259
5.9423815786569669
0.1760890000533353
2.8577519917597871
3.6169430762637012
3.5264213809103229
2.5835109182206617
6.2034049902188784
3.5374536400236480
0.6895096695759317
2.7520386719923229
2.3696317651870382
0.5708973478068504
5.2150512101290492
5.6152799687435211
5.8593014083270587
5.3581055576856400
3.2087457283957495
0.8077666674507501
2.6256137420157679
3.2009177474275159
0.2338299770689119
2.4499177015871254
4.1213134628119175
0.7600763399973191
5.7722187893430448
1.9159513136709618
2.9123834601969345
2.6295576396270635
2.7298655769443809
1.8005185772962671
3.6790629634706113
4.8030137354545817
1.1186059509893582
4.7305448098176708
1.3763148989619323
5.4828400964746455
5.3178820152137849
5.3361836617652028
5.0781470496046461
1.4289126199153497
3.5377253736917731
5.2134392554512576
1.1164729905626531
4.6314525081074294
0.5392275411541455
2.3073768479843570
1.3910687944299875
3.3051407878262169
5.1716304513293805
1.4937045648455443
0.1979812462774123
6.0093743075190549
2.2135097174335585
2.8419056576632440
4.9646181035867798
3.7975680545030168
5.6390602787517796
5.0228755183765230
5.6152958872542333
0.7194160392037277
5.2134877191530604
4.9304690164925384
0.4133706500880877
0.0546486743652203
4.4923744734918580
2.9153679126666647
5.2824965058083464
2.4298307652451445
4.4953041973235095
5.7185835765718336
5.6741506255659262
1.1356713702007153
3.8020757202354507
6.1985898432709998
5.3838715454767270
3.4235757363888744
4.5403238866366316
4.9703876030813348
5.8105083790206997
0.6610753426204498
3.3134341758187538
4.7623431666344880
1.3419379566546572
6.2035380179872091
1.0576803285196674
2.1421319080231260
5.9084523167290337
2.6906192177979009
3.4140457442504593
6.2035214012335356
3.2015559781631198
6.0147427022626632
5.0386894107587930
2.0157960757806945
2.3594669863435875
4.5992996101186439
3.4366065436942379
5.5715564717700223
0.5914205156699924
4.1836483284272852
5.7831586817584419
3.1559070730885321
2.8334347690709993
6.0951357119825440
0.6526821501555453
4.7391157945047953
4.2034540419986799
4.1802464365753575
4.6778206436770491
1.7711670166109941
2.6906595567805556
3.8508012532248186
0.2466589575801894
5.0336099974771233
1.1948238720293782
1.0431890456536166
5.3062844825335116
2.2641895071253231
4.6314728497003426
3.6564589944762598
3.8779344531983035
1.0514808968858325
1.4873166714739803
0.7203841548834123
2.3239157707522513
1.8932186851287198
2.8674600846545033
0.9269570197140232
3.3294776996129438
6.0537687135463543
0.1313095662504344
1.6479244031601845
5.4167561671858380
3.6501180073474933
2.6052623389413974
1.9592604836293765
3.4222614729460799
5.0214864425893762
5.3368413478629826
3.9864909710995744
1.4481782304957878
3.3427580545797397
1.9033468793353256
4.6006677083007226
2.7450979706772025
0.8375422773658949
2.4632230886215081
4.0173348301536871
1.3358064189674212
2.8716733877724918
2.9458677898931653
3.7537781626214559
6.2535205486487575
1.2701963004483889
1.7917558080345279
0.3570469089876367
3.5274674815815863
2.4299690272769059
3.0357530618600626
6.0525033373258035
6.1518433904235730
3.7037740417376606
0.0626293707531171
6.0756638171968573
3.2022014444643490
4.4398635653432521
2.7581933725063674
1.9287218023839021
0.6582410489011814
5.4539236737321932
0.4257439531514534
2.4064316284795026
0.7478189869297741
0.3687352837858479
3.5951007654311606
3.9807876269275009
5.8224093783252409
1.0648789049764951
3.6305619133597187
3.3545554664554373
1.9838608516199845
1.6731771791527745
4.6918227370097529
5.7128377701665327
4.2908070643662120
1.6684506502527852
2.6092228141091187
1.8262040761410872
1.8808385397230942
3.6533763327273459
2.2912129231740490
0.1902255073154003
2.3525336586637162
4.7671257433142333
4.7504732377194916
5.7956858851837039
6.1211144051243771
3.6790918211152932
0.2514681260321450
0.9627474933679215
4.0595865041424188
2.3378302987915434
5.9052230340857905
0.8465110810688400
4.1456201036080680
2.0493569326065897
2.2817584943206546
4.1120770892602421
6.1073731186890070
4.8640255715165095
3.4164240594502524
0.3954568591016821
5.2647228302188669
1.3294588880202356
5.7823136367226731
5.7100425279330764
4.8355864759558900
4.9849401535522011
1.9718278904007749
1.4275935990066981
3.1366939977837993
0.8465932633428309
3.8314409507360492
1.0587980010949165
5.0235718905267222
0.4712380573085403
2.5625270814896508
0.3040844740621826
4.4016384291580311
5.4654705014685403
6.2658840328302094
0.2927985878779710
0.2082481831515701
5.6766798119230160
6.0197624878244840
1.6136155445242220
1.4255539141908100
5.6516220386139278
0.3378500906746364
2.4639657567191628
1.0412964849832447
4.3030020335829855
0.7266227333383480
1.4652071533435291
5.6156812073299509
0.3919039845132966
5.7991272105252936
5.1679982674181515
5.6073618209227769
6.1442728693027329
2.7108525015323996
4.9002079597340815
2.3610720986922495
4.9419066315042492
4.3215928702882813
2.2163783093992566
3.9733292182786757
2.1270364984909964
1.0083577081269979
4.7943445628359420
1.7201580638620668
3.3444078586304418
4.8653952916281211
4.0392699806292205
0.3061868079639449
1.7083109832812198
2.7305490636468566
5.0986049854153466
0.0125483771717441
4.8314184242757747
0.1007293620601916
3.2631082747843259
5.4067642941773535
5.1945328701403710
3.8479300012816995
0.8061757480477945
4.2804791003013980
5.7255160492161670
5.9270200039615766
4.5802521785652512
3.1728994742096512
4.8529818443021977
3.4308313263217327
4.3638348000423548
1.4562693100760398
3.9405316836833362
4.2950666553011114
5.4054237497279720
4.8748138257102314
5.4914316534870364
1.4709834222531262
2.2344437580820835
2.3985168122345701
3.2646807957644390
4.0651215840391011
3.4470854464965086
1.3207138651868897
6.2185120344466274
6.0300896816353395
6.1837854340867642
5.2310825995361778
1.1712917894278501
1.4012222857274108
6.1649110047472968
5.0887880533274092
0.9924294558804729
3.2695796149406307
2.7075005696709815
1.1945778641797302
3.0608202736276033
3.1694622165366502
0.3042408645346320
4.3247313781463887
0.8705241958646294
1.7755784809592530
5.6844368070032445
0.2505313842372194
4.9149397002318214
4.6749720112789088
4.4845599652953512
0.1919379947664354
0.9483688263304365
4.6603310254331065
1.9099530538371130
4.4651607720578523
5.1089749273947307
0.7909825156695208
0.0179402336153061
4.9853428194027014
5.6097690206773683
2.2199866651898943
3.5825218759244764
5.9753239572500423
2.2028329234272177
0.6861574888708235
5.9945190571118951
1.4891221400354535
3.5445505947173870
0.7864715305182569
4.0001125505856887
1.7886249066127011
0.4745333339856860
3.5537255917697417
2.2720684359143237
3.0498030587388070
1.7343036469888415
4.8561231801394396
1.6735556150205684
1.0012126112673199
6.0528832569935629
0.9774750356519823
3.4593945382961362
3.4171996170911885
5.9969900820176152
5.5043277643727304
4.0306501128034018
3.8190086203629567
2.1707982642689196
3.5792632697608577
3.2450481742575881
6.0183209156037130
2.6817714447915328
6.1828692759390087
6.1743293713083878
2.0739557849067936
4.5725964195835420
2.7609068735968214
5.9172171199354233
0.5822860746653351
1.1668170160804066
6.2776169579325432
3.8681038753913106
6.0425454567007497
2.9946693431799192
2.0032982312588890
1.5750757963662967
3.2372189703097982
5.8740781732137126
1.1948229168543967
1.7749441009880822
0.4265155329586486
4.1877064658890593
6.2014146047746950
3.8981923784253536
1.4549479189185826
1.4022013481840179
3.5548712263046034
1.3090146697073439
4.3198990699020623
0.2963036226368255
6.1210316747380755
4.0553540153486169
1.4102943533829388
5.0933977017322984
6.1854530930312315
3.8383687723371049
4.2590780425510779
4.4250981743728595
4.8449965071828949
1.7124434278155247
2.3364294442434526
1.7431918383005920
3.8563157299823203
3.0415766685732173
5.6742521887472304
5.7886740005547450
1.0693033735529471
4.9514651679871928
1.0041356369477863
6.1434110088755736
2.0405565789249347
0.3543412520618058
5.4889217838608326
1.8409640244383521
3.4831477103704174
0.4773770110253192
3.7429584786488710
2.0049795103767245
5.0823860125600682
5.7956452514218650
6.1395907567899144
5.6566901989711154
0.4009996529551218
5.8839752394707903
2.4919658997322296
1.7109352916831007
5.7937947049427869
1.7554091200069943
6.0299430516254944
0.1770572479541414
5.0628760199687139
2.8601103948106816
4.8827581544190428
4.7893402292095262
4.1126604954688073
4.2194574254680663
5.0416618642749027
5.7970787403428927
1.1396131237282829
0.9468562674920563
3.0228260701222545
4.0782820318169675
5.3047003163609476
4.9835230105635846
3.2293263048581498
0.1095761926267224
5.7452542138863221
2.2574971322118920
0.2777242749858680
5.4739074066350666
1.8698153368638266
3.9315676111341840
0.8201521993221150
5.8579577017021016
0.7992755665108396
0.0807229715297539
5.9275011473358630
6.1752783692400737
5.5419849626585185
0.9483077955774404
3.5548507610041589
2.4525875176072582
5.1560982641850712
2.1503085914823599
5.9424792944052189
5.5220558326667106
4.7623245386158226
1.7109715160126360
0.7175438532862186
4.6288342264304720
6.0067889396422833
2.3486340445081364
2.5959304750128980
0.4168843633350466
5.9638386980783906
1.0784433962710951
1.4865782921408586
4.9677567790468027
3.7772889718559060
4.8946738591365184
2.1272014041437615
5.5622307979252712
3.5766819318911476
0.7773913219183747
0.2906257091980871
5.5352826309206105
2.2866475099755847
4.7631139601561889
3.4204416168398799
2.8422613684142100
0.2641799980214839
0.0354076462832643
0.3773880719715043
0.1354147354122112
0.1169973241061528
1.9282463499088736
0.4448565981465992
4.5168405661542215
2.6453629901724236
5.4442161851964270
1.1319407874112231
0.2531468758393541
4.1438228603254093
1.0427115167061969
4.6246283820913181
3.7890184703606224
1.7388437242918986
3.4463763205036169
4.3803505910681340
6.2693187555746670
2.0274116315893318
0.1520304468140858
3.6700379440814515
1.7203925025922930
1.1946493737243140
4.8151259589237876
3.5747370611773932
3.6711182192972238
4.0843689586269187
3.1992829790153379
1.7236514297841246
3.4503117370799177
0.9230285581099864
2.6136644946783236
5.9307524197463142
2.9731461132356438
0.2323715033323155
5.5288393461296366
3.3353846664183453
0.8653012468289021
2.2871694003503840
1.2845063289585181
5.1903449984262711
4.7659764219975767
1.6021576751839093
3.6529303259937547
6.1149765528348903
0.7001534557895326
0.7591406968788441
4.1199145866841569
1.0802890190539440
6.0871566515795719
2.4517357164112235
4.7476698677744675
2.4456528074814443
0.9948071413528404
2.5041979263632004
2.2572477952965366
2.8215907160273144
6.2746010636247460
2.4867059451680138
4.7413364577603421
3.4392206397939686
1.6963533604335028
4.6781451803286798
2.4095720495762154
3.4513765472077274
4.8693027324572897
1.6300477231848058
0.1489625188271480
5.4422812679711479
0.9070309934433751
2.3084518722354144
2.3963657073810558
0.7365569662213686
1.0008254142429793
1.3631391407134059
0.8166021822463292
1.0996823838294827
5.0915814411918925
2.4057817867811138
4.9254163739170416
6.0913287768274973
2.0694425817688140
5.2269938246165930
5.3129646723438890
4.0790563214943534
4.2549870934664078
5.0882400759089306
0.1308281140627091
2.6685245815984846
4.7487265277646973
0.8752041678931312
3.2178766195779773
3.4273718680292302
5.2796291082534621
2.4942506787829823
0.4436514763416063
3.3179311701524825
3.8302509613205462
5.9351344406581301
5.0827518320557425
0.7629430417808780
5.9237923469419087
2.7629049077808134
3.4600420289523446
0.9544658286228463
1.3927127694020529
3.4858768238128333
5.7710490175568578
5.3646299958126882
4.4240844922975215
1.3325624604139004
3.1296820127476765
3.0304797117903743
4.2992440275285855
0.4894725210251220
4.6660305125218349
5.6949051993311963
2.5907720533626111
4.5514866567335339
5.2685899177016822
0.0660564926670290
4.4093665894289673
4.7915508477526325
4.1180157050677382
4.9865611689437808
3.6939428802131711
4.2750995455051859
0.2100180166096504
3.5097854662476515
2.0378103996966654
2.6692475614102369
1.8541521889618031
3.5744581950449201
2.2760460519033807
1.9784383065776854
6.2243081402365421
2.4016781480795739
4.0194441349058323
6.0967224147604560
5.6322110507516214
4.5188597504189918
1.7880936369609206
0.8119726149780164
2.4230338285421946
4.6427300818135322
2.4886146068593171
0.7450281903751929
1.2152024181963081
4.8241966390532429
3.9361726817194129
2.3481457112486304
5.0783335862457335
1.1883719105280508
2.8319430642932732
3.1975909913383771
2.7667495881676825
3.0277258332723700
3.5311211769529480
0.9385525102336039
0.6853245838313352
3.7949851356980462
4.0004239613352661
4.1184824502985373
5.1089358143918844
0.8392075267479062
2.2983469614852092
5.7670661453609400
5.8396533499233438
3.2014813848742283
0.7997988656171007
2.1159814123213874
4.0394167478223952
0.3998448205818917
4.7496217446928934
5.6236683754622065
5.0061807487215351
2.6594798019053343
3.6061158482477293
3.1115705471411284
1.8410569846407931
4.8517672496094555
5.9591680750053895
3.0355217338559948
0.5683360393483848
1.3943786633074988
3.0112281850476870
3.6497104327279386
2.4201779804603469
4.5326637166195232
6.2008016390782146
4.0899823820178351
4.1572624804638743
4.5217911131771169
0.2287049893406166
6.1681200842830481
4.8972393435174650
2.0339967039103115
1.2900104058268180
5.2130321317414596
0.0529767854299953
5.4827430086607514
3.1834086224369464
5.3650971465791555
6.0884045102097835
5.9327333562364704
1.4126873271661939
3.7407302035510170
2.2265059294019438
3.5421375664213985
3.3440388054880561
2.2383908678776541
0.8178144485728667
4.5034445924762361
5.1897982024835017
0.0137678245183878
2.1456405746445260
1.1566410938304690
0.8719119474243204
1.8208911302302819
2.5801695087044192
5.4218396035314580
0.3427392479567858
1.6004856399463729
3.6998094339810104
5.8381303520204577
0.0111850807678709
2.2188511116896055
0.2222503951848616
3.1347359714086647
0.0445807279300118
6.0208192776256775
2.8833377936402251
4.6327306691231271
1.0281806456638132
0.3088840161788736
3.7365792286598163
3.6055179201268168
1.5500383036958778
4.2843240610678777
3.1654412035724828
3.7763785331170947
4.8102347629091797
3.2708681325879341
1.3132588992076895
4.8880424058694336
1.5330346500045910
1.6068084175640496
3.6273390812212298
3.1351070327717285
1.2496331657445530
0.8339919857092311
6.0175596615913083
1.7754888959182393
3.1607198208416691
0.2561914737734657
0.3981855827780267
1.1546681847052396
3.2414977366411351
1.1159176876703769
2.7524454980397932
3.2005437379148076
0.8588549743160959
4.8641029408773537
1.9670175210022152
2.7152579980820795
4.7856682013504761
3.0866596059409259
4.6063636687900917
5.9064909386645406
4.6398619869247373
2.0734935135121306
2.1315971989963098
2.3881475394431186
3.1328456924906507
