4.7541450661692428
3.2416269375096176
4.3071915964086562
1.3353909388922800
4.5396001176976473
0.8656472478096364
4.6547727787412274
3.9823885917995354
3.2937481790336633
1.1910617231201195
3.6608623003705389
4.9575704415200796
5.4567703833984886
4.6500363851805950
2.1489501553624257
3.9126424119891046
5.0802161431439252
0.0695479797420737
2.5976221095929026
2.2498308805702893
4.8804605272935007
4.0619728637875268
4.8442725180090029
3.9836881893989271
0.5380694862102532
1.1940775557376027
4.2064411763048248
3.8946294558930150
1.9005585504377596
3.6639332338808632
0.9597093610176315
5.7620462057246993
0.3542726203936227
5.6572956595085291
3.1022289615385468
2.3617554396981566
3.7378906360532511
0.9452353833012203
0.3619710757200707
3.8997083931916388
3.4634789939738235
3.0597717678541851
1.4063151873891186
5.5785962676999929
1.8186902918571763
4.8426845199877695
2.6440727648274911
2.4362444874522442
1.1307255614758045
2.3221620848302056
4.8867411829410070
3.3043340657838569
2.2506546746008045
3.8254496621491039
3.0081137251926173
2.7110264286858197
1.6644688241358574
5.5112716977365048
1.1453741427503354
6.1589015948904180
3.7571717096109456
2.0491358090018625
5.1309291500738192
5.3955314772815601
0.9892412968070768
3.1231724685807714
2.7223665627183968
0.0867277053614697
2.8789746622209020
0.7221690483888376
6.2801103363935997
2.4012081165368322
5.3217709056278792
5.9534910428978831
1.8600117844912896
4.6583035231323651
0.4391746816371094
3.2146307396543170
2.7984978676504739
4.8820243806459196
3.9034495074843734
3.5725519275071762
1.4649107902171252
6.0673267452077670
0.1595255374003901
0.6317228149334946
1.5006903034883712
5.2831695993414538
5.2394725283177284
5.5780760465757595
3.8219418093422997
1.4042456989723406
4.4171641346583312
6.1931138361650984
4.3146548604713946
2.9040077695334459
4.2571843082686662
1.8652846134322585
2.1207568519403952
2.3829990863760742
1.3782583373140100
0.9899754510078181
5.7750974084891826
3.9234788021159868
3.8604778706124874
5.7507923490563870
3.7920933627023943
0.1357717745091686
2.4875258175953170
3.0721605444307349
4.4603493399744352
1.0214821333433939
3.5161741686489583
3.5272983374266111
4.0784923527129351
5.9699048697510957
0.0435037545957554
2.5684848132933009
2.8443436772319819
1.5149160761343443
1.2471015911490300
1.2004840040504487
2.6020840102378671
1.9412061940346041
1.6326449822761133
5.9386053493849245
1.5304557468995059
5.6558596686731404
5.3708215524692466
0.4717736100392472
2.5964111594260970
6.2320779281781205
3.6751032478314953
0.6613486724794116
4.3366644052110184
4.5808057322839746
3.5743745494131098
0.9718105976904416
1.0264906143418058
3.9493384781049636
2.6624757455809229
5.7551757436527762
5.0062932180178921
0.0448063266473167
3.4134003547348821
0.9470506927091695
5.0471819518773433
4.8454541747035362
5.1925794178796405
5.7586469521299124
3.2885397684211108
5.7280221115171690
4.0464494430153159
5.5137299829583144
4.2225200290951657
4.0727229599615962
0.4366100513013645
4.9090852712330069
0.3743363988695063
1.8180189905773205
6.0839712969746804
1.1505896310325245
2.9161084796828622
1.1785900503815856
2.3718895935253252
1.6064469293362778
1.5689283706441108
5.1377052151545604
1.4852402391376525
6.2786851937547956
4.5496813204969495
5.6844979595206819
5.6346556603080993
3.3133923631528557
2.2275283211458694
0.6783917554953793
1.2405789697051655
0.6475568652335733
2.6145409947144538
0.8337904879224255
0.6901911012154517
5.2477834789180733
3.2588704124192560
4.8996975310007569
2.3661432826246478
0.9950257008802879
1.7649737948281403
0.2195670512820270
2.8168316784158804
0.4810930228813098
0.3007783338044434
4.9078056820351481
2.5486050110100043
5.3059665414067325
4.5816275021596526
2.4775564834992854
2.5856405548390056
1.8536603230697333
3.1789900204581061
6.1450038888917486
6.1324465103578154
3.3925562977105330
3.3621007187063228
3.4300783903771728
1.2174349084646601
1.7283927473361096
5.3857257904352238
5.8796946661131466
1.8386596215204447
4.9311318963878064
4.1834531518664759
2.9091031358279467
5.8040717380009177
4.2407194455018411
5.1281331100643675
2.7133152659252411
3.7218631799285635
0.3008283263099596
3.7569456924169726
2.7573579231135432
2.9246764545957009
0.3358660672331253
0.3740052059077889
0.6964138666465741
0.9053880423043227
2.3752892434144641
0.6442623936362339
0.2269794944718356
2.5937399530053793
3.0939984701785419
2.2540251884671476
4.4442135679034074
1.1128195383406725
2.2014958867975598
3.0070544923500737
1.2529435672195444
3.9990952587020945
0.3124090167572690
5.9486615383855428
1.2916844923598683
1.8824745689836944
5.9994613390790272
3.5462752980178531
5.9168022126065605
1.1690155454488402
5.1789209833993031
4.5532471291528909
3.0102858815734166
6.2319631658876169
2.7454536179617732
1.8115109146892991
5.5077367138123385
3.1948050430638721
3.3008142075057352
4.7374119527256191
4.9315482956926653
5.4846865381744205
3.3589428276789515
4.4210856891047268
2.2715833350515071
1.4001514223824543
4.0919500135723501
0.3342428302998336
5.1406691412918120
3.3179596283192905
3.1271014991800570
4.2529573193245458
4.2087018946636494
2.1833369211570308
3.1812687561075390
5.1650686737825122
4.4046094800619420
2.8537116298733172
3.1042897456789240
3.6065595911258774
2.3743249911237565
4.3255199258028982
1.7099625726448970
3.7954606774635455
5.0482552648718029
3.9991628587966921
1.2118440452654633
0.7874717272173335
1.8970596456335531
1.6451198210892146
2.8519262233293361
2.2213079006273380
0.1264939329139622
3.3229446118218164
0.2128098619795707
0.2497873416219235
3.2903857599549564
4.2084159072766205
5.7662630449183325
0.6243264886714583
2.9857982473952931
3.7667391797567813
3.8731547978339553
3.4499390380255304
1.4134661680748668
2.9378495864523066
2.1539828515280433
2.5471017412320021
0.2984178831528122
6.0889352513702324
0.3935621152513611
0.5193577005231705
3.7471232724532677
3.1921871418101637
1.0559639406916814
2.0025872840615446
1.3850496752853791
2.2546250919928092
0.0421490040825487
0.1106707573501321
0.0601800244943916
2.3475964774794709
0.8160600640325006
4.3609448760838605
2.4325678769151824
5.8896987149382465
4.3649637188249875
2.5587066604484563
0.5770071221583548
4.9427078979231176
2.3615925050061901
0.6916489749301750
4.7262657232463079
5.9175718804409367
1.8261536903388369
3.0937144237424139
2.0377102682070292
5.6486787175103048
0.0457307945345227
4.1834208941800783
2.7071901470506883
2.0676472134287294
5.6138835316099094
1.2811321325102840
1.1140494425046918
4.9939078776890753
1.8152176271298353
5.2258131837031661
4.0383281656311221
0.1826363827579583
6.1198871350602202
1.8535359097444615
4.0561271172436131
4.1675391687498946
3.0421202546354316
1.3517172769602190
1.2438090217216693
5.4442314400309488
2.3469222314476768
2.7441669962554189
0.1150664827783835
0.9755042131568586
3.0327327424102615
1.2426991125190878
4.5931085049688152
4.8009586813192984
2.9118362775956022
4.1723439033497201
4.6378520003999739
0.6744043774327246
5.5443766535894881
4.6232226411754747
3.4426006810683920
6.0173939875311930
5.0247648843996746
3.7488031687426719
2.7563457398384283
0.8565467788302253
4.5967186514751255
1.4730145286065530
5.0499889368861606
5.1872492708928117
0.3223248692154020
4.1173981795744794
4.2021479116038627
4.6218077284434953
3.4085379083212470
2.1536358292992488
3.9797246229910539
2.8369372486986117
5.8904624739670872
0.6429305873488307
0.8108331977872205
3.6824990784469955
6.1284075167701175
1.5397497127249595
4.8334102073154179
5.9878103900630428
0.9097176050851917
5.2085469554471251
4.4031252634689171
3.0712603876415718
5.9059747921227546
0.3156426664916030
0.4533257440950278
5.1416563594657072
2.5738916601287394
4.8763325674447477
5.1917067543722197
0.8112665545654036
4.0709905493507224
1.9731604005576562
4.0225851245144453
4.2416929939706414
5.7572319682156570
6.0267271146067349
6.2633273282821147
3.7570867741588367
0.5329426655798463
3.7951149185489572
5.6809717208003851
3.8064151830529540
2.9629995134479792
3.9282012898824341
2.9772746471489944
1.1284564242450890
2.9414222893731106
3.6781636032922695
4.6930329097213992
5.8020421773643145
0.6472145864363349
3.3159107008481636
0.7608018253742445
0.9013212555096486
5.4514150759332729
3.0775382193305116
1.9522984963764032
3.3997013982891766
4.6607481843729657
1.9624453794340244
3.3089208860930155
1.0305219032570492
4.3858397928108177
4.3514096144726739
1.6785804575197072
5.0872805183107435
4.9386005390762771
5.1416706410833237
3.5267029158037349
1.8735447698833967
1.7968866272201227
5.7214243310945792
4.6930374056609576
2.9333124717954377
0.0657308834198481
5.4785950653275117
0.0957074658494089
4.2953588553885149
2.0933034451236567
3.8703506055471553
0.4025274293352895
0.5892248481543720
3.1218215337471600
5.4892230188631634
1.4575563360628310
3.9554461666788399
0.0240456932778878
0.0628479458265727
3.4035573026223567
4.4088303814702821
1.2081473427960832
0.4633034646977258
2.1952997740839555
6.2257380893417862
2.4186964004295590
1.4935694177469427
0.4660263911507687
0.6446148484983758
5.1276343141987342
6.1740104352309713
1.7050938909722400
5.8912310106582728
5.4772512740835158
0.8469216569489317
4.7684160735415801
6.2398152956777402
1.5773526964248070
1.4037579483976719
2.3553593392798300
1.6036153858810045
4.8935136178225775
4.5603817261210473
1.6355671743099527
2.4028773905034186
4.2267444280356434
0.7884010307554065
3.9753176446917156
2.6161344412722145
3.0561244221067647
6.0267162359820432
0.8969992583507380
2.3231590290772881
2.2635127185652641
2.1786259281388500
2.8412367818521784
3.4920082878618381
4.1180900332865793
5.0585159187107864
2.6022677550502631
5.6786799142946682
4.5807767870729359
3.1550785626538387
2.8116574764132625
1.6289959213117791
2.9085564607189838
2.2210352331898564
5.9965820209676330
4.1206841378003549
3.5338953120733376
0.6762323095356548
2.3460395500987592
3.8115115470879850
1.2513409260954453
3.7003009145600698
2.0666321811445716
0.3503928886771652
2.2429800439128611
5.7741925888945502
6.2265773055675036
3.0211269700100654
0.2099955845839718
3.0097517725482943
1.9144495449164145
5.3480839136605560
5.0765841959929610
1.1624471481711673
4.6807127995716682
1.7791918397661148
5.7653598405657434
4.9126418062291561
4.1937360566639565
5.8030029903263296
3.1900989050719106
3.3189977642953945
3.4908445395045988
3.0236240682338282
0.3524241250454350
3.0960116044243837
4.1553392664788085
5.6986342906021887
3.4780885526250778
4.8042037642842850
2.4869505691173437
3.4753734821328908
2.7000261611332643
5.7422789154214282
6.2806340746696501
0.3606035146793988
4.6925830098391117
1.4874119723481358
0.2883566220390527
3.6543786455415388
3.3840407186339445
0.9442361254610988
1.8310490785976310
1.0863744554133399
4.7632552558129460
3.6167341929667409
0.1154184317892935
0.1385132742552945
1.2498401769391629
0.3478038479866958
6.1965706049060536
0.5495907479298768
3.4699668653853708
1.4955445462763051
4.0199002817798162
4.8443116349435797
0.9107407245734787
4.3422892209220434
0.8986130675265440
5.7095962898958854
1.2713539728131797
3.0310646003238060
1.5933131929186211
1.4513681993313052
3.3970657936333906
0.3233766014395720
4.1974874969441842
5.1080519646046234
3.3741482715463236
1.5694538273540399
1.7181050323492599
1.3079769710627436
0.8787178905972405
0.3702198753175631
6.2782729482191550
0.7599470293830609
4.8566540882088258
5.4679138077177107
3.7955809117565589
2.8211759257988769
0.6167819776809561
4.2344099087634044
2.1111035852842739
1.7349006917285053
1.8196244075067394
5.6143317396131227
4.0914585886740680
3.4000931074400702
5.7233988542639356
3.7740437517126439
2.8116157952167882
0.3469187831508771
5.1133628656839889
3.9527854312420874
2.6607599301933580
2.2279752964372368
3.3560063500913038
2.0045012560577344
2.6429887848873861
3.7873046428487105
5.4106773212774089
2.7697145147862687
2.4654420245005344
2.2231473144834752
5.9348278273099826
1.7088336069530803
2.8645271148395977
2.0473104292434074
0.6752888394314984
5.4986081852289983
3.9551428151757637
5.0474689735384457
0.2777640164465984
5.2223538520593413
4.4284284554621607
2.7529248741899250
1.9665904951610222
2.4217735226057169
4.2541079163267401
1.8215093658814252
5.2946231830170287
5.0364966283833059
0.4504988869040348
1.5207016455106463
2.7913204733030605
0.4756219951864186
4.7549647031736146
0.1094861294069682
2.8444061562393217
5.0514832283210129
5.9788784751998607
1.5200767941433293
6.1880709334236030
1.5965256298397692
2.6106028179588439
2.1255185654293158
6.0951980414305282
2.6644291945937493
4.7306442055214992
1.8476809490225004
0.3902948201990620
1.8134715321425987
1.0296261102654891
1.1646386373058524
0.0092992904932185
3.4210715066572175
4.7559620726595506
4.4780175885274174
1.0479999589896878
0.4386457963183988
5.0521449327628511
3.0695049049255183
3.5744249221043747
2.6444522187080666
4.3829737989108510
0.1818926932729750
0.4488078575735527
0.8027904005835975
0.7646751678752448
5.3955845398030906
3.8413378049896711
1.7056470839326112
4.2351406063427310
4.3422054711196978
4.5217098478893378
4.6575931573361702
0.0088515831058526
5.0568799025467328
4.2344296155703622
1.2600707948026324
5.8081565550603429
3.3545221153600067
6.1308932388366193
3.9028791942285181
5.6705604685878548
5.5116698541078035
0.4425105574334937
3.6021526011012055
2.4454599570951152
5.3368363508147372
5.4357278371631388
4.1873398737006235
5.8583659790068277
5.8680496879124053
5.2307132342278653
3.6028748834781421
5.7672700985932659
4.5528135243542014
3.4641327414841698
1.4010621937845806
1.6122352682785404
2.1498136866598956
3.2182752436928919
0.8731446583917903
4.3322032108287054
0.4770637735946265
0.2877443168866844
1.6445654392354325
1.2360890518723879
1.4785667155031186
5.5905260879862251
4.1173071711829854
3.3800118953245812
3.2266440675800330
6.2286665196051434
3.0050581262612464
1.1727730168456871
6.1073803225451613
0.4951609591122591
2.3291993517202689
3.2235024847354605
4.9579543366574983
1.8457733963531286
5.0786843473209915
5.3320279065073528
0.3607453905644316
3.5140418086790008
3.5153095293566539
0.2050470989622052
0.4190752232467517
1.7927827156594318
1.8249346768277064
1.2127996175205957
5.6078909459358828
1.4396774092955178
2.5600830605011220
0.3355723618431662
2.5129861125729360
0.6692947647761888
4.1793339119086079
5.2912775200516071
4.6043194774994713
3.7015548871875552
1.3473491958605213
0.1782659639414245
3.4886672468760138
1.8545116357356570
2.6657916798990184
0.4379018600506129
4.9787139932890927
5.9427374821987371
1.0769733072053012
3.2063402823920990
5.4249937017855387
3.9964671160248026
4.7601288004932165
1.5408480975526644
6.1730950980773303
4.1416322135967576
3.6700675921117671
5.0530115511485283
0.4236026386326883
4.3288903095620102
4.1170145561639160
1.9464518571361462
3.5220732917058228
1.6281460232163933
1.3553417685895091
4.1963576565174856
2.3693589271838857
5.4298348054531704
0.5718526918671742
5.4125181823220512
5.5060917146033530
2.0730094882316572
5.8015444891763668
2.9073576179545104
0.8225305650176484
2.4543144766306053
2.9314147538774455
1.4627165544030243
4.4151827520512077
5.1465846160163720
2.1647922254526133
5.1320074623502814
3.1426815383855269
4.1562606304193404
1.4134462419558398
0.1235312612859676
4.5114424211105719
5.7118195923084256
2.6273642098083192
4.2012722990756837
4.2167454156026274
0.9075949327651003
3.3696356841168598
2.9728856631291127
1.8720643053990178
3.1148914359000459
1.9352994403716572
6.2708174157102077
3.2882839081675352
6.2458652209790602
1.5500964943112139
5.5543138900132014
5.3165157748932224
3.2173582522299902
1.6644460075020491
3.4474278367360336
1.5098762476626990
3.5665132001375857
2.6948385876661041
5.8687424383743672
2.8617643914336672
0.2503935097205317
2.0682581006232077
4.1639054653971161
6.1612511116970605
4.3452193201420002
4.8923502822089375
4.2860362986022702
3.7965225289514417
1.7478358225762594
0.0072647732112731
5.9449876361713647
1.1241877900561277
5.2963289725938969
1.9572019945477266
3.4460660234947755
0.1538891038312872
5.1470198584802773
2.1263191773735239
0.0366653369749455
4.5256952885087829
2.8245528616912399
4.4195416363027311
3.2524165259481279
1.5698912134066132
5.1963591153652882
0.6333951351567570
4.9263845979858054
5.8889397260589904
2.8788808782326849
4.7839253737879162
3.2968372350822364
3.8712333344397365
5.8366328244484480
2.8668513346559155
4.8851661241967808
1.5312851617674634
1.7009897798732558
3.4844123058166656
5.1474831228240410
2.2274875186536605
6.0188618259175612
3.8719350474666943
4.6652679513037452
0.5197878914082991
5.8700029657606798
5.6123990054057424
5.4991104623961418
2.3560769382294797
3.1901542912512846
4.2110953971299603
2.2675870820584096
5.9450736850709633
4.9313822898838655
1.3590169663022320
0.1069871602490351
0.0876323443667717
1.8288657545762923
0.3160918018406088
3.1831572686156155
5.3199122787957132
0.1302745492949847
1.7764604736918217
2.2647713324632472
3.0403626903094461
3.5101957456578075
3.2807066654007069
3.8115643709356180
4.4158057893624854
5.0133141045009308
1.2103761382067493
4.4323040402969536
0.2079436118860886
1.3019461072708802
4.4791572992752986
1.3467595803621779
3.6399083486266934
2.3584607091396856
6.1663103740130509
0.1086130870751507
4.8476415856097201
5.7215968340393566
2.4973777463393376
5.0475901005740864
4.1145559527765840
0.7811377128657592
1.0012362471345628
4.9230973092623325
2.0738691880865945
2.1827104540087192
3.0682567128078095
5.9813129831700511
3.1959960671863024
5.9115788020518520
3.3381779958640818
0.6982195168978608
3.4210486824704209
6.0898578059675188
6.2291321311215251
3.6281920599594413
2.5573710224494226
1.8471701972513352
4.1452167837374700
6.1869990229119685
5.0604803766620128
0.7717869251846141
4.9618071150654641
4.8282664607804247
0.2062875786848215
5.0535441194535791
5.4732131701237074
1.4976661493829080
2.8379052522530954
5.0595765466335676
5.8762532073091158
4.1176644995384235
6.1996978229623183
3.8523136461772598
5.3775359461634311
0.6528260637106792
1.5626294419880911
2.0612230601117472
4.8979294664132977
1.7344333709433724
4.8837825071916159
0.1460903471519892
5.1382359358447527
4.8091027889851325
0.1443433026058873
5.6508839116183394
0.9446256053599541
0.6261803509700454
5.3808014646376403
4.3754145659427008
0.2514340927593496
4.2614189973716829
0.1739057834342926
4.6824913092217511
0.2756086028372523
2.3485206778272549
5.0561958662344573
1.1123099702895403
1.5558138043366696
3.2824391229974008
1.1064116979570300
4.9943721084168082
5.3753232337746812
0.8206076538767475
5.6607881284573480
0.4706007225726122
0.8818889097624321
4.6778361074111139
2.5707431457729877
2.1908917316981080
4.3621088956944005
2.3280672954272452
0.4847388324281922
0.8565512594569807
1.1558865298274570
0.6566520990391070
1.6057033919469650
6.1650252407355204
5.2699282679785773
0.3581222976688065
3.4163156466966429
5.9012379192528153
5.7837960103471806
3.6357672952007785
5.9979050736960762
4.6825782913148455
4.1481387504515510
0.7903799745183127
0.9004327575972390
4.5751022503467471
0.3675166517043638
0.4348922014275943
3.5905067740657106
3.8413024919057523
2.6367580659542833
6.2489514385422584
3.7302834425700842
1.8068392034711118
5.9887354514763267
0.9697453570199227
3.1554243002260192
0.3930072746801665
0.6495068124466562
3.7631855864212937
3.1014344531240940
1.9978256208610021
2.6675881682138809
2.5093110058892045
4.8209502995553724
0.5781526675863752
5.7458815215923060
3.5293270916844990
3.5517196877355062
0.5633495979645007
2.0036376068224708
3.8460830350022199
1.9173519875859701
1.7176351643922703
4.1885055177361865
3.1902252326320695
0.2201429239829333
6.2408128546184773
4.9285946007499577
0.2569950348944740
5.7112387675861322
3.6738708460954488
6.1689172714385734
0.1119826228472060
4.5569401142475670
3.5763918520576587
5.6392749611451789
5.0057268890756905
2.0259510477973195
3.8883289161736894
2.7851344113223973
0.3413327341066784
4.3149540420984023
5.6552795749942399
2.5088707023823051
2.7946759500085663
0.8525086488161409
4.0304111935475939
3.1686441308740494
3.8939404569273357
0.7970470185650181
1.4950342294629040
4.0075739338990450
4.0063909129803008
5.6472340858744401
4.3084104617667336
4.2404176364913955
1.4989170348587026
1.9758735410132802
5.8431266580238281
6.2055423788256698
3.3140002762188807
1.4144927190926866
0.5717756858854171
3.6913907648415933
0.1166566248472114
1.1150689703366601
2.7964815044920570
0.0387236407596452
5.5031230179528841
0.7692362650474268
1.8318377694495929
4.3531457737284205
5.5662142468957354
5.8282450393083121
4.7658725261637587
0.3874497359148942
1.5896927039737272
1.5530975246082042
1.3024899994616774
2.0753739780571574
2.1006809207456199
3.0870927885714861
3.2973404966132742
3.6772195437470265
2.7870289033128275
0.0132977007035964
2.9049921203961886
3.7665223794244773
0.9034173345829851
1.1278305454764972
2.7805403968173348
5.7271130952916867
1.1612992675649623
4.7374272245026710
1.4247586891098605
2.5187980120599538
5.6778398998722857
3.4775014101607602
5.7881725591783928
5.6173781865178576
5.7814964330697203
3.4838700670937648
3.4095039254988895
4.2454370327810080
3.0859618396812207
2.0699252649348963
3.2012934166111879
1.5021318737736256
5.9161014943381405
4.9363543774845988
4.7089016262255505
2.0680467081980920
2.0630145039292218
5.6039211045285722
6.1922132076778631
2.5037941165848516
4.2255357950453334
0.7618255226883991
1.3783588977675683
0.4972773864095396
0.2576497988407835
2.2878140522361310
5.6641727726671371
4.0151160412619751
5.4810118352539066
0.3638863758222037
4.1890362008295483
2.2476014537256970
4.3863543494192010
1.5008732864622214
5.1404059313212738
1.1490974551956552
1.2918965331448897
3.3259918278098528
1.5354816623845839
3.5503790978590049
4.2246025099360471
4.6741087958540302
2.7823511666762766
4.1963586230103109
3.8434457710229317
2.9211314268091511
4.5145704097259243
4.0210006157519276
1.2227203626437027
1.4355943773802482
2.3822617611401773
3.4212801789867919
2.3723483547092750
4.0219743246072426
4.1839515896821435
4.5818643018446554
2.5367232195472149
0.3507305590963454
6.0217671990166899
5.8585474038209382
4.5785161861639523
1.6767978483353678
3.9753488342053349
0.6348850860752139
5.0804234262361874
1.2402276707059956
5.6933519417570340
4.2038470680398534
4.6284101236220128
0.2692304284110376
5.9692166936119717
1.8541596382223027
6.1280790698175194
1.0201678216593646
4.4035758142124068
3.3348716774918352
4.7069167370249678
0.0796307405555973
2.3486948360281841
5.0742708923220468
5.2873765662429255
4.1221369818607307
3.9147403261658247
6.0707575645775851
1.7328365157395624
0.0851021899157088
5.3369041370204737
4.0383191491549919
4.3189466072182601
3.0813480467825234
5.0606008941976226
2.5323966941345182
2.4744176782873764
3.3064332236785989
2.0330320490878191
2.4765550477294154
3.2789988641862502
0.4665189243252463
0.4976675193192958
4.2919056333472509
1.1244276320344160
4.3857015771040562
5.2452088787918623
0.9635594011040245
1.8666603692972863
0.0564731167377377
3.1056502879367476
3.6641985294196422
2.1594871876947224
0.9841617151027935
5.2503630469181815
1.7342372773057868
0.7683068590909875
1.4493162978244294
3.5911951125791077
0.0665189888899118
2.2487953987719118
1.6632566955698176
0.0037887564992924
1.3139223560537614
4.4694479881817664
1.5645189141127125
2.3688532637953119
0.0744500308281119
2.7031722771764617
4.8981381982921075
6.2790790394978044
1.2251848544423720
4.4319608785997806
5.6912524960459265
2.8096640100388330
1.9300305179623760
4.1736190996559914
1.9348148004466179
0.3523141506703372
1.0309540881248103
5.2486543532344996
4.7634488161810973
1.8216914105692354
2.1561082411761485
2.3674577025617545
1.7279392665134776
3.1498263734597902
1.3076072549157265
4.2700061497226853
0.8714430247485875
2.7326452497682787
0.9156502589826718
3.8892675268164889
1.0813214048683493
0.1108570496644149
0.0293851253865848
0.6893219287862040
2.4884166728601351
2.2395487857039171
5.1322406144568422
6.1692776916187153
1.1998770975253343
2.7013460518744501
3.2813037461799408
1.7450911020755002
4.0303382385346342
1.8317361449870415
4.0412947699789603
3.7302184155792566
6.2617486610697561
1.7337489476078614
2.9720302161279251
1.2276561766930798
1.8533334382755320
1.0797616302710997
2.8247106968056692
5.8120413611090633
4.2370890790367390
1.7538269671684019
2.2214205915187990
1.6766990899800704
2.7443998031941641
3.1913842207698444
1.6991048621520797
0.3719426740721574
4.6943003398685184
6.2117036121742926
3.9784572983802899
1.0897372752646706
5.8731763593346491
1.1851248391184910
5.1777220875428682
5.1283341809535292
4.6900260539468501
5.9570447641846567
1.6647440416126029
1.1524266922123951
2.2272340706516944
4.5942328190393340
3.4115270734232803
1.8169170702979709
6.1895378204287814
2.2837775553913837
5.0688344850674056
0.5137524080518834
0.0104767066207491
1.3529509194476512
4.7387257430019867
5.3039191582453249
5.1350260923175712
0.5145708939801328
0.9685132169747768
4.3605659748871677
2.3999893853712946
1.8482951848062330
2.1337108505310769
0.2303884177206367
3.5721948579926317
4.0725291719497907
3.8997860516007843
5.2427660374207026
2.8640512724208587
4.0689563364004551
5.5757845888322528
2.6557443656400963
2.5633845605961669
0.3323012888013739
1.5931564818150370
0.4874264568188714
0.8307984649406371
0.6362139180127315
5.5636311840128583
1.7528682275200638
0.2433704959322852
5.0473699395454839
5.8911957555957244
1.9256308406255886
1.5719130911612946
5.9774039119629165
0.4774106015533500
2.3582195088456004
0.0254814585525889
1.1888419885939117
0.1822556910839194
4.2357905459792287
3.6529013523678846
4.4812670557314904
5.1086134786138659
2.0402998724155634
3.5542464923019450
3.6645776553391198
4.0575526703211091
3.5455003628612589
0.0224399516589461
1.6498173835149388
3.0246977559028707
2.9521686218598129
2.7791552966672155
4.3379663744734014
4.1527580473990531
3.7149908862770076
5.9639257304636422
1.9127620158832888
5.7064222492363852
1.8796613896282313
5.9516250356932847
2.2325798001857868
2.8885141901566178
0.0532210357755964
1.3393507390478239
5.7132604413556471
3.0882762443984704
4.7975782965192257
1.9898323729372696
4.9561615157828811
3.3610882881176090
2.2748254638301204
0.9893122740750235
5.7858967413115332
3.6820510198003751
5.3085863252299177
0.8483021766892223
5.2531788905979875
4.5875906199684895
3.3654464664563788
0.5356948272346601
2.2711350219999864
4.9775201858583662
4.8669084961719360
2.7309072443920810
2.9589262761470083
1.4114263228665624
4.4975431317270074
1.5387652826281533
3.1893328423245979
0.6172692370376422
4.4128204684702528
4.4274600966026227
2.7918518925163349
6.0536798346452665
5.6438908649769735
1.8843083349494651
1.7739242967980555
0.8637963976169161
2.9288905915302546
6.0873211559137879
3.9109251472380895
4.3575084799803641
4.3914860226909100
1.0232881003578711
2.6685121265832903
1.2518421109738798
1.6428695301368741
5.2735782124202899
1.5271290564567106
0.3499534453062708
1.0201870630369165
1.2244484637332718
0.0832937276321488
1.3241247652519776
4.9546109265114620
4.1546160205940321
1.5162854901696319
6.2088847413121604
5.9051456137734544
5.2287901178391891
5.3724716376431321
4.7560258202313310
4.0919979383167924
2.3895389823713833
0.8272802906605898
3.9558817216952380
2.7293322032386089
0.8955919226843270
2.1459288541576433
6.1244085586448058
2.5716547189843015
0.0529439943316814
0.3541639389472313
1.3836642214932828
2.4275852923682391
3.7577210172266193
1.1392150523597979
4.8330790876193745
2.1445347585383425
1.9452746787580242
1.0400455543827676
4.8316023831793986
1.4784504508248082
0.2583984962837706
0.3017816165005763
3.5343049178179098
5.2839222586396160
6.0982567212485668
0.7125504886636239
3.8021849522532531
4.4947457961318653
3.1700159368419527
0.3678328910271886
0.5395905041975325
4.0211967466518264
0.4690018249137202
5.5606726719125303
1.1741901679390687
2.2576973529229534
2.9021220441026734
2.2968588229363571
4.4145600069030229
4.1706698126652411
2.3429835314615057
2.0349293011402407
5.2363781791143849
1.9788134399692536
4.5650868301902880
0.0291283284326737
5.6477722953976413
1.7680139181368102
0.6938337445251700
1.4937115692872271
5.6097965630253546
4.2909396328190308
3.5661769732765780
4.1093339864704390
0.3929619359033921
2.5836050021296328
2.2186917742076995
2.2606426430883437
0.1190710200507966
3.4283026832409256
2.5044982169444281
2.9081048014297437
1.0878006451752167
0.0721852147946698
3.7072549937622878
1.8544801136780122
4.5776944873458545
2.1653433011399605
1.2117857768159210
2.7041092373762399
2.3029343672624272
0.4801318328220100
1.9369688411853305
4.8142646853350390
2.1416905786069633
6.2038468293000264
1.8994051073313245
6.0381285852880540
1.4641644090467536
5.9635536278495556
4.5206965078849342
5.9205226156997641
5.8780370700885261
4.1995622811144964
1.3089984911437955
2.4150915023522099
2.5548806267119795
1.1237031850094503
5.9744371171290895
2.4553319226464407
4.3788843497998471
3.0251219692808600
3.1930795394446694
3.2991707311873926
5.9086169705545535
4.2702748233915955
5.5656602816133454
4.5955556457323361
3.9001199306176884
0.5760431334706848
3.6954282109604217
0.8059690888182987
5.1939463882011605
0.7723003452214531
2.4701401031733274
0.1559002202736911
1.1110050400248657
4.4158482281867473
5.3660159095335604
2.3835157315501596
4.6020957956443960
3.1950397065464671
2.7439196091767308
4.0960963603188185
3.7155499444723712
3.3072461726176665
1.6544461387991181
3.5903531327077531
5.2038272053345995
1.4635187920926396
0.5257051137196127
5.1969785064182537
3.9403811877882253
3.7044592585732938
2.1719056671017172
0.6330151655532018
2.2291388579969884
3.6852771135342577
4.0728772762536529
1.8150730058005671
2.6109472547147519
1.9007617528522220
6.0053209021750362
5.4066696733533446
4.0582540856627780
1.8074931874221314
4.5968585035733804
2.2610744256326907
1.1508843289142889
4.4552091529605997
4.1378483552619878
0.4858683747553417
0.4310684984158243
1.6016561871496178
3.4676139835270900
6.0718806270709615
4.9885103501106949
5.2817961111232545
0.8435203649080338
1.7384832732874309
1.4044687335679527
3.5278314020188426
4.8110980463838695
5.5847239747445183
4.3484738843162472
5.5133851031191119
2.7868129106468893
3.7491263523956144
2.3501589515545791
2.5930920987456618
4.2078893826790722
3.1654254285837102
6.0463741266750715
2.1749482054257081
3.8358969693700655
3.0219585358314123
1.8211093406541294
1.2822931491372702
4.4392115493016577
4.9599637638783980
0.5442525458498011
2.4884696655301379
2.1617040156290561
3.2191848457419305
3.8911628019564120
3.2725908071447578
2.8730862388771992
3.9583060985736043
1.8152668492296777
0.5602307829715309
1.4452723607822500
1.6161866115243040
0.5722595535072243
4.8484620861940790
4.6202664119325085
0.0263393537622591
0.2640163529903484
0.9595166314378831
6.1577476807090621
0.0696512474589451
1.1528705644589516
2.1247111644104675
4.5149947605508149
1.9478825352554696
2.9739089588048429
2.3318027083956321
0.3407202205439361
4.1670871887325278
1.7307248002792366
4.7731101433803316
5.5298944777791537
4.2017587204866693
2.5021952426344751
4.7787540152970092
1.3399849151338263
4.7231477653534677
0.8397442665251678
3.7368281616212458
2.0580286748257635
3.4398241230104349
3.7954533247565001
2.5440967084732899
6.0171636124405028
1.7671774088194878
2.4712515229600256
0.7485067868659639
1.0387446309439778
2.4348133496209896
2.9242863541787520
0.5334962280938182
0.5933841783836410
4.7612056391995106
2.2759160451310789
5.9724523521750399
3.6339455123439870
1.8030018122411584
2.3938519335804238
0.1663987761837032
0.8415808903553617
2.6446301312298370
3.4915036940024886
1.2609002508686824
5.2191031855911172
4.6859108329328754
2.8421109268606544
1.7410594858858921
2.5559724958755372
5.6378420119899895
2.6206449391284061
3.1277512055807111
0.3515418285164885
5.0592000917038114
2.1190274148709309
2.0693232575227367
3.6638074013618573
1.7307809612948351
2.6419173838014030
1.6719343059935863
5.4742020579631712
5.9211762770719654
1.2993271294853705
2.8557947056294304
5.7432193392287711
5.4869738194611282
2.2752082915103569
2.1732904805347970
0.0497702423209531
4.2630240849600058
5.9366600112630179
5.5014264279502338
4.5804560792867068
0.9374079150728990
4.9155452115882969
1.9322062201407739
0.0148083385932386
1.2458968914596569
3.7196640650096926
0.3783197724249074
3.6195909706832001
1.4787550445775643
3.7638426457328116
0.4107050586207275
1.4451869595071936
4.7146794076469520
0.2830624198484391
4.7148461661222916
6.2506181184187497
5.1941204613273451
2.6346758212927637
4.5804810051440805
5.4385947845936062
1.6899325318370433
4.2214693842505957
3.4900619254153868
3.9452609691436189
4.9778779499530597
4.1112640381775414
0.8884543386363524
4.8602423675669639
3.4613337683061722
1.7791612074700209
4.5071005513177296
1.5738963910569019
5.8867700056800825
1.5690595583568114
4.8988713845501088
4.6469281217425280
3.6727972311856907
5.9479033753872992
2.8158724139376985
1.9988904263597753
1.8736002859745373
2.2193998065110097
2.5427149776515638
0.6377903681207034
1.1063729738912111
0.7738125668916420
4.8855143790640874
4.4861140489026718
2.2878955897674880
1.8625354676374235
3.1079882597363784
0.4123115083791382
4.6037468677961817
5.0730567178397328
3.6222232560698031
3.9287396753354193
3.6390603708328619
1.2517374748248666
2.0399936223051176
1.7684361267574267
2.2092914125748551
1.8900057838786077
1.5311242311622666
4.1127335928865074
4.9269937658456069
5.6191877782414172
5.8417293336023182
4.9262643941613939
2.0454714666139182
2.6075508397001519
2.8213462083917773
1.2882064120757750
0.5471828638591366
6.1770827453958281
0.4276626816472514
5.3241416328453717
3.1892072374602223
2.0929947636888402
5.9298346161611626
5.0357601877524507
2.0431215344595137
0.7024629682740031
0.6984422646228815
5.4493282681616124
3.8653331581752530
3.2520844208151294
1.8767144536921414
5.9859604406886868
1.0626932475153830
0.3815471151421392
4.9093534808660548
3.0154428214750304
2.7111707199251760
4.7967264394756883
0.3801820892536904
3.8760483163393236
4.2172179090801363
3.5949434244638843
5.9970666317658088
3.5689834901754103
1.4588315274143249
5.9281517699661537
0.4175847293757395
5.7916988499879514
2.1765304080095702
0.5111051753204451
5.0627003642607740
3.6730570415581747
4.3488516335044514
2.9404219988390605
2.3389314310979659
5.6303321094502339
2.9589860817135887
3.8462092468578044
3.9315151794100722
2.6541607929707087
1.1436429677772908
3.6688314544220000
5.1142445247073542
4.5945521487733467
4.9904451491623307
4.9476417974062743
3.2511322900686523
6.1004726173979398
0.6333294104947579
5.3280176324106865
1.2544478186274008
5.0005632345033852
3.1778039899224808
4.8504156381947512
5.6473500535916319
3.2018966018542425
5.4060711056529698
4.9901766491683732
5.7537035141435204
3.1260222981422574
4.5178290507003815
4.3563146271372375
3.9456001887838039
2.8168954176015499
0.5740989727708983
4.3133131618105756
3.2939978240173207
3.6916690468798925
4.3360077302956972
6.1093432294062238
2.2299483572781198
5.4402503042366863
5.6228889044246690
4.9153166868799998
2.1493153341938664
0.4913091570636103
5.9405701194730449
2.0101452996999853
3.7326072626790889
1.6956947283549044
2.8151239593861019
2.8754649421607006
0.3422098164283708
2.3947937283121088
1.0244996826645709
3.4156838600417001
4.1162900332052965
4.2784735608596094
4.5061030068274679
0.0111599646132064
2.8832567851019935
1.1170431099268729
3.5393826431381168
0.2426330396056956
4.5929548261154700
0.9321863657118556
5.7461302005333410
1.7190986062669034
4.8470553863210482
0.2306191967136295
4.4563287163425578
3.8287215513719599
0.1344188035791979
0.8154025427725539
4.4155870498037997
4.0542609083035561
3.6400878179263998
1.9401973807211303
4.7463797252241005
1.3933050647641412
5.2033047083253772
4.9280866583571132
2.5887998586813934
1.4519966538531341
2.7471446677146401
4.7343990615573244
5.7662860591468794
5.1989658414318507
4.6419638892644777
1.9702337741260121
2.5949362907785716
1.8321153056844046
5.9446855034589152
1.0561168310075379
3.1066918550661544
5.0137779289433171
4.4538121762906897
0.5443358617425827
1.3351767701830695
4.8363780413710833
1.5140303055372890
4.9062899948810266
0.5070621842427031
4.3648659634014191
6.2415176456041639
0.3752893178150741
5.2396000468393211
4.5861756333335730
5.3140358063663307
4.9908303164187178
6.2523250755916120
3.1967690122241579
5.4475477932152812
1.1711793936499311
0.1989926571812290
1.1370059987973435
3.5777385098009811
0.8362567750325036
1.2832016732433853
2.0447776385914405
0.9834911502486560
3.5474447302024776
1.6985368981826072
4.4416389881135432
2.7305845005926610
5.4980528068398176
2.9717281071770696
4.0150552478188679
3.8470354089578365
2.1579760507795127
1.3958735430718381
6.2278345438819027
1.0742223023829165
5.2113553627851887
4.7352208225512316
3.9301755997771508
2.8224398462920925
1.7258110786828778
4.5854143710920754
5.1110746451054041
0.1201895130332532
2.4207860475017347
5.6901939328941369
1.1756653914372990
2.7483079773621761
3.7600178579119179
2.0511847488421204
4.6361850307616645
3.7177419909832179
1.0852571462731615
3.2395180420971657
4.0491699465347395
0.3840173927571056
6.1772459286985875
2.2148198467576710
5.8734593096218983
2.9257455422318874
0.6627820154332893
2.2624333172676621
3.8103092502654619
2.0415439215142110
1.8476336384006771
3.2233409396480948
2.4729578042857803
1.7280214243054226
2.9357295042871279
1.8941513066439877
4.5677809851132301
3.9056920658792240
0.2902370643786828
5.5150986351982150
3.8364960305250588
0.1893530214341873
4.1196391199918967
5.3596591426190425
4.3870566523989893
0.7872135247412202
1.1778635887496824
2.9728252724235027
3.0782952249354474
4.0117236710409543
1.6870445595831884
0.1301309960850741
2.6710264288723651
5.6093503749596456
4.2958935263601985
2.0504032123808593
4.3717990807363831
3.5389214445041315
2.7397888766919420
4.5400130497397226
3.2667578728790314
0.8427976938326643
6.1040990793448309
3.4560504383526380
1.0318357151588147
3.8308636532663871
1.1061014029349447
5.5146758970174226
1.6725870959004259
3.0249116158080462
1.2306270913207531
3.4914502598350055
0.3872992770310985
2.6673855094864756
3.4253959463316592
4.7011775124420891
4.3645741690922186
2.6507832497955786
5.6431435655404085
0.1169211781821290
2.3100117619775085
1.2889364140801316
5.3113751666656439
0.8173650661412413
2.1448031825706453
3.1613395353306712
0.6822472106769966
5.3180175526876763
0.2855954330878265
5.8317957189954122
4.9794287334553857
3.8772403784416403
1.0573499263961539
3.1680159089742856
2.2153732511247237
3.4355499511492642
4.4197219711596940
2.1812928653637260
5.3523724003492577
5.8705726093281276
1.4090696128994400
3.5615141440350802
2.6478490886702830
1.2391462068066164
2.8429974099869426
5.1394066225706014
1.9120772634143448
2.2944359985391141
1.3812479502247201
3.6480972269315863
5.2301947819148866
3.4552894169319424
3.8100596002156730
4.7992307875029221
6.1984418844386022
0.0802078358650864
2.6308928401408367
0.6548160504852697
4.8118740003473341
4.1899632507220925
1.8129708030449225
0.2106539713384033
4.8818288652194175
2.6996984654105423
0.3189937509614121
5.0168067869636319
5.1497782168606472
0.1483480997634610
1.3405818295980139
3.4198790240217729
0.9110713989415102
3.1203119320340780
0.6087900092865122
5.7591330585847462
1.9979487285498565
2.5051921606547460
4.2005839377816701
1.8337616730524497
2.1407890434461727
5.4418846939417538
3.0744760651517145
5.0974034830724033
0.8943857668968735
5.0343547692151080
1.8087429733521989
1.4712327885330223
2.9914642495453849
3.5357607527577657
1.5718491359847921
1.1082873594931881
2.2063725154185150
3.2639423906715583
4.5918427783911016
3.4324916841535300
2.5338141402132566
4.9733738973363728
2.0516170508008456
0.0779985554753133
0.5337736950039064
0.4971427222234884
2.5421291825744441
5.4046272247783609
2.5787799610904769
3.8150495078248077
3.3310336265112754
0.2476290449735189
5.8591844250681193
0.5510822992080601
5.2225436331262767
1.9807270793986338
0.5692870427858640
5.1215685044257580
1.0255939852771199
2.1545850160765947
1.0981812791675858
0.0080442687200592
6.2443259003553697
4.4246206410135374
4.2505747618218948
0.2740056703472836
5.4479171377802258
2.2927392960022686
5.4264801205456097
4.4924299440819686
0.5114596726943119
4.2110075174462418
6.2561442783885619
3.2269418750853287
0.0278775404435695
2.5576908849193920
2.8390535720179000
1.8814329258355909
3.2490623499897739
6.1092702539339809
5.2912380202244584
0.1365610507781075
5.9223646399769931
4.3646463331580900
2.7376141340433380
2.3673540966885604
5.2099951750316427
1.3831917706200771
2.8606594804379228
1.2859220464978234
1.0321677937109466
0.8581277995601285
3.1150176267110630
1.5244954605610901
2.9398445201428611
4.8401880102163668
0.8586359213620238
5.7265964119144277
3.4218777287632736
3.3659482429058327
2.5272439266160420
0.8002977803949863
1.0630126567878730
2.4938873160366994
0.2551647382448750
3.5248050533920692
0.3840634299098243
0.1576695171759444
0.2308967372773493
2.9562531933510927
1.9576143718501684
5.9213385243434065
5.6764895241157696
4.4362731531175275
1.5180505846124455
0.9704186803822591
1.7017033545812268
1.6677099889191505
0.1020988357731638
0.3822215525695242
4.7724887167627870
4.9356388129888007
3.5815793390111574
3.5313396173729195
4.6711871683274460
1.5934749453485979
1.5255242611484150
2.3133954287184810
3.2278333774791923
6.2423342353392792
2.9675367388152543
1.5882336068948637
4.6734112595799147
3.2209039151696244
3.7832548273190354
3.0057918409233406
1.2438589660506796
5.2729191499359720
4.3172872891992515
5.3383443337214889
2.6180945350887201
3.3521091351220771
2.1453481532313394
5.2220904976029088
1.6615897019024159
2.2233551579279061
5.9282551867285944
3.8363431742162866
1.5477884340967620
0.6879399887021019
4.2146140411282165
0.6383632861718654
1.6113932007101694
5.7908004916101055
4.4802345943700423
4.0070341122325566
5.2649588130577003
3.5071498025603605
0.8844416317052557
0.4897370862881110
2.2544988360540184
1.1023959158787062
4.9584414670434942
5.1348270844334536
2.7047458897854257
1.2212414783185541
0.0253354459831881
3.1266026771744522
6.2361520006407867
3.1631109646782294
2.5100593732136205
2.7140768344451085
3.0653289854186334
3.4385899836450968
2.9482055319628149
2.7045053923265359
0.1366301319288150
2.3510351638177229
2.6149897438961278
2.1960645093844362
4.7756484151812550
6.2439439795459695
0.6194526874477235
3.6894426940455789
3.6822484281470156
4.9797927478194204
4.0073733777713620
4.4697325619067412
0.8377315551772769
2.2399595838132669
5.3856404950319199
2.1508222192155162
2.3449446474573281
1.8565223108300524
3.6238123928648127
0.5949843248078163
1.1410507044464533
0.6455757380609043
5.7321748131369432
0.7845577632092747
0.9615704154387011
1.2589437838708573
1.5408065738846901
0.8123119194740195
1.5299607737879808
4.3024165674835499
4.7050917779783550
0.2238610516650839
2.5460061336776110
1.5655104238466615
2.2409566918384405
0.8013360090696376
2.2016358743272839
4.6227256747136982
4.7157831171479838
2.7702980689752761
5.8494491340861474
1.9384800351247695
5.7462165586206559
2.8866355480976846
5.1418308708680991
5.3694319872114153
1.6753721232550893
1.4722769774907005
2.5313745169730653
2.0295301877018255
0.7868709252242735
6.0009725356057508
4.1029316814296193
1.3920661210889924
2.9542423537711446
6.2339585159411817
0.0215048445525451
6.1633161849316647
5.3738573451001823
3.6790656949294229
2.6981386764902378
2.7091696553342848
4.7805929672418905
5.4682674727983720
2.9039101535595941
1.2524954255285767
0.9265109754507868
2.5892989758307876
2.1487954614456450
0.7938432717878094
6.1151292403437729
3.4792394458021372
0.4761025323996301
2.6400505427126575
5.1851704443217388
0.1879161965023339
3.1298216820275724
2.4896977246157963
4.7018607260310850
6.1495191797885100
5.1434567436689642
3.2262099288678527
1.2737205410663250
3.6594828941025002
2.3660325452880642
5.3270638266269543
1.8502453116385382
6.2792185176573048
3.7607226046936275
0.6180728079622104
3.5570505159643786
5.5216645952634664
0.0847228809255769
0.2977638995584104
6.2214858319745900
2.2096307792327603
5.5762426218381140
3.5466290032315464
5.5815541218459614
5.7432275897660157
3.9493694045972840
2.7077076666226469
4.7009931571815757
0.6967075770059750
5.6489270210955267
4.9194437353209715
1.7470857777405693
1.7086354963715904
4.8370470748709398
4.6547072175678883
5.8122621842387820
5.0580803824510090
3.2226717680944801
6.0665544093871429
4.5281458839542266
1.9622790072565377
0.0180522026736348
5.2499034392871486
5.8318874602684465
5.6707879104383307
1.1212249267689296
2.4061336622985907
3.3659337633518995
5.1300071002131453
0.0385266567863359
5.9348898394333327
3.7856639578202418
2.7692334763926092
1.7519596254380145
2.7359898242581773
0.8216893376523111
4.1075197916666282
3.3963086106619964
5.6058776542178164
3.7354479635412168
1.9032286393992732
3.5932732813086781
4.7052446738077700
5.5145182966170498
4.4467181675515626
4.4248204251791510
0.8025535646862324
0.2571178076493693
1.1935211749353791
1.4913063270469733
1.3963423124400522
5.5613800837135594
2.5395072896333137
1.9717709313774991
5.4574424688644330
0.0341659500944444
0.7235726060822070
5.0024783702170605
4.8543744624662262
5.9132362674000527
2.1209639742759792
5.8294538769189703
3.2936909445424063
6.2124621975662997
2.5984566219495999
5.2796294912516784
3.2147215948826648
3.4817020364893989
5.1378593163203794
4.3839736996134056
2.9275952731544543
0.7185837173534730
4.6397421879771548
2.5217948576582629
5.0299349820743764
1.8638973125474343
0.2793561629239319
1.3584497733248395
1.2150526050915114
0.4397088309120374
0.6912286118755303
3.6186931537172957
0.5801282078361177
3.6144176497471747
2.3703233764646310
5.5552274912734854
4.3201087902823634
3.0755513755913251
3.7037745448880894
4.4596464296010145
1.9851826916659416
3.3981970204408478
6.2154171527068884
3.0120950244570515
4.0125231809693291
2.9438249657980893
5.8461426168709378
3.6732334498151475
1.7829652863517436
2.7697493849584212
6.1203062993906734
1.1868910543572802
1.4597597742673600
2.5313257977219181
5.5802275159776586
2.2590651776334290
3.5873657808149408
1.3360766820412731
0.0848554274035350
3.2465324494184253
0.3680502949898559
0.9712078533728684
4.4967000689692833
3.7486703146899432
5.7515733696677289
1.4061676712457760
2.9172335247640286
1.6535132406366835
3.8954873764831728
0.0915907540090464
1.4474574627308343
1.6144675512203797
0.6590140009259438
1.3358083773274496
0.2236279299242852
4.7969969868251496
0.1160603173202988
2.8958159084066462
1.2662601279643788
2.3054523490990007
2.7423350366334178
0.5719014459086684
6.2662248861510692
3.9970419994041166
5.1775868707102646
2.3773977794566137
1.1873121505941771
0.1912501219593669
3.2886071792462745
4.5192685112548112
0.1279109614030251
4.7320700118497596
5.1262555857804566
5.6266982934836127
4.0673483666411698
1.3551506134454949
4.8379167890006336
4.8362789905178634
1.4382932801686388
4.2588231186268457
3.9779663456378769
4.3696409597413695
1.5081312681710164
4.8392056755871620
3.4856084103300526
3.8484210099883605
4.2349331739714637
1.7937382800426649
3.8388236649421503
4.6845257815736883
1.3231097684823674
2.7377651279490163
2.8105489281576883
1.0330474196821406
0.8448089884550612
5.5810220728401436
4.9876027246875800
0.7484835203712079
2.8227524929535130
6.2286168666809232
2.2420780476508333
4.7011853517721001
1.4688963935891068
3.9798237943077730
4.2191266998709258
5.5732439241101588
1.4521650808111137
5.8544877817128942
0.1576825129752167
0.1785590333634233
0.3768530914741338
0.1331540085872714
2.2467243845283438
2.8935089391118751
3.8029614466791810
0.5934168849631463
2.6375642137257675
5.4701989359063070
1.1613058435475867
3.1438619523718327
5.8147332256276902
5.7320581669799857
1.5568262359016720
5.5285013164479926
3.4538150758401471
0.2618905841629359
2.0856538911794593
0.8404038487488317
1.2542236672414782
1.1080696685218121
5.7013531818603491
3.2873825121651215
2.0900096985906904
0.0321577921300338
0.2820284106819245
3.3466847674391200
0.6100684655151193
1.7452782135246057
0.8205293557320950
5.3398475788913684
0.8856180996772831
5.1036372479637064
1.7027160301359057
3.6385742490595119
6.0754979503542197
2.5670312503608517
1.9134283729222166
4.4646221913166118
4.6827633708667298
3.3212566499772049
2.4578115682841775
0.0536346571216212
0.5730085857734524
1.0756873111107101
1.9336767239618911
1.7666067122682498
2.3096358027665569
2.4100678521753038
0.1421209554924242
2.4298652087125334
4.6523418311567060
5.6886122318378884
2.8157784003480950
5.3890241763906879
1.3573951590841529
5.4722015995523217
6.2046703352654484
4.4973503636959213
4.0637454409597487
4.3185718618406144
3.4074626446079441
5.9807334348437298
1.7570354180926420
3.8383190750759346
3.7009497539946303
5.3684361094810882
3.7465276809751162
4.2515849063934672
4.3714378017869411
1.0648359950280200
3.9834012201612783
2.9503080983511691
4.9872692059564372
5.1097531902580675
2.7851932633492753
3.3247047760411306
0.3285833058751804
2.8041511148491614
0.5662144046547394
1.3333001264762820
1.4918250933101369
5.5163686899085365
3.4478797369057603
6.0738350614507475
1.6625695049562565
4.2669020801901452
5.9050437448876609
6.1027022653954752
4.3113681143050835
3.8104503834896559
5.2491021186086746
1.7387137060608537
0.5083176749266590
1.3895429112483066
3.0888144911225006
2.6376219761045112
4.5682657697318563
1.8867102073246176
0.0209248291467061
0.0018816818224035
1.1375617822610442
4.0035710131797613
4.6220772338648715
2.4198207735498074
0.5988759011823359
5.6125667608818830
4.0918748469498025
3.1812694836183546
4.4076980389557603
0.3188999562903783
5.4952634786401529
1.7872479781823121
6.0793939241861192
0.2457509436908807
1.0981342405919268
1.8512313677784280
5.1084481802171124
3.2398103416269173
0.1716886918229739
0.1010375378045872
4.9502111291029172
3.4284365758435138
5.9820316083092857
4.4602747586944327
1.4437270732213139
2.3144657997656952
2.7769624642411355
0.8378416213150419
1.7411994123636376
2.6068398250453484
1.5504012044543727
5.0597538488746094
5.5205592178319618
5.8544645283776218
0.2716231455926402
3.6413772885241529
3.7961768334965900
5.7238895227438915
2.1772257075050874
6.0791648067008435
2.0769763820956548
3.3180672896873280
3.2012327475842532
3.1820895922972392
5.5594090300183518
0.6341752881487748
0.7434957444034979
1.4281994850360620
5.0343682174322097
1.0213129228046069
5.5810692783083589
0.9278855515065054
2.9617932921757548
1.4724691817048794
2.7562909825574611
4.0766258823219372
2.5730363038878106
4.0699009706888809
2.4948939534005241
0.5499171004393346
1.6867302414785137
5.8298443618716931
3.4246699024904048
5.5095004309944446
2.8302590793853435
1.6521118264212036
0.4436895229782960
5.4889418671695163
2.0534506140920317
1.4744051518573968
2.6261754239041935
3.3155505236578895
3.8469981281898424
5.2149098308395816
2.3884820029906675
0.9618129261998195
2.7828117593362012
3.4186349956335782
4.8439797856350566
3.1239261418985245
5.2913224892796942
4.2958103785561708
0.6325644854915686
5.9326970216710198
4.0582693397300309
4.6792196721014419
2.8545438246594785
6.2785871695747284
3.6061735075693635
1.7058726467247771
1.1674989812129355
1.7420143864327635
3.7600846072109149
3.4971276201805988
4.3928275881310981
1.3118082467285512
2.7939307051055815
5.4955675464390303
4.3289666093934382
5.7541597725743392
6.0636441740854101
5.5381719518423633
6.1080428453235207
0.5966624608818395
4.6531199875182043
0.2110786629613252
5.3841661352407080
0.3885915889286635
2.5558963476632615
2.1275602109781868
5.8492107616069573
4.5262935853418353
3.8629581799193207
0.9838778553217025
5.8492149521469656
4.6417763172921349
5.2727662505768720
4.1950499952209102
4.3485485917780649
1.9089152440071733
0.2562275774819325
2.8768963534208809
1.5755131301300944
3.4829611513179537
0.5260703609340229
0.2382418580547311
5.4269761834346459
5.3288133181640553
1.3090956934161431
4.1994239492067233
3.1126153848046294
2.9981710101587487
5.0533308361033775
4.9231927748988689
3.2771019787247098
4.2318616968153639
5.5210174060413566
4.9030288719404709
1.1583155509949667
1.5390135365820072
1.9875927080879248
3.6653631777599784
3.7313006915026503
4.0841834795928458
4.1976739365450477
2.1742403073416328
2.2581715012032748
2.5846421812430043
6.1603532640783030
6.1601684866439150
4.9766846879531155
1.8499192559793738
3.7766999716608249
5.4669543871302038
2.3114731923304723
2.4099929453151829
2.2718657358129475
1.5083490789094787
1.8296707895287669
1.7315614298205311
1.6890172538558814
1.2765091851286263
1.6495514783994034
4.4567190331238793
4.5254292867029191
5.7242137849961976
3.2125995364924842
1.7120862734403217
1.9778207851111846
2.1726498304241213
1.1261782891103866
2.6195786112903319
4.2957824084586971
2.3703201223798311
1.9037785200007067
4.8308566190775935
2.2378300838956133
1.8249091615941511
0.0462023308349899
2.0518453092329589
1.3816930641575405
5.1590468776320026
2.9542493445775482
5.1599708116983649
0.2060862017673468
4.2833777994529880
4.3569564432166663
2.7714904588033642
1.7408245826970246
5.1844736126879711
5.0246606958073388
0.3506682843086333
0.4722449465000454
3.1460897827463135
3.3180136981512161
5.6543179995726307
4.7729672788674851
4.4341338878578638
3.3065722560266968
5.5702202203009676
1.3604548240154237
5.7160625136674792
5.3336495297109341
4.6786596178982913
3.5297512681655294
3.6744327016021581
3.5226301993035642
4.3130759277464312
1.6053184558977189
3.8658911712881734
5.0800397405173570
0.3572164992486129
2.1922153897021768
2.8926023147485616
1.6415682332294523
4.4133583970332673
1.5562982704793251
3.1549834726584316
2.5499115498435176
3.4340065841735412
0.5713128160317471
1.9491465107996997
1.6170559620002440
0.2068468815964775
0.3182581267329929
4.8590740842899249
3.5777418741128573
6.0770947521328349
1.2206985605419123
2.6797767661815888
0.4129935345590802
0.7717659573908203
5.2831316066443286
4.9265310787884600
5.7529467821256564
3.5654623361379754
4.3954898534469429
1.5725196308877187
4.1259541069903971
3.1050900415980527
2.1387226189871829
3.2187688472997844
2.6906806183587286
1.3253242576428526
0.2646439438813501
1.8877072934328283
3.4908844172654065
3.1420186264234666
4.2304686563539038
1.2995029502979711
3.0195966294433463
0.3977498631287274
1.7147694619040541
2.9068333913402862
5.5454567954634628
2.8520984808540679
0.3041128027429706
2.2903588087039610
1.9016825719529402
3.1597024455428984
0.3716005874250420
2.9121917297377804
2.4113449556266224
5.5896521171288382
1.3328679388227456
4.5113246848397646
5.0718589749418825
5.2137156833239349
4.5007895103938589
3.0718731679899958
4.5630140795829721
1.4289338592940835
5.5300996914529046
2.2571607725828708
2.2136282649192491
0.8607581765991018
4.9646400914143767
2.3987399158711593
1.5019936365873605
2.5491946087116077
6.0995680898395035
2.7521225853514046
5.4312173084951985
3.1700954837829762
1.2553391984821833
2.4229930419180743
4.1693599194239965
4.5598863672789554
3.7989514504270478
5.0303408531624383
4.3672632874656623
5.0260768003273233
0.5299614666901797
0.5926741148672927
3.3509182073684967
3.8796051457566239
4.4080661126326950
2.8437208232289652
5.4225090345348992
1.2307921931602330
3.6643280041266326
4.9946818334615006
1.4917338175490837
5.2935046361202485
0.1739347400736553
2.0475450243985995
1.8570218419511146
3.4378911652681521
2.6861822074219566
4.5748749386947223
3.4674070137986046
6.1301461549048772
0.2235998985704000
4.5720936519985544
1.3476435014146733
5.0586643201361152
0.7687159317052215
4.5356944910592274
5.4262373054343778
4.1857409164640753
0.5228036283513673
5.4060250011575333
5.6020988269579437
4.0975676136341912
4.9860577786100198
4.7656152750255609
3.6277130506006037
5.1773921310991504
4.0975725150600155
5.0748076384276928
3.1281284303366013
5.5727780197946526
2.4110044202063539
5.8875485963952734
4.3112735302596050
5.6131464574870558
0.4409992195696508
1.5385018532604742
0.5803217937488852
2.4344597945122723
2.9375991546638436
3.1140894369192971
2.6414901193912681
2.1880382895361548
4.7296980949317602
2.0914904123960376
3.8463795527615803
5.9195742606000277
4.4709811722591084
5.1335031876949380
1.7658833656118345
2.3687225416006643
5.8896803772935931
0.1947240544917848
1.9459027933242103
5.0299384145832988
5.2276090471864283
2.5372827356078917
1.1416160762791401
3.6782816384625083
3.0953462364913022
3.2284624842932783
2.4819275191658003
4.7800113214524389
1.1277484822316697
3.8401624454825183
2.1756307318116659
0.9491552620136946
3.2004552125493562
4.1826950704047681
4.9005751164737879
4.3301091717914870
0.8571642853899437
5.5550140422116421
3.3857618842884984
0.2240362333848861
5.7129163978655191
2.3459489944021827
3.5716856659453002
6.1792522711118867
4.2488344286629731
5.6022477801041024
4.2530322746394074
5.2381691402854482
0.7082676384366285
4.5426166135586259
3.9589073289041337
3.8171958403158399
5.3228404758054619
3.4616275288652640
3.0860174641559026
0.8193570914532834
1.4860447744477394
1.4064555334665723
4.7675314196576091
6.1661332605066539
3.6426532034487940
1.5914976780147745
1.7624055658343738
5.6934267584240077
5.3565460628635106
5.8425990459531603
0.8474702042102245
2.6316205351562831
3.8962569192705470
1.6785135536940166
3.7991935141264848
5.0691028136346361
4.7446368018837415
3.8467009400693044
0.1192475077580558
5.8753759638608516
3.1954740025650108
2.3948446367083349
2.3753284155660697
3.4833077671510897
1.2498387485814761
1.5371719816444878
5.5543774499867693
1.0439932504802185
6.2171697511940023
0.5359674929844468
4.7385238646278491
5.5245748200066247
6.2654298370360548
4.3941965617759342
4.0804090554953172
4.5386089514191825
5.5625372665728579
0.0072625962378890
2.7444958789402429
1.0695035693498409
0.2146089501218447
5.3966145141362372
1.2404365819880852
4.5442951590751735
0.4086812758466576
0.1563906013620965
1.6844267797935706
0.5844708816697037
0.4564582396553362
2.8925640767562562
0.3238204709217612
3.6769711110408245
1.0432717097110729
0.7965243087913583
1.6463269778234397
1.8109576555959424
5.6819161769515976
2.0930003864097282
3.1528548782816319
3.1214200720675351
4.2527455874157516
4.5795099519547584
5.8472107079636171
3.3016206510356572
2.4280895583923612
5.5964074199699789
1.9537412640421290
3.7885518742369135
1.9611249000618045
2.4779358631755644
1.4442798123815854
2.8375727509586843
2.6316848817298228
0.3235626495015092
2.3698690703425314
3.3775997387115972
1.5451639223637219
4.3704599375971434
3.9177438489790224
4.3383629061414606
2.5601618485681583
0.0571722598495372
2.1415811524433370
0.1634676851282959
5.6643931961449496
2.5964423686653175
2.9911666546648825
4.0584482401330417
1.3951907590064270
4.5623841062088681
2.4103259595137811
2.1912160738091742
6.1625935786706512
1.8357531660793827
5.2560115995568628
4.3016603708156005
4.2615765637665950
0.0995607542713912
5.3213153714733217
5.5164506547791081
1.4761329920636967
0.6664309167509834
4.5541966140559049
2.6402179382817033
5.2664111235425484
1.0820315559843050
3.5477873651172684
0.8098328159284656
0.7906011915764681
1.2039615677393469
0.1175952726828147
5.3993825023581419
1.4030261571091116
3.8064441783433844
2.1055678731757617
6.1605631554827909
0.2486282478654810
3.1585061085980812
0.2885496835861717
0.6318028696907771
4.9242370052188367
6.0125854379368819
0.1795331550045701
1.0428171948424094
2.2685532885095316
6.0242837216579863
1.5125443828624885
1.9143891723470536
3.1161377808003992
2.5295202504572400
0.8699142970722975
3.9323495797148875
5.2244492028123606
5.5513108713333184
3.2392487554238061
3.0006101808738910
0.6395864573106812
1.4064029582061726
2.7075629322937549
4.8135893077620073
5.4781544696424183
0.5351495165096365
1.7312124433276799
0.4154915612366594
5.5692704335218659
5.4996893199305577
3.0637447512201783
5.0057846717094421
0.7035018781101190
0.9445462085356539
3.1933734512522403
5.0187176894603471
3.2019499664009392
5.4805127263015727
3.6221699388208037
5.1722933963813968
0.6455981652381276
0.8589269702040294
2.5747537227728277
5.2480003318242527
4.8521083836779662
2.3230939133915434
5.9721410439196463
4.5954165764703649
2.1150748968550630
3.8142152187687817
4.9063530179346539
3.1935879298138579
6.0750451400757566
2.9399079287603858
2.2246177524618931
1.5314054702170885
3.9284733862116488
2.0335916083304966
5.9903093820476192
2.7676565006390415
1.6009660055003310
3.8181281235856632
0.1116596496977547
4.0899143555357202
4.9953300175617565
1.1642884567239207
3.6760737392810241
1.7381070774821012
0.6525258465358473
0.6363633871531966
2.1778794005556690
1.3876773221091541
5.1720240378339231
3.9855126086624786
1.6721392818347918
4.8559341844059958
1.1495494035427614
4.0969227088683446
4.1190250540661220
2.1891889492789827
2.3943836524368054
6.1668713637208965
1.8114084091400631
2.1722227200134556
5.0207976455924799
4.4518588958192957
0.4108162115667137
0.1719213427578712
3.1072662630080230
3.2515709968839590
2.5942880972895139
2.4710614947668015
2.6998754363867605
1.4664388594661635
0.1083543462638597
5.0574277380552539
0.6432195497667540
1.4232812516003341
5.6354537334782933
5.1107589566371807
0.6659722383863457
4.8289504922150526
2.2720489153764416
1.0008015311117064
3.5904658103221823
4.2687151724511683
0.7925753755123159
4.4815295638356849
0.4719588238545248
3.9993429546397676
3.3409492864625205
4.8543781608243712
3.4254907041588418
5.9302386189908090
1.6214157718520972
3.8296056993704766
4.9849460296921739
1.0553553883053448
0.8027626667883317
3.0076704174865707
2.3092276885019185
2.8703797393642891
4.9975662047658904
3.3780197597497237
3.3096162142934715
1.8994033508758668
5.0218028715218308
3.9401106174138696
0.5734740675377896
4.1414411941849654
2.5956232560095449
0.7306937140376781
2.6654189177735672
1.9315948085617030
3.1417178190754380
2.4302720323590044
3.5565718502885519
0.6006614890256529
4.3240996656654458
3.8380244149816045
5.7555817591400427
1.6453963906552522
0.4636957030810630
0.4351905563072173
4.3779384028503872
3.7253887402686723
4.1664426037638176
3.9820771252977232
3.8207141529592170
4.7079173148733231
2.1425008378331114
2.2027190670806114
5.4528130739829628
0.3146071921593904
5.0771778405174057
5.1890188680480804
3.0982752286196975
4.4745789594764833
5.2027758921590950
3.4663003737592888
5.6530493086243858
1.3511980358169771
2.5901148629148225
5.3616913955703662
1.6144294001638968
5.7005384174513187
1.0496434058576141
0.8609245701488815
1.5424540765043218
3.9851730994484460
2.4438173102099685
3.0917827631219423
0.3698473158046531
5.8722401535659676
4.3246711018877777
5.0108138198516174
2.6951043109739912
3.2210950315366285
0.9217485058674192
2.3194437185492940
2.6421147611176719
1.7790075257664224
0.6304959208329067
4.6287232671057081
2.7558521407069168
5.1942655366971753
5.6030106019916284
1.8114927740051985
5.8776041720589243
0.1838505571207109
6.1857936326386200
1.7370167532186704
1.4424414215391326
4.3287996656197967
0.6797501249660238
4.4254378313542571
1.6506763251862981
2.0609420785200792
4.8081773022939114
5.4846430979127474
5.6894863256626493
2.5897498261010834
1.8332385027469633
1.8213654244648678
0.5211799703701502
0.4432639577002845
3.7787432865304975
0.6537924831888020
3.0823830038534479
2.2721625190571206
0.2931045196343719
4.1503636567473050
2.7782091276547818
5.7835500551088579
0.0116023020717501
6.2174931212241509
3.6942155936741132
5.7110620225839632
3.3236408797804993
4.0300180527796163
6.1222104400235082
3.5875809659663611
0.7411180147101184
4.9755325910773696
2.6736875117249070
4.6018906069524252
4.6660840059534117
3.7069478297064995
3.9011650034289289
4.7049947745707472
4.7170739046886565
1.2348956584068567
2.2885030866418958
0.7800188797130010
0.5490362715809407
3.3706655818045674
1.2794298583929333
0.0493730983123889
1.1858432623246462
3.7147654879285819
1.1988928429327161
2.9737677264843727
0.2017271767865929
0.7455224771978022
1.0932289213172890
2.7197729188819761
4.4078867154982158
5.1933214762818105
2.2636615786840459
2.1049020403807068
4.0437006466480296
1.7855656213920277
2.8292372845031166
3.6452517600835042
3.2497413011354848
0.5028872196692998
0.6546518046482719
1.4649686845842711
6.0032727693312982
5.6423341601210781
1.8030693270691511
2.7938753749193972
2.3363269357497951
6.2381838314531883
0.8445681965687859
0.7439569309070259
0.0727150176817250
1.5893349321783377
5.8476667266319948
2.2179041639563990
5.1825278380743054
0.7553847112190216
5.9293983192616349
4.2755960477064363
3.8424335208471443
0.5890810415473223
3.2573696511461891
1.7045794134453871
1.8179429041886803
4.1281465729629581
5.1749880498453047
1.4705766008448615
0.5586834119053438
0.0992734713848815
4.8228631957621584
2.5855655224097380
5.7340586603899428
3.3576644640086872
1.2337473358748845
5.5337853830707564
4.0817666432182360
2.9662775664423484
5.3493042374718804
3.1614328047596780
5.9284274884294712
0.6034497765227034
0.3170981955115634
2.7729012838724563
5.4036858781254162
1.1037208710589734
4.6762176896370278
5.7769965740817106
1.0331340393862229
1.4178946907828187
2.8857112647124405
3.1341264931210731
3.0709460632930710
1.1222911701922216
2.8216986209929522
2.7701378958004494
4.7988656235850993
5.2009409437200764
6.0242061491760834
1.0884171708606862
0.4040317615253907
6.0694876341800352
5.9805135737903283
4.3027301287811257
2.0122238107407249
2.9514391298751823
4.5471545593649738
1.9521461887403520
2.2183457963463922
4.0773957538339856
3.5798498933472960
4.6938148214404087
6.1784192756199658
0.7360200050430676
3.4028022534028590
1.7445836074452474
3.8834778580554397
3.3873333615876442
0.7723086709091840
4.1689623861864824
6.2289746103546459
2.0813189023027237
3.8898940333432979
1.4181102553406693
2.2660203846092291
2.0460469608728462
0.5659597938551828
1.2214352902843593
3.7872365917167050
1.2207624106474184
3.7798490503531994
2.0594060136032075
3.0018730973510910
5.5926965270051809
1.9834248773276981
1.2868789331110566
0.5000873904851126
3.3019773002360857
2.5900115118965941
5.0234674984203833
4.5314533521838634
0.7553173513271458
1.0795731746089334
6.2425338332952993
0.6773779401930874
0.5940948448757521
0.5293406818534399
0.4485282252706682
1.1033159893809579
4.6816528676490039
2.0996031034144695
4.6012816429340608
4.1630913652835924
2.3531737506820170
1.0109589700835091
4.0110026785156423
0.7016753087308036
0.2496304293807383
4.9937305631454203
4.6197109905620293
3.3905632990158705
3.3334388023369281
0.4149360747452177
3.6720850763579489
1.6987482190401972
0.7051203569811809
0.5312467141164393
5.0679583671086430
1.6149946625983738
6.1330221423796862
0.7773296601439224
1.3584849760631008
4.6580486732473547
0.6960834557847054
6.0257071404549860
3.9316543369066261
4.0824321463687046
2.1233820340362133
4.4485168713925960
0.2099675951214019
1.0681279754718773
3.4796242727079796
1.2258413746168655
0.1887810237360227
0.4362728583248313
5.0553882320323762
1.2206176177114934
1.3345507113801229
0.3769644106174139
0.2166696810637976
2.8613743904164068
0.4346386832886476
2.8601375836776519
0.6662912505789301
0.8858004234994291
0.1251305761272599
3.8721178750036853
3.7667509564589348
6.0036478330262302
2.5778198998258142
5.1169806843836998
4.1698415976378698
3.5157437263986626
2.5995459300063062
6.2149091409061432
3.8448514877785192
5.4669263495854583
4.9407532310585580
0.5307983031311393
5.2098281897024927
4.9504793477297273
4.1237842653740149
5.4124406997008094
2.7083011067481157
4.0265982116631598
6.1063085288203824
0.2802304767075964
2.8013737689347118
2.1797323159815423
2.4233268439679274
2.0336245160008177
0.8138205029683355
3.8287221805803400
0.0874853467608080
6.0397226481083583
0.1321371734266163
4.0583807161994763
4.7223459740965117
1.8812154623564572
2.5575075995539667
4.1129325923724975
2.1271676515696027
4.6462997702157729
1.1521650199198310
1.5991168619919744
3.0654432560333822
1.1943424466453845
2.6422735075187833
5.3552551010776446
5.6951860096804285
3.5500550628342369
0.1211052825267091
4.8194114869115516
2.5876641684580859
5.6141982139747180
3.1930620747022327
0.8319895632786776
5.8498159410257875
3.8633461810631067
2.7936172276971614
5.4044579564660848
0.8534245686972498
5.6683021549579831
1.3910348802603110
3.8821968696701235
3.7863934945526236
4.7441980669095374
4.0994181162937258
5.8035020114600702
5.5900450819700831
1.0959963181621650
3.4619454497690096
5.0079275751792052
2.2244334467899534
4.0936298997062552
5.8343190629279862
3.4321082063523991
1.0992692198510052
0.7562217193544000
4.9793716922159144
1.9735548286392539
3.6170171217867511
2.0242415067443100
4.9721413268173817
2.3134112605702777
1.8824641414452641
5.9982349956622061
2.7217924527949742
1.4734496648947073
2.3967915603275594
0.8892529817572209
0.9893577599330374
4.2582652281162767
0.1398069475117635
6.1798858267436323
5.5113643815772084
5.7174137324615009
6.2674354635816760
6.1537753872801479
2.7103222202930093
4.7105462903489341
1.5225548350535187
3.9307756147302872
0.3907484251436221
5.3380850572075493
1.4208667641220900
2.1083207288561110
4.1723394940533263
4.9542640155693167
1.6508838921449083
6.0953555505458397
4.6770174849868305
2.3251669559468433
3.3880729014999416
4.9223404489922506
3.2679651954405968
3.0149530077433844
4.5415848847825462
2.9434557400016725
5.6711049856393254
2.7521880323280117
0.5812568349010748
0.3837202676112756
3.9326672652624164
4.4809808306856462
4.9072708402812832
2.0561602095724019
4.0257678674388391
5.4056115227082380
5.8214313923876766
5.4055106871881184
1.7045339072176700
3.0991720294251897
6.0709761527072672
5.4494312680793486
5.1483626915422533
3.8890651798571119
1.9922108220540253
4.1030338669239450
0.6133825280067060
2.5489557123908444
2.4687844109023813
4.2016763492006231
2.1025748983482018
5.3380201324444236
3.4959967013019835
1.0406641400311158
4.8520706162613987
5.5170333350635294
6.0755624497760419
2.7875855711337727
1.4786174944316948
5.1421382275625511
2.2046476681306442
0.5006139617194064
2.3986199487620166
5.7698188531254235
5.2949556357933298
0.3726602730038047
1.5265141085002265
6.0932778183915079
6.2473686293325574
0.4059149469102227
5.5143451562602381
3.9180791269983217
2.7516360535244537
1.8798214904860722
4.7863531333028222
2.1516522680679606
0.8619877799252001
1.4209912015559283
0.6137088176135799
0.2168233425139311
0.8584925868999826
0.1130934993523290
1.8078185974027516
6.1914014060845712
2.4353647737327222
0.2507725329214777
2.8695849511126821
5.8668826092558470
2.8048517779057200
4.2018995285712188
5.8931579481969596
4.3441637847671588
1.6379212289891936
4.7655645937684303
3.6959767505738337
1.3686242042150640
2.9260324995539166
5.2519544282895012
4.2355029726573168
3.6977365253750589
3.5107154353394652
4.6026111790878996
3.2275362527945659
2.9776989609396525
0.1390091165073895
4.2506829994913611
1.3919232110268402
5.7077994564619301
2.0304780741564095
4.3565860253841908
4.1026427022942000
3.8254216131874665
1.6005016134783494
1.1577119009550347
2.6726280566887164
4.5676482758942880
3.0764362438688209
1.5892247370297274
6.2251905913883645
5.0471555378234152
2.7809942268588324
0.7804522939466444
5.5366072616978066
1.7757083846546522
1.7051498225958559
5.1841145327463893
1.5731917200467036
1.6837386915061119
1.7125134564707303
3.3804338894561416
3.2774346428409351
3.4737936665246250
3.5029129726405270
5.4252280146203438
4.4143311635712976
1.0839264752798992
4.0608802857838793
2.1519285466662144
3.9205424691992730
5.7469572466455441
1.8706270306653761
5.5835003432374144
0.4139085857736157
2.4647173431984659
0.0648686284667377
0.8223847263498733
2.7830308694381332
5.4737586561081848
0.8927224058162533
1.9266149159176837
1.3550361410072227
2.6852659089066400
3.1838635579549055
4.9511052803752271
6.2545686750055216
3.9652240140345612
5.6281194676659991
0.2917206509760816
5.6522020248557299
3.8896565324209464
6.1997875197116334
1.1768028553522814
4.3427535319242239
0.3720500901437154
3.6869303604602535
5.7492595385668626
0.1021829212434325
4.3264306698050783
3.4523020521029535
6.2282819763339026
0.2801770990453277
3.0067850689639242
2.4678991575757823
3.6770490966372056
0.6870514896063981
1.7918317774875305
6.0243685075841258
2.9828924650472795
1.6647225543312885
5.4603188439569248
3.2537196512003779
2.8941524391257047
2.3095908605832358
0.2542816269984906
5.9248248802899690
0.8710756946678347
2.6357712842797021
1.7794703424347527
2.2084702172758490
1.4835671496739853
4.5551366105449453
2.5772709559991331
5.1088765585314180
4.3462653149424435
0.0870159764981584
0.3499867628638534
5.9906439822645794
5.1568256371921208
0.4679101028058130
0.6723156552736205
0.1226901592247950
0.9208584741696982
2.6247711987499116
1.1517736637273659
3.6686551687031015
3.2410127772653805
0.1200353963053819
3.8276886251303868
5.3400333458533789
3.1727260651779998
4.6036180817433969
5.2529446938903925
4.7767478258002747
0.4509089363559738
4.0215624882271728
6.2216411814362278
2.9355799092233874
0.4637927731309388
3.2256190280349468
4.5194714745646500
6.0289285741537961
2.9093284449706354
2.4646041396332685
2.0481248668789487
5.0816789266008451
3.4402345472959581
2.8007346860138913
1.3043510211146820
0.2305701461117641
4.1278593461424729
2.3231719859014763
2.4734816376120730
4.8927013521634679
0.4629469316397146
2.0094287183975483
1.6067813875618251
0.7615459286845289
3.2993574415008222
2.4249680424487079
2.7945151565544624
2.8428267022939773
1.2585006217253232
1.2732766371843491
1.6501136407084565
5.4951840130293252
1.1823688885681598
5.7182658533336861
3.3980595395884494
2.9502097740461619
2.5077765258520408
3.8535614448350275
1.5856841973480189
4.9006204474161903
2.6531137437579466
2.2401207462025132
2.1878852253405485
4.9818798713728567
0.9560942534238812
3.4014005437687396
5.6076359654215890
4.5905500335064797
0.4057279378680476
4.0751009997015224
2.3302962166213375
5.4606701568833484
0.4383304993036907
6.2705797554076836
0.0897674728168424
6.0956110600585296
4.8779747190224354
4.3413478300340165
2.2239867122042223
2.3128387991786701
3.7747639595739928
2.4311684390695456
2.6397200096902962
3.0246464521010035
2.2743249502552922
0.4104093995675162
6.2373043594856510
5.9007397732552480
4.9285824117822079
1.8101306175888605
6.2689830284292194
0.5696462492063119
4.7860934551882917
5.9620739245580623
1.6783385538482627
2.0182616602584424
4.1290250610301280
2.2889957105337091
2.5293038463018602
1.8108181131519445
3.0964070099401253
2.8804793792630834
6.1135285945372919
3.0575476094157517
3.6609989466715351
1.7748399481439143
5.5098292552988770
1.3293129864221824
2.0617536325377488
2.9122467234909433
3.5728401464776631
4.2368569805025720
3.0671332203931021
2.4415959046828677
4.8689807119263699
1.5763616519863428
4.8717414132663563
0.9172570553551569
5.4956245610399632
3.2893528349272532
4.7591220683703463
1.6443939129841396
6.1199427291396473
3.3062779381766538
3.2188341184938265
3.9493599298702389
5.9186176349987454
4.9628043807792057
4.5053597540961121
5.6214639730641851
0.2910776479458522
0.3962825340662573
6.0275776865195327
5.4360211894154551
2.7606151946739717
4.5096724403922703
1.9054428109053054
1.4654951873617326
4.2244009617991702
0.3949746599503826
5.0989990787240265
5.6193110734645844
2.8609786987360741
1.0804615216879467
5.1343057506678393
3.8550820757256581
5.8377457465555977
2.3540037867840748
0.9592096120763584
0.7078777148553363
4.0726513869960757
5.3185921687163145
0.9240263713019268
3.3562296153374551
1.6918606533033518
4.4134876906623575
0.8514912970373029
0.4847109223611790
3.7341157520806938
5.3060468129134115
0.4076429856340287
4.8891546754125415
3.9538255079744995
0.4500307743209350
0.5841463147584292
0.3899708236731583
4.3605750883543948
3.2243533849876109
3.3705572584908658
6.1716583740870146
5.5688275120848818
5.2447986685899384
4.7054397281529869
0.2791838163531179
1.1547007418875781
4.8062918402272876
5.5098245194272071
3.4571180609175038
1.7225310756828669
4.2284090448813263
2.0907457011571045
3.9545952905841402
5.1351931137461451
4.4385970910672103
0.4800126906161674
4.6026540355193291
4.5519649899791839
0.8284283730886453
6.0703141183706002
4.0083772605285377
0.7359905697932151
3.2204585507552737
0.8913203967407327
4.5626635286016137
4.0482471143472791
5.4752111332250450
5.9023066445808379
2.7789415600666825
4.5315773933857537
0.4096801308855323
3.8850997947837169
4.7196299038480429
2.8994292994972342
0.3173147605444841
5.6548825580193354
1.5691717065865083
6.2190921354382018
1.3711124067809894
5.0347938091715863
1.4025782496649017
2.3547929998695798
5.9572312129469056
1.1084748749745479
3.2290780494908415
0.4104387650776739
4.0245374820826303
5.1560506381577600
3.3935691598737767
3.8755304101612333
2.2729992538142456
3.5464614792116480
0.2550302182931967
5.5641716387839137
4.6088671727241763
3.8960798020063026
4.4716424718071668
1.7371831807698170
4.9388203230970866
1.2159165687384372
2.6750826425765566
2.1027959669074847
1.5100188270052990
3.7835727055831212
2.5876361748588810
5.2565906617092697
5.1310875321354787
3.8579904969798693
2.7510591857109601
2.8943600625877957
3.8270149585727276
5.4929306859358320
5.1244751444996837
4.1974917866273262
5.0446822607911894
0.2263094358428455
0.3456929794390287
2.1168887354083781
1.3119676107801397
6.1472295893945805
4.5340608583160709
0.3636860001134325
3.7862196309343723
0.7285267694555416
1.1784986528979517
1.5060568906026977
2.8916720806021958
1.9327625206515364
6.2447003050520928
1.2867373880960502
0.2614697583407813
0.3358381593572511
6.2769278402718554
4.0167610911070950
0.3424717892427672
3.5598225306989137
5.9468340489076521
6.1688331474683880
0.4210772151749744
2.3034490342970031
2.0239852540772891
3.9218323958024208
0.4130586580524934
3.0599570994005085
1.7467498007517293
2.2788780619237508
3.1442430234658167
1.8212800227635662
2.2782009868894804
0.4067673907711441
1.4146941744669435
6.2653906434907602
1.4737714960435848
5.6770206617978944
2.3428909275110907
2.3316263067474856
5.7683135741285954
2.8270726939158308
0.5158466583858341
1.0066001741453516
0.0073674745506965
4.1579886926828795
4.4764914425319597
4.4579982257703064
1.1614965705584248
1.2153478123895067
0.6726916465830465
0.7081091472364585
0.7424604698814203
2.7551379056359901
4.9835475759992907
2.2647149159969922
1.9244347676651037
2.6817901353113731
4.7775410705719095
2.4691080332509463
1.4585103478033434
4.5562012769953135
4.5780966895285449
2.8250806899665033
1.4701673066079914
0.1356528950359990
3.1770831162640896
2.3181773184678760
0.6791951422136243
5.5550477478304261
4.8524447363159897
5.5863742912713521
0.1781517016746935
2.2003361217020649
1.6672019633556550
4.7190826994101709
2.4156766201018782
6.1975879222824988
4.0077103803950491
1.3425300378157667
2.1351632848175797
3.5558364008613585
0.7146738106107365
4.5841905458231746
4.4815761271472097
6.0226941016544187
4.2831269535821734
0.1611443644726950
3.2350985011730016
0.9158939859980066
0.4565240673883167
4.7522254345720896
4.8928848830183291
2.8344980687440060
1.6036093598342791
5.9745136101734868
1.1838271967480121
4.9122148974176545
1.2019612789552179
4.7092751206025669
1.8099666546663900
0.8304826983791481
3.5750929408815231
0.3778019282298148
1.9731839818577754
5.8345434268182137
4.9366856279990818
4.7883420326318777
1.0075835963155337
0.6299131120090995
0.2297705704348284
1.5536035908778754
0.8154532650618991
2.1948089779783242
1.3401038707754038
3.4883937623969494
5.1180318295761786
3.1362300115055128
1.1046783946182230
2.3048322534932661
5.4927058925449526
1.5839110265492844
0.7810060043340393
2.4288476005914315
0.1361972779559871
5.0885086189595965
5.6512447871078795
6.1894478213619708
3.9464672771769989
0.1898130954392066
5.5712614247762131
3.1916116407576638
5.7222363956570304
1.1239605517922786
0.8693812121199506
5.6803651333981104
6.0370467415612117
5.4080795310957637
2.3184246280041636
5.0850268796885221
2.1187317391033349
0.5049785969008852
5.0854746689647508
2.5406902026625415
5.3908029237959898
5.1318216332670268
5.6258008946340752
2.3601405193628380
2.4186462742031818
5.6091592438406543
0.4783919117523359
5.0090499166898272
0.1155317119778443
3.9520286642724867
1.9287065776721173
3.6139116959814954
1.6629456220488705
6.0867508046299523
4.3339274955869396
5.8360960851142627
0.9947414594934730
2.0062368610232886
2.0210103745668002
2.0548017549119098
4.6518249057247658
4.4833951289614395
2.6539040279073283
1.0496012638012238
0.6768491414259158
3.5025290600413506
3.1178198713944432
3.4650612819718760
0.1450091915132287
5.0471998172966899
2.3113446459391067
5.6604341896833388
0.3987677595289683
5.8944371037029599
6.0470436122433551
4.7239233765852360
4.6008807052731155
4.2935187806311168
4.9357471987442842
4.8369278041123582
2.5183532610266450
2.2412683633725701
1.3765072152347255
0.6440131605287266
2.5087378658049979
1.1040288631914477
5.7834528457080587
4.2513336778918474
6.0131097122385935
3.6428326435739788
3.6610702929844368
3.6124812058001834
2.9305348150648882
0.9475180476721310
5.8678610425500564
4.8411263903355675
0.3165934824107118
5.9487468935814949
0.4522392738136906
1.4718888212897163
4.6933741289399817
6.0280818038140591
5.8966540982582583
0.8163665597509762
4.1839889076314583
3.6070675653282267
4.0925892775753798
0.4396304836760836
2.1179755594846026
4.7257872018298119
2.5112918410056961
3.7813825761806128
1.6549947206339191
4.5964906679622048
4.8667913329550094
3.6429406003616180
4.8044534839270954
3.9829008358847355
4.6371130039203949
5.6357889675189643
1.8569689455320049
3.2517440545704654
4.0658736325813507
2.5228900020637148
1.9378893215596193
3.5991571537088385
1.6843199852452049
0.2729128627634413
3.7271959160713077
2.7017493218181281
0.4517969516110913
2.1717014587123695
3.7982980969238227
0.9373597535378589
5.5772137826891690
3.7487313947164966
0.6795793827037356
4.8143656863945701
4.8030268290703599
4.1987897232920410
0.0794892676937325
0.9005741509055774
2.2047171661896696
0.6364760374260000
1.4665554357131014
4.5351307218423971
5.9676773242067513
4.3769385313195448
1.9386247408839083
1.7905167395316097
0.4990909306561719
5.2240367142367257
4.6079198214282533
4.8725728098485490
4.2418086912629365
2.2859847594757801
3.7522690349769721
6.2101554978022913
3.3187190341363726
4.9820050352273455
0.5199100559715829
4.2933887878854256
5.1832508154670576
2.7349093984590320
5.9489882860012431
2.1328364602122880
5.8888779415957666
3.9900911245045907
3.4545531549468826
0.2923017566647794
0.2085093326088605
0.4198713290826367
2.4033727840672836
1.3168520363970495
3.4900774241769614
1.3072325037689383
0.5557858036857261
1.2213032356216171
5.1412560523768605
3.0662485035857316
0.1437806219797343
4.1322180378283884
1.4789798067968476
2.1998911741425875
3.7514413012509316
5.1594545054658374
3.2819260407303021
1.8075642312229065
6.2245609359034457
1.0181058139286088
6.1723435120061385
3.1369760400431623
4.8537482249070711
1.4766851717037823
1.7094440882748378
0.6751117350262835
0.8125667513034720
0.6768803869947762
0.8842567677237506
0.8915011449783583
5.0523838649710022
2.3891869745603578
3.4499923210892751
2.6662761928535268
0.7945363044849419
5.8299042968607990
3.9664962807506057
3.6934189499662895
4.3172900528013427
2.8712627584600470
5.3480945253191008
3.7187705024652540
4.0813216077809873
4.7324981760078311
4.6394636642904903
0.4002911811271140
1.5639938411302179
5.1131464046564865
1.7364170020547884
0.4346000993671700
1.0239551022750062
2.6634504099347138
4.1827833235916883
6.1891113720347546
1.2828096261469144
1.8592112354943868
2.8801482600347610
4.7284702369658724
0.8458179029788306
3.2252749290599838
3.1776888149080884
1.6282193248767058
0.1533349355336543
2.2694696610331260
5.3248538350652828
4.3617137004802062
2.5153100047748964
6.2375370689164162
5.1037339762631539
3.5055701506933765
3.4689947851219669
3.8093945273669423
3.4675336258409546
0.4638637426828484
2.3092782473424944
2.8897931234693384
2.8717444300546422
3.1735838724445977
2.9205978111036806
2.0538637412050931
3.2999327239322076
3.4235778345924057
4.1469959917742996
1.6322008465395614
1.5267492715338733
5.3065718899153236
1.0463287637304177
0.8178913811608191
2.6269990982067655
3.5150099418138865
6.0694309373856532
5.8748020442482805
5.4077033574187663
2.5290773309164885
6.2513832361479640
4.9803122415666277
6.0808097936970498
4.5189570841553897
2.3561758594998494
5.9373743970291164
6.1268284467875951
5.0628020202391868
2.6866268895453023
2.3985102349700309
0.0219048368515035
3.3349064801823398
5.5350014086756962
4.2452035354664517
4.3630680912598434
1.2527136867384214
5.2408568986787269
2.4354511249221629
4.8649654223958372
1.9198138563720939
2.6843662466376919
3.4590586447663045
2.8377837717942391
5.7004246039766411
6.2192275211020940
2.2425669206031751
4.3337225011866867
0.0133739309434307
5.4161196824509243
4.7309018998523751
3.7700644427949723
3.8357909861481132
0.1926070486995685
3.1887261292396265
2.2289207268755589
3.0112042648268313
6.2665404347997793
6.1655890700383091
2.2410527346785778
3.1375511727894656
4.8787782102804647
4.9854892752015596
3.0362616092328061
3.0654838838449252
0.6453917180617462
1.3926614981225836
3.3764916223913222
2.3732197949608609
3.9744777054720504
1.2682255603759507
4.5525892863479305
0.0263080089897366
1.8398085884674045
4.6717949038166164
1.2975642037920347
3.2132626341255932
3.9264254658843907
4.6083191912764727
3.8711050792118029
5.5076012958944585
3.5991354099372037
2.7550670233584462
2.3925067589561988
2.3211268851165854
0.6606499488542226
2.7613449420276881
2.9522091109052169
6.2160157393823896
2.3092393152134059
4.9595049061200944
5.9937771234408901
5.1684956104634434
4.6765236868891913
1.3517562956959761
0.7585356359462337
3.8676137084050990
2.0546594055376999
0.1364290956762111
2.8455746924145524
1.7591407985113485
4.7701735330321267
3.3161035764656379
3.1477520616565844
5.0502495911774714
5.4670401768981849
0.3063775645011441
0.2366953439172693
3.6333363800939025
3.5275621864783533
4.1250291854866887
3.1008880091563027
5.6933349063476060
0.1705568904401952
4.3112821308368154
5.9813558731408003
0.0770160102489711
6.2124902975288947
1.0203468221676844
0.0609357188301541
0.1618304204784056
1.8078550105153879
3.5898267311765255
3.4623994062519472
6.1781851856729606
4.9425671738088841
3.0160296073069288
4.7285395581664833
1.6576538838151706
1.7252113420622437
2.6492459123396661
1.2955343734625491
1.3121326957498085
4.1883017861128735
5.1256427570665419
5.0190152120278455
2.6345064749245246
4.5885946562520017
0.4153100665546496
4.4518542931878491
4.2864752297615665
3.5320578204905697
4.6310554555002099
1.9992940662842094
4.2237288851014094
4.0191421730770651
5.6597698612411653
5.5488176392640893
5.5670751264887608
0.2209250858501082
0.0640659075870465
1.7979135943782110
4.8912897235119246
4.3985569055761493
5.2542066038750770
0.5553450601680155
1.3818859434627129
5.0390949610845031
0.1227188626355447
1.9773597846426505
5.8839614782145553
3.4016846072601337
2.7894436839275900
2.0792647614345245
0.4470201747135497
2.1105423674495287
4.1431415445737061
3.8428744829487851
1.4522948866458141
6.1753294540408197
1.5514044706625951
5.4988579735722913
4.5947293835148075
4.4874928530496883
5.8167020057047862
2.1132616075368040
5.5930770047930887
1.4202717951795816
0.0840354063960847
4.9402411428154016
0.6314986169400335
0.1049239793842943
3.3116202543854305
4.6164741820842004
5.1307762160383801
4.1227875345236722
3.9286271165817848
3.8943024689625498
5.2673641156069424
6.0184446150437898
2.0191952018284050
5.3058142679721207
1.3801674044659960
3.6955889220825289
0.1811455783459214
1.5783542312962568
1.5060900281756082
3.2932112038312211
0.5501480394770902
4.2812710984462923
1.5166188909983012
2.6471576508788717
2.5647544246490694
3.2344448548497944
2.5187212828888099
4.3351578836884439
2.8715538691654392
3.4107977816614112
3.8354851931851708
5.7652856398561587
5.9292555149733372
5.2319663622484498
5.3450777392863342
0.2654516430181581
3.4822261686894236
4.1986446246322044
1.1595205817509258
5.0443988579466685
3.9167591739097452
2.5775647369641494
1.0598262422988354
4.3313495399326092
0.9918360101279238
5.3522791890442898
5.0032114365288498
5.6898421516218924
6.1836806698285329
5.2389725964563683
1.9637693271457333
5.7243193636140939
4.3400295429351443
3.0528465601465755
3.4461595316850193
2.9432316317669747
2.6934616880376936
4.5375755312198649
3.6908364701030392
5.4972039738715530
1.3427506227191570
0.1651679172494737
3.4295729984366035
1.8856305319097584
1.0355133137779389
6.1052595624780697
2.7952464109017461
4.8705770243750761
1.8191868734741028
5.6416277233377450
3.8849380838503325
3.9440455024657926
1.1574949200075373
0.1571517145252072
3.3793431316006886
2.6889008726280923
1.3777188212392764
6.0193464190175376
0.7199687193999842
4.1448239178022988
4.6633026446251531
3.4863786340275085
3.7276991984005763
5.0484264379150634
4.5412169269399012
3.0084828623397759
0.0828453878011770
1.4672201937296103
4.5485763163927517
2.6789507077024290
0.5110095049638045
2.9808823897160726
4.9018451117236959
3.6718164767812240
0.4405354258675930
5.6491986677812385
2.9492061021138354
5.6927914511076416
4.8199066186754393
4.0517781340070362
0.7175829555493181
5.9752717446016073
3.5467145573346417
4.2357037189365343
0.1916768782620340
1.8345793826247230
4.8459648481463402
5.4523823168948722
3.7880586507288649
4.8757125326494926
0.8984905208590391
6.2070788977534077
3.4823304031249052
5.0299023261868756
0.9656395728377245
0.9916800797198876
4.1805907163364493
3.8004665039860805
5.1796040138305948
0.6999178755595541
5.0160914931617349
6.2648310014800765
2.3537302621617258
5.8294857813546379
5.5260603768797827
4.5399304531807321
5.1001433393010016
2.9737425228733172
3.7490339608884877
0.8871632871999325
6.2390924329408559
2.5596063100191033
2.9272860345970066
3.7304553991963512
5.6272353956673964
1.4883949721000806
3.0435505830225891
0.8997538484925381
4.5549321517715606
1.2744914982653317
4.0183647174582733
0.4686914513095663
4.6632272876651388
4.3976801149380469
3.5013507020198991
0.7046421124311890
1.6591951546323027
0.3964739930330447
1.3871875674641689
5.6647746533317918
1.2868450599466952
0.2770512040783066
6.0988323388892178
2.0579438444835536
3.6506239081612435
5.1678916673109194
5.6839674239668998
5.8380964634759831
0.8364288966396412
4.8739965289808733
3.4253722863161915
0.3409440311373297
5.5738481352684834
5.6922557123492918
0.9816681069735872
5.8631822380987471
3.2761916295851572
4.8991859008918066
3.2933671376361207
0.3182357651400487
4.0193065688642138
5.7474073151253142
6.0657833764435685
0.8309670239570492
0.1583249138135634
4.2285239445605374
1.1451405103207646
5.0990189025728130
4.1161158274442897
3.0672693598979417
4.4859226484302299
5.9369098525200066
1.0371172983557393
5.6885891540022264
0.6837170865265536
4.3686573250603038
0.7681926712107514
3.3965258705148385
4.6286731292615686
3.0982088120997604
0.6019197142765690
1.8966846797794850
2.2506589877333139
0.2348431589683999
5.2231980003822311
0.4593907192686474
3.1553810650168748
6.0001236132287135
1.9049058465805335
1.0269599443013933
4.2724157590186937
4.4279360434476294
2.4936619738787198
2.7019815077103084
2.9456198603856718
4.5917239145996627
3.5103292441705767
2.4134874450632453
3.5726360560016777
1.5088030753835862
4.4934994020481280
0.5991111730586639
3.3534117769059426
4.9163062691728250
4.6139085042645656
4.9672312168030031
2.9177610497474622
2.6932138972169488
2.4179740359140118
2.5916454421013895
5.5753876099908997
5.6579189546084248
1.0160618351266038
5.3324212438313179
1.3459905185139986
4.3947571691644134
2.9251399103088032
4.3777036704511847
6.0100330519883753
3.8091301143113747
3.2333423632316896
3.5975785127507969
2.3044369202103123
5.7066330366167461
0.2221982445910426
4.7113463061893830
1.3092254332713431
0.8227095870089577
3.3786616394030387
2.4151066647641728
2.3391720370981353
0.9718032885340545
4.7874371472524500
1.1659767864169541
4.0193366769430812
0.0233182616580012
0.7738974966014873
2.1620374729961847
6.0865193914168598
2.6486534138080318
4.8496594121495216
4.6184228221515617
2.4485593725783739
2.1502426274996673
0.8680348860323139
3.4240913129768464
5.3388815967236329
0.3237783142603227
3.4414336063657394
4.2041321994689271
1.5747969544754277
3.0343590279686223
5.5113412428686086
6.2504281635059398
3.7105008961276162
2.0152659736775957
0.6202876750176120
4.7899149091835058
2.1801889583584715
2.9771858097755448
1.3910497484552387
0.3499323304716827
5.1631151555990176
3.3977764557439438
1.8015675357250460
6.0818889329382655
1.5776179330765741
3.7894447489366487
1.4611715526194746
4.0733321028246978
2.5727932419740296
5.0215187051814691
5.6130961568440911
4.8062737047279560
2.7004310455412930
3.1001102920794930
4.8376956788328975
0.6913415104782570
3.7241704379253324
0.9464475637601654
2.9706527642580194
4.4108838316262640
5.3798958253152360
1.9904810055414346
4.3767766838956526
5.3221399021298987
1.8488966566092853
2.9985606273196752
1.1650071043618149
0.6677932493400085
5.2854442735531428
2.3054029439798445
2.9179294861470075
2.7289695471639432
0.5844421903446653
3.2728709529052211
5.9528911676891401
6.0716040662497033
5.2109127431310247
4.3617045493310638
2.4416869529175615
1.4528662318616057
3.1497458928365138
3.8706184668804839
4.1437995079201420
1.1579382046913060
0.3532952062847642
1.9598498586470201
0.4992412314535962
3.9696214901701983
4.2823462514145723
5.6986821997093822
3.7442146061998280
3.6666091362695759
0.2360829674722174
3.5161663475656657
2.9674451709972742
1.7592793138443683
5.0309844660389906
2.5424003613357593
2.7564762155163449
0.1030235538321981
2.8489763706591997
4.8451834976239176
4.6943260373384401
3.3537760566286883
5.9015780300099703
5.8973545450518881
5.4474834109817563
0.6662482145861318
1.1663352063355359
1.7152927932577855
4.1195127454171301
0.8619064156548889
4.9040877509175926
5.7233005155755281
0.2752539353176458
5.9290141334052340
3.4694608809573131
2.7169955182182690
3.5181689982745366
3.1135521180890358
3.0289232457686404
5.4200617824864175
3.1770236720921945
0.0611003028449333
6.0378352542428786
5.6381016616544022
1.3634132737817097
0.0584100016505418
3.6863736481569163
4.4699969298580022
2.1126687285315131
2.7884133583094899
1.4792901517623296
5.1830119327581921
0.5501919949131124
4.8977687175048494
5.3194190844382074
3.1846331810431918
1.8477189130205043
1.6073784391566348
2.7135208041598049
0.9634949917511213
3.1423132576372304
3.1119924357528723
2.0123150074705278
0.4275347842500444
4.8444791904458642
5.0144207015565945
2.6296142262375750
5.3464556870527540
3.4722856620175691
0.9790764137210969
6.1975509082756046
1.6525680792570983
0.1042126769358094
4.2871863120905154
3.2045663182940607
3.9216792881171796
5.8742402997418957
4.1526051703633646
5.7690539897257525
0.8670173654926643
3.6472309503762488
0.0268054407450044
2.4136836158755322
3.0694927122851023
0.2114229805383585
5.1503953053000746
2.3148302480919303
3.3791553609407976
2.4029003531241928
2.1892633808763708
5.3980590648201323
3.8975701641756761
1.3115165373258946
2.4816074698445134
0.6084852777453451
5.6383791258049039
1.8422691273915166
4.3913984791366625
5.2600626207703725
4.1939475929561363
1.0272045210347536
3.6001767350366269
5.0070167957824276
3.5553155042283393
3.2594267438191857
3.1302348097594357
1.9053473200310720
2.5408088224752086
3.6139775486982915
3.2014182490161129
4.8640573633513275
5.3620244917277153
6.1249124134261423
3.3453997333273389
6.1797784748801758
3.8969344294951935
0.2024704959681047
4.9268065522491602
2.5555966277230335
1.1112379638787777
0.4914068803040068
5.6908135390166388
1.5034434465265181
0.5431347071187032
5.5196096546397007
6.0159430712502013
2.0479481228469081
2.6200417834910992
1.8390327873244874
1.7029514924349214
0.9457525823659341
6.1096838132320652
5.2976347126374401
4.7418905905287678
4.8806928437756660
