0.5660000445737016
1.1344298148386005
1.3790597357055110
0.9492156564557361
0.3601182301698851
0.2805652470710795
6.1234520679815034
2.8059080546388571
3.4536305118149166
2.6024630536424369
5.5675570224163504
1.9897126256839754
4.4556977260037822
4.6034756123586460
2.6737459862435999
1.8534892671751630
2.3612622878811820
6.0349046624376728
4.0443791580788968
1.9920230897083588
5.5853337547066157
5.7033425356630003
0.5944497776668219
2.2296345879398234
4.9279258553744167
2.7031538805032040
0.9208462453814648
1.6213502228391254
0.0346530007835980
2.9910548781866892
3.5052379973046919
2.4620459837835145
2.6822292359023518
3.6006377563396774
5.6507334047027085
3.4581212439986575
2.3270577506570125
3.5285171861143709
5.8128520378199573
2.9181155199002942
2.0891679588191874
1.5681096351719170
4.5356664305858221
1.7855868475773420
2.4539036763302109
4.3737515047481343
4.8092560149177634
4.3107792477621025
3.9850686810352758
1.8895001512529992
2.4326644656570626
0.1555831309863108
4.4527549559668760
4.4062497690093299
4.2674812743103887
1.8531478773306103
0.3413390655093305
2.9555042459671452
0.0640811381152823
0.8639453509571313
4.0250643428011870
1.3260506842905557
0.7583239742715365
5.5208439367065516
1.0507716255654860
4.7664691233986725
4.8386858994599740
1.3426922446942986
3.3670742227881263
3.8093868485923577
5.0830059443784057
6.2648499908195951
3.9411376469040627
0.1642836058726540
5.3723789658928469
4.1905511174965548
4.9846725387288604
1.1348917916141461
5.6075140227764253
0.6600312052123798
1.9676826257416116
2.5635491163342370
2.0338244870486006
5.0986172435964603
3.9723563125255312
4.3612760335315901
0.9053977576599264
1.7285680094896647
3.2010514782506387
0.9000627961967717
3.0672523038622246
1.8423766366567227
1.8182943308583706
1.3177192854209643
1.3170596314319176
6.1177289282252918
5.2452047160285833
1.0473816843978634
1.0003227994503230
5.3313864003001754
3.3442613996797195
5.8978072283701479
4.3341972929882742
4.7120034992686097
3.8459773114733444
0.8268547909864075
2.1341266059617210
6.1128064838607825
5.1765065718894627
3.6466827459668476
0.7204426477851031
5.0854343219401663
4.5157851935362547
1.8442789517729483
0.4273384362577337
1.7453886449666978
5.9585352272917396
1.1406742867300943
5.0711252554069466
1.1768921654070479
1.7182240845693546
5.5101415390601343
0.1529582361494035
0.8166028384707834
5.4555462001794144
1.3481316298906267
5.7851670333136456
0.2579400116921324
3.8714615121743292
4.1138205277984943
4.5326608208380605
6.1520243256853293
2.7696880809484195
0.6558836457054567
0.0544353694184846
3.2236916102730131
0.2039318320263599
1.7938575823176812
2.6067379528004579
6.0345315934098291
4.8863779251741679
5.3172037516341257
3.1089336861412895
2.0615274329093896
0.9653671061386718
4.5552040445961017
1.6311314786845892
4.0767772927119719
1.5225670127353816
0.4620389835684014
4.3225657538268321
0.3904463520057956
5.5113525622033341
2.5206812858610488
1.2781381158996556
1.7318434408846894
4.7168454123810095
5.0219463693657200
6.2778850188265549
1.9273079898061267
4.7546787705144444
5.5358856207016380
0.5709571285365009
4.5807466414368783
0.0286377015851991
2.4129406374967441
4.3397684968927539
3.7424282382835394
3.1138452041834297
1.8965573052695990
2.4821618906741514
3.7309692548240747
4.0543878305101311
2.6640496810870649
5.5696712214860193
5.4364454725409912
1.1640874161107306
1.1507807978203664
3.7359737173048417
2.4559203318396867
5.5180090838670095
4.9104752357845500
3.7831272726263769
4.8071585324872945
5.1952180645275083
6.1250762056810011
3.4712958336549260
1.6544016213738963
3.4509063216918063
5.1716239617929611
0.3323935998115559
6.2142801700460941
4.4331600679643612
5.9343922546678121
6.1029291097984384
3.1903990208226016
3.9884952548084720
0.9076704906930484
6.1584792219927049
3.2404588887354726
2.4926337764251780
5.0160268090215938
1.9103826760238565
2.2286716657213796
2.0589922041607660
3.5585529258824193
1.2504974502991757
0.0108919570545767
2.7486057252154015
3.1374558855424124
2.8336787041771121
0.7565097598017216
4.9955658301277293
3.7360642237743615
3.1755560528275448
2.8987249311800194
4.8447530336040323
3.4422149061230125
1.8594224270300121
5.2195538003436788
4.2204648009352432
5.4796023073520086
2.3628196412085876
1.4218341717625860
1.1218015678091520
0.1272488466501400
2.8964821696476082
5.8408951350349545
4.5740086318774829
1.2178072368756627
5.4086058249644493
2.1930452753304257
4.4039951238120176
1.4171800984421921
3.3333979512804728
2.1978456216206634
4.6331143126811671
0.7867597672364305
5.6657473644191505
0.0922895426875012
2.2055796546668494
4.9338040771090483
3.9495424306134792
2.7386554700634451
4.0915645124940552
0.8610448510662764
0.6940417078606883
6.2377213011352275
1.9353745599496490
3.0742151631839683
3.3993867447481363
0.5774992330795611
4.8354622938055014
6.1190681170768642
4.5040252815659576
4.5262657986108126
0.7129901863746976
5.7997551581764837
1.2350789382684844
1.1811792629655147
1.5244626356138551
1.0612020997428795
2.3583817424864701
1.5401111088447981
2.3302452838875998
1.5062276918898196
4.7097265201873988
5.4450017116559444
6.2202203203152067
1.8489599510207075
0.4079666218935112
5.4535994066680438
5.3401757352898729
3.7685533857021074
3.7618470035801814
5.8193603819726940
1.8904630556217950
1.2280639848966590
5.2227419918981370
3.9504350442506406
4.7347850040046104
2.9672236392940867
5.4502821206064613
4.4163958424281624
5.7137557531047074
6.2050184381384650
6.2511553131637667
2.6900907115110035
4.9182053252328854
0.1740166187924761
3.4392516412636440
2.3981311751971144
1.2394217840417303
5.9718479167866700
2.6922060960059060
4.2524171134943023
0.5452262184735023
2.4098503749022004
5.1774419927686859
1.3501454720348782
4.3222393862973663
3.3949991978018295
5.8774086239734462
3.3238929927766079
0.4244369446993372
6.0116454564883108
2.0867133424773088
4.5014635308653714
4.9655175056046961
1.4326268094030932
4.4097618558812330
0.0093066559558678
5.2464281218100481
0.9094253369481482
2.7485622142628676
5.5634092302490510
3.1375499370969138
5.8725333817514667
0.3494689998280503
5.1610613514153680
0.2023407553561873
4.4035090522750364
1.9483963409878469
4.0712764197477584
6.2738142111828621
0.4624412534540553
2.9241458442385166
1.0988107522725821
0.8596557551978984
1.4321633267559208
4.2442980246299005
4.9392268614235411
4.1146978607501046
1.7636729193751761
3.3196249599426677
4.5855086199388211
0.5895404101299989
5.9717360260974814
0.8306620658194624
4.1936093324416692
1.5462818896810577
4.5408878722410764
1.2055489699553352
3.6272674323499734
5.2284715707755520
3.4370080094342321
2.3120621453106405
6.0672771533452030
1.9258787601090723
5.6499681307599996
3.4499608793365133
3.8084740766770380
6.2062421790076865
2.8975881833842747
5.5440034173033066
1.6270518157486447
5.8102995408937819
4.6456028806079077
2.2715974378964017
0.6712848151837577
1.0943419790986921
1.4812929648479027
0.9302440377656378
1.8489238955354805
6.2585952138918595
5.7984256368588953
6.0913977661686740
0.9208181203991547
5.7537075778489770
0.8546450148615633
1.7134095477101663
1.6859464065025616
5.7167583723389459
3.0946251783929446
6.0209088605244032
5.7136690909265662
2.7917341525347767
2.6469584447117600
2.7805099705089078
6.0039203602770508
4.3027128960207968
6.2212387430805647
3.5521536911025242
0.9159170518970515
3.7454916279397708
0.2013010726629046
5.6602961921571913
2.1956694684440445
1.0400462192255691
0.2349551096827300
4.5009894002710364
5.3842817811689327
1.4707256233377779
5.3504445551384743
4.8682878415983541
4.7219251018268888
0.4820265017169006
1.3806408930524943
0.5587545891964094
0.9562904022353714
0.0229215711751850
5.9042072382047683
4.0860745389969759
0.2269966224400373
2.5415030836482537
2.3925841313649756
5.5150479038707747
5.7665625531073665
5.7153781336054363
5.6454040711608338
3.4192997806890815
0.7068778249259458
2.2576071903927057
3.0041654708159200
0.5696146040000188
1.1603182562555496
3.1686773124506025
2.9795269638702293
6.2094276025476098
3.6122217005200921
1.9174756546172738
1.9950036105403768
5.4854876292408701
3.6986306597013732
1.0164513177370145
5.3565571306760260
2.8827601425406764
5.3683851410611778
6.1119192519204173
5.4488408368452488
2.5222078459844477
3.0814173556033055
0.8576381085433907
3.2849611860849621
2.3787815138067891
3.7527221871237875
0.5644677211346607
0.6890759622174223
2.1051977165826541
0.8826743472419589
1.2875620359753257
2.8143783815026322
3.8075245287077149
6.0703565181604660
5.4002692593027666
0.9468469830611985
0.8729290672895522
2.6990001417026614
2.2178572005587678
3.9534362570716266
4.3322651406402652
3.0562263509325556
4.0908529125099156
1.9566541314591706
2.6480404014893817
1.6125730705812775
3.0696549501172177
3.0620417280485159
3.0852689695155289
6.1779340424862514
4.2962766791354676
4.3155242707041088
3.1165352805613238
5.7408177515908223
6.0862320090831874
5.3160899372336212
6.1835236745897850
1.4215832701546856
4.2635537800057470
2.9773632339148151
3.8829064705653518
4.8472883781123368
6.0038690847381062
5.3949071403777680
2.5929867554166122
1.1916742911734157
5.1801138417850021
2.2096288429929403
2.9776462034051199
0.4313825232034144
5.3608686878865912
2.7792444839320365
1.9644030089341102
4.3310201890501219
1.6302616104483030
1.4550063292973270
0.4941284409937176
0.1490446870517033
6.1952215782962847
2.9828464811107267
3.1375592690912635
3.1166781431472477
5.0550186216893396
0.7245446108472603
4.2200737889281372
3.5954752828800873
1.5493408422893840
0.9011802771528225
6.0221386974714468
5.8120463463508285
5.4739561237131209
4.2358681677389303
0.9079289031291309
3.0268185263749681
1.8759656647453458
6.2398747391526266
2.3518936313104915
3.7112406639749067
5.4477762087601169
1.5842588766785952
1.2868868620008209
1.3380464427275167
4.7391991876672988
0.4368544396416695
3.2191203461772311
0.5705377948377764
2.2212829815010720
1.1132242953278999
2.1189638592883000
4.1543069165408504
2.1412040573164508
2.0460162280194303
0.7322982890713269
1.1452543336694117
5.7349826033979685
2.6552442438643826
3.1147411755011736
0.1295742374912581
5.1148087292903517
4.9959857589058192
2.7560379805492596
0.4407191674282165
4.3250103053205491
0.8689716947830747
4.2246622692101585
5.8453980453094854
1.9794197936910187
0.2518405993210009
6.0747458450809892
1.3909356616180730
4.7308155584377261
4.6356660104643561
4.7919045097375772
5.2809885371923126
1.3306541535152945
2.7650160405750190
1.2360538733157198
3.7263258270099584
3.7107631111359400
4.9033891814740764
1.4281304894593800
5.9224353764771820
4.7470648901231494
2.3497088509740460
3.6636556013352708
4.7009554072692028
1.6480539883051546
4.9169957654344199
4.6676170211090620
5.3286549651957271
1.2286284808586645
5.5534452488082691
3.6661678503114894
2.4245539384663273
5.0395445828111924
0.5095842346849773
5.8333049263083208
4.1262041138144001
0.0705747382231139
4.9033458708588533
4.0723995353869258
2.2323433597878362
1.8822893121903925
6.1052192520626019
1.2842852806616194
3.1915679818533116
0.5421647494423052
3.6893886670856477
1.5313609400416357
1.9997270973782795
5.4134731920144841
5.2702030322153988
4.8365502800070770
1.6571303713133243
4.6694483108195062
5.8364609566421581
3.2678730236894040
1.4660495242660134
4.4197823338433695
1.3065105523413765
0.8096370508717786
5.5100817166153542
5.7932934994439442
2.4504993094037490
1.1644571507999038
2.9187840114316450
2.1335831429622591
4.0000656827557899
3.7511277620613432
1.6345256770086793
5.3679022821165985
4.9451317079618420
1.3678481348760436
0.9764354884667373
2.0060808355312583
1.2281389606861057
3.3635688179874577
3.5884200678173079
5.9241168156943740
1.4873212363971069
2.9959868639483118
0.0355432844562030
5.5951144780974333
0.3360440372021183
0.6055930188516956
2.0449500500648896
1.0793947743092176
3.9053087273774767
4.5294319905387432
3.3523108751717627
0.6224383586629857
2.3931645607257854
5.3720687151912090
4.2210666647338595
1.7501808834012955
0.6243618674607073
2.2154931975948386
0.3962551294325973
3.2469352226734038
1.6340412857490789
4.0250243913127930
4.4437028157209655
0.3036851969494640
4.6906064668228424
1.5028284610581981
0.8134951820776685
1.6959283872909485
0.7664892861566523
6.2781148684410040
3.9704356607733948
0.9631049010272469
0.0086408228147291
4.9441853836868050
1.2831414816991129
2.9985696081073554
1.3061214487350479
2.4313097638022563
6.0527566086283677
1.7454161793160308
2.7718745560867952
1.4569534730393834
2.7447586885830169
2.1194834812890178
4.9433539941179987
0.3395302055624999
1.5942149645526915
4.7299098432649682
3.3339136046186830
5.2714888081006004
4.0628965936062675
1.6200867636589920
1.6175633530126219
4.2531694289809208
5.6221416821157231
5.4606506599908222
0.8870091892643039
4.7770298687087882
4.6984770731784433
5.3356971779165914
4.7714539476745479
3.3306013571300932
3.4056661750893138
2.0259099514042851
2.9466597875081391
4.1398759311008204
0.1827350333773033
5.6727307470766100
5.0877870954172550
4.3034319415240292
0.0581034723133201
3.2638774649542519
1.5198964671669715
2.1666384141527995
2.4586355684523187
4.0105803823431705
3.9300971340827973
2.9088297536201853
2.4152518523960440
4.9769214104088375
2.2457083369987165
4.7310381044252141
5.6279842934714628
5.9991254203323283
2.5995597547232543
1.5784767132273054
1.2101969255333045
3.7272674624494453
4.9794571361498292
0.4991319361710934
4.0835101542050056
3.1861339815293110
4.1448987649230409
4.2242278213442948
0.9854423452477020
0.6659081717093667
6.1047018604123089
5.3342873267817463
0.8831264442163169
3.2157182721223361
1.5954630999136232
4.4039359929829427
0.3506909080018533
3.3931128650907523
5.9149189388102430
5.6617855268716202
3.2737844551011519
2.3577061330281048
0.2048358634412557
1.4230375184716908
0.6562486024602318
2.9010208839550797
5.2824841148608801
3.2399625807719050
4.7432122621029134
6.1387271600544437
2.4247094231467536
3.1756558059566271
5.6186634835808897
0.0315080417198022
4.8949633505729029
0.0041695534953545
6.1162097638199304
4.1802373155242103
1.1523691591119156
1.5248969824941867
3.1830652623779971
2.2185654536707111
3.3138593568590911
4.9554398120819396
4.1788418759820152
4.2721513475553747
3.6206124306873551
4.2149372923543309
5.1217295722551706
0.4782372991169818
1.7064707369971472
5.0350859885999935
5.7259665678510379
4.4176803468867822
2.4219554922875721
5.1991529492096467
3.3354313464102372
3.8459300978023911
2.5400441459189969
5.8283607718936539
3.4296263699201033
1.9590133041222992
4.0566884889577821
4.5049533230615859
3.1319930784863761
1.2724769829515827
2.6637084780166651
2.9702109313091496
0.6937571843228637
3.9312939936280995
3.8189836943003894
0.8114489034032107
5.9308816164738936
4.1755185124618945
3.6239160342060059
2.7004114969735706
0.0595951449188046
5.9967058589881796
4.5668004805757070
1.6229646882614381
4.8459307740501609
6.2716487392195690
5.6727767117215118
5.0650614117966271
4.4919093652135276
2.6244933583122538
1.4138318228981561
0.1439740064751032
4.2543841612789688
4.5129412929866515
1.8036894508124042
4.9235445750539526
4.7620260969495041
3.7880676383565950
0.0666708882076652
0.7955453594566870
4.4009922884862549
1.8995278597253555
1.4287291644076039
4.1501893579483227
0.2527975289694545
1.4999931581237689
5.8692241089327535
3.3272757939057311
0.5422708842963080
3.7333634504161433
2.7742440646026445
0.7623609868960255
3.1597376364479066
0.9270617162599786
2.5272700149522027
1.2847935768178902
1.2191130533113346
3.8815746703666476
0.2400931744647082
5.4309812270883500
3.3285750917847476
0.5931437046831179
4.8029121293582504
4.0565944836531189
2.6578764307262324
1.6866010198462920
1.6532967861586561
5.9822177743430611
0.2468073618457506
0.1107929219483511
0.2439830661116353
4.8452166643660100
1.4284400764446423
1.6045207695522781
3.3502172991708172
3.6950407700186569
0.5979540601634614
5.1225687745809267
5.6510915113741271
5.4974404574091924
2.4497230871625884
4.4161363430229859
2.3938547339776735
2.4358419101399247
1.7300993811699106
5.1984672289686173
4.0326913824629180
3.8511598328304282
0.7489071156668744
2.3456420761922194
4.3612784714082631
2.9197664161964307
1.5883438422700038
4.2395972781809963
4.6451753583661057
0.4595440962248128
0.1710053369683973
6.0769377797607493
0.4931619174035194
4.8689674261157716
0.6513520610908745
4.7482615438295257
2.0839037139066914
5.8598344394666766
3.2649690171232923
5.6072827672312338
4.0004880786969936
0.6084898112072366
1.8436495636566357
0.0658487091242767
1.9575990541335673
1.5584927369716173
3.8675220106930137
4.2374252555413774
5.0592893598564723
5.1823065255942833
1.7674998882024844
5.4023581712496611
2.1288711250768539
3.9745522308274599
4.9669396098492786
5.7326104713509389
2.6940024763071713
1.6068726212163427
0.3071937497259783
5.5256245150452958
6.0233105154242939
2.2717706925655978
4.6745745060207682
2.5230763489653150
6.1142090285137014
5.1621129347306072
3.0228627908156209
5.6150523138449948
1.4074470719587742
0.7275790686536893
0.6839269443013135
2.2844428958278509
4.3424229208203622
1.1513441801697828
1.1932590322090957
1.3998277831885979
0.9395975600969142
2.0317633478465038
5.8158525807858741
4.5199102700409428
0.9732265330739898
1.2930318232995153
1.4052667996460608
4.3381761821991578
6.0138327149130344
2.4761637774223040
0.4548649924862755
0.6435073665937028
3.4478878490417375
4.9060607539765160
1.7551525267559391
5.2354501979484853
1.5970123364930369
0.0339131095301173
2.9799787790714483
0.2450763972276935
3.1104726364654369
1.6129112632854135
1.1962075394947296
5.6999394281324189
4.5115758677147628
4.7211369699590904
4.6557687615111965
1.7794731458737600
1.0628160026514537
5.7367550159234950
4.3669772820874071
2.6131218941960670
1.2506976816805471
4.4820561408788127
3.3168073186995910
4.4832325436363645
3.1389527078676331
5.6557159077683128
2.5771116429500536
4.9648851957611235
4.8368850686413598
1.7451350320630559
5.9732318776056772
1.5540141823787021
3.8982701125389960
3.3571973387965994
3.0002319124768837
2.8985525303573372
6.0560658572672068
4.6725849514515980
1.5792479960497690
4.6121466638835873
4.9245112025814279
5.8635598787865568
5.9840246409728275
1.3639655563671744
1.5151075488640398
1.3624519962274324
6.2112049449568358
5.1206350514687067
3.1971995086769534
3.2954287459325005
5.7454599949922907
4.7663572503137859
1.3859348652177830
4.3227279544422812
4.9531540292438967
0.8610596054677803
5.1862125275061493
1.2110379572907506
1.5614878619178290
4.0835685355266245
1.7483465160872402
4.8767623984214197
1.7467516685350697
4.5313066151313786
4.7145275990613493
4.4455235936593196
5.0649240915714273
5.5633406363093272
0.2229935261932527
0.3986752988172311
5.9790786999282330
1.4815441603444575
4.4185008827715562
3.5306851900075991
3.4584737113722621
0.3236158070641272
5.5627875582913235
2.7258788079215286
3.3557119299549063
3.9743111374217981
4.2540094190259206
2.0107521891131319
0.8478601000195535
1.7959481069209933
0.8626510106071170
1.9373827252316609
4.3216638230645490
4.4263822081229973
5.7869610065827679
2.2593074720854882
4.9326844208877150
0.9007205423952127
1.1092851430846538
2.5683062607139218
4.5364384134825713
4.8599673504957499
4.6482921523257597
6.0715783862000148
1.1392729890722979
4.5250281344412500
6.1685556756685607
5.9336489605010287
0.8941041239449529
6.1614613615203728
4.7071226146617855
4.1876163876615369
0.1334319852574569
5.9320463695625056
5.2945021523924716
1.9038111227056278
3.2234964191646616
1.5678587806994111
3.8626653405747549
0.8715625397695338
3.1699795569273577
1.9151569214989403
5.9487430801806829
6.0127623554083698
5.9719969820494168
2.4827401071189281
3.2320011167367388
4.5875683823187021
2.9745977114369841
3.8672430970121323
1.0273629284976438
3.3951595954694587
6.1707932215784593
2.4110006567481563
4.1285564103538936
2.9252657879245669
1.4770014178123907
6.1603970632036464
3.4534876359457352
0.5686934423859035
5.6574694417562856
0.7961540158803168
4.4683670284668757
2.0653876741040778
3.5503907051649422
3.1611888941271653
5.0066181395771174
1.3806738493713198
0.5857058185735857
4.3373531923978286
2.7442006423991341
1.4158454126650475
4.8022670744624181
4.6277568593075360
4.1903589140913997
1.0297111758080590
1.3556123748373303
2.1348137426209459
2.4700829675676106
3.2401101042208471
4.1641407405970332
2.7519960756376869
1.0607115451329543
4.9872643493823379
2.4079441376220636
0.1646322080188070
1.9259476299508824
4.0462145250715302
1.0801970075870999
3.5144110886989917
1.9768419884529456
5.2943451607806331
5.9561685943575888
2.3769750616468186
4.5339091879360458
0.9791296229231036
1.2036075605368350
5.0399866655391374
2.6139560207685038
0.7656040872751043
1.7678920297929512
3.5466915300837090
4.8099274311704239
0.7510536908568232
2.9565957658702753
1.3721009109573490
1.8971815633418920
3.4191883481885301
4.1179448864834036
4.6054196558376752
4.3866616827609439
3.8505134537307173
4.9301595893225638
4.0351259639455774
4.1406729676541758
3.5774619367837088
2.2054107649213139
3.4558290148916342
2.4609686428449788
0.5108280335138262
1.9306003717961089
1.6430568001941590
2.7459197229530172
3.8694717859709584
4.1554723431639111
4.8903873043640997
2.5125812629952642
0.5160068864461010
0.7275435715268199
1.8889555407295664
5.2910058784616592
6.2009971415238407
2.2769594618999656
0.3548396620150001
2.8300955844776476
3.8337757646820250
2.5773151938298584
5.3795818123779036
3.5193897416142677
0.1143769944107922
0.4418386670771605
5.8296613714865364
6.1024220564984430
3.1682544993196151
4.6562909850776304
3.8222246286751167
3.1233837052674511
4.9509076440462332
1.3927053207509734
5.8077797323370470
2.0643703957658115
1.1020466729983229
0.7598455673037181
2.1962358255500849
3.7141030227489367
3.3221982764744853
5.4869606518533489
4.8738043796841026
0.8191225482648529
3.2749547594734496
2.8027849101344597
2.6299823186742999
1.0589530666257578
0.8582287647488749
1.3336843251770367
4.4424459117935289
3.8697553682859969
6.2098361001098583
0.2360965903243360
1.8257755920111207
2.8790225664450202
2.7640030283482480
5.4299750220068406
1.8918642013626634
3.7541614569493253
1.0748298344156142
3.5832905919505276
0.2367016850411082
0.2243568825374659
3.5472311180521432
1.8361530390604512
3.1163652916587612
3.0516872607978431
0.6114140867286603
5.5910629310595636
0.3754625532314612
2.3977664662369196
3.4307122909954151
0.9898065264514282
6.0809659021052207
0.4201511897317634
0.8038373140628420
1.6323362342718590
3.8380438119117333
5.2266236117737268
2.1203082710881773
0.0711038842897596
5.6803675178858279
0.7658243753816264
2.4411044021635595
4.3219936620014465
4.0512241247402878
3.6599303482141652
5.8429643981324109
5.6413088015536310
1.5900895172268796
1.5629736593664809
3.6382044781434981
0.6737228732819114
5.0993610604550090
0.9489164622391794
2.5278392465709274
3.6349143375682291
0.4627243662777999
3.6048518858159504
0.0329157371960570
3.6414166158389638
2.8310920064213683
5.1548441711058093
2.3745020876993692
4.5285855338707668
5.5234576962124793
2.5927994004209189
1.7212613158562975
0.2535137711334584
6.1255464972880649
4.9371493125341752
4.7909396993390940
3.3080334771305417
5.0241503798695222
4.3057365115236754
5.9039314057064667
0.3072852108193837
5.8992944752965277
3.0357441852432450
1.9297777571247299
5.3949991244727729
1.7953143674275731
6.0549665778065576
3.7808651093028414
4.0878703434366637
0.0066907431601165
2.5279427031969943
4.1457039394954416
6.2529727604451173
1.7033610601876947
0.8620286523463619
3.9135975691000549
0.4506005548407798
1.2612941723654352
0.0549770910623031
4.1200195832714872
0.5161090606227666
3.1285904807346103
3.0016695851336919
0.7067027748724217
5.6554442261615456
5.8359490147969915
3.2559946974215404
4.7926572954720195
4.6721856603618024
0.8700442349843091
4.5953819158364588
1.9918797273967341
6.1102853380423632
3.0248067207360947
1.8081863749151510
3.5729069662007928
4.1530540295569969
5.3363862895279075
4.8521950408613383
6.0280887798286713
4.0378482013017498
4.2011005766640173
5.1524793443281753
3.0017139030255295
1.2537072870729060
3.6903522216213815
5.0204130788995940
5.6105353336031474
0.0298521887045032
3.8798157721821758
3.7874210830274126
2.3052168121619943
0.8831241222182900
4.9192376239137117
2.4189785435722748
1.8207353132075226
2.2901452032908547
4.5105398014144127
0.4393134007992123
4.3809589405044873
2.3927917203978315
0.8267305038400410
4.5919410828580798
5.9952411208280241
4.0903021263678703
1.3941888410025784
2.4728692904670577
0.0901508638872444
1.8254745143837525
2.2195958290486657
0.7012560454511153
1.0461250275082679
0.9306742055729657
0.4325527475113685
1.2017179658775896
4.2350557499676764
6.1803823810795313
0.3621985282214946
5.4845592491527215
4.5627371243084580
0.6992318517615439
5.6923957702107142
4.5927566150391952
4.3039776506756766
2.7994490931780600
3.6031582626351764
2.6809813046137188
2.6291648456118359
2.6791549381066004
4.1360699920469717
1.5543046528549180
1.4770049630075266
5.8548524507789663
4.1413236347393099
5.5349879684448684
1.2819990656617402
3.9740147398589789
5.4364837933330064
3.9797048332986660
2.5693228007271514
0.4472067211342659
4.9027458003853566
0.8606756191799337
2.3896961835946704
5.3825729788193133
0.2809514791975872
4.2466745697976727
1.3947000689333404
4.2033747708039950
2.3578653858694780
6.1919865797525455
6.0742818126302636
5.1605651346593264
1.8742624206497680
0.7268990357153592
5.8871690831892476
2.4568747598369520
1.3493404675594447
3.1709538496841398
2.6857711248670610
0.6727111603657566
1.3209299386702456
2.4728342909830294
4.7002974941279492
2.5556011632260587
4.4986003162930164
0.4266570205209103
4.8705819840566793
3.7051939456231997
1.3013815821187127
4.3413275359532806
0.0161129733176793
4.1914696852719056
3.1420347427230397
3.5087858553166171
4.1357824559138745
1.6392162565126223
5.1294609936722964
6.2831155604617219
1.0996256181271375
4.9935626027878959
4.5127279826865543
0.4968953118788492
3.1091173136904855
2.3736825203205769
2.3887956538432391
4.4591015851070885
6.1241967256109353
1.9768640704992035
1.4254614326801192
1.0607566770643202
2.6722792373970128
1.8030030195148294
4.4091764700789229
1.4321089270994665
0.9219047440981873
1.1211667831495369
2.0300889062629999
0.6036860326463050
6.2673247224801951
2.2854345198642934
1.4016731177169497
1.0214920338365649
2.6477563442806362
1.5251137201457017
5.4962780966465630
6.2446978932892385
4.2345220882003698
4.9873363545705720
2.0174428424002233
1.3277720137191211
1.5469405384775115
2.8162084934836700
3.5484720441104551
4.6156899917626610
5.2684665256647039
4.4354473897472131
3.2416955744989489
1.1056774913158538
3.8703156048499152
4.6502930490298242
2.1164942054897051
6.1883137797390928
2.6034393689399136
6.2823825846528090
0.5871182219011779
3.7531547696557341
1.6509051134390473
1.0262869325516686
2.0982776349804850
4.2312760675385475
3.0498003909193336
3.9233161642894099
1.1727729249620873
0.9765238389457580
0.8423231741322115
3.0380513462648340
4.5396673456402894
1.1775545035735089
4.4647628558669856
2.3399865282705061
5.5392836432216628
4.7952042793560308
1.7899340208093402
2.8577278411952811
3.4511614756707116
5.3958586579951788
1.5722909126813402
0.3128420093234061
0.8521117706178256
0.5768862529381087
2.2112651540988582
0.2153804764142921
6.2823578691686572
2.7359398437172282
2.9830082622556944
1.5257950869931087
1.3627381131738492
3.9114212723361934
4.3183546717865333
3.4636774041151566
6.1212460398865911
2.8061723804399561
0.0539229728833160
4.0469233694359454
5.3665894181499372
5.6918558705481574
3.0102059956299989
5.2863949426029304
4.0825060255418748
3.6757689776506131
0.8170449500482727
0.9503287012532992
1.2977734710378384
6.0845177436346702
0.2649570393611655
4.2727321384819730
4.9982880139463672
1.3759558532348191
4.7158190882188222
4.3612817146655738
1.4888936812417828
3.6311629083983030
4.2899088676458339
6.0244406410026841
0.4579777266413739
0.8092344278059789
1.8462236662298621
1.7369633758278458
5.6096196381825809
5.4537275644475072
2.8643372923776180
3.2019837155887094
2.5938480869312990
5.4081608607222291
6.2460981617030749
0.1153036836594094
2.9018698198203041
4.7236167945958263
2.4479353523175611
5.5207093181637772
3.2486229861745239
0.5937678807268196
2.0295886527904723
4.2346147246475310
3.7364910500593287
0.4750888899809987
0.1294067154866989
2.1015133212345707
0.3090671323089645
1.0917044474833875
0.4916476661051730
5.1932115257003773
5.8015271844634633
2.0360743878998191
0.6606658287324354
4.3218432832060127
2.4471251712002098
2.3759285087150541
0.1977826454616175
3.5677865993271203
3.9837072931127895
4.2043439305304178
0.5341519608877567
1.9927915711370077
2.1549797476365318
5.8973359187342442
2.5593230445273925
0.4145036271471957
5.7899941935595987
0.5925528206055835
1.8846249890935636
2.1100001579933085
1.1108089012116589
5.0628682500547253
3.4372584023229500
3.7739671299395092
3.8709063765700340
5.5189663355758372
4.7220874617432420
3.7929719742440047
3.0442809045694403
3.9960203216269048
2.7208779928094970
2.8037906207061067
5.8827967618290362
4.5242351230129003
4.2222895483092300
3.9736729167086065
2.8833733196489364
1.9667562387450925
2.0982885401965912
5.4152426137768330
0.4413951230883056
2.2031701456864217
0.1954723341623289
5.1763571180207526
5.7859476355370543
6.2179180458622820
5.1194288213795653
3.8612923393267211
5.6227758586162588
4.3460395914499985
1.5476705990638540
4.9825043593149161
0.8556656312507821
1.0193573392174669
5.5892699249661701
4.0547665406762592
3.2262020806757383
5.5253093036690188
4.3729896154864853
2.0601234877926600
3.1623226894385055
0.0660246781487971
3.2779472248761046
4.7324837383806218
0.8364751100574035
4.4607268853962534
3.2290315006053101
0.0150829294874613
4.5323595843537605
5.6039946262463225
5.4238758906464772
3.3294627541371105
1.9312777964469903
0.4799505088001879
5.1357745685605254
4.7486182635980301
0.0840649952422159
5.2955478191422163
2.4813904096461425
5.7826309350971847
5.5834136815281035
1.4609139480554312
3.7701662802465479
5.0735584623692622
6.1154305656319599
0.6495444698788422
4.5091860751268387
3.5648197082312705
3.0562222477935559
0.6817981071248523
5.8865556572668218
5.9998812766247740
0.2893515459169885
2.6126861648031818
5.7154561109298232
3.3453137202012768
3.1381710666164904
1.7573914386821039
5.7998141852528287
0.7052351437780663
0.3758933479203260
6.2551656311994126
0.7160698841513461
0.0943890636351521
4.9729263524406981
1.1249124259030949
1.2634802554662850
0.8634175577412933
2.3337887535805568
3.4000729267546554
5.5876806515236348
1.2159969848747370
4.7838661404796019
4.6727100103311461
6.2284585228386282
0.5171375767960585
0.4018393907152177
1.1347617260417493
0.4157896664083518
4.9486908788387085
5.2321364598148934
1.8856152821746657
4.2478224113487126
1.8944455967318494
1.3899107557633308
1.1117312400151556
5.6889439000020241
3.3596104890423257
4.6433028762479669
0.5593503557144531
3.3287351802111824
2.9034032767727309
1.1301177006128500
0.2393760560365133
5.6380837035278955
5.9750117599068986
5.2312082262315087
5.0669976763379774
5.5068504696081133
4.5928226685146534
2.7259983358873892
2.2701385567521726
2.5964977157490710
1.7851727086429121
3.6052611705460706
4.1607199922576683
3.7591955208032672
2.5632597399393249
1.8482140374259906
5.2157650830038653
1.2315526107503481
2.6122747521146397
0.4850994127580691
4.1929608934870455
3.2259795991786988
6.0977719836346909
5.3802882760821760
2.2060613980498069
3.4883396527102155
1.6829794873590143
4.6245561049263237
5.1140639411565063
2.5291559083140269
3.1368026514848117
1.8027935382457629
5.5056661421266000
5.0900675269997873
1.5295149635507577
4.0736215888643503
3.3742426567535224
4.2211624647327328
2.3849588381656317
4.6183069830008474
2.3341147289646367
1.0904651152597158
0.4098251056000972
6.1286389978102402
3.2518752545552809
4.9681889635257805
5.1299301352161280
2.6900222711046822
5.1173232575351149
2.1900407240320581
3.4228145783532096
3.1911914526453691
1.9971851373198275
2.3074529557885133
3.5048156202160885
1.7461329905148373
1.1616815976448940
1.8639856652845959
0.0208396278382242
2.5327025452767025
0.7815837018697882
3.0658787689389033
3.4323006975948571
0.4499495969318254
2.3070169316217375
5.0746389897874566
3.9280335879374109
6.0756550891934831
0.2418364106196076
0.3660197531202812
1.3196290311499976
1.0916013160461253
0.2899199561080829
3.8430777582333380
0.6623034637034027
3.0265401283177629
2.9924595350381984
5.7712206123030638
2.2965614348995933
4.8426965722456403
1.1446109721258140
3.2784336826728002
5.6191728192837704
3.2454768761726078
4.1393461370735123
6.0047786353677237
0.6950735178497200
0.4217957652377916
2.2011152623945334
3.8981240967746733
1.8994664599997777
3.8663145536863111
0.3294804173233650
0.4264893506126693
3.4273240486998482
5.0444382083082129
3.5762215492770566
5.5200623440741010
1.1776203358390804
1.7661221661649089
3.0905351176855369
5.4703643450914221
1.0243615005668603
2.2189147032685987
5.1687250175589403
3.1552439249241742
3.0786006908825589
4.8104819691468004
4.1688740026482067
5.4532265514426079
0.6557387543821059
0.3105447041477762
3.6476326389540170
5.8965483790596673
0.3507598071955264
3.5445905587896429
3.9575881900552545
5.5391974393705219
4.5263989600567358
2.9824729273583901
5.8656782733605430
5.9814562541884273
4.7899246836593266
3.9956915667328379
3.5894031093668808
3.6197380586966679
4.1042879113810722
5.2290551018806886
5.2740992269392661
1.4485540141835325
2.6770988838222789
3.4775422521650512
4.8405953269704183
2.8620043685625070
4.7086066853238879
4.7482198794988548
2.7936626291610103
1.9002203467157164
6.1726171078888630
2.1298383453543313
5.8899554606551741
5.9255679679540805
5.6501497749355973
0.9371616653771739
4.4422373850363437
5.9160194406962487
4.2705979539364272
1.9752081107622801
3.3324309426220120
0.6393655336196662
0.8383203189006651
6.2448328181882253
2.7951024505560644
2.2913219208305526
3.7170095817952875
4.3755368686082106
5.2197070584344161
3.4785312460269342
2.8978954161375312
6.2572880343055246
2.2815287706018919
2.6125086212994764
4.2827560901362602
2.0183741288993700
5.7498944911419088
1.2043889551703393
2.5655453964546675
3.3427701386808750
4.4739875330372039
5.1364405085048492
6.1254939734339366
1.9272343615264016
2.5638774809590634
0.9521475086653968
4.1419306197127810
0.2138693795159746
4.7537371240008914
1.3799581939295242
4.5034937776175186
3.0509367195683006
4.3712508065200950
5.9340392966458362
0.4839211011454086
4.5766963472682525
5.4418735319584028
0.8425478156131098
3.3247360198387494
3.5830845219074035
5.3820008645454092
4.5483093380190738
2.8964385700780890
3.0394547615980945
5.0363011864214107
3.1128390045194707
5.0864015337169057
5.6737319034845894
1.1516440186329755
1.8155286142684699
5.4013230301854955
4.5011505644779479
5.1905762929863615
3.2140742506139577
3.3284245118094908
2.3482965241787466
4.6349767115791245
2.3618956333972396
3.9030138314595653
1.4784455518355357
1.0690373474440935
5.7410987401965210
0.2160854696336134
0.9150011955373036
1.6480090828699818
4.7309617930737904
6.0408440880463514
0.8925364530536332
0.1808420090476843
0.4102962582397083
0.1023803143630352
4.2738863880553248
2.7457497169080778
1.1844534565551641
5.7993777261649875
1.6619736888144487
2.5903948189567720
1.3527807638759124
5.6158656489902663
2.7084285743472547
1.3262074625972384
5.9548513850567204
3.6499141318139992
4.9763178157175396
3.9420181759251642
2.3529825750224580
2.2672571482129449
2.4075466639302041
3.9754953460816380
1.1506916216345340
0.6689837187997630
4.3461531748532636
1.2680323213658327
0.8112577308489199
1.7186865443920172
1.7721427944244008
1.8149550001583310
4.0491593222233870
6.2208012555296710
0.8493951363495393
2.1043362373843166
4.3423252453802590
4.1146319147042716
1.1382810912965178
0.4254197575339985
3.7245164283101460
4.8485715184757190
2.0994496838385941
5.0906366366403857
2.7219988264558910
4.4798410901280752
2.3181468046473137
2.7237386551112861
4.1889359878325942
3.8091591427376525
2.7408403947485454
2.4702109575324660
1.9208594178547775
3.5824709868470892
4.7819602659713851
1.7905573018025833
2.7924739204654268
2.1428245921480844
3.3543433907491376
3.4636758341052176
5.6690590384295749
2.8726995681803236
1.1570355930033029
4.1145794050930027
4.4282863395586318
3.4880886798993980
6.2566953081785819
2.3819703311738825
3.0769374928091660
0.1032340526809841
1.0883511742806475
0.1752590083389411
2.3521219195251533
1.0249805493128175
1.6841797205413893
5.3821280658808064
0.7965301674621275
3.4053245063506226
5.1798018534120533
5.7741402150815180
0.1439142210807320
4.4015884849054476
5.4507587696673747
5.6226219224632406
2.1105968288308929
1.9337241034606116
2.5475204221474530
1.6172762505739320
1.2319833780490603
1.6291180330313586
1.3501183861182504
3.1978186174140846
4.5891750178715203
0.3278300897055913
3.0391135703920571
4.7940666710526889
1.4045298390032763
0.7608662163455624
6.2331874888329111
5.7089033231143960
4.4510194409651680
2.8550970297011435
1.8451694980970001
2.8737258656374909
5.3515673097876411
5.2435648103924635
0.9725597476357937
4.6805026206893343
2.5413825954811480
2.5314618064320706
1.2878879572451374
3.1312941222505151
5.1705775842972352
2.1348575015586415
2.8287241173418813
3.9617847380052500
5.6924322520145427
4.8672718776192685
1.8040787102745139
5.3365002639544308
2.6551984625249743
1.1628705044091556
0.2473747587614119
4.2440196882633670
1.5198536738650090
3.3627059928701764
0.2626646338144393
3.8354185852850291
4.7155286612249130
4.5572828338062941
1.0456324064709135
3.7358335045302522
2.1107509168824046
4.9794980914308482
3.4307180718072163
5.7878177914003155
2.7340765835303866
1.4916490747968343
3.3371318507870762
6.1227948619292878
6.0609556580284858
5.0858546391012496
4.9321953050621952
0.0722101833179344
1.9847925110567954
4.0788382275361768
0.6550702740046662
3.5076018875821839
1.5510020762906600
3.8370783165786477
4.4813066419916341
3.3091184120958967
1.3158670176068659
6.1201962664716358
4.1511358912977316
2.6978266000593272
0.5689492959510858
5.4154830592975243
1.3017193270785892
0.7098867045395959
4.9653115898835747
4.1192596412081892
1.1849133977182074
3.7412910173835106
3.1861896172888047
0.7185680477508074
3.8258883701928239
0.3504507385664519
2.7314058326856272
4.4685931439553821
1.5766762611566181
4.7206767223164370
1.0843917092394733
0.9311453143701800
1.9810757843701268
5.3466688535691560
1.4173242118001561
1.4820576487930928
5.1141739601795519
3.3609152075712236
2.1689031474015525
5.0171943187498957
0.7997638996043368
4.2730000136654294
5.1669613263600809
0.4858868204898434
1.2018827645622845
0.4816369820598987
1.9816154359848845
0.2891297630733768
3.8369378348181833
0.1156019317427501
4.5104276282047140
2.7204047347634335
5.7559836926797070
4.5483265093744185
0.7461580138821721
4.9752746636689507
0.8023309206270210
1.6488061454671594
1.0408356184779461
5.3700881158951326
0.8731506698410321
4.8302369238482408
0.0534017697951319
4.6960686327410706
0.4724833196731832
4.5156838211524235
1.7563588814540712
5.6691440948061311
1.6304250585141122
4.8866979567029114
4.2739481832969748
4.0228197021416472
5.7912441277964017
5.3047709975115325
3.6604807179430865
4.1832248400735192
1.7178213156776019
4.1986256341728572
3.8144838016759111
4.0493693612269661
5.0522110611252211
1.8410596803399863
2.2690901529267586
5.9050780259258948
4.3260937825056178
5.3940390637593492
3.1467661675157799
5.2309696555767378
3.8810327317263460
1.5516874038077022
1.1037165877885755
6.1946830844897693
5.0561537978013771
5.3125771958797889
2.0513575589265707
0.9138065860209711
0.6745120120154555
5.9028236890279961
3.4993232706470478
5.7439445635161981
4.5234154210083899
3.9602751138671679
5.1136768358347302
0.3079554514534369
3.9403742366988923
3.7578388877852209
5.6018105071911330
0.6235481851094882
4.8434829540895041
4.9074403280363894
1.9814336162060500
0.1583888779258391
0.2587627558976689
1.5529984153899374
6.2059233656492614
4.7371942186838290
1.8043687901548211
4.9923184202998696
0.8287402284953732
3.9450534699395665
1.3391491659144430
5.9731458202889973
5.7530351894434366
1.8215070724372682
2.3095571981119556
3.5363384144187675
1.8212409675502286
5.9079583780129354
4.3084864752346101
3.9276642526332797
1.5577276636608872
0.2806563728048476
4.7355441968498493
5.9062100650279676
3.0212986461909064
5.2605413990001999
3.0055261335858425
1.2360974778448959
4.5317301108708845
2.1634940251434100
0.3316096992600299
2.8323075412048295
0.3754261244973939
4.3331265959015353
4.5603744278990641
2.4175805446696623
0.0309459676675210
3.0138857346854624
5.3403738738194049
6.1988800327704165
3.4080942084613985
0.1287435268772146
3.2968745736963920
3.8857365865106019
4.4544075863528487
0.2449323004983191
0.7923063350893010
5.5681530804381483
0.0146173591431989
5.5036725669621900
3.2489847204184015
0.9567702207922020
3.7084309278186716
5.0360100596349202
1.0574303424803706
4.1194120935883296
0.2043908907952485
0.4552687292754823
1.0324175366033763
3.1819214687241550
5.8499367255726336
0.9240824794427230
5.0591147719317808
6.1247143196134681
0.9399913494549569
5.3477639246762001
0.9562355114555063
2.4619119688197504
1.0438619957828414
6.2779597664784523
0.2634858827889183
3.8510046385471468
1.1213153610872646
4.9556445657771464
5.8667082262955041
1.5733960301424808
2.0542154558225656
2.2341719894644143
4.3636752989754317
5.7156801999670668
6.2478030141737202
2.0252658604858058
5.8884531578798072
0.8051344122361849
0.4154716291803504
5.7250472277519897
3.0514189080105978
3.9184852343585428
0.3240924159016449
2.7445989859883482
0.1811797254808417
4.2581805649927569
4.8263292213033511
0.3117723628795150
5.2566036218709096
3.6106818152072706
4.1664741139416748
5.9257390074362766
2.8129466432195720
1.8919292030736790
1.1700509397758809
2.6812650530744788
4.5800832639838696
4.7145649497507618
2.7529553104843734
5.8538871010349087
2.3007779476701335
3.8362798255048727
1.7018776427173548
5.2249416598401579
5.8833469651383599
4.4721260821264597
0.1340409137112487
3.2871241620808029
2.7117719363399670
4.8597406245808941
2.5259671216475645
4.5218140995196787
3.1645179612664869
4.1044645397778456
0.9599762347279241
1.8956936639581594
2.7343350383384677
1.1426611406503351
5.8747169646776376
4.1088834845383264
2.7588656984326430
2.7394553174073715
0.0001159007290838
4.1183924852937510
0.1755743137900839
3.7820064519943304
2.9811468399349419
2.6400216628712685
2.7573394602534274
6.2778975777755566
0.6294028346583201
6.2121876319040448
3.7748132231719063
1.2188335960315104
4.3496355798866508
2.5805624703821968
1.7892881821510338
5.9506718108054768
1.7768145823548096
1.8152666217560014
0.7491890405896831
1.6071877927892708
3.7609458718465798
5.0086722289015002
2.4727002826663589
4.4029909684679058
1.5388064617629258
5.3209596081741042
2.9739890965454374
3.3248092983821573
0.3501833569473424
5.4909255685231013
1.6154172403084008
1.1520569144282089
0.0354932957129863
3.1095544735181400
4.3968907391669712
4.9422554610694789
5.8080748090358441
3.9442084484321938
0.7613318483377617
2.3068532125693619
5.9228551253772714
4.3365866050571977
4.6482249004633074
1.9581085827007418
4.8923945145750851
4.7585572918333545
1.8230637827692813
2.5123467372664190
4.8726696789029802
1.9465711531457885
3.5407113748576378
4.9306272721787217
2.4495860387429098
0.7578914259136255
5.6077508856609048
5.1589102899562942
3.8235783724411982
3.6098874965720693
0.9788789209113044
1.5902915854751760
0.2808543045410767
0.8995882534291973
4.6461504135206182
5.6690200935398884
3.0611844506460266
1.5451036968885838
4.5081643804537803
0.0881843894127679
4.2183523338042299
0.4131083533173897
3.3170328394026076
4.7414102910972344
4.2532478730386831
5.4378079623905178
0.2551349639959136
3.8153990995341256
6.1202314493891796
1.9308334608981728
1.5899831090858161
0.5702227891558056
5.7336531292836188
3.6941974525022694
3.1229445367576685
5.0891460125814243
5.9020164924389862
2.6359847332079580
5.0523060803141489
3.4632404565191202
4.4879870363506242
5.7441870157316579
3.4472232612108580
5.6274269899810720
2.8864804549269323
1.8563478269100508
3.5356238980171186
5.6017907617170257
4.1124905754068424
2.9962299622706441
4.1760188992991534
5.6087983774893786
5.7502219485167538
3.7217991998915556
4.5875654626069329
1.7159843146115781
3.3980154570488965
5.0767644850965814
2.8894749539039739
1.3979366728090179
6.1289804484395543
6.1024642017539774
1.0710663171821320
0.6981754351688680
2.5104412597279926
1.9227098719905729
4.4162719239067085
0.2861803943890875
2.0760211292329513
0.2806400972446277
1.1312617266780096
1.7791000004576829
4.3312700517354132
1.9436662887676301
0.4823599600174316
3.3370240547349219
4.3125816081842991
4.0710259993981177
1.7336166469808540
2.9101166794768760
3.4762377231422428
3.2138589887021989
0.3426138747006611
5.8525318973232876
1.2097123108064520
1.2679659079789316
0.1499796630227119
4.5253870555297153
1.1539325813935175
0.3590826495470306
1.8789963409777537
5.4330473244054627
5.3419962619684895
4.7926520719679928
3.2383043163427208
0.3779416786764673
0.8371161863106987
0.9767127637493499
6.1841048783502464
5.7050617849207015
5.1713492657930082
3.8940528808308437
5.0878594624919042
0.1657166804779522
0.5395311670108336
0.0397233239022011
1.4305129379187269
1.6194069561897941
2.2675448629743489
1.7076193285952634
0.3745822899611186
5.1876770885442740
0.0372100596200589
5.0068435646651590
0.3224381023738019
3.2185408096430592
3.3666657460020328
0.9138162509011372
3.3754944697487672
1.6245788625507325
1.3657929531833308
6.2418648417130838
5.4134269611561727
1.8698744360799757
6.2678251986138305
6.2515730155690656
6.1749805037549494
1.1674594710353190
3.0381230637975034
3.6461730277276287
5.4967817831994594
0.6291375091972805
0.5106769820956308
5.5737847902682640
5.0704169145696802
3.8891330679696061
4.8963209022348870
3.8316328809938462
2.5428575636955491
5.3137819029052240
5.7751373399179213
4.4057362993125189
4.2484136774330343
1.3771871927320809
5.5375172888105020
0.7139866221999878
4.6234989570296072
5.5610865594051999
2.2786415113550649
3.2059642756696460
2.0118747601336424
3.2763917748503548
5.5654939827842407
1.3392500780956988
4.9687149301634994
0.7267367392983159
3.1138494712228768
0.9843582684667522
3.5695763403550349
0.0061869174106623
5.2381552975887491
2.5075768796796565
4.2689634633909561
5.3233433167088080
4.3628978195646253
6.1137291656075350
4.9166758089241300
4.1859262668277069
3.4377755807931125
5.0224542055129993
0.1683049178473897
4.9157424354958170
5.1427037531141870
3.0286588387883233
3.4405779005946107
1.6314409255288187
2.0003501185273644
0.7625670940902248
5.0648049477927763
1.9736585873904762
5.1826505382962820
0.5830771572758204
4.5063953861781121
3.5549950140113293
3.3494537773652437
2.2902110157601729
1.0583660394666830
2.3783074852991684
1.0056917197401309
1.1657714219547841
1.8271101422910470
0.3930039344566236
4.7330196804894795
5.4362844291195254
2.5956079178300016
4.8888959195713264
4.7659683166025424
1.4244749634349794
0.0552686917345526
2.9807971777353339
4.8037204532375704
4.2866262979875493
3.4250212945859317
5.8600572183529556
3.0294635635713179
5.2286648763848378
0.7711723350836178
0.5127179186291108
0.5619790103265869
2.0941363598842329
5.9397506724960776
5.2505437059153390
2.1635128532402148
2.2680524810976919
5.1502476311535617
1.5791964949563839
5.5608937344246785
3.7155357810946517
3.2665794886821864
5.9861723647507965
5.5004849599252035
1.5132125925534528
1.3256456238885339
0.8391734794668648
0.8380848631300148
5.2420994878075797
4.5075248582672245
4.5086987808491825
0.8504546110797754
6.1731520664655921
4.0422792722313829
1.0216489206005051
4.9865236697095687
5.2494457290509793
2.6603236742006211
1.3912841454406142
1.6888359369060091
5.9613128078521092
5.8976149718088644
3.1975054856380241
4.9854288924021741
4.4067021712314451
2.7238430587133022
4.2713156573473361
1.1559079692073513
0.8697463802445520
6.1977835566531976
2.9349320065837139
4.4306270869296771
1.8762411068579212
0.8896617800035991
5.0055460874086153
3.8191913630594074
3.7861421191614464
6.0425769589332283
4.6261387155577891
1.0507156417932380
0.1661725567253335
2.0535316427773145
2.2819255532482412
3.2335484748830594
1.5772448543775157
4.1938915339466707
0.8101674441195248
1.1226665565468574
0.7032253048740604
3.0491574098744345
0.9043525113726222
4.9750781561624873
3.3077452815134110
0.0787032115352850
3.3815907091629156
1.5921038097177498
5.7917881733246546
4.4250190580707871
1.8821437910462424
6.0600731599393463
5.4819137487881582
1.0068821718843552
5.2351217181471821
2.1593192042791394
2.8225392960578302
2.4460454566144496
0.7281236208310072
4.2475266856834288
5.8802218213099851
4.9686344722685671
2.4933031003926360
2.8077263215277819
2.8392251644628366
0.3446273764835979
5.6540006225285158
1.4995424549841576
2.6301027199242291
0.4723666608023300
1.0667072708306784
3.5398896744732733
2.6547789693293686
6.0512766709568826
5.6094850649368375
5.8506284081872373
2.1751424782762250
2.5947713324221344
4.8254123353827492
0.6571929531620597
5.1783346402746551
3.3097546680838552
4.6880475565884812
1.5947922602603648
0.1438780286681497
1.8441806502946252
1.9553906321088830
5.2922204344576746
1.2683186799439752
3.7945410494989047
5.3341138902580623
1.0612347975237970
1.2114677008473751
2.4203892206948305
1.3869078165764614
2.8174985807999469
4.3330684415701715
6.1696230050046568
5.8570719406639542
3.6868458757725113
3.5258315570979182
0.6161691290290718
4.2537384987213214
0.9733025041953551
3.4787810549961131
3.6463525713189573
5.8005031255713835
2.9545327379379618
3.9679930201563516
1.3006838845215645
3.2780478698490731
4.2987241399826939
5.5059563046686186
1.5994833777780608
1.8247133186458127
2.8746281288385207
4.9284280218418166
5.9449319068941566
0.5221914579768236
0.7983622150469178
5.5241311228182290
0.1991470186340883
2.0911906920819927
0.5118960819358833
4.9819783813700385
4.5212318395245950
2.0588921485943206
2.8763399293289460
1.8560237372183090
0.7628560957671656
2.3979538641099380
0.8380816868244486
3.0106372573870006
0.4451936876567077
3.5475615970537824
2.5993217369613140
3.7440385410762151
2.7788532476194132
5.7956596129328659
5.1221611464686712
5.1350157407831194
2.2099264635353770
1.0745066674562567
0.4340719769212328
3.8541721115369203
5.5364614749936711
4.0580617066214080
3.1379726676196302
0.2538381095475840
0.5687018955253461
6.2184185612561249
0.8108324574637994
4.1656512670815991
3.0849866804335924
4.5306105670969972
4.2025212875730089
3.6514843053958943
4.3182299810042712
4.0668019920744189
2.9846036630701547
4.3021041465862009
0.4633593624947227
3.0978894508228780
0.9716350024000107
1.5533387922462196
5.5036998275917757
5.5877026533862875
2.5638871127983309
0.7849518912445623
2.1782850059386809
3.0176621861604009
1.6730478852824846
1.0782636940389838
1.6756606371573792
4.0589349957885803
4.2927289051920079
0.2578379796157553
4.1571202556127398
0.9863710762012793
5.2605544332410501
4.2602842093354232
4.9076561437856121
2.7240940235740441
4.7765962146072631
2.3198271641496704
3.4956387418846537
1.3039868561203181
5.8559337692070770
2.9737338112892302
2.9802124091821964
4.7383456592252404
5.2743175621164484
4.8537065139280982
2.4175598702176284
5.8772560659445645
5.5697762082787818
5.7365614879265250
2.3267647113186900
2.1943733717465714
0.4650073920523443
0.1853574171229946
3.1216478914798125
3.1074065420513053
1.7032476624286950
5.9608095840437230
6.2616802730848340
6.1898724625851900
4.3045198407650744
1.3198079776866474
4.6160226161341491
2.4969080826873049
3.4316222988254390
2.3157906804184556
1.0089290127707171
0.8897927177022780
2.2337667220079811
1.2696185028017553
3.4870891105908428
3.1877311016305674
5.6875606909187262
3.6851114748067371
1.2017563761780408
4.2118531533161256
5.2713941154356121
2.6693504773054215
2.0965835967812834
1.2562865878269434
5.2325055288300044
3.7083187741493870
2.5950329603116438
3.8432185144123605
0.9228552485084919
1.8924549559480086
1.3475446572714058
3.0638451826643367
5.0505696527678330
0.8681211968665635
0.7496380792431844
4.1164178602663259
6.0683237007991710
3.2052265463740368
0.0868115860290955
5.5026621231431196
5.2276178390239787
4.3758874563460468
4.8116975278487795
5.1730750819582720
4.8849053371385489
2.9990298213844322
0.5238264167137842
0.0284125956617372
3.9218226076569600
2.4471526705370525
2.8532700420579711
4.0446324179368167
2.4608805279681922
0.9840502758142390
0.7322312596227231
4.2717585230883302
5.3482026908249125
6.2564855328487026
3.7029014146808712
3.9481566872121263
1.6832350925847961
0.6732520899578659
5.8766964887631081
4.3793044286614355
4.6232382584562277
4.1741831072088003
0.5345862111133186
3.9299056458326591
2.7560036310700915
2.0470540194074180
2.6099237071592958
5.3694322706242099
4.1149238453307930
4.9543005307675623
1.6792564367263678
5.1118686809197307
1.2860602781523010
4.3968303773669959
4.0324429747171244
0.7774902661980098
5.1893679351908784
2.1245110378940857
4.2190780184985579
4.0609581621938498
5.8341592529552511
5.8356665440995057
2.1641164540762050
6.0041510563467231
0.6655125308103312
4.8132854523850686
2.8032995167794668
4.2986602976845658
3.9001866305182356
2.9912548587587389
5.1557062188045784
0.7909671768274010
4.0364886285609574
4.8136800921806673
3.1725317030830773
1.3355317226338148
6.1253215104901111
4.1262923930756434
1.2543664991536569
3.0708111393188862
4.5686595240776091
3.6309956129251515
2.1391667087139052
5.2373062094756913
0.1239392786594531
6.0073833945786532
4.6983292594280313
4.2256533477068068
2.5238340882388157
4.3356555839465063
0.3939899875232339
2.2227462955752841
2.0153368620943066
4.3990047401480288
0.3530389309643586
2.3878685975393821
1.3841327349124282
2.2158729739683647
4.1988133007672799
3.5268238844858968
0.3389813913741190
0.1422244403013454
0.1614541306991845
3.2194737184712130
1.0840402572746599
5.2938489407106575
2.7800001154110729
0.6242081626462257
4.5965455643765996
0.5020520869769387
1.2783292208362791
2.9080116374053255
4.1035005526500230
5.4522365101872383
0.8520272817966374
2.2834320094520235
5.8356643067958940
1.9955711289343827
1.4052659581336304
4.7344760320744594
2.5171246782725540
3.7514964062622540
2.7670309813999068
1.9710272065428682
3.6161694891526519
4.4109563190567940
1.7429500405763001
4.7358701393340050
1.9317533794477251
2.4946068756955060
0.8837496004853458
0.0516929085152963
1.1306097596022524
3.2704075099987597
2.6221428486573188
0.8247785748861048
3.2589311218887445
1.5910038527556094
0.9824461940410394
0.7215003577992710
3.1378580695783804
1.8483711727984447
5.5151507423165462
4.8263954030519676
6.1260747435150860
3.2000363197389134
2.1392498273879306
3.0953009611557798
2.9705134490513312
2.5454868724766788
2.7637326256578487
5.9821156262803816
1.2430690748484310
1.2130740208494721
0.4230183221811617
3.6155546332852109
0.0877182555207200
4.4945775401519565
3.0063681256704191
0.8292451201872186
5.8706687810791607
0.0065848243349531
0.8847910865171613
1.0463296939379041
2.6711240765698507
3.5876508478373497
5.7614909701105033
1.9765663178712041
1.1875231288713408
1.3816897674396029
6.1756960319337537
4.1077290942885174
3.6212406068663636
0.3248279601341692
1.5588023394442057
2.2860971094573492
0.4475152105672210
0.6227915869115840
1.9688269003011014
5.2012491851661249
4.4142763551211628
2.0968508112449138
0.1928945827602991
5.0757945499074024
4.3714041158451131
5.3229805948672873
2.2250066534215103
5.7887449321746107
0.7412726156299545
5.9441875903162389
0.6223987976652766
5.2821994076394247
3.0789994711968331
4.4077930492278723
1.1854299690820296
0.8734218598914545
1.5806514692476608
4.7531761295250643
4.9853537519030571
3.5691945869792634
0.7805610405134220
1.7573077531584191
0.0041904757939016
5.8827511483561867
3.0006458059028285
0.8425799142061745
4.6346754276407225
2.2244018162874988
0.1593687531906974
3.8362968324465712
2.8069173948269044
0.9734078482798036
1.1312974681406696
4.2936831355952432
0.3767608517258145
1.3517523456997367
0.8611648303221362
5.5782399720670934
3.7137772076107392
1.3125746835433472
0.2447592136042032
3.1104286828331400
2.4919770615322268
4.2446111794839352
2.4935559039624287
2.7474930987756823
0.6214813192629551
2.2638177228385565
2.6846675164009084
1.4250354332501605
2.2186969693278953
2.3946882859456871
5.2947005872743818
5.2722781584222185
0.8575026270570366
2.2339340427429302
0.7816099676234020
3.4248810633105502
1.4994873943067155
2.4770778399258502
5.9840824184776933
5.8672670540802088
0.5529795849644138
5.4101680889820845
2.1883288503607670
5.8625848403393777
2.5091557674800820
0.8138992633482995
5.7306744801082816
1.6124693325725434
2.2834391493560871
1.3548179651302452
4.2022640725046445
1.7195128016938688
1.3401047056799054
2.0936401480043667
3.1100190417604132
4.8159374865144757
2.0945847544057403
4.3405659704351214
1.9465883829532706
2.7153689745971903
0.4003048766904673
0.5849501842046709
1.4590586224848126
0.3718781678306376
2.8071607585718215
0.0992233332819354
0.8078049873180759
5.4819956063047766
0.1868149918911046
5.8800489772305138
3.6539962548865623
0.8694597354847602
3.1956604044294790
4.3155555609278959
6.0392018817310245
1.9158370514672594
5.8895092240223272
2.2112213107849259
4.2296223719198700
3.8696867937621477
1.9356550231959955
4.4821481276998432
2.3995864920624057
0.8091336028587102
5.1112152143721765
5.8252829887208391
5.7319029218518089
2.2614494236888030
3.8689967607901865
4.2975627023290635
1.5449845671243267
5.3360805732046721
5.1571575929394617
5.8219637092955647
3.4201432782258956
3.8460731785340654
3.7917736648740936
4.0902900708751639
4.2623306847212659
4.1551730299007490
3.2785369972684162
4.0339325177748373
3.6044162596360834
6.2323336199722723
3.8707153409137898
6.0049561333081165
3.7698675891882170
3.9181548193810234
1.9652812642100528
4.7774058126650756
1.0641959655714912
2.2728455177102678
3.9232551976308696
4.0522957680410521
1.3734516740988343
4.4171247129781026
3.6503078167473944
3.5887605171683097
3.3099225294340400
5.0592462299070098
5.9749848632778235
3.5892500015700857
1.2361632448882600
4.1353266533337054
0.5799971823479414
2.9656679789304126
4.1824977364862752
3.1989574695877709
3.0244409802210424
0.7547568199520978
4.8595936336218211
3.6821441726400592
4.8606081805936281
4.9998488477567404
3.4517719733256693
4.3343435748146639
3.1512253883396673
5.2599103023750677
3.4247351274294968
0.8550137984163636
5.4231641777877169
0.8670542438576292
5.9465402629339916
5.5638716136484980
1.3470105884759225
5.0726551263268256
1.1413847869593232
3.2571950084629062
1.8907920219617447
5.8157627139111634
4.0722386654933400
1.6029854532777297
2.0023520250679900
2.6797724591812440
3.0849251326205378
4.5781724772098302
2.9026518776100092
0.2038662561455379
6.2688315618499377
0.4815805024152300
4.3130218729768810
6.2419301435834047
3.0350521046830656
1.6691500783656699
4.2550117080259344
1.7146304937330528
0.3959833246377450
4.0204354712373789
5.1157863764301892
1.5016174684807511
1.1695391358147118
3.6071739444419033
6.0729156288132415
5.7492361887250256
1.2781956485243187
1.8315242643823126
1.8618353247894259
3.8316141980480709
2.2429113612027960
5.7145927544792414
2.3444762529833443
0.8208559050946478
4.0851537938734310
5.6686884139191349
2.0896553091029944
3.3343617814532975
1.1309722225621248
2.4896052930771129
2.4900254490116542
3.0343896741811682
3.2399187766118964
5.9999613781366010
2.3360861499029824
3.5263983365769365
0.7653057267167026
3.7951497674216395
1.4595956040425664
1.5390952148661050
3.9162619066119184
3.4831266105912966
5.8213150149892785
3.1202158339083383
1.3074818785870039
3.7601619488720779
3.4099864171999843
0.3590214521890918
2.0203870711020091
3.9019919504183740
5.0600732675779350
0.0396250000617447
3.4053602776239655
0.0084411561115539
5.5236145021137775
4.3843249789179133
3.2918180004292514
2.5360787906190518
3.9845433271123318
1.2196754569364168
4.5934878256337006
4.3197634152292093
4.1288328041133999
4.6566328208344689
4.5141600316329296
2.0659969627923425
3.7889016787090992
5.8367342360314698
0.7310608346090518
4.7076822707850416
1.6867141023597361
4.2333059579025916
0.8553944128987372
3.7282918667220390
1.3871805667536019
2.3160439485559809
2.7595905740655771
4.5869529056898637
3.4124458962361226
1.6147833820540065
4.7874995574182684
0.7437452997698282
0.1164324732573532
6.1680905499850232
5.5101245401291434
1.9208954152654223
2.6253440457954356
2.2796821400489948
1.5990576339875808
0.8268180262141304
3.5778653263355715
5.9116972914756944
3.6056109398469993
6.2535774322743709
4.8917309747148972
1.5374380563964343
3.5672121059021973
3.9093589855793178
3.4222072325679860
0.6682636365123545
4.7233578169797408
1.5686278588189873
1.9370939568960197
0.3052000166098486
3.3341893041150592
4.7056243289948938
2.0729606263259348
1.5478330803594436
0.2716035145601738
3.7088863503436316
4.8229181231531610
0.7661994416743284
0.2984378138190787
1.2719949752481825
4.8480248035653828
4.3120740743848307
4.0067581378920094
0.5997441329668831
5.2334382052050090
1.5061815829956493
0.4932003910341322
3.8258953450987110
2.7753133399336449
2.7768480810857965
5.3007956836486345
5.6977944700108987
3.5584426730292731
2.2030481358838410
0.9613756991657728
3.2720725206812964
1.5505430394316218
0.4576110922969088
4.2052698869286909
0.5009117171419092
5.8023081328780099
3.6516907904128661
4.1287699783588385
2.3508766039368236
5.4698378319611782
4.1614661173564631
1.0342709757363919
4.2384960403890490
2.3774041041723040
6.1723177914522447
4.5787605691456186
2.8215843001067644
5.5835795843190068
2.5242324968034118
4.4166252670687323
0.7111110114389146
2.1756801119978944
6.2063063610177593
5.2653524548784052
0.7357633882010011
6.2269954318323322
1.9044978076260286
3.0530596085477404
1.4232371208669718
4.5896413750855132
5.1139965198235657
4.3574649421172609
3.9538282615186047
0.5470223875580084
4.2525921335502703
5.6119808932149553
4.9361135785566148
1.9982563648839311
2.6808560616589361
1.7410504212539408
0.2580740941405207
1.5706355169264992
1.7275981587698690
2.4586814050139050
3.1623025587328728
2.4889152079027190
1.7574998019595802
2.4631340246754991
3.1674221977122112
1.3968024578371245
5.5810590543716145
2.3770901579785932
3.0526086655586764
5.3074306413124042
4.8153604335777569
0.4694484943727029
3.5165706045210379
5.8145008943395942
1.0843499837623765
2.9838383840711078
2.2619846388157816
0.5932753613520672
3.8966868676355606
3.3193022103036767
0.0910019110002032
4.4444303545089276
5.7391931016975777
0.8855202567213323
3.9028663806752961
2.9515403768468520
4.0225405888531398
5.2575793766506287
4.0531419362384060
0.1771139391168045
1.3964368647686478
2.9807301103566286
1.2644358216318989
0.0161172442162364
4.3783872362707443
0.1059985430091846
4.2752800691496899
1.2533279099368149
1.1768218373043342
0.4303272508532418
4.1785805812931613
4.6167669034046854
5.9977238878086530
0.5584943690717078
0.1540780911473366
5.6440348695448135
3.2958489796951773
0.0680221627387507
5.1023524583942148
2.1551239587562092
2.5777553437364396
5.4094545713315885
3.1663421626501518
2.8581689933791190
3.2264704159208590
4.3667425338392647
4.3912157359049617
2.5298284342177353
1.0654031740150292
4.8237171820315492
1.7222091860749598
2.8072434327848650
3.4032763896735378
1.9580435599528772
1.8133379323634324
2.6264395326162653
6.0090739928981352
2.3081948898631213
3.8925866127746147
3.4843487040667420
5.4509335825317109
4.6569167948020302
0.9822116460483099
5.5449565207660063
2.9109860339431788
0.2720329958763402
0.7123962934744759
3.4565242166969248
6.0762053683649002
2.1794501036903258
2.7803931582814085
3.3012969162359203
5.9388663929604890
3.5699121404667160
3.7565759243296180
3.0520278116525437
5.2602266897397199
1.9142080110688833
1.6737268510008767
2.6587270870729625
3.1450141833721652
1.2536701220437634
3.2135057873543507
5.1322607742581665
6.0450806322184691
0.7704756328134034
2.2472898856446673
4.1387670348913250
2.8317677210287946
2.8124581971803373
5.4489020492905844
5.0744762572959461
6.0556941341362958
3.3234105661280604
0.0377733337166292
2.1502361040900229
0.6308732144871959
6.1928287417153287
3.6363960579286649
1.7307786268606065
3.2691269548922683
4.6909648891938653
5.5953580953254090
4.8956458126378717
0.8655770849333014
0.1873107839774549
4.6113029945378461
3.9615664357526534
1.9879250701877722
5.2873628781313675
3.3578579490740745
1.1727223771412991
0.0304470128361778
4.2749849445002557
5.3320175002307977
1.8969241647309496
2.3814509011945799
4.0937462087703587
6.2215615836567686
5.9629174489653600
5.5020112998787223
4.8118077356257700
5.1890542984547174
1.3233912544264534
1.1639151639361149
1.3013717164539547
0.9477227024304169
5.6397720736411721
2.0794677360796063
3.4518844086751961
3.9351089463124138
3.1982548923943561
0.7993076086305364
1.0068482598319286
4.1760802307486502
2.2799566676896874
4.6659987400121521
1.5303627786367353
2.6672488027871162
1.3829306572580513
5.4817287242230863
0.9700604375297963
0.6861003368581641
0.4432651605942020
3.2727798415169556
1.3737687529555926
4.6310322814422609
4.7596926254197252
0.8445106123611149
0.4722431059502227
5.3539042014723739
3.6932408841915816
4.6098107524710805
3.0442807614540821
2.4562608145963543
5.9089316574290986
4.6560653071345159
4.0556119269704682
3.0513202414437166
4.6192328021471809
3.6560163469100702
5.7488419372171116
5.7954812325801006
4.4318593494883398
5.4282539166153763
0.2162574276950811
4.2811826251746252
4.2176838498348745
4.1075838357977243
2.0829044191120549
0.1353463138613629
2.9603489966212293
3.8217920469824103
4.6661767445358713
1.0747064612897310
5.7175893462064922
4.5526687559139907
0.6665595668021789
2.6460897442879308
4.0520854383027727
4.1640761241761544
3.4878936786309342
1.5092017546867518
0.8522482918156276
2.0061022777888970
5.2088829632900824
2.4649867347110632
1.4617453341643676
4.3895909756282716
6.0127311880153496
1.6141952445810945
2.0871084794003205
5.0297592524930979
5.3715515411124874
1.9262669137486930
1.4392265700442228
3.1902282526053725
0.0951858600744764
1.3113010094700415
4.1864528256108855
0.8857158085054400
5.4275379547450875
1.3309335763896641
2.0403160903847817
5.2046728143062690
3.0700301920997020
0.7714690481968483
4.6762710446482689
5.3448168029163252
2.6250250476611643
6.1205199264239267
2.1541008939149484
0.0202553331426074
0.5408647796524498
5.4336805744715742
3.0547000906730157
1.7707863628662841
1.3340122526588156
0.4971837566796202
3.9415926884917534
5.6913669565626046
1.7079445725132216
5.3626847566568028
1.9821558563480082
1.7557382952766269
5.2904101624830835
3.4985012576009931
3.3519638005687735
0.4006802205468480
1.7597454627137665
1.6777656620865273
2.2805346668279074
5.7361748613481769
2.6971721053480855
2.4995417613747910
5.4404356750419431
5.9788492154252566
5.6919897802750121
2.6002688204091378
5.9365938193276406
0.3999230021942572
3.6564759050381825
2.6424319015023459
0.6830606376692845
1.1681712980589805
4.7213798217050957
0.8370402536167433
4.5699539472174315
5.2790244774739845
5.0013965205981590
2.3410538727521049
0.0198162549668794
3.2378155407264120
3.1046303125645243
1.1660393074654651
3.1081956926248746
4.3986178486419671
0.7038848115966694
1.9540927516790951
2.6700533660752699
6.1455594449853086
6.2263743136428333
0.6914948318103016
3.2586176549379751
0.5424422245660182
0.4157477745404263
1.1944868243343025
3.0734168342910633
1.9374503643573637
1.3614051601302584
1.9775786766742312
4.1076461415547456
2.2808056017824412
3.5179750352208203
5.7443138341593949
5.0142889973968758
5.3373593274752222
5.4483794670457852
1.5590153520475643
1.2412471815409403
4.3780069576076022
3.2969596889602379
3.2659761930263573
1.2121116289210736
3.2335455532712261
1.8826223193320430
1.1043403728702486
4.5745638578583829
0.1540796314688011
4.1602755802041296
3.4045080059263184
4.2661985530443207
0.7912922216199896
1.9449085771279113
1.3395376284627114
5.4744549784756522
3.0476700447599776
5.2417627966065092
3.4646215043880053
2.1424372462790866
1.2256050147968540
6.2540495050632350
1.6768926990527018
5.0261827976354088
2.0315579166806126
5.0597085145041829
0.0430817583957498
3.9645130421086971
5.5508519300436570
1.4385672658777569
4.4995210494030253
1.6035155068792697
2.0612341581499405
1.4748778084627499
4.5410413217492502
3.8619980546066150
1.7504263228182839
5.9814719773377032
4.6493436910991592
2.1271759220496920
0.7840121672631281
5.8575086251469628
3.5295401970045557
3.0233478502452242
3.7849752479275209
2.7812921592284638
2.2271222623435181
2.9232341665685735
3.8822301574075824
0.5097955125908988
1.8482530701031898
3.3863429461931633
4.3939737669689043
5.4201901846652412
1.8086826310908646
1.1879069334624790
2.2173911485830629
3.1613651061580721
4.5004425373247425
0.0149195955037004
5.5524563001625964
4.2368576292827091
0.3386552325522018
0.5467412639747219
3.6832959710982878
3.3989800280670055
2.4370314410521314
3.3624381202534623
5.7214777200957414
4.6019365397300556
5.3575682524612205
1.4114404968269028
3.4285843987578470
5.7657246572472696
4.3906375366856860
4.0639718612861930
5.9340278892769067
4.5265646391858807
3.7425958912061015
1.5968030431265314
0.3935105183961872
4.4449535854889994
4.1690689160007262
2.8969187572203858
0.5364523865759340
2.1472601641999476
0.3078403824446058
2.8129399077410020
0.8818803903458147
1.7412526793240093
1.3748988932412545
2.6251358310495232
6.0199231084118061
4.7540753502727560
3.2112828700285836
3.2527099638553203
1.0682445152448399
0.2626473066798075
0.8946012673287884
1.3461177386403698
5.0635324045544365
0.1200208335580965
2.3957005901417290
3.9804380836465971
1.4612567889194803
0.6511594674938292
5.2839591888439221
0.2074609931591752
2.6217318737641153
4.6291933465398296
3.8366459954647474
4.3468841765209030
6.1418429353895894
4.7115834044280760
3.8093784362809120
5.1027560537316292
0.1340390957088266
2.7734137351193087
0.4327581664683062
4.1376543635600989
0.0516909735075784
2.1293100988249765
2.1996973511537270
5.0041070047846761
0.9746990390558459
5.2986013617489309
6.2009646302303434
5.3403060062397643
3.8875667355675012
3.0021909715411246
1.1092296433986824
3.2101341103630454
4.2495384385234649
2.8270235293442951
4.0341629916882855
3.4049105824639154
5.2880008590523904
4.7755958995476853
6.0723364560195128
3.8023693166285253
2.8768363238507426
1.1736419963917966
2.0075565817733709
5.7579749186949636
1.3496616682359555
4.0503389199016429
4.5995344368480167
3.8979826216639948
4.3080947802291192
6.1153735167840528
1.9950424961556432
4.1069623012317500
0.0352554207580440
5.1386380059713099
4.8571911800487131
1.6554425077074104
1.2290330519599220
2.7974112362803676
2.1866087134249019
4.5965223636242252
2.7560647004922094
1.0292116094536430
3.8160064035630445
1.5697467139105150
0.3494577609980803
0.9216691438427779
1.5327141494872623
1.2740058273051289
6.1282106883914729
1.7428245499633652
1.9525636977215628
3.5072677108876120
6.2096424129187380
1.5823220120433477
2.0613892707413637
1.8570053672423463
2.4339126238398423
0.8278118305470439
0.4427947304888496
4.7448119114018104
5.9019285257087688
3.7782091647584446
4.8298508767471544
3.8971062532909526
1.4299590253810750
4.0745406159328024
0.7685205245547296
4.9703358948232124
2.2937116275116378
4.6367635621259273
4.6417056153545824
1.9671200619497016
5.6871868936695105
3.8659850558512177
1.0655245032509220
2.2620718182519672
2.3915562022337431
4.3360129032622234
2.4508981013970530
1.7643176809240781
5.0079393910758210
2.5942823294129127
5.1041139147124763
1.9844166277969908
1.1452193056795015
5.6324269013710193
1.2546431818301182
0.4185898227326222
4.2376841696666467
2.8049938617204040
5.7489930359054728
2.9857485825962375
5.4124801770297601
3.9085692911222845
3.5538230716884391
3.7826452455308064
1.5012109918129006
6.0313293120251563
1.9594970705663255
6.0296099763939699
0.1285433144553259
0.1407245705166205
4.8964366475822905
0.4646950158903889
0.0532897431700220
2.6200932081096937
5.2958756925564865
1.2205059363322834
3.9111568645116854
1.7996060293048235
3.6927634301669419
3.3514295742611302
3.8715628812264535
2.3820808826089070
1.4915267254182050
2.2551803122201730
5.4468940566008932
2.4830884675139280
1.9979213806310818
0.2341480585282661
5.1742261350734138
3.6749725076288020
0.1532065770358783
1.2899495954234657
4.0301063473558534
2.7989953743812288
2.0912414501328871
4.2967895766338611
4.3087241151042326
1.2657050549855919
5.2098054960257452
4.8368089453751306
2.0574218165578517
4.7630344628205821
5.9309260640027333
6.0497638295042551
3.9144993140939155
1.8131472920325238
0.5662893710870350
5.9375806710780381
1.6945892735936516
1.4583935178222258
5.8463162735162770
6.0322001418095752
0.5714805093118139
1.7884020053786369
1.5072930111862550
3.9289742785383917
4.5695781028238178
4.0690016675262424
6.0728948489546486
0.2121264838536649
3.5992165090870452
5.0469245428833478
2.3404913377474830
2.0042643051854836
3.0768348747982723
3.1193340426487661
5.1793857048929643
5.7414875933658882
5.5340563250654515
0.8671445352136747
1.5659408743610770
4.5175312972797093
1.9979572123778402
2.0221186205324506
5.9753494375361962
5.0777139991235423
1.6192148456305109
5.5221622588367927
1.3821916048354475
1.5398117336814812
0.3424075626851504
4.5789749572593310
0.0238375906249202
1.6794849984348486
2.3347510255343251
2.6610315478900644
5.8886982679756708
1.9886652860282235
4.2223154879521525
4.0190971667283302
2.1826139840441008
0.1603275998059757
2.7043370317937101
3.3425490664351538
1.0637607315278448
0.5646199291154818
4.6151591845501549
5.9575679315836068
3.1091219310301748
4.8203023462944143
5.5109524958955811
3.9070371966704984
0.7874535840747036
6.2347619654953936
4.9304605872201339
5.8232587101000890
0.0521305386174382
1.4419967525710398
2.7987089774380416
4.8970741694363582
2.6642480432645743
1.6137122548920375
5.6406986218442388
4.3340652937573205
0.5628483886465292
2.9754653300219380
3.2430117868538577
6.1805886547204496
5.9090744698958391
4.2803956775462355
2.3020195414329963
2.4647098393611988
2.5900117123393804
1.0956323489642665
1.3180425467614627
4.9548779582900613
5.2328969626023332
0.7227267036682288
0.1090115467652217
6.2443783753164164
4.1257040580795650
5.6769919986579209
5.1486897126750186
4.5666079412610330
0.7174202612625638
2.3965725624188718
4.0557091130454115
4.9171762495859008
1.0766341986158479
4.4508792505656514
1.6926596248193468
6.1245535759458338
5.4613450140657864
5.1123878794646149
5.1986119463450349
0.5120615798614063
0.8004508913995283
3.3755557895367603
5.6706456650616319
0.9436050155181601
4.3893394382813202
1.9391533953801932
3.6229738599212156
1.0372856734899196
5.1641753901679213
4.5694165803250257
1.0377941616635908
3.9485703701803891
0.8700051677969187
2.4515195166428705
1.8519891435556732
4.4064390200955650
5.9319535187418415
1.2832352760554000
3.1308046083450072
4.0051383665244940
1.9623518117090817
4.2131737047582885
2.9264910155098693
1.2780636252886062
4.3604957163767590
0.1624431886889642
0.9419009766086083
5.8084998962387280
3.6302412092232497
1.9034073119766846
1.6318518550355363
4.5647683035570328
3.6327987359708485
6.2271797335246015
5.9552221790509421
4.1474934267026908
1.5256160014268634
0.6357265136650032
4.5112365245912391
3.0100043918842503
0.6756150501374022
5.8581606037220935
4.3658658206473602
2.6271569295139470
1.9818532862027682
0.2942566393199801
1.3930016821230045
3.2276668212529742
3.8639929206256189
1.4723837914895821
3.0101699136213651
4.7428721214820335
5.0220185171859608
5.3474485438188228
3.6833547440253662
2.1823611415812181
1.6379782033807706
4.4148991925619550
1.4269228971204428
3.5565231332685916
2.8823042591850654
1.7879615026379911
4.5185986779140039
1.2579774478802592
3.8431014151786749
2.3688110104142539
3.0185640630789603
4.0315563335296201
5.3234623204163674
1.5219577990134321
0.4922770906927633
0.7149501903480111
0.7215075680785534
5.8773966939893540
4.3647467344759914
4.8011950502478076
2.3447929302686776
5.5574222249416110
4.2327310906840356
0.5077926113241492
2.5000241094382494
3.3321165947247433
5.3433225796588850
3.2837592836604652
4.4569974084177888
5.9628601198575995
0.5049333266148809
5.9636883653445469
3.5690307658683897
0.7114519086983490
1.2831760168842352
2.8734856181668187
4.7093521720424558
2.7380700166678551
0.5709399020867347
2.6752858069406655
4.9021977899560971
3.2516427013453271
3.2756622932496411
4.8886157335107088
1.3776289272842326
4.0000728534214991
1.6229168251822201
4.0954467603813951
4.8799760009246613
3.2790731725285402
1.4868758317153643
2.5077871595858210
0.0268689531919555
4.0883685749226313
4.8051297231611212
0.1459789811757922
5.9702047816001746
0.3131457076217005
1.1671281039504586
0.9249259843031602
5.3778732828339706
5.2724298616642917
1.0604105424597978
4.5418017660977155
2.6764088827610442
4.0516292908254288
3.0638088874695342
3.0412111079124853
3.9802054758169758
6.2047613030999269
0.6345277057631639
4.3241101749951349
0.3431700548384178
4.1982228913591015
6.0401038695784122
4.5478707237329834
0.2692713932751516
0.2190134789170295
2.8467002898006730
0.9306338487800551
2.1278130281305265
0.0709139896698439
1.4794829554806774
1.3052153660899675
4.7115367501298175
6.2481957344165275
1.1751752860534848
2.2626296514833690
3.1566231942807610
1.5403178024298418
3.3727053925549351
5.4972996627380670
3.3064249166240569
4.7945862674558217
3.1254420078398617
4.0200694356765334
4.7211414385617578
3.5853350733835097
3.8899600759391748
1.9264719868807025
5.5548829173419199
0.1776447298068862
0.6766048093573067
3.8308937136858674
3.3312421985713350
5.0093176159487260
1.0192395951526017
3.5404873815085436
0.4525701291017087
3.9225464205693550
5.7175193930327106
3.6393842111402197
5.9837864271677210
0.2805675288382776
5.6885650197891406
3.1565754497406036
1.7128766401269604
4.4466817537430918
0.6500113601038446
2.0045766775451854
3.2363194029941651
2.3868234280198113
5.2563011331769607
3.7729050909714754
1.6374570554458536
4.6728585393689812
1.0628223251702054
5.9161239561923331
2.0957534292020643
1.6921569209669856
5.6716242248732023
4.5836354301547617
5.9740045471155625
3.3672111986013284
6.1939698063325475
4.8302987301872049
1.4062875936362369
1.6464866240264768
4.7674654303946991
0.6015760545174490
5.3882925881300991
1.6574771587274266
0.9252336154028448
3.9003990453633226
3.7031783772599236
4.7599211608949519
3.7596771648832679
1.6093143380360682
0.8829453428833313
2.1812842326776214
4.1863705149334764
2.8639786406814909
5.2667079311651612
5.5440297939125411
0.2557175306530384
3.1691349548417014
2.4708336491237017
4.1054324025656470
0.3840163726454942
0.5066335539392489
4.3798488368190336
4.9475721078107719
3.5680625052650510
4.0747912589281698
2.8475076859606725
3.7525142470336812
5.3437587851411488
1.8652530047057934
4.4734313119314670
0.3150063017839522
0.3841852190462793
4.7454147138873575
1.0354860443679030
1.7264580180142686
0.6412538950723078
0.7197383308831461
3.1117448691354670
5.0259061888001186
4.1267376510169091
2.9450123286591272
2.9965068788483689
6.2676725758033518
1.1883158448236373
5.3849569297808655
5.7554103510509602
6.0901915519198511
3.9966563965834623
3.9158308062898772
0.5632946816969954
2.6935427054535821
3.0933343719170106
2.4827578418249678
4.3752130284430812
5.7884063620221022
5.0249878522110638
6.1741825470187246
0.3280348033168951
1.7742181227341156
5.0921124676449505
2.9752592092584309
2.2187532544284458
0.3051633255845838
6.0467827337810096
0.7995114168471689
1.4964289528943115
3.0085967325486624
1.2222015076611787
4.0082029761053040
0.3127143336656182
3.8835107336683223
2.6476191764847026
5.1049620625976182
0.6619965047484273
5.2315964019007080
5.7921546224884706
4.0039332239775316
4.0899698349484384
3.5451845903984132
3.1090939675113347
0.9815575957998364
2.5157431645850039
4.7977624481286920
4.4779863676326768
5.0836288663934752
1.5217024464345705
0.5476581434010229
5.6383369298492623
2.8312226008070032
4.2666640858706506
6.0418063666462691
2.0920466753797036
1.9656430682172958
6.0191540416538167
5.6487118439944339
4.9801491139959344
4.1945795851413878
0.8719346890595381
4.0448925530755639
0.4824442385291683
3.0216713947809630
5.5953895054556950
0.1959325212415029
2.0155856133138599
3.0927217955793420
6.0939671508252449
3.2238230757148263
0.9429694579453330
1.0758463597144192
1.3915451605993725
2.6125021183666095
1.5383318987925547
3.8695979328275705
4.5079970329686709
4.2125314609169191
6.0872765753117202
2.0229154439395107
1.3725607085588858
4.1133855330738243
3.0702014531248101
5.3655671936898379
3.3489142425235969
4.2813592167617118
0.4444317699174486
3.7872992468042446
4.8336616698805619
3.5414450229588441
0.2608246172621570
3.1476335907118309
1.5571808998721535
5.5083320346389986
3.5749138843200399
2.6631379936106780
2.4297046914712146
0.9149035938050517
6.1737313756709451
3.3324832498105583
6.2499117645913991
3.7890825835948836
2.5204793188097794
3.1650169775533281
1.2153529159819112
2.0054131540498057
2.9601394770134171
4.0970551980190351
5.9790811427778827
5.8602134178041601
1.8077172938700068
6.1650797307059415
2.2050063020334392
4.0003233667599236
6.0946092287730451
4.9936606297195834
0.5010384007118659
0.2024562559793396
5.5793264269754923
0.4991417546128157
3.6121466961892792
1.6872678016525504
3.5695673529205632
2.8412144566788315
6.0647201686663736
2.2658924226891690
5.2664207301864510
3.9465515897206385
0.4185363182357944
5.9079536967948281
1.6149216481737345
0.7735712453589996
4.0180514580544555
2.3977247069217902
5.1602555063310236
4.9196559941871891
2.3281027541984809
5.0520847702382712
2.8657098758196136
2.1859155796385483
5.3705404302288926
3.6559193670340622
3.4683888457655039
5.6277944518675431
2.6185784201327920
3.8023924811471601
1.3423989478530598
5.8730402765980587
2.7764927545747082
3.0789151593335404
4.3997024849734281
3.4542525771408217
1.1852895720873764
1.9409403513093579
4.2468857524588568
1.6582463550428272
1.3145108094737636
2.4084351873364271
3.9837905016361157
3.5925926181432444
4.9363006416371995
2.4613597128595135
0.3205068813950114
3.3997324955809156
0.4105861568255303
1.7103316399057622
0.6510759891909965
0.7684226103366782
2.5319153787076156
5.4368170270153335
5.2180501566407580
1.1553087617925411
4.2774282643720110
0.2439361638055009
5.7487483755420792
0.5021321396140989
2.3013812489726297
5.8453868600630914
1.1613546447778258
3.8082302180007641
1.9435763974726636
1.9048082168118543
3.4229058158913124
2.5599552130634979
5.4893951318680863
4.9022952957132437
1.9839531160806869
3.5573628826701129
5.9859748564602064
5.1005564035315247
6.1120657000265330
2.6585535408458654
5.3376697304198411
0.4545953696404911
5.8763761941842736
5.7475295319758795
3.7611375315237261
3.2895400064666278
2.6111488406039891
5.7957538139499940
5.1987247909710117
0.0385649787095523
0.0428390764471060
5.9099668094021967
4.1042135873743151
2.0732022864033337
5.4924476982119641
3.2661041600900469
5.3712212071698096
1.0729301258187469
4.0220329469356004
1.3319691644832441
4.3073473890092329
0.8568541375037416
6.2136314415583005
1.1254560787387700
1.8792038087712664
2.0602502525397535
0.7402344282891127
5.9627578054848964
4.7752209702768962
4.1663022801572520
3.9640207379135957
6.0315374959803014
4.9864213906312784
3.3734646368562973
1.4746879783202493
5.3584414495086348
3.7282115900457948
1.5248402448489484
2.4542212761837687
2.3207561052229471
4.0742567165771533
0.6098378986394923
1.4995614611878219
3.6545002174996997
6.0817394886188643
2.3112678692927426
2.0042242999525599
1.8736677506705881
2.2596026029739447
0.8417809343215574
4.3820296873220723
1.6875718592756608
4.6118151748908067
1.1721956147787496
2.9841564608947566
5.1110885154994419
4.9428931869349162
5.0009985561526564
6.0066002429555931
1.5870220070806091
2.5288155666293912
2.4412118638077662
2.9599101859075660
1.0660104955980134
1.3154940303470091
2.5491473092869477
6.2160358636878730
1.6291484043268689
4.3926823413868519
1.1994691014949064
6.0030210895465146
5.6915703795207433
6.0958828399679899
4.2829735619167932
0.2439997926156772
3.1886508010685239
3.0729479989338842
4.4577303216778041
3.8734679111631189
4.7925979108356600
2.2229626693845641
2.3873020441366619
2.0933068200391531
1.8877737526233043
0.1721373591280732
2.2900153672299615
0.2449766979329741
0.9608305234930362
4.5459572379129138
1.2517409039470253
2.7859626417734522
4.8705768132545293
3.7469902364993031
2.6294958127415224
3.1890355554939953
0.9181871827073894
3.3987220796373063
5.7992321947276508
0.6420262888969934
4.5560349891622556
4.0956989070905534
2.5583216837445617
5.4971774693398379
4.8425796351079944
6.0041717391022846
2.6172187736665538
0.7149237501148793
4.0707717211369738
0.1195978765420290
0.6220433877665098
3.9304939768340845
4.8566750854927436
1.1575676901514507
4.6005583807986978
5.1667274884677230
2.1679797688551674
3.5233637672204727
5.0649380829919739
0.3986382156019491
1.0957759480024798
1.3311702109148271
3.8583359212446915
4.5598600410952965
2.3427863422372419
0.8914295407899473
6.1490977073867583
4.8326651511263625
2.5560827029660613
3.2670833377194874
5.0720755005696381
0.0111127401631218
4.7192308927281124
4.5517187857886059
0.4661317455894383
6.2574709797918038
6.1185105408636451
0.0405807950005090
5.0804768274767049
4.3320724751692241
0.2392182579197553
6.1589579627035018
2.9098966779651447
4.1994781196466411
5.9362984470927218
6.0792827452484302
2.7744757313054089
0.9686315738384801
3.4269778624733478
1.6386044174823511
5.9833774286158032
2.5639812046345192
5.1518872389304260
6.1390874886237592
2.4397187397077409
3.4345572730572771
2.4141754458369737
1.8022663663633651
2.7327392986336485
3.8176315947614774
3.2298969684463823
5.8386056728729292
4.8945557904993748
2.4982161609353013
4.7686917928408343
5.9428958752726739
1.0290188698738212
1.0378454152695464
3.9664997254883860
2.2944628998569958
0.6138842660495671
1.1484346814027151
2.9145845430556556
2.3953884203795393
0.4242115328629228
4.8417789620856562
2.9633008744152263
2.4579492407879115
0.0308475030470970
2.8646455231582939
6.0754438236420469
2.7590284019016869
3.6748676759491148
2.2148308438043340
0.8367176569199120
4.5725418795327064
4.1702601176723801
5.6166122565643271
4.5902048236141262
3.5366507366154214
2.7809201914152362
1.3996841514144411
3.6906056252640882
3.7005070101534714
0.7471003444847383
5.0138025962074249
4.1734932272497263
0.3824835405229397
0.5388478251154177
1.0097758317334913
1.4905773030141651
4.9083200305422707
3.2886201897719078
5.6682022761267445
4.2557130985568259
1.2929977959034469
2.7458474875691556
5.0291277007886670
3.8364202053630643
2.9515049273363321
2.0844754362899494
5.9791500378474769
1.3560271203948446
0.5913813286451592
5.1098497690415288
3.6461531310527011
3.7467463722231202
3.9591668774889706
3.2435142470282226
2.7487476974986471
3.5183445488421281
4.4471482518507388
1.4146982487339885
4.6073481074085478
1.1381744622403782
5.6424734376473227
2.1394777090172901
0.8424968904551104
4.6285485243582807
5.1622594120587824
1.1293480822192967
2.4716595642463615
4.5418588999372451
3.8350180637426363
3.4202705066579391
3.6528404857987535
3.1690267211974317
2.7016844420745256
4.1900045657950127
1.2458972828665333
6.0439502053696526
0.5509287978790633
1.6397329505534113
5.7209640418366838
5.1505526260889205
3.0627135356732840
5.6520772868019238
5.2570660873861970
2.5542968942513498
5.1953915644141597
2.0888460724177169
0.3741236844697793
2.6435930299490189
1.7010128874124224
0.1356785190200094
0.9534233531521988
5.6204087298425316
4.4992812244870235
3.5142111896088104
1.1906501752683247
4.1376034667173327
3.7182045854165460
4.7803474735923910
2.6510901991978053
3.2849185826656178
1.8272227987900918
4.9322270860980924
2.6835878613054511
1.7041137307925758
2.6744097219261320
3.2447928902889625
0.1187550818181830
0.2786485209623371
3.0905259586120906
5.1889951232866327
4.4965541334334977
3.5771895204500801
5.1897214493306736
1.5863548920260826
2.3797964350717540
4.5917789724212685
2.4455953924771041
3.8622966668511682
3.5780286810810757
2.1829466426025892
3.3889238029492574
2.4861160178828778
1.0105929809531575
5.1474645898424951
1.0559006222355598
4.6539048887791985
3.5903518580928786
1.6886635009485031
3.3648789341484537
0.5112540105496957
3.1029658417237544
0.9262115108392280
2.1240537198706053
3.2036754236902532
6.1405371732333469
4.5930708176130182
3.8410211936554339
5.8602577738784669
4.8193558917967829
2.0961912220802388
1.7147445986416603
3.9436977442943206
5.9400604208690959
1.5243632483408038
3.6032727267100757
0.6293687408695449
0.4507552888738691
0.2793894492736325
3.2266494360530102
0.2104751568928255
5.5017996553401298
1.4569109573132961
1.2331772253357212
0.9715850634070707
3.0287158853202358
1.1967111889486568
4.4397789521080488
4.1964333053262370
0.5127466769977788
5.8582611750293170
5.7795488152345813
5.3515846224826751
3.9227097099802171
5.9548245153084185
0.3209570218384873
1.0385525651922216
2.0662261548791254
0.8713492073495660
4.5926605753886234
5.0234843899095738
3.2415035739355909
1.7979608733198749
5.9108331054248273
1.0115198312986013
6.0848558401813060
1.1608655603165670
3.6806745657890305
3.3124919767599388
2.3184207929067413
1.8384893467029777
1.9052375103718413
1.2178525793221184
5.9885872545634040
3.5466091331148943
0.7568150629611632
4.9010385360963573
4.7522150499652431
5.8712982311543778
3.0420570542824250
2.3302440932630351
5.4313415869682560
4.9174269787331886
5.5826299021380912
0.1898479746424651
2.8893244934251112
5.4596562781549940
3.9889184519540923
5.8590958930064856
6.2536390383649154
4.8869891671354209
1.9255967841141342
3.7017716568182406
1.0510803123699868
2.1584304190352817
1.7428106732126587
2.7308926847901498
4.3637306598679535
6.1563467382453529
4.2538778685753389
6.2653325387420606
1.7506958768546876
0.1917181813854806
5.3155425163328944
2.7064917904907819
3.4613714994483797
1.9981771952418326
4.2069250770366704
3.5486809824204841
0.9299069019010866
0.9666950957294165
1.1939357988555932
5.2588222060560605
6.1606463815229855
1.3658501627033466
0.8931634940102950
2.1061646863269852
6.0170848837065005
5.4902211640786875
4.5030775967653049
5.8088307814843594
4.1092162465215551
4.3406814015619011
4.4799077741488169
1.6412981669091178
2.4428895186855208
0.6539385961025855
6.1700724259265085
1.0125516175489171
4.6909649606803114
2.6637512119955149
5.4560670401440756
1.8417420147713062
1.6789828290413720
3.7903196394947600
1.4716562645871634
0.5909805731388723
0.7264729327362651
1.7624649036120663
1.1139834493526237
4.1473570868281566
3.9508256006074318
3.9317806369945365
3.1792502968167335
0.6839030168677377
3.0111908179266886
5.6483905722890251
3.0318336868701437
2.3791307710990144
0.4263787364712680
2.1098630961592528
4.0292322801229972
4.2668262242900781
3.4598936997570520
3.9670591806061033
4.3487466300193125
0.6195328098815243
2.9384188300226168
1.0076696914525829
5.5492618834396232
3.9976852485230752
3.4265507502707258
5.1612940402556458
5.4179177312238513
4.1311237376233887
2.8074815315692754
4.2658101120764593
1.5762128754777553
5.7405754709066414
2.5519129001945973
3.3512019521873162
2.3816111329266225
2.1398789837703136
4.8209521719292781
1.5202852912516693
4.7931501999589017
0.2680828534009158
3.9745973627611444
1.9455222542660924
1.0030767036633716
4.9843524510352424
3.4651856392305835
4.6412888748468326
1.2764925993877692
0.4962425324661730
1.7704245585523584
0.5094395016159348
4.7789972485875989
0.2489174979322750
5.4988931678775490
0.1369673642981541
6.0063784585623488
1.2990720902055561
0.7050627279163798
2.8000028760060385
6.2513167562956271
2.8653463292442019
1.6861676805671246
2.6718164286099504
5.3017569191571621
2.7101559612489265
1.9579674581716691
5.0836591222943674
4.5982934283652268
2.7281380188366464
5.2599062623807580
1.0549750486462190
1.6189075985488792
2.2175685556154439
1.7576392196869837
2.3365177492421600
1.0817585968757362
3.4161814841352558
4.0349398165153953
1.2338143173016269
2.9743791529195645
0.3156636806613562
4.7626088371121273
1.3412994838033463
0.9314866462684394
6.1258186401197507
4.9050618276628741
5.5290678897873802
3.6922608018490828
1.3332768416378356
1.1743047835044043
5.9356716151314046
2.1612971544472983
2.6642022448445846
3.6049820201118403
2.8969525044032802
0.5095126682512674
2.1643536676445159
3.7932112019070012
6.0569042496215415
0.1923380997744755
5.1809041369518809
6.0618833211004093
1.4262133215790309
3.5428451458859476
4.3175463639544125
0.3952288059733061
5.3402749457760983
2.6877428859893278
2.8177169812838123
3.9101451362573498
0.3523647850656718
2.9349386738820917
5.1131261904821494
5.4023180215740672
2.8288462997100932
5.4765492476336579
0.5054597345323202
5.2433551447751725
4.7482013041340290
5.7275579052508707
5.1764566354194201
3.3488729198606282
0.3157439297006684
1.4444576189468552
3.7155845152059799
1.7887754874675756
2.9907193431849417
0.4465398084771168
0.4330541565737908
5.8727707064298169
5.8092587202588435
2.5514095944513304
0.7873294784918868
4.7879016239882146
2.4619493043154881
2.8373324242126059
3.4422322515939308
4.8734580507984493
0.7397841206661271
1.4292261023992006
6.0903855622846317
2.4160433467077636
0.5515606201188491
5.5691941431285823
0.2024895997895056
3.6924941625935861
4.0201268159530157
3.3623492271088140
2.2927186773803432
1.1825086346029223
1.5810570801599086
4.2026885639054745
5.8221836860760465
5.2285759892911710
1.5637983704099931
3.7255656080136283
5.9236795035760146
3.6216219860280132
6.1848828410480401
2.1845424546712153
1.7233126023404932
3.7316253595037239
0.8255880022452022
4.1223572865536617
6.1460499076196919
4.6462043762384937
1.2500869512987540
5.7018470506588921
3.7286733733061501
3.4645629393963300
4.7318362311013322
1.8498775095576749
1.8265866446189354
5.9050827520085241
5.5157552247489079
0.0318459397596230
3.1933970633287445
5.0958699067198951
6.2376564738858056
6.0129654391975240
3.9035248222291616
2.9341365389778225
4.3330354737572181
1.2706822235527544
4.9514766508038193
3.3172681398429846
2.4158935322725927
1.5564278161719689
0.8318183832780295
6.0320798966007052
5.3978679306191868
5.0239169499534837
2.0590620674001481
0.9765692917925818
5.4100678670136277
5.0885551938244298
1.5621206061533124
6.0847873152069472
5.7716243801372897
0.3909985931558804
3.0314874573599075
0.5602633494830318
5.0101180533570915
2.2389626243274492
1.9127926172237162
1.6160854717581692
5.4359570312885115
4.5149198571060385
0.3042847264720616
1.4064789624323690
0.5292426238567592
5.0026915920868698
0.7633261183876748
1.1543247326029662
2.2278097706355653
1.8028264545472357
5.8726130992961423
4.7640329671138257
3.8464400432161487
3.6412742512125371
4.3892553764200395
0.2293290848893547
4.7254157906162728
4.3483389907839491
5.0999800247154736
3.2948307864641326
4.3183721953220537
5.1877958149278651
0.1420174138524415
1.1869120756504459
2.4804608974114553
4.3447134663258637
0.1188097987549697
0.2254213634477787
0.1087679025415539
6.1689209152645201
1.2123191764635755
1.4343284171023647
5.3525900880266741
1.9241185864407759
1.5203197546288758
4.5706940535817964
1.4168350429332595
0.1650538066857924
2.5877125079356427
0.4586102401407151
3.4164476511644146
6.1753773161338144
4.8627197942092666
0.6387961058420927
3.1051257755041277
1.5968368126180164
1.6105022220315046
5.9065625921454208
4.8939130967048934
1.9724944999255087
0.9486221863229946
0.0274414977385340
1.3540487511259129
2.0480587641096819
3.9003255513841091
1.0865736713482144
3.5223970846385919
1.5762923712806245
0.0501012802670163
4.0160203696158314
0.6953857497032920
1.6113017445465041
4.8664214254429670
0.5353295785599959
1.9334596874447867
4.8491407383924203
2.7619927860092508
1.2694641656162553
5.9257485506694136
5.9276961454481443
