2.8746578372742824
5.5420341177169048
3.9348662145493849
5.4754611948789691
4.0951501114012805
1.7106824850079940
1.9788131332269356
0.2884961207120196
5.8530810585165680
4.2469177231552857
3.8474853894442660
6.0197027177705653
0.2056163243562475
4.5977874976306694
2.3892336191344552
0.1720868024109790
4.8142939220710659
4.0088054742914876
5.5882025617670914
2.1681963824769697
3.5767856856112896
2.2553618038400778
0.5279018225202990
0.8010753888112543
3.4136643476944983
0.5694696483221824
5.9305967608725956
4.0382225679078578
1.0620193583304454
2.8348746818473280
1.0053627790764250
0.1155629224345606
5.0935120144451229
6.1008911989056651
1.6386087778906127
1.6488261561063811
3.9220246654043565
6.0975068103079240
3.7039672911234307
5.8263493943681963
5.3046231220919831
5.3556314542813235
1.5635469748725368
5.9163120796395692
3.9208842874297489
4.2756465430267037
4.1313732355765405
5.7894689903209482
0.6587053873109870
3.5925943769882229
5.7466852896512197
1.0893281968409259
4.7730632158398381
3.0907386678064652
2.4568157514369364
4.4397901710473313
4.6618625645976417
5.2463096123348079
0.8096427557377672
4.5348480087930652
4.2396271943105575
6.1960010586912624
2.7744217972399103
4.8321651245137627
3.2324627415946834
2.2509975434334915
6.1165177606826626
1.5773480223614242
4.3025101245425121
5.7066984913601919
3.3303928637202271
2.2145308873426370
3.6640992903224618
3.1308496478867434
2.3703909694487342
3.3671807979687407
0.2710093563446532
1.1274268468392088
0.5635119538988318
2.5361363395770256
2.5903165029048107
1.7727489644160803
3.4511145774476328
0.2690434132464862
4.9897254592017797
3.2162561726890684
6.0756864360036689
0.7119596867495726
3.9874992308665256
4.5934848750746626
1.7035954276563576
4.2472841521654354
0.4536464998142166
5.8442700734953252
4.8683876606356202
0.5770233612502804
0.7667749877026201
1.9612094438736225
2.5494336902438195
0.6865569381285432
3.7020811483425162
1.0163442370674867
1.2552583410203222
1.4084759463790322
0.2295274531007577
4.0748585912163984
2.5111977012203912
5.5493325802138216
2.2130345283323956
3.0186010680573401
2.8417534816859797
0.2833337065608224
1.8933087927212200
3.3167210426976315
4.9914494064385222
4.2882924872757551
4.9894900255790215
5.4636711192282075
2.1976354548395052
5.7434717138072928
4.6761932801907236
2.3487371581483840
1.1354994088744248
0.9368134252567816
3.9995411256771218
4.8886941311511176
1.5259501359588943
3.6486060691229669
4.9816338812164229
1.8574928269343602
2.6952334991469256
1.2156271184013279
4.6286002568187170
0.6039889831161253
4.2616388565025360
2.1219494589698868
1.0398295725121960
5.7344009050024960
2.6879001190610503
1.9014893923328109
4.0377606518579698
0.8798375563270561
5.0442139537513819
2.7956972108051743
3.9339935918203288
0.7223582061702547
1.5568051823165530
2.6456694227193411
2.2773046128908883
0.0030096593265434
5.8986227069373420
2.0666133650586556
5.4897130460718921
1.3898763872301607
5.2619707440324177
2.0030696566472161
2.4951328732613143
1.3586713494993075
3.2322900487216493
5.3013551881132761
3.1726279609102805
4.9691787600317463
3.9726209556563075
4.9941263716999655
0.9964374668428979
1.5240399184954623
3.7817354925501423
2.5468711630907936
1.9893000190078574
3.4519098302199125
1.4961535973599844
1.0790258835838114
2.8922811296324045
4.7814158228595165
3.1826401087548364
0.6723100741277581
5.9675968085945481
1.8975013360303581
5.2448423363390484
0.6342757684005094
0.5534414209890482
4.4752858509246956
4.7353558537815825
1.5734246436423487
5.9841275520842867
4.8368360431339825
6.2778969398362880
2.4120557487233767
2.3299744187631770
0.4979348122795365
1.0132349934838722
3.9952510891255568
4.8931105002741058
2.6348630071227950
1.2366551517898465
0.9652394704967967
3.2970853369993165
2.1526107580933447
0.1691205698632537
4.6874544025602578
6.1659161460862242
5.0977629393239230
3.6764638879534535
3.6600393039063355
0.0994554975853188
3.6551556160456258
0.4587248123714622
5.1989031051095447
6.0976294243092690
1.0041514672954803
2.2038853352900158
5.4593759060652509
1.0889929699295871
4.5441648550868301
0.7224324128938945
3.1214865910617093
2.8264882836340588
4.5651484075561610
0.1552279839295038
2.5773363361809203
1.3113411399387962
3.4898325731781905
0.8322998883036372
5.3313352831382881
1.6459717792572361
4.9192631599211856
3.1367035001027572
3.6922782591414673
5.8375544641211965
5.4956440901231804
5.9776303948029810
3.1301192604189239
4.3764541000097772
1.3254891069654469
6.1783008491455726
2.4666001903519184
3.5751549900707977
0.0835406885704645
1.4563796406749741
5.6161441376736345
0.1269296125308783
2.6339172669784277
2.3926975668382444
2.5600652782782229
4.9745216886690873
0.3703215327939895
1.0262273303480483
2.9829301557834103
2.0431522190395102
0.1086217229369686
3.9747805252116093
5.9554001317523015
2.0254760738814945
0.5424796236932358
4.1064886045550741
1.5640601450767029
3.6699268455875842
4.1884283001942864
1.2021945040596747
5.2633597056525243
1.3657021389970119
2.5098764665459239
3.4912049045381575
2.2992717225135362
3.9324117904146938
5.6773837189154488
2.3478062652644573
4.8202295200439336
4.2911751848217055
2.8593495267233244
5.7160104634221112
5.2077814889445770
3.1608247510950518
5.6875997875387236
5.1345276704415861
0.1989481860802730
3.1000196305407046
1.7756048669239237
0.4571986272093670
1.0317613415085007
0.8314237871418947
4.5763278983412228
1.8793496702525321
1.4830081314101520
5.5856298773383024
4.2931674126463948
1.9194413618455997
5.4801525446736603
5.2873296638314411
5.8626556802509162
5.7675876351727720
6.0210568434773135
2.3641500838788287
4.0717310719121738
4.7298145037053398
6.0404238617726191
3.9913053156008704
6.0506881285481420
0.0479822389577993
0.7636950447110497
1.9220806743812295
1.6987263344478949
2.5600153221984181
1.0165964578546598
4.4689828796270170
1.0524159785329594
5.7593324560264652
1.7180177224155528
3.6604931372754668
5.2934512344397771
2.8704928435343886
4.3227114369559558
1.0767842188490917
1.9477793612191729
3.4837504001169255
2.8823665011274926
4.3082809212404003
2.9084612510701242
4.8774923026402508
0.6363884790903966
5.1886690419021777
3.9395808011613429
0.5729033767053978
2.5378045385574506
1.1985058640047455
2.4523443082704754
1.2218070059258761
1.3136665602549571
3.5872842274513639
2.8070426518315763
4.6478951448654318
1.1514055899300581
0.5349323211689870
3.8924433882791560
0.6354712863257083
4.0988157396904734
1.6102835620782523
4.3633259281360361
3.4797822610391864
2.2811708716651253
4.0157869214790161
5.0972546251147834
0.1819488662678469
4.0989203451545801
3.9430634829077902
4.8875031882587896
1.9337010402651560
2.6654564035926875
3.4652296744071847
4.7483825681770382
0.5756709529766743
0.4025885202277013
3.5861360647632026
2.3474328255678589
3.7543833065909378
4.2157010162370421
5.6866824704964278
1.0214025525196158
1.9057253910301395
4.6106547354759631
0.4895094994880838
2.9339321002135041
3.3447547746187953
5.6043322198575263
3.1604708993933119
3.5309349475023746
1.2596148101002740
0.2315642113871827
2.7263618213629215
1.9273817491810243
3.9223349372028271
0.7710909148897767
1.2957140991778315
6.1885984166381673
3.8469335736459476
1.9520665224176015
5.7837651807891355
5.2075801510074022
1.9876650477371178
4.2237341799247829
4.5448240298263007
2.7534637903335506
2.5517238384468959
4.1104775626620720
1.8999228494261680
5.4295348210332826
3.4350502871911845
0.2153923953231174
1.7763825019534667
4.4019627656497136
2.9963168426536471
5.8661690521408190
0.4912247325650749
0.7237960759002620
5.7818508475104533
1.4387922525874863
5.1671366857187540
4.3069638676104818
0.0445541006296572
1.5113604223189143
2.9645747244883198
4.7690685261748307
5.7687227398777825
1.2543685519024428
5.7088685044624805
5.2464116682484550
0.6116520181935323
1.5324623352963447
0.1095212679466604
0.2562243616399733
6.2713266728389705
2.7189367304997378
2.7681414078964135
3.6017572941703815
3.8510140919979587
4.0089770485964671
5.0412582793580265
0.9296049070347905
1.7515561629060290
0.8364298224523449
2.4127784948866031
6.2645276719434975
2.1146123444548697
2.1862423589413074
2.6024065103633864
4.2701941440876698
4.6483034808818182
3.4255423249465689
6.1532211654981408
5.5268397653098145
0.1604841122341774
2.0158068777791240
0.5360710617471908
1.4830263253023477
4.4217888463533477
4.6919678572009564
5.7362632613635718
1.5147091700009117
5.2463224580923500
5.4126726812974839
1.6679887399521083
5.1953519948156917
2.8337056555320523
5.2928540242543276
4.6036750548868133
0.9224632159141095
3.0403577300599443
5.6936701254570350
0.8896626220874057
5.8397788146490210
3.7720816395340444
4.6773331282619548
3.6757583295706007
5.2621118013313266
2.1691779950089787
3.2012302702325313
1.0066387053158743
3.9205243964821870
1.0354485315501414
0.8045884780916177
5.1433388166258185
5.2268781829775239
4.7104266477506265
2.7042930540303134
5.1796689139633427
0.6001174777016280
2.0028481930672997
2.3879997377470019
3.1156771685402562
5.6279451272798156
2.3936878448061862
1.6222447219492087
5.3886214781462360
4.1228132824410411
3.6192699009865699
1.3115344050154296
4.4615583257610600
4.2358888383467068
0.6594595347325871
2.9339858814101922
4.0587218355267405
0.1775673297453462
2.8694684670326329
2.0254111894600184
0.3095317548259182
5.1521004464049431
4.4573740117862508
2.4918062676143951
0.6724959067729253
1.9556417464403835
4.0839677976388131
6.1490889708011078
5.7993257673594307
0.4122685867055193
6.1674084649828309
1.8112947950722846
6.1319390251059032
4.6792469736740632
3.3679518376007986
2.8324593412348085
5.6121386975958929
3.3215580471074087
4.6163097944072566
4.0132481749930902
5.6669498095367610
0.9025741854267206
4.8764728799159336
2.5633036239995119
4.3478170211751417
6.0944191837880197
0.9550770290714907
0.2674420771529287
0.4499054740735434
4.0677862039154657
3.2403855456091515
6.1946656535348321
4.2550099435716202
3.7449921865195885
5.9327751032743059
5.4637230347674839
5.0401613457594099
3.6686779584469491
2.2172014514589580
3.3675037763203290
0.6692894265270910
2.9925357937918831
2.7276157457329369
0.4517992774609027
5.6146202008885666
0.4625396951808555
2.2050887402982320
4.8557803226719569
1.9024702360679184
3.3443811089291606
1.7797632171636306
4.6576604338930778
3.4551427679959374
0.1558277540869253
2.4813340991660739
0.4343709761533040
3.2022910052559208
0.8969271452230410
2.1119892379262581
4.1833924523894153
1.4966608333192088
2.7276036915679183
3.4297405936623182
5.7050189206454718
3.9208113337654575
5.5503495318251463
1.1644929270633619
5.8307008835985386
5.8058817629314374
3.0377828394514670
4.0492507735893364
4.9664933814396406
6.2334241155002132
5.6284363431784499
4.4097638520421016
1.1647564818283132
2.3752405529129694
5.1472725243696447
6.1844072017868310
5.7672724323725850
2.4985858020370104
0.1090343805532450
3.6696930503548773
1.7792998284149717
4.9915167093181418
1.2353104266577617
0.6110152033721541
1.0015113801838662
2.6979349338176912
1.7092963933422378
4.9867791517344306
6.0977446286091164
0.3366017982853419
2.0257287873013849
0.8750433708955886
2.3817005024629694
4.7633195186795767
0.9639620180545654
3.0091657176385129
1.3402812457841120
5.1846799385994728
2.3525793316643022
0.9592923663951894
2.7682098602187679
3.7068582648934747
1.6911545059282271
1.9660785096601143
2.9132594947970025
1.9961178248841023
3.8096134200261411
5.5302269800804655
3.9627535212390690
3.0030453783009459
0.4385857708898593
4.0632383167902884
1.6868457342899643
6.0593749277667515
5.3427936241710965
1.0100640933932925
1.7846656061209953
1.3047518312747153
0.4606577484977160
4.6810543800706723
5.1455387531493182
5.0821058228710223
5.3656681599794345
4.7730662815150504
4.4130036165709452
2.4710582536353707
4.6175116190905596
5.0064171782221578
4.2924846573198163
4.0238264487552255
5.3979501420560334
6.2491052929197490
1.8311226378613523
5.0358912847350314
2.9802125675995330
2.0388367762603337
2.8531105822833589
2.8474783800672014
0.7877682073211246
2.5470097220035535
2.5676254074661271
3.1980567647131641
0.0430519201823746
3.4286641834604925
3.6755288630398693
0.2346635240539169
1.7981610396775016
1.8707520485124918
4.9473121728165603
2.3500341087899952
2.6598734809834412
1.6979963457607281
3.7267190155384089
2.2554429455693112
0.9251441774063218
1.0492824921767201
4.5620188445682626
1.4853709085230633
3.9524732360430526
2.5611857134343223
1.4009981582161484
3.7441885854643089
1.4628052612335374
2.7887039146109824
3.3138535154294941
3.0175226543502500
1.2866402105712214
5.8387433759351479
5.4765509903857774
3.9806640623203076
4.4870104072601729
5.1630725059271549
2.6575193052346067
2.7886436994066748
4.6600073486351006
1.7640347648253478
6.1952669884771794
1.3984964432718459
4.5069911171337651
3.5000061775936269
2.5110335748785340
2.2715408573698777
0.2883722839048405
0.4691013143799527
1.1300818348890360
4.0848976011182270
3.3552418545813678
5.8809782899511980
4.6703178107886343
1.5721906432008697
0.9686363096705568
6.2173896248423146
4.6254709350327206
5.9752588640992270
6.1495497630949867
3.1472509208518962
0.3488978777668569
1.3934146259989622
1.1855822428635479
5.2737189224309917
2.7709631362191791
3.2427413003765562
6.0831181709517610
4.7167564656558758
2.1693112263541359
2.9756968627938774
0.9615135935791856
0.4698364316652942
0.3058917794977464
5.2446333560757363
3.6840072770411028
3.3573251979480401
0.3960635838083086
2.8876589886486927
1.4317619847792249
1.2534963661326404
4.7180135187714267
0.7448015227970795
0.7268610678920724
5.8387891145733848
5.8080590411416750
2.3462170835267995
2.3515123054933267
0.5143198752636738
1.1970675308676326
0.7801667940808039
4.6530122136396317
4.5500598885831147
6.1953779044555235
1.0250487862495361
2.6674196971922410
0.6981783101413719
1.7078673522333367
4.6351856723041420
4.3509581086830931
2.8711198900080461
5.9663246957040910
2.7905511062316846
1.6474394128338685
2.4096214989442131
5.0100301516616952
3.6447629353313387
1.9711062971675899
3.3211055703596108
0.5674771281624574
1.3713105767777312
5.7134169558934547
5.1615431475451912
2.7701901329361389
2.6152469382620800
1.4664504746627676
0.6578544242488451
2.2465107941113831
1.5098025871472309
3.2165935501215883
5.8306068121538424
1.8841996507150502
4.5877115925092680
1.8685784546613726
2.4065841154857535
0.6216051886283208
4.8124693500909057
1.1722776701866859
5.9524279524914085
1.7637061375355665
4.1982383113187023
4.8490400058746168
3.3373095615059447
6.1503732001526794
1.6112528173289160
4.1519698392957034
1.8264041104363486
1.3836555738263365
2.2672893986168363
3.7920457476664589
4.2063773366725057
5.7056449328465799
5.5442085788476447
3.2343734460390143
4.5574708328918216
3.1361349293840610
1.8698422316834880
0.7525901710594494
5.3118850619462448
0.6281277297970098
4.7147612875901270
1.7857206508996135
1.4063272698063682
0.4653991132959716
1.4151064530612065
0.4494841110238501
4.6273136042075160
1.9299793648414019
1.5158868703408348
3.9464087183513055
1.6484388138243034
4.3863188637214856
4.0561401401167831
5.6414214948357353
6.2304453064438805
2.1565022234455529
1.2439233840929174
1.7016199263166880
3.7385478597466646
1.6845608735385094
2.7886959966877769
3.1571192951780644
6.1708917927294893
1.5212125359999542
3.2570781914716394
6.1044196419029770
6.1926576154629389
1.6897817488059768
5.8046992626752330
4.1317694831485907
3.6303506661583720
3.5221917156216263
4.6548532111971612
4.6717909608557733
5.8846286153686487
2.7845222743594364
1.4003297338449274
4.6798810497008985
0.6535241283306530
5.7882501422329913
3.9480873973767308
2.0247833601942404
3.5439260136490862
5.4043631941339996
4.5810155514737785
0.7584977399478027
5.2323292004017876
3.4432611094300589
1.2610470945723768
5.0392219116781733
4.3989646040338508
2.2738055181856573
1.9507589849024183
4.0109076315340486
0.9796842608210430
3.7697952257626204
4.6486752299701317
2.2683656379871531
0.8546744754576111
2.1615790673829647
1.6868722554427842
0.9858131518425952
4.5309337806628935
3.1963290490030132
4.3798958053131027
1.4722960685422328
3.1927426146621061
2.1898801186132819
1.1501077131676258
3.7760214493757873
1.0797959991977446
0.7331674441568583
0.8132109641382520
0.5518592041415256
5.8422573871670114
1.5289308261914372
0.5591217722099850
0.6931410502381437
2.1554872856200022
2.6511452154491968
3.4155034308436192
1.7474387425719027
1.1980596255957900
5.0722693358470945
5.1867598202442284
4.0316475751823004
2.1029544256817494
5.3886703739152946
5.5767359540935253
2.2807722754192392
5.2939890759235109
0.2241502909991625
2.5385361399167365
5.1303757671875481
4.1046726046509345
5.7245927338845597
3.8964257827525404
1.3918540666694668
2.9480432285755476
1.4921404579964299
5.8073085730796636
0.6046144740662561
1.2808163487179105
4.2893834099120882
3.2427107555295862
4.3046817823826551
4.0760158682562482
0.0777332381719948
1.3457709831693776
2.2516292913545350
1.9001115409612683
5.4760965967464728
4.5512594543783109
2.7686802963123274
3.1803694303107184
3.8482942158747671
2.8422236193063011
4.5823746416923798
4.2962691663754153
2.5618652978525454
3.6638899238040241
6.1656123142021428
5.8469580486348969
1.1915204870509304
4.3144006320262251
0.2400301680664226
4.6017866349122407
0.3941715377430328
1.4737706451266157
1.5713585738809874
2.8559921534318122
3.5062089299209616
0.3202180440468770
5.4955415245415073
4.1554765632331430
5.6452184149791202
2.6364944372318653
0.4638698384633608
6.1004119861648762
4.9588111428129267
0.7956527747674935
3.3228490743907164
4.5568274947314968
4.2542922528525944
5.4327013824687285
6.0569085965000555
4.6735693978518915
2.0624837522614903
0.3317355914579491
1.8769691690185466
1.3444567684983295
0.5890259139065412
2.7964256592227552
0.5827585815024232
3.0135790827049220
1.0803394709349903
3.9601800228920587
0.3426420898336585
2.2406879896743055
1.4062331873548239
3.1638820873316664
2.4002275802976194
3.2669761633459822
1.7516948981173719
5.7211879391428075
4.4691266904974896
0.0487732745166679
0.3010590222793874
6.1146910885438519
0.7353805257696399
2.5027445135932869
4.5033350208545526
2.8969721868095735
1.7953516908616665
4.6665183383176227
3.1880498516779383
3.8867217736473063
2.8137650113098092
1.1978958836144178
4.2503525353100411
1.9781629943695609
5.3330676947963740
3.8747660883890047
2.1985361309558984
4.1245285417597009
3.1183784236346885
4.7480689973917976
0.5211980128965362
0.5482539197884503
3.3067847518295510
5.6461582647071706
1.1390183423327531
1.3026012827394038
2.9601468866285128
3.0086864781832956
0.5547745089801479
1.0631499455158837
2.2448647433041899
6.2491863072323506
2.1578623460286663
5.4766492606196602
4.8728427770755998
0.5391022822903205
1.4354556599455186
6.2086366129343293
0.7061933042583741
2.3772726014999876
2.5508981035542084
4.6059956491853926
0.1085160511154693
0.8489355170852084
1.0221062553790963
0.7692647289219691
0.3450459969360677
0.5491041394417258
0.4279106478690134
3.0799215092610028
4.2536966243707885
5.1143071471562216
4.1668496484278439
5.9978215907996111
5.8459518026630368
5.8516498720930672
2.1967342858252796
4.7554990809647251
1.8282159473812609
2.1142210614304946
4.2957415558534517
5.4182206804012356
5.6393447563842827
4.2697953709879570
2.3539187846096583
3.9659038275997700
1.3039017199802405
1.3330568542390611
2.6805485034940353
0.7530906751780422
4.1059209189804875
4.2728439061306132
5.8367569497013134
5.1431894511826259
2.4692408590096209
2.7034372291610747
5.9347081911421489
4.5401764461454182
3.3960959339835441
0.3091850100866294
3.9467884862627240
6.1028779481700299
5.6871072342086784
1.8456576593738023
1.1708917223658006
2.9015853159498732
4.7601671651398352
1.9561245873145587
4.0753996640930179
0.6211360312221080
2.2686360554363865
1.1674599740805369
3.7580337499060268
1.4556605161456744
3.8364185867385405
5.5230704275015707
4.4776011655488350
4.2112301947491462
0.7211810574197794
3.2024052884515193
3.5641177434718934
0.2385692205540345
6.0644796062447961
5.8402242541740348
1.3050458786249837
3.8315405732072438
0.2631113021088443
4.6813301310084210
0.7385633050417267
1.9145665004648591
5.7354044395552295
5.5321839524347487
0.4696524112214615
5.3299943686288547
5.3210111119081809
2.8898669609235728
3.1702502407883402
0.3643857144896845
0.7587279085138313
2.7080653639455008
2.0363528790837253
2.6113606375643861
1.4054374190347390
4.3208702994038140
5.4532054810832982
1.9655735016342539
4.5918952301889044
3.1957462146344433
3.2523887427644049
2.1162020773941648
1.2756892043074948
5.0088053234260386
1.9818172275823467
3.9889682274729386
4.0225887694369318
1.3655410798748631
4.2389309316669523
3.9900383005842630
4.7605257604165248
0.8806559784615181
1.0028644008745968
1.4331683279931524
2.3450033114119253
3.5572531173002422
4.7090273306965766
4.0001481686711688
1.7731940669054287
1.2632922540157798
2.5756344812557370
0.7976977146546348
1.5062750784109806
3.8124523624044286
1.6219400019497159
2.9993706376185680
3.5316827582097838
1.3011868586852866
0.8671809589978051
1.3739030600841196
5.9399374862104510
3.0017010715067025
1.0495145556524286
3.0679140276852066
4.5291532278811735
1.8503624451423371
3.5320758954531000
3.8624121530076660
2.4007752480664122
0.4145909461121880
6.2681319813594758
1.7191218476692443
3.2608169466504662
1.3787642835651344
5.2773142428064714
5.9914279648019590
4.8277607542892422
3.1549981189716396
1.8368699472206793
1.0225837696084070
1.4064844527462159
2.0629604707582709
2.6540320714741750
0.1693041365381956
5.7104334559701417
6.0419119250152011
0.6522793341699260
3.0530231194145645
1.0561504294900044
1.5349091822833776
1.3272747185435827
0.5136596210516868
6.0409701596090359
0.5117349265001040
3.7732502362704996
0.8372951324776974
2.3093734170831342
2.4123747119679049
0.2761629347536538
3.5175766244473445
5.9105661087504959
1.9582813781187114
5.4020563152429775
4.7979168971039714
1.9852690352421549
2.9869907354275536
2.1615251849131694
0.7726207698014678
5.2525988583911758
4.3654799612828050
3.3218747269888622
2.2279075649434796
4.3574824323080890
0.5302341238558184
3.2649850241348339
2.2495229838413460
5.5655512157123876
4.5781759691160646
3.4106986438357310
0.5036035494374558
3.0321375536462183
0.4558102918120477
4.9590449036577420
5.7480076498355599
2.6233836029573756
2.5954372597571349
0.8208566620639073
0.4670644195777394
6.0409071032886494
0.5167892645043082
4.1367505328957028
0.9853876995192727
4.3132835895356925
3.2790095181447136
4.8260623064400834
1.5502156238314375
3.7187765214625514
4.7655733747432754
3.4436132062135321
6.2074035215712513
6.0258669434320264
4.9929420570948189
4.7036768618035474
2.2772039793226146
2.2491125032674941
3.5588086927446159
0.2218892837632825
0.4777056808582404
6.0687564127478151
1.9994049078551057
3.2632041677188566
3.3766495592656165
1.2094025601395579
1.1149798365394983
3.7967585024936068
3.8867371810214610
4.9169948766646092
5.4534722101651321
4.2312571339690255
2.1562014286585165
0.0141069812572986
1.3876379368557592
5.1506458005603788
2.5867074806851553
5.1050937542939678
2.6000589595089783
5.8910178349255027
2.1862275220295864
3.9028667237681631
1.6346563721524425
4.0860391128238334
2.4594101999108280
0.4482702046431689
5.3714945736675856
3.2990139625154788
0.7109560680823105
5.9793471948231822
5.0487208097500238
1.5862945907611721
5.5229700293148323
0.2660561927063550
0.8838827116115042
4.7981484640539822
4.1536794542652977
0.3960856265751272
3.7768331454761754
1.9859286749015945
2.0046270467331966
4.8492027097866792
1.9899874222114859
6.1157958064468749
3.6622172470528311
3.4410761615473864
3.9890413626917729
0.0451429066219641
4.8571391648637192
2.7101883457010105
3.1492418341544770
5.3526208204661661
0.4113700763108131
1.6404178793414335
0.5659351934536198
3.6459854120860564
4.0943131004846327
3.4392090438174971
0.8437709891144221
5.0411769069252124
3.6941237260126463
6.0299170206607693
1.2204608675465041
0.0793560167429314
6.2209943343292062
5.3848552385899495
3.7585538414036677
5.6816354927444355
2.3384279466452638
2.2881945543523705
2.9016142817463133
0.1633479185846091
6.0738631803255911
0.4936633276937056
4.5623337837718161
0.3769324505715452
1.6623793729773042
2.2741956213753021
1.9729091200736406
2.8485968217410331
3.6570256550280491
5.4484138462957716
0.2247709855456507
2.9975022487136136
4.2878506321574577
1.2167858729197689
2.9204895799933417
5.8206855941115609
0.5278583869987306
2.4490426728598913
5.8442407155747480
5.3834075267189165
1.3236513693982714
4.4025161758892022
3.9344545314694224
3.0362364214646336
5.0798427754165854
0.3042884552501655
0.4479179643653385
4.2187393517958327
3.5713590136688826
4.9236582647950922
4.3246666737572399
2.9843859232577921
2.6370040797114265
3.2682270374944218
2.4278455080523424
6.0690835108787651
4.7243437070663745
5.4486580334019381
1.5479548913677290
1.3667023445551560
0.9491376524934777
3.8426590787821300
0.0199595172759891
3.1730046698342389
0.0580675604937134
2.4514300340461346
1.1292169800175296
5.5962272098059751
5.6876325654624109
2.2090350216220846
4.1175617037639718
6.0064319373334989
6.1978903531681340
2.4247400204073739
5.7122030753676336
5.4207455023099840
3.2887975621653118
4.8138263777178789
5.5333461053294632
1.4851092025944483
2.3738446314390105
1.1713185528734538
6.1850197900355797
0.1218228059411972
1.9061225371727484
4.6317128923761945
2.7256270633895459
1.1626672627605001
2.6532047218238533
4.8789090931669223
1.7723189143636777
3.2475265281932066
2.2824579777932050
4.3328986047746678
3.2039148140480549
3.9458411829810509
0.5057184801790707
0.4007510728334838
1.4566960253051342
2.1801405235040301
2.2403148347412403
2.0371001006463088
4.0537019239637342
1.4942536183117010
2.2572500645253135
1.9655277428650966
3.3826504971910336
6.0518236078994638
0.7051269121790380
0.8159615257565281
2.1043985905605211
0.2608259708795213
1.9433824745993691
2.7656694836373554
2.0883550876981429
5.8056019016640414
4.9720779995267348
1.7552415119761078
3.2152959220773125
3.8312185049352401
5.7724909338205617
2.7503908533488266
0.0208435224709194
4.0483115564714307
2.2524903698070573
5.5564408685590863
2.3871800352705863
3.0792897131211081
1.4008109347926543
0.7595079723205199
4.8505724237897363
1.5002431538291896
4.0909603633174516
3.9414869635635470
3.8543182735934023
0.0876157715851360
2.0739731034252622
4.4535618415281037
3.4691928221798269
0.5276221359312052
5.3661005083001676
2.1690490998193699
6.0324159025312021
2.4998915814977072
0.8734867890209157
2.5127440044988028
5.9228708049090679
4.4061117596644053
4.9302517778531723
2.5388654850008794
6.2574054922909230
5.2529095630313787
3.5762127560218073
4.2566394732966506
2.4254365289149686
2.1950175089486708
1.7107635631917639
2.2539542433850190
4.9341027048246913
2.7889993336668883
2.9401107338500099
2.7719997118318078
4.9217927608724548
5.3537363465662526
1.4436550693068930
3.7873928531786025
4.4461686530447473
0.5028568007530293
0.7735855301504331
6.2297333115433267
3.5219960240240331
4.7922808110265764
3.8574384577488434
3.9132677175401898
4.2703876472001170
2.2302847103013810
0.5028495434525758
3.2660793312803000
1.0516924747205629
1.4385234482806759
1.6379805954443236
1.3373950682570563
4.8763896590657581
2.0033103201945037
0.3514004213941288
1.5918811074831298
3.6682953283451152
0.8940669105294503
5.0715654855401420
5.3150023670743352
3.8009390666523220
5.1245666017837808
3.0289632960472344
1.0038960831422659
1.7387275029712368
2.1421969822763818
3.6463638821049806
0.6971227335980206
2.4414313254525326
6.1341319590651384
2.0572237270907552
0.0113021434367381
3.0437791272829378
3.8464459867005858
2.7955652521731915
0.5604215791575992
1.2132795979457298
0.4834911939491693
4.0385344400238283
3.9064087911444343
0.7074892611473114
5.0793554451096181
3.0888923986846777
0.4879900371875916
2.1716335264975077
2.6821088780679725
0.2494263702342703
6.1714162140195663
4.7262847469043292
4.4455795570440886
0.6121195836563954
0.3808909301733565
3.5639094323877458
4.0725865716570144
1.9632472937921819
5.7361137677499370
5.1805614035981726
1.9229982537102468
1.1233375214117907
2.1018031913451929
0.5675085935762642
1.1708491164877548
4.3927664121088732
2.2703010060102917
5.7064057362674525
3.7537013898215652
0.7466701348829066
0.7736155536887934
4.6005739774987724
1.9078600890450661
4.2934051447079442
2.8600027339882872
0.7025616332326884
0.4561449358681148
0.8508481715998967
2.9302517181319114
1.0040126413497539
1.4478048236153200
2.0242269782611073
0.3188108522351154
4.3159531034667795
0.3356410428887298
1.1858504532780538
4.8766686848210652
1.3180039173279952
4.3228206439306787
2.9188038226964932
2.2858810676856041
0.0853225494112069
3.4496785508620129
4.0839795614278831
3.7328335427219801
4.8967573872877086
1.9324216482427605
4.7286626466617836
5.1281015454187333
0.2763036530567438
0.2842428413924897
5.5153265916056187
5.8067256725033189
5.4695300507051980
2.3525563675445476
1.5935982226131813
0.5837723463004868
1.3088952726329686
3.9913627655231578
1.7531775520741688
1.9266469199861840
3.9599513466780496
1.5985157051604371
1.6575066377811469
0.2127698407809674
4.8094614970254028
1.1265875739052571
3.6164368397325224
5.7772159991422471
4.4285912919389467
0.3749213630543591
4.0715439793198156
4.8524278674467984
3.9804049083864825
6.2325589581095215
1.5298308743269891
3.7065448853036003
2.1920761481425814
3.1251254696508819
4.8102970792326936
5.5806078640948851
4.7954388079066215
3.9267230326907483
5.9004340379324862
5.1004557515961730
6.0983717689182724
0.3796160338260908
3.4792301958115974
4.4699575032840055
3.7390591242696058
2.7972742511649744
4.3121774587676409
4.7335120142979328
0.3779008899327998
3.3743975702174205
0.8790802947910692
5.8624419145388833
2.3841129023455263
2.6221900181347833
1.0627638381027775
1.8151235563926895
2.2163014514223294
3.3218461030554072
4.5561181313854995
4.5123160648962850
0.1251777395688482
3.2061029249480044
0.5963462200413162
1.4052677650896683
5.2209509850959037
0.1063618494299962
4.3028426781141880
4.4494299618448014
1.0699971756892692
5.7332308254933197
2.3338453569951585
0.6180713912600064
6.1028458008553841
5.3826267981592828
2.8976678697014155
4.4863157768025435
5.6252868264561666
3.6815654957591954
0.1763267788475847
0.6966012968185775
2.0808493955863718
4.4535962507633258
5.9619470891721180
2.1341273605803268
2.4505065685786884
2.7664809337985083
5.6136460578006213
0.8148517015670330
0.5866995669415997
2.7266492615492295
5.3934776788978711
2.1664400219966975
0.1024538929784191
0.0027619658084417
3.1023781279924330
6.1130343337918198
2.6443690778994537
2.4736414224966827
1.6845758924491567
0.1940444270159507
6.2276221484827161
4.9989114732515496
0.8858774096209840
1.2608736943689260
2.9115468624184042
0.3008761947475148
4.1198093588358136
3.1920372375023143
5.9614858426815776
4.0718906478197159
3.7511985284730045
3.6884307379792576
4.6456033163833119
5.5388350577954393
3.8973391259701304
1.5568037960675678
3.1211522006579639
5.8330000220946641
1.3416274310110947
3.3626681053300209
0.9927481757167242
1.4056272470419338
0.7287283129567423
0.0332172389817802
3.7487104267036631
0.0960390292153274
2.3488502291639426
3.3215957233160047
0.3820866121239034
1.3556100370910658
5.5848170202699343
3.2165659452927007
3.4829473159531408
3.9106403486250247
4.6013009297880885
1.1322371182687234
5.2576142621786417
2.3068195100541939
1.7332768125941183
5.9650561237416264
3.3195728643070761
1.7277129588594775
5.8803621463683067
1.2263081916106124
4.1059245935601005
5.3904468478419272
3.9228648306894698
1.2319636455309082
1.1410466192659683
3.1956758841115684
5.4427916571943618
3.7094889863608405
6.0930607547528295
0.2954549616372087
0.5391663102904339
1.2031586557995537
4.5621667412688653
2.8193173817252712
5.2883382951257856
6.1337627812242612
3.2805341191219934
0.4255705970896168
5.7497594653606896
4.8932092627004460
4.8074599190100384
0.8031929946138477
1.5401438555166005
5.9965010001245025
3.8619265279380284
3.7657046417722140
2.1451946515613387
1.3325135242159403
4.0615318964505889
2.7779012755727099
2.0822967690877219
6.0839649374971678
4.6508236273343506
6.2316322091578442
3.5485646841497727
1.1562225717717161
2.8923038826256096
0.9869196610410884
6.0285542000020769
3.6590323572809096
0.7960026521427254
4.0289277425658119
4.6635818335527404
5.0583461318718586
4.8645035825305545
5.8200506491927566
4.9745001287427959
2.7011802249935490
3.6782989487479680
3.2545655321009606
4.8540354647225747
0.8316610966610535
4.2590966078336336
1.5022223178531651
4.7859702674979685
0.7640205221072236
3.5010781886940952
2.9104192827568469
2.1346223462495435
2.8381683497135994
0.3428034670701932
5.7334276694569519
5.6376061845579919
5.3887013878499443
1.5999458572991390
2.7961748841408616
3.5787453094637387
5.4938260272465609
0.2362053515104475
2.2846561690123228
1.1022846409716598
0.4149354275318811
6.2414725994916891
6.2698954698688629
6.0125135221451727
0.9674132371048774
2.9590208717295914
0.1883763500211542
4.4151208217047513
4.6181396273668422
0.1975090881942533
5.4461553784565400
0.4592818724088118
5.9154259057518814
2.5954201456638910
2.1535629812199062
2.9241301434061038
3.4786333721206240
2.3596153182542063
4.8995362572302188
1.9513152494328532
4.1591035798105587
5.6561310856046170
5.0323209625718066
3.6929063715436570
2.3578242861418333
6.0642122548030759
4.8908313705374384
3.0232012164660325
1.0469171496995691
3.2617341039206096
0.9355982008089642
5.6947719966301200
5.5171637419644410
1.4208419365887814
4.7625044783825761
1.9747988106419885
0.1088611678158717
4.0654458367572186
5.0626762576540241
0.9203505470162937
4.5051606995934028
4.7733990910559525
4.1128568198769582
5.1666158282052779
5.2374739672567889
2.1820858488642383
4.3553172284255322
5.3658773379741609
5.1131248177142181
4.1190029763384235
1.7347778251966610
4.4192453105154836
1.1908001627239833
2.5174875249683484
3.3965127525065975
4.9119174732358726
4.7487828472826212
2.6533788126194695
2.3653590624205876
6.1238982634165993
2.8880336200458898
2.0518814091395750
2.7547254022422476
3.3038208438101972
3.6522876248875527
0.5628876277880617
6.2790731668878408
1.4104501879294786
4.4706681851028574
5.8153015675981727
3.5391629629512305
4.4825127513571736
2.9498129935089219
4.3838210669405155
2.6381333849874635
5.9506804418374282
0.4463017094247694
1.3263672570860845
0.2414801634725313
3.6630079434058267
0.9589770710241485
1.8266408007555670
2.8050430205592423
0.2544911715374030
2.8093920259960168
4.6464962170061765
5.9914536869912585
3.5437260410444686
1.9122236505777579
5.0062178155772052
3.1112679588221059
0.3063115668497953
0.5555729450000008
2.0095675544358071
4.5490792766214199
3.1654640372737912
1.5188863524359884
0.1635183273201007
2.9090244013279953
4.0408160855782524
2.8254853218135842
5.1584161407411511
0.7507342545826420
4.4896496120232801
3.2380891068831024
5.5091341651480850
0.4040413412052982
5.0430292681298523
2.7036452957076569
1.0436373265479133
5.8955697645452432
1.5544508608866214
4.8407806920287522
5.8617365993084611
2.8093292363576801
0.3392057183149796
0.7102431474588273
3.1784051439881060
3.1805733370624432
3.9881741763756824
1.7190213445858959
3.5686339700674092
1.5048426694277217
2.3873277723517119
4.8860723500412755
4.6443420428634656
4.4038635377469557
1.9512087838759389
2.2896203408637699
1.0624653728376448
4.2298514189216441
3.0725358824063957
1.0400666892271748
3.4634191721562360
4.9381541721772590
3.7671833907335359
1.6539759141025576
4.2109211962732367
4.8882400087045683
0.4156108679133547
3.6204602131745540
2.5353083481269691
3.6369717017617127
0.6445895268824081
5.8823623114855108
0.7922330080159371
3.2067121519661552
4.4725061149148928
3.4136728397221954
1.5015760605516455
2.2312247911173668
0.6459945826033082
1.2995841316308170
5.1754023198083763
5.0199171134194849
2.0565694311511038
0.0480056764124011
4.5409560928344161
4.8323750159489567
4.7887403809058089
1.0439984057610692
6.1319758526834702
5.1604944690986585
2.2857958514082211
4.7477370779966508
5.9786374635307524
5.9878766707952549
2.7651002095675437
3.2892546297412792
0.3565023484255610
0.6465918133189871
1.1216114818813505
5.4129159716480659
1.4208875399121446
2.6931691203409667
5.0011588013401260
1.8752920410458940
1.9682298954243616
1.0855796211097439
3.1832281527243103
1.0257180601706781
1.2906571348882505
2.7762277332546192
1.9643908714733604
1.4390810535213778
1.4764556806690288
3.7713018102667104
0.9355482432628651
1.7241231802785975
3.0586944488002192
1.0990918779700825
5.3041249712168810
2.1675315427308051
3.9917142656278273
0.8113324395823006
6.2143461837243965
3.5090440278160582
4.6270776841950179
4.5870398235831615
0.1940632490680967
4.0569836021365626
2.7435352240408730
0.9488375400501066
3.5988609474389146
2.2342361543593880
1.5210679396444273
0.0363102649020640
2.7633765800921091
1.2500720390821749
4.6416948478404327
4.3732674038694173
3.8557769605698122
1.7186373315998342
3.0776170287293816
5.4737585685906769
2.2738338062270187
0.5729404798075930
6.1931365405981520
3.6454145365437487
6.1654968665948431
2.1843223617831975
0.0233734015013825
3.1979641790086970
1.5662173791201683
1.9707601653072702
3.7698583119625377
4.1981346276124638
4.8148225196277830
0.7472017794632341
3.4253008968502776
3.6567200978789964
3.4104458924665195
4.5889355071838676
3.6177148811882534
5.6213363469338153
6.2481772628702030
5.1919346536243323
5.0376771224225161
3.1639628143892766
0.8496957095984525
5.4217635820046688
3.0961594176765659
0.8189173435888316
2.1241555807411427
1.8281868975372682
0.5925666515354562
0.4893708784723703
4.6258834054253128
4.0350392577586431
1.6549681898697983
1.3532532976939367
2.8745033394116368
0.5594052701065330
3.2458712964656424
4.4115945814307702
4.7399968348218131
5.6255491322611633
0.1709233337997742
2.9001415166071562
5.2666881768550633
4.1315735249621364
1.0139015673118490
5.4630949568078169
1.0158109281821632
5.6812381497326587
3.4646294499370933
1.7451904201378667
0.6001656189624098
1.8118441781959558
1.1580286425708781
5.8017762235011272
1.4270277129084097
3.5123954421855164
1.5750736724757737
5.3662731242937181
0.5904480349970492
0.5963194935262576
0.0968901001930568
5.0466404540923815
3.9406995242340268
3.0522131159280144
6.1559648679631209
1.2089592924368542
0.1159294606619996
0.9572816863771670
0.1282416073675299
3.2887768842434459
4.1294625960971736
3.2631493157894735
0.7749574627801692
3.5751163879162964
1.0976043341728847
4.2643741649954343
1.0365500494290505
5.2051463270917768
0.2973848983199153
2.5219170674784577
6.0978139370885520
0.1455897922196984
0.1789046927826667
2.8290856746496917
2.3792195088471417
0.8495238994403080
0.7784803704305576
4.5874958660895819
4.2556092186823493
4.8741373148840550
3.2051090677606271
5.5851963550987351
5.6829746680485886
0.9374837099168101
6.1968148838704042
2.0807365146988475
0.2528827402754803
6.1406238536865487
3.7700457740199167
2.7187992518557982
2.1294700579411243
0.1608221640278441
2.6582730929018714
3.8793395302727749
3.6004345374310707
5.9801894532208566
3.2756990314977843
1.4519873931865455
0.2292275487551157
5.3696824310131106
3.5300122504536446
5.8337821071022669
4.2826436805798096
3.1379083669928991
4.3216525136571198
6.2766982639826026
3.5975040434604604
4.0545268475067484
5.0324289031213691
2.9445102942525079
2.8901887731878619
0.5836378408444828
4.7339787739523373
1.3635245438238111
0.6559188779096412
2.6537763672931498
3.5273473593397657
0.5238510877981568
2.9646942495578141
0.4129645611943208
2.2004734933867245
1.2325745457423316
4.1122144197327763
1.5889494380608815
2.4237071437164062
1.6103693120765026
2.2400423299331749
2.9869409937113165
5.1004964555787700
5.0135848727060903
6.2299544961912021
0.9807710332655475
1.0576822568528481
4.4919906368360616
4.2964375041162999
3.2825869522243587
2.7680893247055520
1.3762022749334217
3.5305150338565627
5.8370306491412318
4.9149542897214271
4.3131743053394631
4.2193564436207556
2.4875879545977817
1.0388558508632977
6.1664907751279827
1.2442230758227848
2.9218545634308914
2.5071727198418809
3.6582662398526766
0.1924231763903849
2.8815874130862817
4.4110821781731699
1.8708020784725377
3.4511638922086805
2.8265232370236411
3.3566275948174495
5.4177035157791886
3.9054257140367263
4.0530923104799079
1.3053912669124241
1.2070240945985096
0.5936178955996692
3.5945361990538083
0.4812866161744753
6.1845203052635149
5.6842277044276353
3.5898154131105371
3.4146418906773293
5.8611033202565652
3.5465882330293024
2.0410411639356543
4.1749988855895213
6.0801595901897683
3.7256245559584662
3.9544714053262986
4.9421933417269672
2.0401029153154751
6.1731391282182466
3.9425174638080716
0.7543978112390194
3.2020224607844270
0.1965487930988443
5.8823503755972792
5.2345327121604139
5.1083508981953036
5.0178782910310167
1.2409501349183267
6.0020998172438400
3.0595298880914119
0.0653105096128562
3.3142598168554374
0.6938882198650873
4.2914751956945487
0.0039725514143895
0.9973429738866271
0.2371177719639559
6.0940591495894809
1.9906639361812866
5.4210382173572977
1.9104100011404228
3.3887262614856701
5.4035601142927900
4.6561585382518622
3.1040390085538889
2.5259135399729589
2.2107889709265827
2.9701829829380673
2.6847480325163393
4.7961433319134690
4.8385640477145815
3.3155942565304164
0.4991319734955094
5.4530190046898985
4.4897886719194746
5.6413883742837267
6.2251161396236396
2.8631330903229384
5.4531721743567827
1.8814901547009248
5.9556616923137629
2.5978937238342210
3.4756573960240287
2.1530015928952655
3.5976194341226226
0.5108636074398766
6.2305539342684408
4.3889269312980401
1.4686129495790692
2.6629024811133912
4.2501806510993729
3.8567499782300128
3.3399697733438818
0.0783352306572391
6.0695715337759442
3.4790571164471653
4.3371481505468781
4.7729334844832900
4.4018737239425292
2.3475390033550285
4.8935513273457492
5.3314382484527147
4.0497878326315657
0.3638980104460156
5.9176299036964419
1.6204684748654163
1.4890706440351036
2.6891449620092280
4.2448321636907798
6.2353966128126039
2.3747693446579468
1.6598967562685618
1.0197808563136972
1.6645728416392556
3.1810693876354890
5.5071798572716331
0.6030389481274457
5.0084254698617352
2.2113832574778689
3.9773237669741039
1.7525805026400345
6.0895007631416203
4.9122139919968806
5.5986361429255247
4.1874817200439134
0.7878760337923766
6.1990387879005659
1.8589440723448407
3.8108532260376857
1.5803383448583326
2.4716345296206517
3.6554914536760958
5.1751589071973303
1.9791395916526111
4.4898889551096302
2.1180498950092126
4.0634522245804829
1.0028736919931633
6.2218336068816198
5.7819685081984966
1.1902441844407188
0.0889340515880006
0.3297920521519423
2.6739601936161264
3.3602899547210772
4.1986257949952970
2.2469914788956440
2.2856875493882152
1.3989175036310040
2.3505053358560355
4.6649059451274910
4.8320823469246541
6.0489495490408176
2.3086170522603213
4.2470414516734172
4.5995363876915212
2.3663293319259062
1.4560654275389100
1.6217566356303468
4.4934691536443943
0.5369586406909179
0.1243824872869728
6.0073655468650076
4.5461027906878728
5.8331160395400685
3.3850071220258706
1.9535405347948536
5.9691948490108464
3.1237718074254301
3.0418347329297704
5.6647400523879909
4.5227026725179300
5.1416666670804938
6.0702440001055722
0.3054071296601528
1.2644490540162434
3.2852713550993360
4.7743191407283891
1.1370571319993050
2.1532942606656666
1.3885522257953189
4.9401956061651102
5.2907805103099284
1.6361562975496500
3.5640277859268275
0.2326509122622566
1.4270837523328734
5.1241238072048709
4.1822140259414651
1.7118872151729381
2.7691815252307803
0.4953764647654238
3.9147817089103487
3.7203084433331934
0.6081646066474705
0.9180463499123074
1.5296392672845451
5.9043460826058638
2.1244631328574832
3.3572155634271774
0.3750471808172157
0.8186099397833301
0.8889938677913288
0.5575084958681238
5.5300852610354339
0.1128983098088214
1.3366001296212682
5.5857549073849286
5.1423648665165098
2.2904444476634804
5.6233934921083861
5.1456034941433755
3.4576597792390475
3.4025544132972207
5.0142981658266859
1.5300391900708536
3.1266287536374149
0.8156164816639674
4.3705343565478749
4.0754960000690774
5.8622358164195800
4.6430948747323795
4.7583629949275084
5.9634311631822188
1.5728218674812371
1.1889811084048831
3.5587090772157288
6.0169324784031213
6.2632743120096759
4.4571208559715183
3.4417862921163045
0.5231337663870732
4.9337576988537180
3.7756356255263732
5.6050440550142007
1.6998006880993284
2.9595770425738119
2.0003793465570614
0.2703519050934218
3.8465699389074590
0.0430555253340008
5.2442650022063555
2.2491187858316346
6.0443965221447495
2.8767921660035833
3.7458085385951212
0.4620290821398727
0.1371378959042353
0.2536367115378321
0.2734541326473506
2.2908942649094732
3.0903590972069619
5.2018310962381022
1.3692581700116604
3.7141948576838364
5.4141479270168302
0.8253503817950981
1.1590944846183746
2.6150021626486173
4.2769255857563468
2.3352598835222445
2.8583120082691127
3.3607538025140418
5.4354182685305128
2.9561732919964192
0.9366927126258858
0.1245184080633013
5.3028259475106232
1.1795223153399779
5.7422592178404814
4.5030710883634306
3.5336654305781767
6.2381022760777078
0.4512310641857987
0.7998391757892991
0.1758447115309716
3.1801880779174057
2.9213037568414020
2.7323581751648049
0.2183560606561966
5.2648545321116922
5.4032859128671538
3.3618082698132241
3.7055690259889751
6.1346902123068645
2.2042784832989666
1.8177416641973960
5.8293563461635047
4.0611118413053777
3.9071913754061032
1.3464048504233350
5.0756516611004061
5.3328521812273708
6.2364215977657169
1.4941356477924193
5.2486743430589167
5.2338164998661965
2.2822516258278007
4.7266947095692160
1.2055376286187727
1.9163054169357951
5.2365276428120202
5.1297358400551438
5.5193606105048065
5.9274809000840536
1.9779872604285660
1.4075102248865905
0.7565547012545764
4.5955733411529458
2.6844127803805300
2.5904953594147022
3.8184679352748332
4.3099742750403012
5.8267410738158976
4.2971232491344722
0.3185890981458600
3.2361786886650656
2.4002731410274589
1.4480059420218809
0.2916783993536111
6.0119805436829212
0.4956535600945299
1.3581269127673772
2.2472574287200708
4.3460454251830338
1.7800536531354871
3.3859387888333896
3.5977640404634910
1.7336995617573161
0.6178261862939773
5.0529343299024507
0.0866537829926662
2.5810362207790871
2.1226503339233052
0.3444749283369868
0.7594145299104365
1.1538440615210355
3.8682196048951005
5.3298222068943568
3.8774510607574064
4.3560515395882335
3.5014440455430975
3.5649905568588096
4.7369581398445941
5.5907834486257517
2.6388943513347489
0.7742717668828493
6.0584794137156432
1.2423031441705850
3.0194366266888286
1.7298094191314421
1.4241284746111851
1.4782965006898059
4.9505441286700602
3.0441992769927810
5.6635575110809011
3.6748573203078156
2.5966838180946352
4.6554293741420789
4.4375390732857110
2.0663352513529141
6.1374256960686067
2.0706582852085158
0.6293894274625694
4.2039300292564867
0.5160459830500236
2.2747688567121775
0.9912675139446878
1.5810000479114363
5.3122366516981989
4.1921609267329929
3.0543098579105199
2.7359586904542073
5.8063364467561431
4.9734898897864621
2.4551818283206144
4.9632148842568524
1.7184096158913229
3.7049130644052144
1.0980939467037805
0.5110693133807515
5.5215355485449553
2.3573067775783998
3.8351964220492505
0.4090124093562460
6.1809324762618330
4.6492398952720810
5.0347104143139987
1.5426837014537746
3.3728767861120659
4.1510611507559458
0.0837963403034813
5.9595921392826252
3.8887979168655917
5.5874507574765593
3.4331483542204055
3.3417118949278013
4.1828242239634594
4.3399223824721531
4.5342721834079054
0.3231413295105535
6.1941557934310500
3.0927501706100444
5.7303122905399162
4.7621803216016589
2.7643015749227180
1.9250432323153206
3.2731395340837093
4.7135444187531448
3.8053995318375411
3.6013995057091086
1.7007964880089803
5.7947467650724986
1.7643569328763529
3.5293380392019480
0.8946832621394016
0.7245618517789041
5.2939835088939846
3.3079430005547379
6.2791142700119007
1.4596164713086288
5.7248217975038234
3.9588110121651718
6.2510348568312102
4.3548395997918155
0.3506405944240722
3.9577187821287461
4.2506629612695122
0.0838623713909292
5.4376011012493608
3.1555304477483421
0.0013784132243656
4.6058825336110738
1.2565232834081184
5.7476623092859516
3.3586202030165575
0.8908085305158526
0.3236897507947217
1.9772563547042319
3.4879594537808978
4.7543755676484238
3.2511667301477374
4.1624987269216343
4.5525682872432176
5.4472127634869389
0.1086448719367719
3.3645512103690054
2.7186852429641140
4.0240488374944903
2.9048635932030926
2.1609784005486539
1.8150844893028024
3.0965786576077381
1.5333017715878599
0.5794864563565876
1.6482333667206435
1.2833226909396060
4.5963670879599006
1.2356265414132690
2.4914569781316644
0.8527094889483496
0.7814837053912768
1.2029290953047829
4.0443506223364158
5.3841695152863824
6.0268791804239008
3.8373492616235221
1.6294865456287555
1.1797831985129008
4.0419643010947430
3.9221676913221497
2.1292150613727996
4.4419024958035171
4.0833048268702186
3.3728693933328660
2.2878293717539484
5.6134257394008422
3.6389266536292331
2.8378781165478304
0.4104934814359859
5.7371461476974073
2.9576407176722070
1.8169201946729672
5.5810627174411129
3.3164916885469711
3.7971017804581946
3.1351352282513556
1.5709684339219463
0.2062190986866028
0.5712328720858024
4.6618300366243064
5.4727503216233364
1.3594097925189024
5.8227014687162608
5.7806377351527489
2.6799843749469696
1.7985236943041043
0.9683245183467144
5.4290299195947291
5.8754865894302801
3.3642984817967712
3.1411930775810317
1.1583186268877650
1.0064452777808541
3.1685396567118205
0.1556592599818979
3.2052118656089568
5.2535383226453680
0.5909543490230812
1.5637027667100178
3.5134000228451483
1.2992199427607674
1.6912132917380318
3.7357025993360709
6.0309606131726827
2.5228433270189883
5.5920176400482369
1.3370797409206445
2.6935341474599048
1.4994523217934392
1.9816279829999512
3.2243512204655254
1.4093850679159019
3.2527525715880210
0.0709052276816925
1.2937439735358884
5.6888935680339792
5.8097711361502080
4.4969569046075017
0.4065721499815280
6.0759584330083767
3.0466912126659507
2.9826444638913996
2.4562260755227299
6.1450188808463846
5.9571354525041595
1.4166441046417875
0.7989310385761552
0.1716167813005661
2.3864145268539256
2.4933702864491867
0.4482840489936217
3.9086380718497660
1.4999009691257938
6.0487811620262928
4.0653587348488811
5.6358181183681575
5.0332028630435515
2.9034358399451863
3.9370803085722392
4.8658058200429712
6.0684607421294103
2.7472019519394570
1.6871761213290883
2.2702242772308909
5.1370669852785680
5.4708983769437083
0.1107245332427234
3.4432327730483454
5.7869464987441734
2.9106938691545654
5.7060973949686113
1.1282195078566075
1.2013152766192245
4.2275033953314427
1.9883837427408857
0.9805043430403043
3.3543249028884081
2.8934537468614159
1.4853367235780970
5.1138490459402544
4.0055031596961550
3.8464943783068311
1.9536480583903428
5.4002935159129608
2.7917135254185790
0.2900901871854398
0.9190994731380161
2.3647514288198672
4.2461121877003922
0.5588804810136655
3.6126100742132272
1.0534728316838475
5.4800229244103722
2.6087521226605261
1.2123832561443384
4.4149821342680742
0.5497024396346989
0.4679489267343373
0.6159344766072471
4.7523117821161396
1.4479872553228179
4.4049664200792931
0.8774276052786463
1.4630169235922503
5.5513585274479489
1.0746472354467540
5.4767476706690585
3.8031709735298449
5.1269291764653522
5.4487717775580817
2.8173370787697731
0.2347676014452322
5.6351615717794168
3.4186414284797420
1.6598424729180004
1.4610418989525684
3.8731800760277131
3.6701772570294597
0.6837739237797663
5.5721806135158278
2.8322444969842149
1.0575422023775409
0.1171819859737786
5.1850379702292297
5.8673946036111024
4.3244467839476082
5.7365485709618849
0.8500926676097805
2.3404970312664739
5.2865225235420779
3.7202657835493551
3.5578553608922117
5.5153133068435078
4.0894458513384926
0.7495638624110732
5.7686660883377323
5.1070042693054347
3.0420270408442600
1.4246221458226125
0.1866842380290731
2.3563085224724265
3.0832693416401460
1.8987576652908214
6.2778604880047126
0.7347501350386193
5.6216545007087539
5.6072180418100075
5.8953043873282418
4.0094166381719507
2.7630831316458893
2.7199580501009950
1.8925144875100615
4.1149340248486501
0.8943399592431285
2.5208917901447068
4.0325722270049082
4.5797414530184515
0.2297188160433855
3.9232070702012938
4.2826871235691444
1.7063754172081957
2.2250156619326154
3.9866478228731230
5.1479087813715108
3.0950195331306602
4.9823810362550480
1.7217818709706751
1.9578353048759571
4.8879944159414119
2.3203552068865827
2.8435797543062500
0.3412352201715162
3.1523378378893665
4.9276593367338322
3.7135405549642448
4.7232820928130606
5.8733038994341324
0.6749812903384795
0.4363436084183647
2.2079879922819377
4.4667761644106898
5.4624281222841882
3.3654710599273803
4.5159180399858139
5.8182193467525209
4.5459120454865136
3.5134414863522241
5.2335305037250928
1.4772045679973975
4.3290340120848514
5.9485512875740678
2.0754439784680860
1.7836714128892306
1.1116790863538966
1.8913013150734321
2.9345905567609769
5.3039979054767867
1.4640000571144451
2.8867787286292308
4.1869207083673281
1.6403873748617173
6.0287489988916407
2.8115020169489573
3.1146823238447738
2.7911534284066439
0.3900133581946644
3.7857641645051201
4.8733607775041534
5.5629776370823043
2.6826256991675326
4.1599804419098962
0.3791768206921485
5.0351678144698928
2.3327263030026812
1.9430974123048084
4.3496364733722643
4.0907605892711887
1.5393418251509676
5.8825549583384324
6.0496869002052440
6.0467491357613588
3.3919737108487364
1.2755884439822163
2.9645691042414817
0.4945736728481754
0.2051873137155808
1.8791022512300370
0.7475413480278468
2.0769553212806096
1.4433767049810107
6.1073707806505668
4.3701292758992185
0.6007645156410046
0.4063080519696368
4.7025989579723779
5.8098507470085181
3.3326339198584831
0.2831672860105068
1.6837794692905954
5.0351791508036055
4.3434156139564601
4.0247064932510117
2.3400650911468639
6.0398176814637967
1.2650167023771253
1.9915909126093456
4.9715747206681247
4.0625233396350247
0.1386346016285950
5.8804162675703626
0.1917270772419879
1.9594564441413536
1.0810814961618105
3.7955170815428372
2.2689925613264106
5.2693449942856203
4.5984879254506925
4.5953401742384843
0.4489460863418854
2.8977266911771444
5.3884211896756602
1.0396900302410856
3.5155193892878311
1.2995194244024733
2.3282046644506091
3.9373771945663147
4.2223237657884320
2.3683889911986689
4.5323280633691470
4.2304882485456163
5.6653052162603803
2.6957803498107471
5.4622171577360277
3.5650570388433902
5.3220607062664200
2.4405455080195546
3.8410097681128805
0.4465689892875701
3.2841171024476910
3.1101040557965423
3.3734779103395378
4.5395597209281879
1.5619863524311492
5.8777291780257803
6.0091889809389762
5.3617153744660611
0.8787354402877652
6.0730061673900870
4.2239610922165598
2.3561030081080809
3.2848091486929212
5.8246276473001624
0.4198965523973054
4.7409184161267612
3.7204127238766769
6.0777681234026897
5.7747078403102172
2.5512975460891902
0.2613916442116272
3.9192422251213617
0.1830096217018102
0.8900795849327673
0.2189136740237667
1.3816320463071674
1.2667314917753021
4.7604777033386219
2.8833398017874217
2.6782701157577136
3.0714490819679114
0.9403498129499159
2.8587424152971406
4.3814534166285730
5.9185807922506370
6.1849572229456991
5.1930137184577596
0.7666383510244861
3.1562963098526589
3.5429002035495314
6.1413562290950079
4.0191793984942716
1.2314455896877627
1.9659982223747836
5.5872235058430180
1.7950115210413025
0.9227172661826706
3.8078189132426177
2.2971574531415340
4.1426149114640491
0.9301816955230813
5.3173606457151879
3.2406509296935675
6.0235114090632749
3.2844613342640194
3.1265778251729044
2.3893542104082921
4.3836093275175614
4.1916526153959506
4.6121479566872967
5.0683087295908908
4.1075083508078558
3.6861953603374324
4.2050244619083275
5.9140338260353795
4.1505958519170036
5.1630826397383167
0.1972207142079380
2.3929319959327229
3.0193127745998831
3.9483411281740994
1.7350989815843543
1.8023059830194863
2.7367603057130423
1.3622603453484861
2.4243630339103435
2.4307452901811328
1.5728741120399006
3.1459864140098888
0.4183446504535518
0.0035553234409572
6.0293612698318322
1.5218257699895483
2.4983761501356425
0.2613362819511186
5.2143691412586142
1.4305563634429197
1.5268636949225249
5.0192692951352047
5.5949775134378914
3.4866564984010346
4.2796109878490478
2.8977169861350807
0.8661914253671138
5.8495748397855456
1.0765243141642844
4.9269382477333261
3.5256527960423156
5.2321472176146884
2.2639746728644692
2.0696884120694587
4.1586961626773258
3.4341798934886762
5.4974705193364395
3.8509438227282153
2.0240077469325386
1.7314140449610209
0.9979084268122118
3.9941591273717996
3.2747589187778012
5.5770618526905551
3.6008116178432554
0.8392290505698365
2.2004084317660499
0.6350465736697424
3.6623691271428060
5.9792395096420634
2.1120426126230165
3.4019440849390898
1.7686909576439445
0.8417449580265969
6.2645193916446420
3.2069366368477352
2.0955175599525568
1.4730179542674180
2.0630097687113129
3.9227105962636948
5.1772854360239222
2.2590705521887271
1.7646973371528376
5.6282265495079136
0.1028353885448134
1.2948418683881007
3.2083636939364415
1.0572095794273415
2.7806407410322853
5.9395333823115717
1.6095308285078997
4.1103170144410921
4.0233702993737088
1.1357904956989209
1.3480353415927240
2.5314204172184782
5.1811653548410179
0.4411505359640389
3.7700584082989277
3.3039814131098648
2.6361975673739648
5.7422027154307731
3.8895305617458362
3.8383071631254411
4.3064475534341513
1.2832164480008521
1.7156009536721606
2.1700748042133222
0.0490087112312579
4.6884591456699587
4.0377571615358958
1.3997361565659001
4.5348690973030461
5.0869242875173244
0.8443361031266982
1.6008082374081707
5.7953169566077030
5.0466942563232671
4.9720097087160218
0.7682850893407484
1.8152684809265347
1.7085456995459907
0.8024704076742526
5.8040627845597594
5.6504683739622212
6.1304481543497502
2.6843121582015366
3.0511930772260651
2.4783443667653522
4.8199415947700146
5.7715187433051298
2.0904683013764869
2.5661090853006141
0.8338140374030232
4.0489078797225471
4.5187235763736497
2.6410454853452654
2.5337357759345607
2.8620247294220236
0.6515297253619310
0.4965394995475262
3.1945272403744776
2.3720726123307094
4.7941664174508052
2.8802053981961806
5.1978043118324413
1.3981889970732559
3.7047687488829366
3.6261995784150187
0.0576532022136065
3.7975397966639561
2.9330048864986780
1.1361588307552444
1.0237665430884979
3.2579650523248076
0.4315942597113028
5.0366645714012215
5.2957698014587598
0.8569683099422128
2.6639179908797335
3.8731317783170742
4.0393933785847569
3.2468921609309573
3.2568275173748233
1.8996167652368015
2.5810511181725015
6.1553607884887187
1.2316800977874227
3.7730833213662489
2.1035583080305384
5.4672483100131686
2.4281127099134596
1.8767098715047774
4.9888371135492964
2.5743439773916048
4.8184472052327632
5.7247004184824899
2.7837473173755178
5.5791723922215954
3.2983150397985361
0.9186632120720672
4.5848435110397512
3.1428867401858547
1.2036427675738923
1.3082348855631365
4.5000995828099137
1.5928355244558949
6.2492956675802391
4.3803627818572446
3.2121247399879755
2.7553643920045761
3.1580452493072202
5.0152023332530389
4.8437869788944514
2.9652787994397287
5.9598584224550644
3.1236524823227056
3.4646528750640728
3.2671461951591914
2.5427741109045683
5.5099929265573246
1.2403256084891867
5.7431697101298491
6.1051241907369524
0.2388157483831083
5.4349755500619876
5.4226324005025210
1.9221807158781852
0.8302731366693837
2.2158297390530528
4.3311093762036377
3.3006257292297816
1.3015524281768360
6.2348478646334975
4.9897375316147983
1.5435515805162374
1.4144757756187427
1.0585018152094019
1.2642742372058537
1.4484894037959335
5.6382011529078779
0.3110375036151548
1.5156447980157057
5.6987416924647665
0.6293146397449333
5.8181084424202929
3.3030381330842395
1.6939726192814557
3.5635794791284936
4.1225342425120655
0.8000870038326067
0.1119244916733769
4.7675972674755158
2.9882264950801760
3.2435721851151587
5.5565755943785691
2.0597362638479075
1.4671681456166463
0.1333088953520400
5.7365853956834378
4.8642150691897470
2.1906387256247699
0.7936714903471208
5.3070215566570020
2.9574380966006997
5.3062603829138926
4.0751709015223918
6.1401775325809806
5.1840701836923309
3.6385488965838566
4.2483946867668925
1.0214282434639745
4.0441292784632905
1.7782506675549936
5.1260217975371560
0.8948985729245728
1.4593844064755159
1.2553269568508612
1.4798212376688993
1.8984125534706704
5.3346085935558589
2.7046227755661976
3.5278837844335365
1.6165309890424133
0.7547646449080986
4.1865470907534466
0.1240519547006512
2.8971419103652116
6.2723744719939756
1.8139951584235878
5.1403079523860393
3.2412122727350665
2.5694489171970680
2.5792260478536941
3.0144878062319598
6.2562530872206699
6.1626241088610092
4.4795890983179110
1.3149332194050660
2.6678998005100567
3.2349234528119899
5.1744330876497164
0.3769816339051134
2.3953003340310071
1.9791805220692216
2.2145746892826561
0.9447810922388465
0.1467044142939916
1.4691011400051888
5.9224540348538124
5.0905929977542801
2.1791992462433032
0.3008369509676522
2.5883276048328772
0.0834227815975566
0.7161741173044229
0.0776080681782542
0.2579524880330707
4.7926928696591444
1.7025668745053160
4.5805200252481866
2.7284755350880396
0.6454479251046491
2.5149197026335468
4.7046553101981914
5.8004843686751624
5.1240824634598274
5.8816688857774260
1.4114421422055106
6.1247649711678154
6.1286223359739598
0.5152383752885710
5.3054207325284706
6.0988687718653605
1.2703472409525396
2.4006573227923576
5.8056030067356579
5.3571867562043796
0.1253437663651411
0.9434525416245586
4.8025536938365709
4.1056622324212109
1.0048297380526372
5.4351457002430976
0.2000056740163079
1.1716639691233746
2.9199214691561353
2.8465676137207749
3.4680455749870620
4.7390485869088517
2.0401835401248412
3.4324616941781909
6.0364527171897056
2.5815645518253736
0.4354514442376641
1.2438765246633039
5.9783958023522423
3.1745121063407322
5.8388850989448189
2.0707371507368215
0.0813915774271933
1.2760114464862653
5.9513278985616829
6.2587938637267841
6.0045253644093712
3.0521977968961918
6.1984600462160646
1.1900705486214604
5.6132870257255538
3.4293984263483250
2.5561142772541654
3.0448781856464944
0.5236737658759798
1.0041052618230244
0.9664478954457558
4.2346854770492914
2.0884035172720301
4.2681510929317117
4.8390725640664307
2.2736738682490825
2.3013863311925533
1.6813720466256565
6.1442926924140222
4.1688085125815499
5.7559589598191208
4.5640372113213212
4.9844251339665835
3.2754337499871169
3.5093667816524974
1.6797059496362072
0.1485952837056109
2.3575103107553428
0.2195877898228292
3.9206893211010923
6.1195377723311442
1.1128399702799494
0.5466150949028479
5.2764534460157666
2.6078929915338582
2.0089978519981289
3.9621674795127126
1.7784373626358252
5.5515396437550155
3.3652528694013641
2.4616870414148009
2.3689288897962451
4.6219874357961910
3.7070101794780990
4.7660739785720141
1.1414279086720516
3.0129744999892600
1.1525776122906128
5.5482017289877748
1.4550536385221531
3.1931408837821427
0.5837876737763051
3.5780067480338222
5.4814822011781201
4.6915121218142826
1.4603959656517524
5.9038109809839510
1.5621610269627861
4.4913024766612084
3.8761373930471499
5.7057911359502045
0.4575847781723726
3.9507081985856782
2.5797499809907816
3.1142803578981435
4.8023298117419069
3.5040024921393558
1.3965746298238000
5.5298351858349211
1.5494055920794017
4.5014065495222528
1.9969971390035886
5.0857657115904038
0.2547741768690160
2.1773971838052630
5.6095749683855676
1.8643073980466993
0.5265515322066673
5.9964569108678472
2.8650610275233279
0.4126168561718410
4.7355217392548123
4.0553338160992149
6.1970740291806914
5.6716902946835335
4.6079198329542468
2.4837300131570648
0.9625076561072773
4.0561270905863758
0.5428349963047714
3.2037139636215710
3.5144707219914957
3.7964957160336823
1.9505785425954061
1.7449279479555171
5.8107594346908815
5.2372695411368841
4.2382099656780339
5.7885022272952300
0.2304803390309491
0.6036685724001786
1.1846715097528888
6.1769081796652854
0.5206457922719192
1.0032537117420279
4.9212215061257645
2.7479507370056724
5.3416144572949680
3.3101286761202444
2.3127195300094376
0.3769563106689296
2.2474831742697536
5.8310562947229005
1.1849972652424594
1.4457239286617412
0.4536281218553338
4.2160626865372075
2.5134267833146620
6.1541839299813104
6.0066273747553156
4.1368103192102561
0.7983650506964466
3.5424362854071947
4.0100260202776203
4.5304170691596095
3.2286937048758042
5.9492501535145434
3.5213503380392903
4.5344325171487165
5.8649429714980661
2.7668653698008141
3.3765736243594175
2.6953553664429184
1.8310109331609512
1.3979801054730776
4.8366059141700601
1.4779626620847417
5.1796307938619979
2.3165376959831039
6.0316146249417919
0.4376199020378796
4.7612863055506285
4.0752759673460250
3.0919798074137201
4.8720388215106665
1.7492049828655121
5.1462772905638321
3.3093303268895577
0.3201936800605321
6.0821678030091491
3.5450619945412001
4.6259660657998571
3.7908804928554583
2.8748554772619164
6.0396284489750123
2.2716390553837473
6.0588294216466592
0.7878555753271630
1.9496834527736702
0.1709770368006232
1.5458663820707239
4.6177271600223451
6.1210066711129878
6.1204608517633305
5.5775235272854493
2.4900746787000090
2.2855411478409109
0.7245855760534931
2.3710197914460354
0.9347457601425837
1.8206367101386649
5.1028110427879092
1.0410813102869165
5.2391502854427525
6.1471870720013264
4.4561619677591606
4.2092663521627713
2.0144513457490842
4.1054329188998802
1.2137995832191657
0.9888070466030972
4.0451632203091190
0.0304305949489070
0.5228989282562846
0.8328179501732370
5.1402024493171954
1.6272866765187337
2.3132240694891899
0.9447805749590331
0.8958480548892470
2.9768323904685321
2.6838030297699724
1.3211142664027751
2.1463427889599993
4.4522981959621220
0.0627311698608225
0.6277287447337916
1.1727849681931013
5.6509882284251782
5.2507708098469319
1.1612168861708343
0.2922728616433733
3.4905728842261285
4.6022832403568250
2.9189201424172171
4.9579006244233605
5.9779997521158874
1.1328156135015912
5.6381544916463815
2.5977371375967957
5.0256866073915507
0.9806745544493141
4.7392280283768313
5.8944357845874134
4.7101038846806178
2.9975949740024568
5.2409920276356416
5.7991731084655660
5.6184457986507850
1.0763241887760961
4.8394699707020088
5.5803956102143912
6.0171308770075758
5.6303531619706630
4.0070821658352598
0.5962652721175152
3.2219721992607253
5.6015907102513092
1.1833065148018957
0.1528508424728471
3.3179995962571414
1.1875887982247555
6.2543765490316092
1.4066281760819344
0.7157425608311210
0.9442159180765726
0.5979133998812902
5.7262731385203756
2.1882526910637896
4.0894829497387333
1.4161485252192767
4.4076762727348857
1.4118612017296308
2.1046166961774166
2.0382249217293968
3.6163454177805234
1.2851021069391417
2.0205126873573098
1.4656034021315589
1.6687588606887707
5.6079451476906570
0.9984941836650232
5.0078026073458775
4.5021560782405707
4.9138024840076486
2.7119616670388709
1.5659561155982837
2.3263109229060475
3.1571660622054343
6.0243373867467254
0.8945832014284489
5.6057849300973466
4.6311353751328772
2.3760602419732719
0.5791759753224349
1.1223223387311307
0.7721302954312359
2.3460921059441238
1.2123923898960960
0.3637812084746363
0.6609544297737393
2.4031798160855451
4.3258996742106790
3.5825796613656982
1.6505810144688882
1.9758062699316894
0.5898668395219580
5.4137430359956706
5.4629129751588534
3.1676205090320417
3.8156395535392549
1.5786650071843760
0.3752734970429707
5.8481041654280448
5.0400389226043165
6.0819479412567938
1.9084417221383734
5.7260941921220283
4.3701282160038444
3.3599766869889409
2.4296391070043168
0.7991204646822027
6.1839095901285841
2.2564112107507355
3.9256895027019496
6.2113363318309611
5.4370123375672899
5.0802623762266430
1.6898094748999812
2.5908014579089844
2.3622649425065898
3.7569038311156726
5.8022748794201817
3.4307468611976804
1.1845772557608287
5.8918582996747597
4.5616355920176019
0.4147821248657709
3.3732378199309809
2.7918428637519628
5.8157040226858525
4.0057668506882429
1.8509687853249779
5.9182134851715347
6.0636566470004931
2.5310043911812952
5.9440556955991593
0.8383154364307539
4.8579731400223851
5.1167116140526705
5.6824417559805909
5.1903344786720282
4.2541677258046837
5.4015819013077762
3.0486630563116899
5.5288268190084828
3.8426874843389451
5.5928961643191748
5.1307635071709434
6.2475036107495487
1.5133533538755892
2.1158246254904607
1.8834527114711179
3.6408539546803964
4.5033585699070287
5.4838963122756166
5.0834058760254281
2.6139052424873110
5.8893863513446014
1.1485494093588355
4.9218451356431805
0.0516800226561643
3.5636331483320993
0.7483084580636370
5.3551680670307515
5.9906227935523066
3.5075391712883603
2.9178357345273378
0.9813822000330094
3.2147960921746246
2.3999806482674688
3.7974929598080545
6.0884612361156059
0.7853079330478056
5.3682529480776076
1.5404894342703870
5.0053641179144277
4.5243019008894843
5.9198681613830084
4.4498579885537097
2.5219210118763087
0.0160516287330142
0.9899033642713376
2.5120933723522345
0.5417049327071666
3.2830451897575879
1.3234088763271366
3.8406420278761781
5.6345629577692025
2.5961305075165586
4.9220915348992724
5.1990959649198762
5.6470906005275321
2.5280283493882663
1.0049130099583508
6.0126851435841706
2.4281124198742341
4.4700005029302980
1.5247122784600047
3.9637905855036353
1.4590656621293869
3.7717791533845668
1.5769208024642476
4.9509157168326796
0.5857516784838050
1.4030720719276113
4.2955429129523921
4.3119203966822139
3.8579460872289193
5.7287437799231977
3.0399936946188619
1.0566688900318495
1.8050035096504951
4.9072058417438100
0.2517613235063102
2.9870094094457689
0.0421027317174676
1.3767166888638918
2.7418919693574328
3.3847689202537059
5.5113057328561847
5.2245493642348357
4.6067052369513766
4.2309770831455467
3.7782238418811134
2.6454216382163511
3.5184008854138726
2.4183730845998799
3.4131300534359736
2.9393206312722335
4.6312357154122878
5.3172532617641961
4.3416238140380417
1.2729011648746325
3.9752222948262683
3.2657129077858542
2.8111794324419286
2.8184966145191326
5.0459019541545764
5.1922229129054287
4.8275959305502250
1.7222706584270890
2.4253247096638559
0.0618277443481850
1.9917390858765551
4.5552981132190036
0.7582685056514490
5.5721143505829422
1.5761226013657317
0.6708580804882783
2.9887180610904802
5.8203317399128203
2.0392188383188010
2.6313436854508492
3.2016266011545982
1.5697861278976766
4.7240426072932058
1.3705520341839312
6.0560695545980803
5.1486606076031194
2.4872498388604130
2.4146581951909090
0.2947352100360259
1.8144158626428437
0.7050109240884775
6.1383847349401224
3.4840274145759058
3.8954032782452139
4.2391391917717449
4.4274780263784370
0.0781790044384514
2.9731507052552018
3.1843743412247054
3.3663820406463754
3.5772722244765451
4.6044678373722725
4.9188339323579369
3.0044746259310182
2.5893040681661548
6.2646756174661720
6.1339233015447290
1.3401897583566751
5.0707883674707199
6.0948783755410965
3.5013566560916956
4.1460618848031823
2.7945690676793449
0.5455461036973027
0.5750473029285891
4.8270721339266291
5.1388359024295456
4.2759364291526669
3.5318564488765847
1.7961165791114930
5.2283568856478091
5.8843983530381800
2.4435948063886048
4.1538344450418831
2.8499951127155847
0.4537348842933903
0.3314765412254268
0.2041007017313301
4.3743225644781711
0.0061269243528546
0.3443850744886923
3.6370800613216971
1.1573722418726449
6.0966159948509917
0.9569521539140866
3.1826189142505892
4.6107430694349727
0.5524932579527710
5.2767343889142921
1.4590313021343313
0.4957112510478505
2.2147479723031522
2.5291668422410725
2.3526236649933510
0.4713857872022047
2.2339362875242292
3.7871564445607211
3.2663225178023314
3.4382442331109808
3.7036291524147296
4.9525531194242118
6.2307779182131995
0.2412830125043195
0.9333447803860049
3.5840595526012566
1.4478300773105728
5.0464703110518689
3.2023185625014854
0.4398414991920480
1.9905132854101906
3.4376279172038919
1.5036069919615986
2.9670500134232540
4.6364418293230942
1.7253530404456894
3.1508526269010040
4.3905220632799269
4.7848097014164530
6.1370173987821373
3.9754307535135109
5.2345584669891432
0.9054360915158971
0.0809195659640360
6.2130032658793937
4.5607516257115988
1.1280767085360472
1.6460809730397827
0.5739220249854278
4.4022325265592643
2.5829849369185016
5.2651238571613490
2.2850520088281749
0.6946709053618064
0.2122215888952532
5.3497873522660173
3.9142351355484375
5.5278688835784964
3.6026371001414841
3.0683710908890807
1.7844387251090132
3.0703973092640382
1.4734074350701334
4.9183823346780775
5.1610914278708000
4.2981354283178668
1.6346181980095202
4.9243539160531817
5.5492572813452146
3.9950430910825188
3.0105101151468272
1.4393627238406745
2.7145611019236888
4.5768446711015063
5.3732833683262777
6.2771663845234551
0.2184410758178789
4.1132750484035281
2.4781097909311010
1.5815274649200735
2.2293919934540023
3.0972694648188765
3.4932094960234648
0.6373265011024158
5.8455587684718555
2.1632653737201406
1.9641339000258171
0.5282993225300852
3.6565158142042313
4.6044753075074389
3.0283933757109298
4.6863717276113039
5.9687890721067642
3.1851459988234061
2.9315755710128024
3.5635066088425522
5.3071932924675318
0.5514546548229303
0.6180064804502836
4.7076963118175410
2.4574601791927551
4.4424752331996791
6.0677748040263051
1.3224082647598701
2.4830260024645714
1.4847037432703556
4.2216040911982304
4.3170306020605977
2.7810594553484349
5.4957784440334247
5.6891428958983461
3.6499659916880418
2.4044359295675486
3.2634914488973439
5.1150737721674249
4.8674830164891816
1.7449972153819084
5.1116463875074256
3.4265624733594229
3.1638837489340030
2.4144772592718700
5.4178972870510931
5.4405315876239131
3.9221866122949431
6.0593534725116447
4.9587666071574263
5.5705513640043245
2.5104440760589508
4.3652395801916013
3.8526352344216486
6.2808485836238663
4.2508614819734927
2.1066593723919307
4.8370533961523723
3.9146111799165353
0.8994300403669102
4.0733460938762152
0.9478971504455656
1.7118445163841278
0.6788277214295628
2.2622812540361283
5.0983292752463294
3.6766605980677562
2.0471617047763493
4.8339586541059649
6.1500306027020883
6.0092541042974990
0.8689212160923263
0.8354424878856446
6.2101414014571610
5.1369918336997662
2.7126215503641560
3.9637977359700742
0.9612087857032290
3.1398360220303241
5.7230669635201004
1.7034484383165012
3.9388738547801800
1.2858644966212212
1.6847019702007120
3.3376395653252349
4.8628804819131615
3.3347966287800457
0.6821811807268192
4.2137022325989317
3.2762689175238653
0.9697065903590942
5.3530203652307797
2.4746421525541651
0.8006743532768619
5.9871575721604149
3.9742097778891647
5.6328239630209636
4.7239784284739414
0.3659014412996323
2.3579713590424745
4.1924932497602647
1.2243053472497165
5.8482333484161115
4.9744020391323298
0.1594018500164824
3.6387772558370015
1.0680221712720988
3.9548574637129232
0.9187259877418812
5.7231337473361776
4.6104260082422313
2.9218001507245810
4.2947065508332347
1.2687974223719358
0.7887899100993417
2.5950445553244412
3.1265404480447105
4.5593194207041075
2.8840266460404851
5.1569034437295649
3.7591120975049384
5.6869314553444070
5.8756593069622403
0.6977241817284280
1.0846915648784838
1.1052338831071866
2.6955680266079685
1.0687816793389535
1.8433777217188669
0.8109277629910986
1.5825071341042500
5.6421776751797106
0.1081344019991627
5.1744649596016199
3.4905129455911235
6.0929808621999246
6.2047740960738773
4.0490861848552955
1.3306835932385854
3.8313830448475126
1.9784002805638741
6.1034429691366405
2.8900012013887606
1.3550906352346372
3.5531718391257212
4.7159138116005703
4.9067647175910230
5.8265750721146770
1.0179585365542163
4.5354319091830124
5.0777557005881260
2.0430423040979466
2.1034997570544203
4.6310893478481976
5.4571165032340927
4.2930262460668516
5.1549293420178719
3.2359853346285363
3.1431697874536662
5.4593067272741758
1.2743003683500660
1.5693526867865271
2.5444357107485569
0.0725999640637094
1.5312903221909260
2.4742984635160234
3.7035370752458756
0.6624027477903177
3.1820288308861775
2.5354308115328155
3.4063096894303562
1.3697539129405258
5.8311005067592410
3.7933445576994900
6.0418301000838701
4.0290062014187118
5.2385393523983481
3.9288649691764559
3.9136454522688036
1.7885978173434349
3.6859501269023820
2.5888814373830416
3.6521795304714089
1.5855396731817937
4.0275489356483725
1.9161410628412809
0.7427046680662844
4.6645154731077278
5.8947993733532904
5.6308720411115045
4.8911703354302833
4.9344610083891132
3.1624478747506997
1.7545557795220523
6.0986199950389981
1.9730247081035872
3.6241737289792795
5.0655898903603607
0.6952082635346767
5.3591465946357202
3.8046087658031849
0.0723402178022986
3.3621634601469221
2.9702601691526360
0.8292957111428595
2.1781754676712795
4.5421968708170164
0.1235724099993873
4.9967961702332975
5.4736470568080051
3.5132803865227467
4.9670600436702834
0.8579684703512246
3.6779558473447760
2.2329073294406152
0.8793109376576147
0.0130482738428364
5.1659059194451897
3.8568633769842058
5.4858930167073447
4.1665041463264680
1.6604813324242667
5.0721548748920355
5.1069750753027607
0.6533323703179827
3.9697411854524129
5.8013465110765665
1.9779377825467277
5.2256712145050646
4.2405692235507493
4.5783776750413416
1.6342874410041164
1.3526048047611399
4.3165126836306298
5.0580934119177119
6.2249032822486443
1.8801997170723863
0.0333591455947964
2.1945089647116927
1.3619740986010238
5.0528476648206304
5.1718735633878081
0.1692210385018044
4.5275847937272129
2.6918030639568697
2.9183625999138907
5.3298237184504886
4.3758612431198500
5.8286763705386173
5.5873519552800657
4.4914139921011929
4.9754796363602294
5.6851941534981254
2.3687696027279448
2.4452977608417816
4.1642500115754295
5.5898523761323133
2.1522588966564911
3.6131467772030827
3.3930378935777594
0.1907913601792750
4.5971958385355975
1.1955370824078000
0.2646058447136379
3.2062869370157916
1.8549045693501989
3.2312607403902374
2.6709156805282106
6.1831776664740596
3.3080270232437856
5.7421529533721349
0.4340729334271047
4.2208697608551038
2.2646568030012388
2.7743863209695676
3.0279068203490089
5.5861398343480229
5.2288844950770326
2.9518572510355501
0.1253455132879039
1.6389610041139584
0.9353214316998841
3.5822215973613201
2.4844645678178958
2.1505610900856564
0.8350883443067162
5.0668780768875834
5.8621364658211856
5.8444745853719287
4.9681630380858746
2.8269965232435594
2.8862255933304897
4.7114206327221346
1.7878963413595421
0.7291162066326752
6.1926376415800375
4.2105432503174018
0.0547492618540795
5.9531943286229838
5.7109826966723087
3.6128248792505913
2.3648215707352218
3.4032690713516889
1.9763632044906880
2.8105016692998270
2.9356317106093419
2.6101249208356410
5.8530785349169374
0.3897995340417921
3.7693760846098008
3.3870698953943315
1.0443271219964241
2.5913628236352579
1.1104550393595292
0.3234110796042493
4.9610919390851915
2.8399471699077790
4.4561476944518592
5.9908396986867984
3.8891269953809786
3.2636397998170015
3.5893138583639876
2.9488503109759603
3.6377931893552296
4.8483122361807123
3.5866564408515007
4.5624105673980830
6.0890092312229145
2.3204246204130192
3.9272107583932372
2.0926420086191979
4.2166102742637186
1.8741489499992861
1.3414708824552051
2.7830690160978966
3.8189184851465479
4.0818577122577944
0.0220731311730117
3.3398444342109621
4.5585960924387612
6.0984390903441881
3.1242460475149914
6.0128168433855880
3.6484222212578610
4.9198265802354264
0.3135995717815760
2.3960006277620058
4.8106238995517439
3.5039728113710460
2.2342591993183452
5.9896954321844662
5.3050235466240405
3.3588815754467385
1.0729195270127649
5.2092414673232224
4.5834308052284847
4.1793935247855556
5.5219444196195191
4.6914748794532946
3.9809275056757909
3.1160680928626698
0.3873987863002707
4.0478066343858652
4.6280825845017448
5.7300849504737039
4.1123159396740823
0.3391900102803756
2.8982015633050624
4.6119126050755126
1.3858241830416664
2.2144892342017606
0.0936228548171698
0.7879201897731104
1.4876214422866465
6.2345177058224062
5.3139313842145341
2.6384130478164218
4.6692434457237351
4.1393544557042770
2.9687726288881846
0.3122881898170972
5.4590317100184427
4.8212928528913279
0.8134744510875317
5.1590603963905872
5.2405878663005288
2.5081511060021784
4.3296916993108230
5.4947333964494023
4.8742436731505530
2.6612880335658851
2.9202957700836585
3.1443891050768187
1.3853795654327135
5.7938002151616148
5.9532893959414617
5.9384063665218365
3.7021777635281801
4.4043768363525553
2.5182910428828338
2.4391212482842639
2.2834192198806633
4.8660260235246096
5.1558873250972601
6.1360153543781770
4.6648240206351597
5.2463103106458453
2.4743157110479785
1.9531207340898817
6.2703883621306522
2.6136584917272407
2.7954326738531163
1.8895059296372705
3.7765787648334164
1.1866355621989795
2.5664285224542605
5.1732184348391907
2.1954913961625300
2.6203634694239430
5.7764896318641625
5.1528353199202437
3.7259491274050269
4.9976640972883093
0.8061485571882216
1.5515971243223905
4.3610478001622734
5.4993628471174221
5.5538345067888333
2.4399935234954753
0.3979812556899535
3.8283878267136671
1.7630050352195195
4.7776661696947418
1.7369745692692677
2.5620920682626389
5.6791544949180794
4.5060240112782353
4.7468514931621195
3.2904101266239181
5.1183285835789221
1.7681435088463167
5.6808771215716183
0.8840215835978942
3.4388912520488533
1.1130028793269766
4.9270445591704206
3.5260937069171954
3.5107990821442314
2.7070643098736422
6.0650734450378057
5.7506778869974982
5.9054774955320868
5.8739406134510537
4.0975949665709539
2.1035688333979263
1.5775482825835907
5.6706994853498447
1.6933130657152844
5.6201286008488927
4.8068128366062597
2.0805328383493897
3.0180704319977170
2.1265439310682268
0.7060386541245789
5.5289001222934688
0.3390748205015565
3.1048645678557509
4.4573139849782812
1.8818469997183904
0.5537491191530847
6.0243523213939882
2.3343463781000984
5.3984848508532455
5.1855441157146913
3.9803556588207862
6.0878752835823269
0.8415117649153783
3.1809209457420864
2.4391003006578620
1.5725696146750461
4.5711805004269239
5.7565714566298816
1.2801262529143405
1.1437783863533248
2.6958478241083697
4.0139627567053715
1.7814046703013811
4.8292010907628171
3.6647882155878273
2.5992039814130141
4.9065004041506839
2.4600154511046357
1.8333233169444501
5.2344570058490776
0.1983182070476689
3.8592504630319437
5.1009932418094230
5.5652432353349885
5.5667323240341098
2.1488703538396949
4.5224997223461942
2.3739162573172568
4.5936309356071545
3.3786598101179939
3.6919787981567236
2.8226001479778184
5.9819978033922290
5.9251805015527390
0.0729133399869740
1.5680139758685598
2.6212961474581129
0.6208460041416843
3.7712271484795012
1.7180125509999236
0.5844677800019633
2.5151603201699548
1.4305577049536671
5.3329049425720658
1.5331353890915198
1.1463509883976615
3.8878179343085955
6.0582547682651935
4.6834817198518044
5.7637697738466809
5.2826050662508015
6.2082912138891029
4.0918875601154987
5.5865622645984629
1.3297920808674704
6.0943708401300238
3.6912490270255307
4.1003542510865136
5.3706464177266442
4.2571598625841567
5.1006234320640171
3.9008471068356325
2.9368047472188965
5.0481892657015788
2.0959640904458454
5.7973804515984080
5.2289220381345922
4.1766423029623292
1.1535274568180154
4.6926816780694196
3.5058972702520350
2.2550546113086622
5.6970371010031808
1.8954750283315183
3.3661924396276404
2.2071916952501471
2.1348654294144866
5.7478101298589870
1.3561161021185171
6.2532108466130891
3.9124058551627319
2.6413799949143963
6.0493522846854821
5.0692676198613009
3.7924154469828268
0.0379238281616620
0.4107837245421267
1.4962720180395030
3.3569690158066834
5.2335985496952269
5.1186959356662536
0.0108253874592884
3.2975079500662536
3.9659968464057118
3.6918716001980187
0.2000041432507360
3.1511825718869790
1.8260071416925738
1.9444126372166757
3.5176354646613497
2.6205867698211183
5.1428713085005668
2.5645399993662688
3.1310921711769861
0.9238779951423598
1.1644335207106562
0.8360684534382635
4.6746779276270951
5.3241773096115095
4.1898434528100141
1.0074699520846775
1.4688137505206116
0.0204468911063183
1.6549834696221046
0.7373040653212011
2.6993345601144392
2.5718976082420144
1.1768033508536235
4.4022934367923217
5.8884209428231227
6.2203790040048847
3.8670790326533493
5.4384641155512874
0.6871270500660859
0.8197944998269707
2.5788752544029201
1.0579997580425002
0.4752977379409210
5.4070433865413658
5.7283695942870674
5.1004229569761756
5.1924729658327511
3.1424464174719118
5.8160225024067023
3.8210135504989409
3.9103732502958390
5.4008388431475307
5.8742591027056079
1.7097299448697474
2.3269387408933646
2.3852845771930795
0.5560583999171713
2.2896159122654725
0.1331436625054046
4.6696483018364106
4.1961503720688098
3.7092266777473824
3.7329346130729482
1.3930790560687734
1.6040965109194156
3.5620286965279759
5.6018288838092927
1.6349422692727014
4.3176421015374782
1.7836307805749110
4.7963905306558816
0.8827447335111908
0.7151987216604725
5.2999494440117836
2.7458657331548868
3.7063149202380794
3.9255918130674137
1.1607487995432806
0.1321434904474227
3.6149786438160443
4.8273843665194534
0.6515020152994074
2.7428294969015519
0.2501120790203071
5.0918268933279993
3.0741004964360568
0.5696782337006285
2.7405701940524931
3.4195648739044917
0.3999965960377015
4.8282307084422555
6.1596007314864396
4.3994344087313868
5.3382719239255874
1.1838742512577116
1.4610795260192073
0.7581299834736087
0.3382903376482097
2.4508171343789340
4.6590617660532292
1.8143662607903190
4.9494391566428284
1.6099177323000817
5.2630413150238375
0.6658270082892924
6.0636592403307539
3.2557704984589790
2.9279255517868408
4.8689656353888342
3.7935354630488098
4.7261738541531342
3.4843202357913245
0.0460356671180485
5.0377256383010041
5.7703248080525098
5.7900062293636854
2.0522472454606637
2.2209563528025682
2.1599089180939792
5.7613350842845987
1.1260167565994086
3.2596882579771740
3.3317259371864005
5.6756887740562068
4.9414986007221797
6.0354330842276696
1.3857742372077118
6.0900812592491462
5.0009904639949623
2.4290849094738061
3.1883848085520565
5.6513475127012338
2.1556769159329932
2.8614746401613798
3.3752215632403457
5.7116310910015029
3.5603904673730304
4.0465028009143689
1.4522207122882107
2.7835764313009621
3.2706721102808416
5.2231864271966044
5.0259991847718615
2.5504662003473522
0.9994616434958469
1.3884155469222710
4.3558952888896734
0.2126475367531446
4.1668494967840655
2.3528458420421194
2.9185008288259144
0.8590062507551814
2.0285369414692274
3.4985292483838113
2.0500253471337411
0.4910284110195272
4.0574140728279522
5.4714917531562692
3.4858096504813640
4.6471317559682745
2.9371965504901252
3.8230685627094423
6.0014966813042996
1.0145092989849831
6.2570876459778111
4.7050133915485715
0.4195856354943379
5.6557737583780758
6.2171607083720533
3.8179736712489221
6.0765521526152266
4.8071209718649026
2.5277030842625061
0.5787702719074403
1.0748075363221754
5.5881351185120050
2.7622056375913084
3.5572352146363428
1.9712669694964420
2.6754195360651969
2.4395970408435756
1.4726301981688941
3.7864671732284441
3.3253230410976102
2.5938302113772211
1.6713927333490002
4.6935164890645931
2.5179862735379448
2.5058659940274199
1.2120851321096078
4.5665376553992481
4.2269642044808355
0.0920426834794114
0.6847560897538344
5.7315250175166605
5.3860788695448631
1.4547512927241320
6.0001899697813599
5.2169917673504633
1.3737456436042836
4.9129736608047878
2.2612203983370422
5.0006038581899155
0.7375135251947760
2.4631166402690368
1.5460162429358506
5.9034835405200869
0.7502340436115417
6.2144344659561757
3.1391706602981664
0.1858180718781879
1.9535566642791262
1.6065324118255240
1.0341064590967322
4.8850079330068787
0.2377959551667250
4.7642828358022626
5.9910224495884448
2.8805931803867053
2.2237486481194981
0.5200500315414784
4.8666547488276404
3.4100358453658561
0.5003250924674334
0.9852757221136550
2.9441966965332811
0.7435320120300501
0.0916641546865448
4.5101313102966047
4.3278638585848936
4.5049037625868387
1.5850669596516840
5.5085460032891174
2.3818160325207827
3.2294699654482524
4.1708168364633318
2.3000215916861189
2.3539030859186370
3.3376661472890148
5.5390270349416317
5.7188051148274841
3.4216104832491836
3.3021133308590733
2.5101913765826893
4.7522345350512136
2.4577047079749712
4.4592451687251033
5.0763457198886464
3.4530195836671891
2.4893152132579734
3.7331806927589035
4.4490652053990232
2.1515149182859106
5.0891694453691274
1.9850647815029496
4.7039150214707899
2.8275038142760436
3.0239782748320070
3.2270105228059043
4.2669713988126672
2.6536989918307166
4.5711906621868366
6.0256505019478750
0.4993748553582170
0.6443913546483111
3.9633746627683188
5.3202032324488986
4.8432989410970126
5.2653245191031184
6.2109569797609803
1.5642346393949940
1.8968786047326145
5.9778832513418223
0.0542285128141708
5.5666096098475135
5.9424415183730881
6.2398264847947180
5.2885753961268973
0.7464009006302121
0.2803424574625605
3.3424877639080353
2.1262226480125364
3.7854307936533069
5.5454808570085943
3.2950731334195935
5.5564090832175559
1.5106527624760020
2.0605359434362960
3.7260452231079966
0.5275929884923213
5.1675384517711231
5.6666127657573506
4.7931872298642144
5.0252522330520248
4.7433422484254448
1.4961881817983127
0.0617639576956039
6.0281583476899057
6.0862012021270440
2.8332960265461136
5.2229160630681113
1.8963098276503418
0.0370606184106310
5.5664334841203322
3.2285084025059261
4.9284369451531402
0.6423370738517744
4.5366409075815968
0.0025939889475733
5.8048566154491876
0.1069531195054472
5.7437742603729580
2.7890371635883886
1.4271284723253266
5.4476714807974007
3.4161588121199289
1.1464959231998644
5.3021853183558640
3.0745921736388726
5.3881581352008387
3.9632271532711729
2.4074382719357259
3.1377666137435960
6.1200412020353516
4.6565029696541673
5.6928024047377441
0.5907179965577063
4.7396537792729427
2.3404273693345115
2.8625588973565277
2.3182202120082018
0.5739444124653090
3.9440066206830102
1.4904980040164286
4.0626206200928792
2.8526495239498941
3.8468773555387452
0.0017261299182753
2.0307589487121329
1.2777618689212820
0.4578302887016542
0.4704543191288530
5.6625081916986666
2.9443434434196805
6.1612191390884634
0.8088825676297101
1.5330776132466324
3.0493950818219813
0.4989461897521672
3.6476229392740516
3.9801774922327677
5.2807887890314111
4.2770889195445916
5.0429549368005899
1.2071952658213547
5.8008950029889608
1.2413617033032827
1.8413729554084766
0.5668547637700805
1.7286002028706338
2.4672909189070307
0.3883860877602077
2.1419050112473341
3.3765541416721900
4.6261146779922262
3.8126773417367601
2.1639006467765052
5.7754320621549180
1.7607133983856733
2.0292422191205080
5.7380770106081735
2.1882861327157208
2.4020217813580689
4.7257434661682680
0.4176575732796994
2.8315911978232813
4.4986599373268117
1.3866557906484582
5.2473690701236535
3.2407067248540473
1.3085021669255310
0.0329444843923387
1.0069807811795899
2.7866752834715736
1.5264766231557645
2.0648543188197532
1.2933377353155326
2.5057174160344591
1.3031817659923162
1.2297288710278385
2.1631641022919905
5.7938693565541728
2.3809401013901494
5.3630645765422953
4.0662648010554037
1.6408113822735741
3.9390580370251556
5.9420356536570296
0.7570380709964738
5.8774921055063869
2.6827101845941814
3.1893982031985271
4.2253505874798671
4.1596980148082308
4.0818962326374146
1.6297279547391741
3.3762348078050870
3.1267607763260807
1.6480185642728089
2.7812979043432264
0.0098780140428608
5.0406569570569095
2.4281398364307809
5.0134274028249157
3.1855941496392175
1.6004556932824332
3.4886835059140595
2.8198173075042017
6.1574019701354139
3.6513117566336941
3.7531090021288929
5.4155262523168979
3.6556961402187986
1.0876360602669768
6.1994285247490701
3.9805330059135327
4.1120713602175538
3.6796994007285595
0.3057122431921295
3.7342350143200331
5.6086276083394351
1.0999799621182615
2.9697810068563153
4.8173639488020967
0.6642344630635310
3.2578367652292797
5.9194337110527808
6.1797989139473160
0.9469573228278849
4.2184491064523018
1.5868026416042564
4.7436270625868708
3.6950785365095946
1.6267130503009679
2.3783330963580398
3.9047979856008421
3.6991406630293091
4.4561246160417856
1.8338908901549416
2.2425133122491632
5.0250254638665792
5.1605802348374032
5.6070150251034496
4.9163893644826455
1.1677212056235109
0.7085551366999869
6.1042207835011579
4.4854317688599039
1.6212670793974258
2.9581434056003211
5.6308694201535703
1.9220201724667838
5.7875662417752753
2.5463271404056762
4.7273605765636146
4.4119098945581019
2.6182004818178100
4.3774487368616652
4.2264254541791821
5.1531058943670152
5.6772209803548073
4.2871098485500907
2.3678418518181119
5.5591545294378291
5.8573388650453566
4.2308864561375916
0.6016136423367709
0.3373124035456957
1.2703098315603507
1.6365645660962826
2.4119203003354923
4.0506391371794743
5.8553943708881109
1.1658175385383651
2.1025455875774059
2.4502551658626386
0.8725897924652323
0.9186290738755144
1.8602902049892194
2.8912560285716680
1.4237185945116957
2.1633901706927059
6.1352801121631577
0.3591524399684554
4.9948636447370252
5.7791943243188850
2.9722634796643663
2.5741766401073698
4.8557024432535174
2.0103518071901951
0.2997463406356036
5.1982165211962421
1.6403836037012118
4.2780901796910218
3.8826634492859524
2.6825292357477482
0.9380901511228923
3.0327513576826051
4.2604670398961524
6.2035433466703740
0.8080460814661855
4.8837274818521434
2.5549830443903629
4.7284916620386310
0.5255531779139820
4.4667529991074852
5.8685248315910412
1.5618686745047994
2.9193573609791770
4.6775562049515464
2.0904490518732142
5.9631355748609005
5.2612535788560457
3.0944549232166900
4.6191987467471574
5.4192044873467466
2.3699713618295304
2.6699071288300478
2.7500895973660135
4.9362111620111468
2.7915270455818542
1.8063892057418003
2.4662938326870951
3.1675867210880817
2.7523883280713646
6.1375269402740402
6.2506226691695845
5.0146145462121465
4.9328445858007868
5.3831642345251689
1.5377088913637067
3.4234349521591723
1.7097497054419575
0.7456097316692180
4.9710361958929319
4.9958940187347523
2.0677217099118721
1.6824874307995101
3.8638319689280549
0.7912630401320911
5.3206710404044202
3.1649936930503504
2.1858363306404862
4.7863775648694524
6.2113123227226499
1.8463014988303998
2.9193740021057186
3.3737692239576784
4.3284506795921720
1.7633622763082821
0.0114874609484996
0.5927267490273723
3.7862828572629650
1.6210344640744603
3.1177253916593473
5.5175181555021160
2.3396458047208122
4.2775658334881754
1.9774000310986815
5.9129148654715467
4.6255120873166531
0.6106188793106605
3.2604257880854042
5.2975085968578730
2.8803002587918232
0.6898637784173264
0.8335621206402117
2.8969104001762518
0.8716639046874961
3.5555535521512525
2.4348613588833241
5.9696650684439900
1.5004687248196231
5.4117904465984843
0.3650837698379084
2.1099658350003270
3.5025486639351855
1.9646684537640471
4.6973986594822383
0.6222657392177843
0.9293575142526412
5.4243789313763209
4.1357317707708781
3.7698299512812277
4.5456338259406612
2.7694992772015663
0.8199562344073661
1.4360450328900831
0.1942933915720485
3.3611633773950373
0.3985633019986815
3.2231075095597768
3.8250466869162358
0.3337978929574823
1.0228614204669917
2.0499461316569256
0.4914998024843270
0.4308390943330366
2.4438262777067976
5.4797116344186385
3.7106717536004812
0.5777776843523631
4.0252601034159738
0.9901845243810394
2.3054541608201746
1.8895369641865158
0.0025124546224679
3.5575770773896456
0.7491808093380070
2.1207054934531984
2.1030328626652892
1.4604027032316527
4.7423171846046719
4.3968597731434702
4.1531556881449063
1.2790974454258415
4.2255208111558513
2.7400406303633367
5.7060372976998339
2.3240516423975843
2.5979217569389825
1.6857959253667822
6.0132137432476354
3.2801661401937623
0.1611936275894351
1.2151448139719943
5.0497173536380675
3.1729453165570756
5.0533343590366346
4.4580375903762555
5.8668997785714279
4.8257466331629848
