3.7929714904050851
5.7279231792647556
2.8255193885193428
3.1563852424737866
1.0334638663715736
4.0412375059003791
5.1134080394197134
3.2128267906209205
1.5382699081110449
5.1111515059905628
0.8532584106453648
0.6499212333219206
2.6410001205459319
1.4191013508281691
1.8080796416317519
1.9651873311362011
1.9888823889558542
2.7613845017983625
0.5712389779941377
3.0970676292017441
5.1073206130832194
0.8887004082372173
1.6199395516051169
6.0688603869307114
4.9591680106709557
2.7465089838452701
1.3297883449164247
5.5265765754335670
5.3860125026195975
5.3710967845705770
1.4072887800671399
6.1030432617123829
2.9931555706649875
4.8925374553657912
4.6330508320804862
5.9684365188238946
1.0179751438096352
3.2047338265992629
3.4036797824999638
1.7023510926138645
5.5884285378284488
1.9359484653452743
1.2610660706624457
3.6374086275184507
4.2714845646625044
5.4921867366476027
3.5976268249960648
5.3293358835758564
4.8701973310766791
0.3876434503827654
4.5967662353152505
5.8787875297447192
6.1135169868602697
4.9176526844932962
0.2580630811386844
5.4458778509111241
5.3552730421989381
3.9339075613105723
5.4038353767813323
3.7353401167959417
1.5759598086491748
3.5879625472914922
5.3844829684292419
1.1555350577144403
4.5965054534482599
0.7912367201276337
6.1509097837784203
5.5980415494357576
1.4008943674654362
6.1662436226740587
1.8758507849151460
5.9018998016205604
4.0953195074092736
2.4575834802108676
3.9932148849915441
5.1144884207056158
5.0890750601853254
4.5394510589074253
0.1663010714756294
3.4495917677535295
3.3955939842149636
2.9003473677278753
1.3113564818207517
0.6686167975589761
0.8705703884464366
3.5505187767837088
3.6076837215370561
2.2463171836160516
2.8581192357726692
1.8767932913190626
3.4881332995971510
2.2809778843193351
5.1830021295286155
6.0384794956944381
2.3718911954059863
3.0392179563054555
0.0351448694098568
4.8846107905113083
3.7884779229985592
1.6386616528018860
6.0186505200324660
0.6297874544365079
4.8689385836167069
2.9264978828466721
6.1158290555374348
4.5836670487774143
4.6508943131787532
1.9087926738670826
2.8129244880414794
4.5384946920459219
1.4305004546907796
1.2071385752809609
2.0513134416931638
6.2367308837128679
5.9189053065789334
0.5837750282721954
4.0447177030149088
5.6234110404748749
5.0955302293016720
4.2994053545043087
5.2290330698095788
4.7010308560320961
0.4685070189790637
3.9866178188180821
2.9738780281800858
4.7432107419987268
3.7887630831192478
1.9485275089006833
1.1067164434516237
1.6341321883608451
2.7082933819508415
6.1089394827646073
3.2486381932741599
0.9619482182837564
2.4264755657197759
3.1120309349099391
0.6171393025538616
1.0436444660231079
1.0414985706124413
0.9103319333802863
0.7044691837162025
2.7615515754486140
2.1957431360199635
2.9250200350365199
1.7225885338642972
1.9398858501969711
0.2987656543420324
3.0201695302242717
2.6310951002712022
2.8257016004640967
3.5020794145155567
3.8807573739586023
2.0662453023811684
5.4851189488743772
5.9777274598356840
4.4502051755063237
5.5748059147554256
0.6124825262421962
4.5653194471267833
1.7272429940022342
2.1696014478025543
5.4274127725788590
4.0505108346340233
3.1134397371858986
4.9844175988049582
5.3519420387197192
4.8432527761442303
4.6785637822684887
3.8753369693713733
0.8784451716149587
4.7617763282307326
5.0457173901322880
0.0841725220234900
3.7685305421545907
2.5855310254781090
3.4324533147387699
1.1166908951807717
0.3778291988523654
5.8937261428714391
2.3114008838196716
2.3906257388472216
4.6730827347227901
3.9580751003116843
3.4486631446419622
1.3744754136652770
6.2369683276676184
3.8398125001602681
4.9539555716000550
6.2060126630446408
3.4949717012771702
3.6793102412544343
3.9633399770106257
0.5680999393573665
2.7025743836122027
2.7696512305867698
3.0026957413457751
2.8665683708043295
6.1673336220206787
4.9094707873871961
3.1886602594557272
4.4964782971605795
1.3584136760755863
2.8010354232648242
5.1703571941908324
4.7897882075971800
2.7297980682098495
3.8632518388236843
0.9407841407890686
4.0732062803164553
4.9362636532631203
1.8021068294620299
6.0254252268258330
0.2244508673292127
0.2676724408397509
3.4324409743486202
3.0460571909812884
5.4630624834100363
5.5706686484265706
3.3324854197902791
0.8497592992313985
4.5527581987032475
4.9190871143813979
2.1092105089188946
0.8149764233317905
0.2023001375521952
2.7953316618600312
3.6933855981729100
0.3246121687925851
4.9848184866436771
3.1378084507700263
0.6705849452170947
2.0409154799755704
5.2575217850645437
0.8697307501097790
5.6702660156156872
3.6386830794371123
3.0730140806242288
4.6340096373887469
4.6644062315314674
1.9421142673145786
6.0035571830055963
5.5743534575696057
5.6635454898062028
2.7726577281067879
5.3363283753918864
4.5871556147584656
4.6413819458726797
0.4285723032774100
5.5602578168928227
2.6681834008188465
3.9036107611000750
2.4118140684939799
0.6723563841545385
0.2188153837863814
1.4231765995978694
5.9134255133882849
6.2045489703227625
5.9642422189457927
3.0535396467575193
3.1595835349886636
4.9928545519666052
3.1583089493322642
5.7402486580571210
2.5574465519786149
0.8077936533731145
0.4153370224606368
1.1312143732116031
2.4871985354219297
4.7857894314642397
6.0196851790168866
3.8304329423547845
1.4968565651594354
4.9319664832089680
0.9019788984431186
4.1211866828362194
4.4753241054630681
2.2072080680913473
3.5165626967321413
4.4080503991932973
4.9939053424858262
1.1659595949291861
1.8872359304266944
0.1874138050625456
5.4631014596915586
2.7075862932329637
5.6025290550993629
3.5733478109674572
0.8474197004243494
0.0059988360321864
2.9896201913570399
3.6069754017441027
2.9902813218432849
0.4416117077600213
2.5745677066499839
6.2326142153801047
3.2539213799895941
0.8264056899991044
3.5520967587317687
4.0502714944490599
1.1970450497868612
4.4912245060532809
4.3724539635323350
5.6527030256233077
0.3477091762796405
1.2280112860973216
1.1572843339113885
2.4085219760365448
2.7463545147122801
2.9827278027967998
5.0551542630236543
3.8305453284210027
4.4410345360778161
4.4413658231827231
2.4898005039252609
0.7740612778812480
5.1459306754659178
3.9924209593486952
6.2037889387974747
5.3683289076353633
4.3939218686489010
3.0616960511961460
3.2800431152606730
3.2759610021748031
2.3909307720369082
2.1746296656810098
2.0381142809966950
6.2748230644351501
3.1802298299980154
5.7024160961198298
2.1161969253725363
3.0086768897871790
0.4316968224793696
2.5162981640213520
4.9870811801507235
0.0899836321665205
0.9442479550997276
0.4922357625586014
4.2098377790417301
2.0227194616381596
4.2511641163938227
0.5918053740696493
0.9677317980205805
3.4575610402704569
3.7588586991351991
1.4070640356979269
1.9986704751265503
2.7860166522238474
4.6632563741597810
0.5684185930823059
1.0866030436613898
1.9814326880880702
3.6989985700331776
5.1190789016913083
5.0488681291886426
6.0808435482544478
2.8752764747828197
5.6879299420992693
3.3915173435642907
1.8709897157212156
3.7676546222205141
3.3528649646869595
5.6494615858177717
5.2911555047599039
0.4373428072297962
2.3184223404192559
1.3408472075527531
0.0452416417727229
4.5867812054560497
5.0392235539527404
3.8053849032303089
5.8184562933687669
4.6985812242610843
5.4099281081476258
3.6214138927903674
3.8502256719126993
3.1063980819832349
2.0630661553574963
4.8798612568247766
6.0553747627892616
6.2083386145975163
1.6926393764867071
4.3425109075699435
1.6570722064644257
6.1100861342615760
1.1720759742898132
4.5687858840616222
5.2632464330102291
4.8013970910518280
1.2442909324369078
5.0909305755110799
0.4780731703631311
4.4235128688936980
0.2221571111815780
0.0416275444630645
2.4242992966462125
1.1456811877662254
1.9118275436562835
6.1850117715359136
0.9306427648238282
1.4695102835481841
2.1959502668216642
2.5382370029050501
4.0922579387206817
3.9039890738761951
5.6222130214263242
2.9359783040420089
5.6818477766120008
4.5236304228934934
5.2186418890747559
4.2548748042834141
0.5949751250653739
2.5156421282253953
4.0147255528411927
1.7079220636835313
4.1209531116903140
1.3273422271864850
4.4456678659910898
5.4722257151664273
5.4433925383951802
0.1773881124065556
0.3900377062038435
5.0716881899848838
2.8517987876157411
3.6764718229662923
0.1387454629166903
1.7035049261878206
3.9603774426183760
3.7481245416307898
5.8470659662250908
1.0436743755546234
3.0101486107183555
0.4440943217249310
4.6656016770742372
5.8856813092192199
5.2467940094753924
5.9360351043644837
4.6850728282383969
5.4163921024702892
4.2394374193436510
4.9494930902540117
1.9484817070190286
4.4088308587533955
0.3669358839068527
1.6369953421753871
0.1133690576990493
4.9183160648195203
0.3745724901998674
0.4398959296696446
0.1876102338778818
5.7308599847957051
1.7583217808544571
4.0417261410588869
3.5016723369575802
2.4595050939898444
5.8019672662219177
0.7898527221207908
0.4049007887174154
2.3751178183061645
0.2829052389680744
6.1937767608869221
4.7991560625707015
1.0796999816025119
0.5365688019271396
4.7064325417161026
0.0852053652019562
4.8330087442349825
2.8752796425116944
4.2916326459273870
3.9006464899644975
2.8095088966259971
2.5233309836455300
0.2935369014256168
5.0644637094231673
5.4936944691001921
1.9638027085971193
5.8131338009976741
3.0502438969917409
2.5148327829032127
5.6882035783248242
5.4511893743773809
4.3630931688190344
4.6102923408931247
0.1904982379136841
0.0851509526302931
1.2506394131259007
4.6060465963724617
3.3558182979272648
6.1908486667171552
1.7513454828384423
5.8334756863760830
1.1233151676125654
5.4491049435248504
1.5064370405836860
5.6219866763244450
3.6166179827954941
4.2519708062178783
5.5603036892408335
2.1582518176384373
4.7516369056764738
1.6527914637212597
0.5726545160950960
2.7975569102005133
4.7802288035813536
5.2459247700091174
2.9049648216291963
3.9219136796443528
4.6133412232626485
0.4261749616538030
5.8127338613180175
0.2261745645049994
4.0985393053372352
0.7237982070696398
3.3990622480370853
2.8488841617613305
1.8893875017405226
2.5294411544144828
0.9937173508357774
5.1001359243199733
4.0497346031139836
3.2627177024111149
5.5079223522428995
5.3473693942194700
0.2891176464310382
3.2914801091238943
2.1829470003006506
5.0826409801651327
4.7224234445060524
0.2680068014172808
2.9720258735362881
5.6177489902664934
5.2294309029875157
1.6602338629907321
0.2940823440038140
6.2785521220257436
0.9353673114188080
1.7038340291724192
4.7503612138213240
2.5237886032145593
2.0146246754765067
1.6164558388858905
2.8014730835719130
5.0066547955227856
4.9722711720089947
4.1467335013225277
4.6041911567032408
1.1286527301395091
6.1419931696326984
3.0192605020961745
0.1771197646656303
2.6404180382163656
3.7902240272984336
0.8592047572219882
3.9797446685633733
4.3016116858439135
4.0917325544384484
0.2863263446830741
5.5808307804638497
2.7224360260378972
1.8369496753825849
1.7165736717159008
4.4831132723863076
2.5991207042092137
4.2243802332213320
2.0996088757067555
1.7632313048694379
4.4988958331837186
5.9715495426662288
4.5908827009004964
4.8528993699749385
6.1487887752630233
2.4590657422663851
3.3631883621841601
4.2251994050345081
1.2469112902725268
0.9181810166001955
2.7633274427608354
1.9633184782738973
2.9908400282702781
0.3327021724593458
1.4054458259790248
5.1165434650392392
3.7808244220037439
3.3779720107652071
5.9645087756645339
0.0689511908471150
4.4305605544369415
1.4795649599790603
2.3001777303400455
4.8468012273233523
3.0571718983368550
3.2009908867299752
0.6829713379534433
3.8998191296488165
4.6980134034342704
2.4441633806905831
2.9991650998893076
5.1849820864049185
1.8736723682457808
0.4996917985116984
1.6092569980059976
5.5922483780542684
1.3882213023859853
3.9068467200562838
2.8982476487902926
3.1086393458573793
5.8203596370269475
1.1704870492600365
4.2914047549136027
0.5608098985817508
2.5905886490090544
2.0915156791371401
2.7993262347433725
3.3849799448690678
5.1664793053309843
4.3531600993207675
0.8225126322738061
0.0020070672740955
0.2339644459499508
6.0714452560563643
5.4167393834366777
1.1778848349057331
4.7242034213277941
5.9210417026309932
2.2304251071193275
3.7087574368340039
5.6064146743656442
4.8590796157081035
4.4124983240675038
1.1868253463331657
0.2279788235991389
1.3690896551352461
1.3225967707692166
5.8575962605242964
3.8414441624515407
5.8595765761227341
3.0608570708858833
1.0669896133401453
3.6187221150923814
5.1747134901590233
2.7159360000545600
5.5465777070518598
0.5616835002991032
0.6501188966642797
2.9738110089155874
3.6614962865140983
5.2640454618272878
2.1587079248893297
1.4959177209405716
3.1553012449893205
4.1040172008168465
5.0472493444545616
3.7817648020918360
5.3120427104038583
3.9248573200227628
4.3504905535273641
1.8984012015655496
4.8702607753410145
4.1908893317804079
3.9311505630775700
1.1632798468588446
0.3880733699721779
2.6636015171688983
2.2706778798264851
5.0205085450694371
5.3164399119721075
1.1656693910009468
1.1123929098585716
4.2246292890936346
4.2270856927630005
2.8315553032192424
5.7775391853041622
2.7026396688834891
5.4111727674638761
2.8481400801540566
0.8648212212811685
4.3696661435043245
1.7628982831404374
5.9951196825327617
1.4299902844949757
1.7838799465903274
6.1394875143807477
0.6576259570785581
5.7251793715610981
1.7317716607381768
5.1905754606583994
5.5261101101259005
3.8338485962797377
2.8613532174115415
5.0594239447509120
2.4383502240775035
2.5772042669757296
4.1645826046710441
2.1509846420204601
1.7777649617977367
2.9307679958773232
2.1671167349142211
5.6640639074834729
1.5661164408914046
2.6726372980711113
5.3594361304893887
1.6811042416594046
0.6256506870485652
5.8724659246539490
5.5008215838163403
0.6214170467429768
3.0299577498624859
4.4843225877105670
4.9470524826025244
1.8448346933783200
5.0793857475218180
4.9648767359212913
4.4227713358731044
3.0365463281712715
5.9817556956367532
6.0615709606458719
2.3448139286413463
4.5335518966864132
3.0783516769633694
0.8208470536376811
4.3382598612935492
4.5607581859746551
1.4973719518845110
4.6215464957612831
2.4371816823712620
5.2866417030805559
4.3628618158969488
1.9375631781153118
3.8617530443629953
1.9407059674765188
3.5894443225768105
3.7681715434427820
6.2817309032292892
3.0565868480114595
6.2673762484416224
3.9670197246886705
1.7167839897967880
0.8285414205524401
0.3068875976425637
2.0307708068021970
1.1205536022442573
1.8051202724115454
1.0538192389230194
1.2341140660964940
2.1074267922842331
3.8117967641288186
5.4479308856520330
0.1565458431792877
4.1145028991442718
4.0734739714781183
6.2395036613842283
4.6331629049020764
2.8383854739343723
6.0420934242729212
3.9470133136375223
2.7829792894986829
2.5051546186240397
4.8451259334951917
1.2312926194970548
3.7735815941864934
3.3744568905029877
5.8657179801937485
3.4696732595365849
1.4700432363962350
3.5641420970034416
1.4496321436400796
2.1386947668373937
3.6529146090886551
2.4323577580603812
3.0545108166589996
5.8070719089465541
1.3288577035252860
1.8482140406067245
5.6981038630151373
5.5578841780980026
3.0295051723479789
5.6664011459511405
3.5111297973352018
1.3762673831101317
2.0236113353301231
2.1526418336701645
0.9911480787501972
4.7914065754375477
1.4301576674430103
1.2064084986094372
4.1520872740925876
4.6442456524206337
0.0285300684484611
1.1429771831517994
0.3540520528597833
0.8441094441545947
5.9606523188163418
3.3724516216840730
0.8219221588931577
3.8602415043698004
3.5069330054273555
1.8211047445284092
1.7093539984172093
1.5975993175186423
2.9702192720813891
1.3891944646473486
1.4567805623244079
1.6538257997961505
2.3398289340429050
0.5495662996600058
3.3628940974955106
6.1896343936075677
5.6828600623363945
6.1358180963519908
0.6558008772759729
1.9096229005278851
1.4814619918929912
2.4036992038707532
3.8104054780751224
0.3768215113320773
2.7913054003752520
3.8760841208474903
6.1657654226273886
4.6705499050204473
6.2313081461022621
1.4308747127614438
0.8472410447633684
4.5163629854290370
0.2376400679217918
0.6825971869365483
6.0722849691099334
0.1369023579397547
2.2254816984558019
0.1689991439909005
4.2189337048874211
5.8539599429401976
5.1829847162838361
1.6671126785925314
3.1968795736208282
0.8961200615451297
5.1402971233028234
3.8126066720175031
6.2540228959953055
1.6245361195984009
1.8634745036071900
4.1359940922254008
1.0129293059262419
3.3862287377752844
1.2560997019594629
4.3877157055167100
2.4842538836979466
1.1489349919258687
4.3803903009012801
4.3957929553854207
0.9147735132774359
2.0929875065481705
4.7241248463876930
3.4377437758321219
6.1144692102336080
5.0875856611350647
4.9151101850739911
4.9349619622864820
1.8176856683017719
4.8171852638011714
0.1931305516768049
5.8397984081065788
5.0679376618665728
1.9795039498618732
3.6543480294606159
2.2784008354528882
3.0651269502106504
1.0332634106013892
1.5808828283683869
1.2230640750239339
2.1779002028558678
0.5342127054852661
0.1160016711798156
2.6358173118192596
5.5215797703338998
2.0299418310944435
6.1116635059904070
3.3062302498029892
2.4769857269891755
6.1891942029135958
2.7653365734149142
6.0330960130309181
2.8171853781165175
4.2680745887372824
3.6094618926297644
5.8298715650259751
5.8976385015992356
2.4740253355348725
0.3432748143683778
0.7335601088556249
3.4515690243380761
2.9209532619362051
2.6907891770252870
5.5814661933246033
3.6935608566367804
6.1484227532485933
4.0958343507777109
4.6667447258328325
5.0074215717063630
4.6391161155792124
0.3321290749552102
3.2561454098354905
3.8962224524460791
3.3197396490585045
0.2028760566335908
0.6968044875044050
3.2752884746618496
5.5448299817987623
5.5879540317303347
2.9292573301708837
2.0728304700703184
1.8366057242783438
1.2964351626490183
2.2695294634898704
1.1075394706623896
0.4006471548656778
2.4998384025899711
5.8453008719495774
2.4247295384735774
3.1030569901441112
4.4828360828186469
2.9966775595123587
5.8942877807211360
4.8538934140506056
0.0312044083674922
4.4600134770483573
6.0055541286343672
5.7093856410744896
3.7860190120378983
5.8867065490939563
3.8306491992278762
0.8466607492726080
1.6539083456641643
5.3577526564272704
5.9629083835428913
4.2004155921311339
2.6281377223782880
5.5572916245405253
4.8988123513956179
5.5309697124893900
3.2515039402972272
1.4034292176899945
0.9644803488745407
1.3830577780384476
5.7304259627005267
5.1305552780136230
4.7798227704456808
0.2815844685863201
0.8094038719851809
2.7390571748126700
2.7720748495738610
0.5492967073453843
2.5501897565545959
0.2498391148647808
3.8030802579629466
3.0024141459256173
5.4248691060640084
5.8973617298066578
2.0112375504847213
2.8934730040312031
1.2407155726085506
4.8436599432317227
1.6000360052467681
3.3434726818711868
5.0774837431647146
4.9646606623312417
5.9563193271892096
4.1967615364821489
0.2338931406920788
0.6653058449290488
2.2186747192091882
5.1549593998116636
5.7096500824201861
4.1487939897405575
1.5259410052067370
4.0288079422592133
4.8737148711767233
2.2455072207540594
4.9995786420169805
0.1122501518232542
6.1681970485471806
2.5859233793498109
6.1905405857825748
0.4682572706280604
3.6036070952736070
4.8178753635760412
4.2558464594213250
5.5864129863342740
3.2133721632332644
3.9883319487099658
2.6981358363308372
1.7683941117125197
4.4380206671735225
2.6299150734464658
5.0567089467270669
5.0620351287780299
3.9391857592105364
2.7253624755883501
5.7274601359983128
5.3934107314737858
3.5182245196279052
1.7811110510209140
3.0515924045662777
1.3627825262098956
1.7320236868340950
1.1469866550503978
5.5917159008387323
0.4162555772797004
0.8652838657932101
0.3907760203042362
4.5969371328992512
5.5474402322511400
2.1670892001153854
1.2251210784372588
0.8468694629201506
0.7149556346024096
2.8301061583512621
4.7929359945930834
1.9619504195640669
4.3728781423000562
2.3243639827131797
3.3083790005790439
3.7218312882619125
2.8596618833861283
5.0247946084818338
3.5881203850514578
2.5046706676928396
6.1203946284737594
0.7946305434480342
0.0093136972824674
0.8363612879140285
0.6552120444803124
0.5586172470793830
1.2507581279997362
0.8467126455200714
0.9063970064165926
3.0010779806736601
4.0845598930689944
3.7972636175401533
4.7459151846974672
2.3235066272921681
4.8042918670148209
3.3985730370516869
4.3877380905654082
5.4189984894661309
4.4700688763254872
3.2761097263081194
5.3064250527157721
3.0170479938024362
5.6274946429295376
2.4454403753474527
3.2784267299769843
3.3590652961738150
4.8473517064882845
3.5957508429044478
4.4761311941700894
4.2467234781634193
1.0329400337030763
5.8501867772708787
1.6134285337979888
0.8426080698695506
2.3396459777940448
3.8534938148133246
0.9617798508779604
1.6310654937126643
6.2186030228038547
5.3770620923143042
6.2393071932247990
1.8569852549718766
4.2739258179644501
5.7876217724779888
2.4519313247533709
3.6479152149650642
2.8662745974710844
3.5157008348438854
5.6926743664906621
1.3923258328606196
3.3481835606317474
5.0140943382275358
0.1005636444045771
5.6922425595538071
4.7790201867475188
5.8176967713853527
1.5701530450684698
5.5976494313828615
2.4416432875447316
1.4641231527336735
5.8333002126385969
5.5874221127389845
4.1385569279930925
3.1084020826455583
0.2134959854122612
4.7390499450853572
4.6170192582188516
2.8997273037987039
2.5893360308773272
2.7314406726778491
3.9669122771453020
4.2419021421231911
1.6880573926578750
0.9556497117541991
5.9772659693998360
4.3284927411880592
5.4454610206582661
3.1493327610689108
1.4999961278332399
6.1397654115026574
0.8849495759326484
3.6146058284260412
4.5677406062227588
0.2120257538469880
2.3432589269162003
4.7107760209044676
0.2706967907644102
0.3481242035142785
2.5335289942964043
1.9958311908762727
6.0408486795036085
1.6301572427587705
1.8222806751507652
5.2190109006337995
3.0665929439817385
2.9624420293623013
0.7650435808268367
0.1299930310311442
3.8620343740610257
4.5741700526661511
0.6522973705322299
0.3820403948159928
4.0074963930166465
1.4320163540607973
2.5236629075283314
3.2014443477023380
5.9172091151024766
4.6859647195982470
2.7253034739168194
0.6846145092822485
0.3287885488691322
0.6358660350856804
6.1994016772940546
2.2456932838232304
1.3628625984570775
0.0624906868138911
3.0721251688382858
0.3305704058087300
0.1390127254326564
0.9506057225022471
0.4484962421838083
0.9923000724178728
5.5207846829979053
0.4720160109458454
6.0860348876827901
1.2526874779889909
0.9029161931011067
2.9335024389099340
2.6863417646829344
5.6927983206367996
0.6231261584248686
6.0144299273015402
5.4214293160817491
5.9876892528724044
4.8506459869324621
1.3070042359354457
4.1042820168468861
5.9575173155127015
2.6674203272011625
6.0945209661456614
1.8825552771706837
0.7773958179842421
1.8512747688712849
3.5039490097172523
3.8251966725535835
5.1920207303336694
5.9868134551693704
3.5695577973928287
3.2455168014465632
5.1038864331600626
5.6126862484735778
5.8864319932133879
1.6770250541930261
0.7102546762007205
3.9696640668935417
1.9490849148887350
4.4652580153848973
4.2348586382967737
1.0378074585447508
0.4785045969534531
2.2283085923076063
4.1309409488123601
4.1634621733687425
2.8258910796991787
2.1224528914489507
5.7964418115818521
4.4889963539768942
6.2407208082975174
4.4815681035736752
0.2400069213237037
2.7198186470394980
0.6869687263826187
3.9743591530321720
2.5340508248144826
1.9641306186630625
3.5996710452320517
0.7879581402875609
5.2259161528059517
0.5488289373906683
0.0834675701222946
6.0397468025709831
2.3219645311362638
2.7541190956261863
1.5823079734674832
2.4113742883189837
4.8611233772824232
1.8966237260460099
4.3007491999274494
3.6421968494452353
0.7239406784443070
5.6271999513736546
2.6114951948794767
2.3813365337931187
3.7853116301507597
2.4807083106307704
5.7248783205227447
1.6097805356268080
2.7788391230280349
2.3864966971461046
3.0778671023485726
3.7828646492382383
5.8802874539562211
3.9297729563421901
5.5206259675345706
2.6758784309437424
2.7562650154093000
4.1108039563415852
5.9929783885643246
4.0965844157255047
1.7321946504987291
4.6697654851168746
5.5811864227508305
3.8678915987989866
0.0934977486154063
2.1870769055432198
4.1596937376945471
5.8582982996123238
2.4210869377363404
2.3483645586300499
1.0027983708492469
4.1210484457564283
3.6865230603977444
1.3932347616884164
1.2274583866816764
0.7582388862303737
0.4690173597051468
0.9933627420328752
3.9175054057547105
4.6546345563004854
0.4570356350734791
6.0732477255893373
2.1748973767446822
5.3412035527948971
1.5540064534579343
4.9626248940162903
1.6410186254612682
4.8548734916334553
5.5718648788593788
0.1462068576050098
2.3279597986977691
0.0653017252457076
0.3369811886128016
3.5670583657180197
1.4591505130641036
1.4656709409897188
4.2897914893058209
0.1282273824187474
0.2065324009126891
5.4340167524516696
2.4095372026252369
1.5839907742823671
5.4161620848671763
0.8488375872584397
0.1388345839602257
0.5485665488926305
1.8132480457369122
6.2394196306499001
2.6563217645870476
1.6549187742664855
4.5139044241178663
2.0670793087084731
1.4384610369080209
4.9761947253182388
3.3238250891470220
5.5140945916520616
4.2072922413357929
1.7697743020350234
5.8073836300606834
5.1412158335512776
0.6103755646353702
5.4441696603614815
4.8721075368852196
4.6021598070504588
1.5548424614305023
1.4011272669073709
4.7866047019491349
5.0391303189318650
5.8021225813321804
4.6816980842510043
4.6390658540576535
2.0122892143783919
3.3986534902757777
3.0288102158251959
5.5865160145732782
4.4313968584020058
2.9432592855515765
2.6836324146721453
3.3840215584051827
4.3747197775021132
5.1760595733157100
2.3059386543750136
0.1418273289571608
1.1375574381217244
2.9417578011330017
5.6523983793808990
1.4956038494283539
1.7245556406867930
4.7298106767705113
3.3544440085156850
5.2408663608059216
1.4039724474686537
2.5422729879090675
1.4780325254813078
0.3225431539301963
1.3216435935830377
0.5578235114040271
1.6200217858546286
3.0328580502592337
0.1403629253535505
1.5723937424763110
1.0094852945510921
5.0290963061098184
1.9968479551042027
0.0640906943578353
1.3058106874433815
2.5112943263402827
2.1019917221632745
0.4829122353484283
1.3322241159154939
1.1754767320309716
2.8925718298322951
3.4195054909238638
5.5419454733738132
5.2472080299912180
4.1708223437506033
5.0368407032842208
3.5761084090074324
0.1046021615514209
5.8469775181332748
4.7844320915805456
5.0638733933035303
2.7418739668649366
0.8412544191748427
3.4354236205958162
1.1639633423741782
2.7835739613131087
5.0977586304721418
1.0136362060643411
4.4043782020611548
1.1065688852982121
4.8475969235298138
1.0946874711823402
1.1182512864970457
3.4222212179670239
2.7317303687092793
0.1203312999427342
5.4356788338156994
2.0893831845260635
0.3234750258327213
1.7207951736850493
0.0875059677440697
4.6188802548098709
2.3372113919282937
5.6836814708195122
1.0983046036478419
5.3513957964672327
5.7669145898163112
5.6630774108717441
0.8751802291228742
0.8967643641946909
4.5826607554615846
3.9146877280170722
1.1593665903387471
0.0448368059196916
0.5669081714000959
5.6154737810370969
6.1644648468456795
0.4208535273866543
0.3787363328712418
3.9470408703120712
5.2753006738550843
4.2732088621157400
5.3534259982867090
2.7659305925201081
4.6595326853337422
5.4376413372559202
3.4195631576692538
0.4439616423991276
3.9761759343452741
5.0309010688811693
0.7435902537609348
0.3435150881631471
0.2068211768130079
4.1131612588540900
2.6854740131566555
3.3159696033120736
5.2670289543292697
3.2802295242941395
5.9658271238281291
3.5644474094206715
4.6345604591434633
1.3965207129717148
3.8210321290814750
5.1676092015782009
0.2257254720002071
3.2825028201865956
3.8629312957743296
0.2122049741037322
2.7708290473475921
3.4744318504790352
6.0394539713754289
0.5416697483575138
6.2030932662640748
5.8232245616873337
1.9140767401958430
0.5006607478129413
2.7499467380846299
3.0099241124050877
2.5028170263474978
4.4363194897440437
1.8308321888375410
1.6472078690590251
4.8917258655489446
6.0568674585410349
3.0078478393312778
3.2252613073725724
5.6518854348673182
1.4955749652235353
1.6939279866288062
1.9779412600062716
1.7294596939986677
3.5648729112810544
4.9686420856957190
1.3674271592253777
2.5467054572399452
1.1938896304758586
5.6370652938619052
1.7904962203994244
4.5626040797068770
6.0491183881789308
1.1192086421503940
0.2353412650211794
2.7572523655977470
5.5042696857763973
0.8352782542868323
2.4050966090026198
2.8086174071863210
1.6447322328159473
0.5295607383866519
1.4232838403694099
0.0988580234678788
0.7212785744467676
2.4921593773018018
1.3752452554210464
2.2278044538324724
1.0615789187444016
1.2769412057598344
1.5075710775042936
4.6886836782298804
3.4974552194589204
2.3173503616787552
1.3618091063579671
4.0012730539341543
5.3173213669652588
1.9747541464144884
2.5098290116893969
1.8939902241323243
4.9213774766323226
0.3533267945970160
5.9958406934130082
2.7455168014212532
1.6279935211767953
1.9800981790942269
1.5092851956139304
5.6494836406529876
1.6231539285872647
1.3050711272907907
1.5860932073778156
2.8584867875190145
2.6764878950040649
1.2072214429863195
2.2436950772880535
0.3216226917456566
2.6749091327785584
2.5714954174779492
4.8664604886340044
5.8623875997891659
5.5207446217151235
2.9313780432976149
4.6032533279530865
2.8056115760057634
6.1403904610432756
3.3226121774335731
4.2948197952906177
0.9120020155137023
3.9921684091198002
5.0551389115271537
2.8909051411783198
3.5994192329436485
0.3658672928561808
1.5785164759748251
3.6270476881805616
1.6224655109514576
3.8857115645462987
1.5542574124991493
0.1358100545532857
5.8588744770714278
6.2342363021812837
0.9334988543208151
6.0354121466592252
1.1243741684783763
3.4913587452124375
5.2686354529818864
3.1989406794747586
3.3421325777382394
2.7307509941755965
3.7052857552796481
3.5612290274538028
3.4303228205746681
0.0357493894814127
4.3707797796972523
0.9928895494930583
5.6973944751473775
5.1036432684006279
2.7270879179921592
3.8547318495126635
5.6656584492245523
2.9813777313945447
2.3654732787121007
3.7213423862082369
2.5762971036755982
3.9193455895275648
4.8783730427801384
2.7791768203049920
1.8789671750609496
6.2251279621535192
2.3941233705164029
1.1770232428282126
2.0462117918334370
3.7514371616243611
4.2601999526677430
4.8004194073982207
3.7234868627158328
0.2395883495402374
1.0318609521727677
2.9870336115976168
5.3405659615267993
2.7800090586881168
0.8533338246393326
2.2654341837957568
3.2403719698825246
4.5791203827076341
0.8447405829896695
1.1644952595142797
3.2144018656677336
2.4497226524943612
3.0139536915261265
2.0337109075312969
1.0876392820521794
5.5754468645293214
4.5303390007913942
1.4616806590152540
2.9712935175705368
3.9340184930821445
4.7345310747934386
3.8314076119404890
2.7581355075489560
0.0835059377438557
2.6102398587163411
1.4059335605802097
4.2473444481591951
0.8913465705442467
3.0540161243922799
0.1417096583591407
0.1880002242205939
2.2937860350462445
0.5676007757990615
1.6786261241753804
3.7435863746581415
2.0705988743323140
1.6255911165057595
1.3937353679797977
4.3713139611782372
3.1021162567812732
4.0123947072831161
6.2155114578801012
0.2665052562030696
0.5573234440900637
4.8084215545936217
0.8134943990800954
2.8838744481718117
5.3676241925535750
5.9801260618061267
3.7951923608565465
4.0629968589237428
0.6527695692937232
2.6511789959315699
3.3288813991674688
3.2124258235310044
4.4821627087060012
0.3548047695060290
6.0709760685398155
3.7321894840840115
3.7381098562823691
3.4163683666213420
1.0460547342554969
6.2274991942183604
5.2253803390684803
1.6975392604595243
1.1086611724342661
1.4924540834525348
2.8269145572588084
2.8045591130639025
4.0901874191888972
4.9705823738568409
5.6769582130524681
3.9235835337982676
3.3492813516718809
3.8603013437631541
1.3579916489584845
0.0305378420266840
5.6955640639092096
6.0489686271498524
4.8070160386112688
5.3138480964290791
1.0934284074815286
5.0386976083451618
1.9236054876663877
3.2916253955046204
0.5413587626931713
3.1994760184790456
2.9853531801917033
4.5919410314683979
4.5619922193632609
3.1382841778103252
3.3930293780250809
4.2900430881134115
4.9645271300041074
6.2212904006243042
1.9363135703080476
2.1595864293934088
1.7804770028027028
1.3780061665797192
4.1301264997786502
4.0823008848622084
3.8319444902784250
6.2249446262289396
3.8733516124113203
1.8628127892014477
5.6683370505332551
4.3180587648073097
0.6474513349406422
0.8056891506582760
1.6991089260222909
4.3988419813020547
0.2963059214732962
5.3255875156005024
5.9753631914867951
5.3401269151407256
4.2851821271404553
5.8170007685144220
4.8998426579601926
1.9570180825323242
2.8203982387174240
2.1321871158665586
5.5967064878323471
1.6078668222171715
1.3285990459187498
0.6152881693957203
6.1755817546075491
5.4327309969955868
1.8525464592573562
5.7115145208033349
1.1801052808839949
1.7928582226716661
2.5610771095103906
1.5720324440108771
5.3121537479103358
4.8010370985064874
4.5751459711019162
1.4801409254559266
1.1419151374331453
4.8371208515404041
6.2218112074174838
0.9515171388969633
4.2152602921295541
2.3206704774902347
3.6173649837862620
1.7465522794314474
1.0870079869861564
5.2335801947654872
1.2108890896379325
2.1274312202102315
5.8080393875650094
1.8203382116860203
2.5510056435771307
5.3939959314020252
2.8501397218343185
0.9294818141812360
5.0952292010669105
3.4131432175207990
4.2454009763912444
0.6854937921930340
5.5672747483598011
2.6472772035025769
2.3772885842701479
0.3908538401641490
0.3623083007234005
2.1524898738861040
2.7249509437165411
3.5587943418452266
0.3035489216797261
0.6434562499284464
4.8214423857413218
0.0130643997535143
0.8652818564260089
2.9341216439661579
1.2474796110594781
0.8713020129025071
0.8200814840586330
5.6700386984091766
3.1831761626018307
2.7057190143634684
3.4970745049126770
2.5661320564471803
2.3266474522379732
0.9538174091033789
0.2651757837278525
5.6973102216800449
4.4371318428732467
1.1475400739849000
3.6761377410120026
3.8757133290838106
3.2769065718687256
5.1238609225926215
2.2643559760876935
5.4453597976553656
4.0897974333260763
0.6324676089404901
4.0973230971285908
3.5681989517569868
1.3911651486709957
4.5488406411965352
3.7331596960727151
1.4559878264187747
4.6877576408049224
6.1615465667117588
2.1677801707985807
3.3448697759847383
3.3974741481001143
6.1902968002929306
4.0339272156967070
3.9250548068485438
5.0726699180951389
4.3443268328224640
4.0527757614134874
4.9325015358788686
4.4521574305685183
4.8450224153447907
5.1080360639608653
4.1545261511865625
1.5974422842077141
4.1243037715412845
2.0207556753746312
5.6666788627094782
5.8364954582669446
3.4607383199823305
1.2900238063909422
4.4551532699973562
2.0822111332647184
2.3996467025553971
0.8747847690207154
3.2553005173703071
4.3834746103410565
1.7120030160398614
0.0519447023899902
1.1853694946045168
0.1203913760065273
2.9469089407366704
5.4416481840094857
1.7082635873919112
1.4668813627960597
6.1570061498254187
2.6074616654003062
5.5199022083358447
3.1825014032507748
5.1774096758040749
4.8807038197668300
3.8511212583857146
1.3161909879507945
4.3096455509238760
3.4695759374067108
4.2835427636082102
2.0664270098407571
2.2876543820077786
2.6670162908358788
1.9701565180125769
6.1613288420491017
2.2042732798801765
2.5868003638522414
2.4298390710926059
6.0647520107020503
5.4836714582018145
3.3505989235214164
3.8672228030417282
0.7913679046595902
2.2625119754353307
0.2654333091418481
4.1770389356872277
3.2115695259661554
0.9648094064853451
1.1698167019197292
5.2167652679870162
0.7361478290490012
4.6670179559474523
4.4840826656131823
0.5777783711699833
0.8092285665289390
1.7837158813373013
4.0988289423516644
0.4033942989755427
5.4661433967839823
3.1794532784900245
2.1563472797196708
1.1972481134119322
0.4042451669303476
0.6608722867586960
0.7382292661694464
4.5193248482286892
0.6614783580295259
5.0151012248266804
0.4300862191396225
4.7824035036429562
0.5675664635569765
0.7554302897454227
3.2229135272870324
5.6660450418759867
5.7259997057996630
4.6072248720940845
2.8141419703517054
4.3451906488641727
4.6530480342815519
2.9848830454099384
3.9779304759895617
5.7262165629843471
2.3844019147263094
2.6101323305823128
4.6404565079636875
6.0199584768094665
4.7901604037242995
3.8340037238477658
2.0894689619871873
2.0990856727783682
0.6323828277678282
4.6627760051129368
6.0529238816304352
4.7570563904801988
1.0738513351787531
4.6904116997104204
0.3160276311840021
0.1967193058300719
4.4827309464568401
4.0789144109383164
5.9537789532842185
5.1777929851248361
4.3141304943392162
2.9062537949388352
1.0843509678918990
1.8451300817888678
0.4887128367411204
6.0889736910588708
0.1298926785466079
0.6992164993713172
4.5587451030473254
2.7932614426184759
2.4396937184910255
4.4595922677181496
4.7686499049121318
3.0408329392382254
1.1632911403238664
5.8698630292883172
2.2493460562139815
1.1248812386798799
2.1863048415504776
6.1257927866364099
1.0897325683686068
4.5442709800744625
4.4320402946730857
4.0727284915918309
5.6943713937805311
2.5402002936936410
5.7420809499343104
1.4618734011357180
2.0358065241796468
4.2948121335962188
4.7385452004682946
1.0337265738918482
3.2010583511327355
5.3930743316225467
5.1442870109310830
0.5450940117903872
1.3737468433433069
0.1100733095424257
3.2504232220595615
4.4880108099197233
5.7045901150752929
6.1340803087092715
3.9636750991044747
5.9046576279773593
0.1194626478131250
0.0451814342296166
4.3215994610799120
6.0193312017286349
2.6918153542063319
5.5992666146745487
5.6462351950832526
1.6596572535090814
5.9333441685002448
6.2648558471867961
5.9837285909502116
5.1371510564066920
6.2751332600163021
6.0050798018918865
4.9852432002553808
2.2798403867239583
0.3180900757055838
2.6858728125262941
5.2878067029599221
3.1175919359557378
2.4505405158132918
5.6066207467434879
2.6767856273231190
2.5406875905132837
2.0142782278459648
1.0601416343826278
1.8408997570940631
2.6842767930373115
3.9118660820649338
4.2901420485713881
3.5243844662665977
2.2889922265510410
5.3175414483867272
2.2910747527235187
0.1345632842425620
2.9571444598972820
2.6256948545582994
5.9216695996074202
1.8679228694176191
4.9802349101851418
2.8634111423384434
4.8724140281032593
5.9458986127616740
3.3494870107200994
0.4476078449247005
3.2534089486134938
3.8953471335963727
2.6421190109225408
2.8314233516164875
1.1785997846861727
4.5375103625137081
5.3580640722047308
6.1835714871577778
5.6577360420392031
1.6313623145887828
4.4652045849398361
1.8570667909655652
0.0437586796710068
2.4397014799896537
1.9040613615699320
0.3502039249876867
4.4190965536448852
1.2383481095273445
3.2039100349347800
2.9604451495368180
3.4463631345835473
5.4595308369603792
3.8604837103159184
3.7575350212211691
2.2464925509286822
3.3945886187751362
1.1264450137405118
6.1122619159151252
4.7368386061351044
0.3173005011406482
4.6408328942593240
4.7016810038718102
2.8116131792065406
5.8409894507271085
3.1062566339193833
4.7587767741796805
2.7514283375225537
4.1545416730032265
0.0011208317151344
3.3706320066500823
1.6366161136713344
6.2518849571316100
0.9056970115147437
5.2426249942634033
0.0978590051778429
5.2393852715054310
4.0021374299366181
4.1326246963354674
5.0412094905924620
2.2291697641528150
3.5401362066441666
0.9800785084269011
3.7869557948946939
4.8966431728264777
1.2445262264924430
0.0483618185592325
3.5617698252971550
4.4851694061783594
5.2446538228703199
3.4718342250067447
3.4412762144006908
1.6752399880698081
1.8015781187808015
4.2021493520731665
6.2637583288942178
3.8263751207568659
2.6920198499389882
3.7652592214146900
3.9365891330041460
0.0894594242730159
5.9052154678649948
4.6224884244992008
0.0490702805411716
0.3946653673786547
4.5800365549017590
0.0839228413312732
0.7463284944805439
5.1730963582825709
0.1312573880873483
3.8739504263775402
0.1566580547848721
5.3941840235022456
5.7741331123241615
4.4346421553640329
3.0506709499753208
1.8226259009053034
1.1203980623806076
0.6170693054243964
3.6502210953852257
5.9024291167365073
1.9637475283363888
3.0285374476078157
2.0033726120699313
1.5918954480722356
6.0028370531590065
4.7572336776481032
4.8287210348707958
2.9054123571668433
2.8896177235579965
1.1210623562241426
0.7122302013720755
1.9637258478304802
5.6475596560078252
0.5970179378733669
3.1940290313192108
1.7831149032135460
3.5143687970695443
5.6085803642025782
0.9304558070800915
5.4160505749822345
5.4269833680659003
5.9643159333963069
3.9929357475743363
4.9692897128992124
3.9614467231605395
0.4074897243345140
6.2183264728479770
2.2686684248706359
2.6233209497605978
0.6300630215848364
4.4885522736431342
4.5037737851243334
4.5648180395026143
4.6420032070956188
4.0749927596376363
0.7820839347966078
2.0879957061075403
5.0520436672203557
1.0745285772070199
1.9777939628621473
3.8746966416725805
1.8842137886840398
2.2177725599202009
4.1477161447201025
1.2516348245943070
3.0331174856047229
4.0903660296164261
6.0209488237113966
2.6169312148073978
3.9013561177861367
5.2177265460022850
2.8250145200892196
6.0096422849129381
1.1602520496522160
0.1160066080076070
3.3528773305352604
5.5009610941134390
4.9469510025691479
0.4604691354491914
1.4756739722107779
5.3937393927935569
1.7272302046776347
2.1724344931123305
6.0965566295644305
0.7193062009042219
2.4286627676781034
5.1238640525478285
3.0187126234972190
4.6321122930438925
1.9883423438673145
2.2796109158210207
4.2825349170642442
2.5176326594378229
5.1527377307590356
2.1327160583769378
3.9455915819218554
5.8044320367180262
4.1049518504191678
6.0243171596671719
0.7329297768732290
5.6709140540492982
1.9432156236986047
3.3891626820236369
2.8592122120590338
5.8857824775390633
0.9917704644819061
5.4605485657152970
4.1951462975006883
4.6154127300980905
4.7004992667227405
0.1169171779890100
1.6421220944592556
3.3624242209946478
5.3248370501079219
0.8168659623960131
4.6625477875830308
5.1470014556126458
2.8837260345177986
5.3582377881507490
2.3966313870381932
0.8311299619395369
3.1002450863905460
2.3209693363654140
3.2282328707998733
5.2367357434772561
0.3975022164012522
2.2419056740065511
1.5991614842738993
4.6354973540323066
5.3599640665461887
4.5430636735450287
4.5444463298346003
3.7888432958772755
5.2524641621035935
3.0896128914600491
1.2638989944140377
5.4830091360882509
3.9531678330300859
1.5481717432005291
1.9284974784548166
3.1415773158296401
1.3772072045890813
2.6059246631395672
1.6466055947954896
4.0248858791481812
3.1112281497122645
1.5739801219395002
1.8303816984899868
0.3663143552733705
1.1126500663073888
4.4959487892833057
1.3696292489784976
0.9116893163174563
0.8273056479578784
2.2794981699817316
4.8559714896932702
5.2935995053908540
5.3679275403611202
4.3605453470384354
2.4007676006703109
1.7826470339785312
2.8336874631377071
5.8189617126694504
4.3418196602549335
0.7560609765675230
4.9075388373246893
0.1406442367208119
5.6603976638100422
2.7397533397205716
5.7561471293913362
3.4158044827028404
0.4221631622729159
4.2351300345528262
0.4877375309999583
1.3131498155853885
3.8070524900426777
2.4492424055338300
1.4390490346966958
5.5497088997588628
1.7740318866494211
4.0392746183513131
0.7535793200495137
4.2456710512080393
3.2467791684967806
0.0462735353129065
1.0113963479947088
2.1569337932731592
3.5752949151318911
3.2167236755245634
2.1474764310894727
5.0340218491054127
3.4881712039417532
3.1379574722679440
2.8344960134262620
4.7634433317562905
5.9984263246827858
2.1917216360622169
4.4424180130294912
4.5251236542194002
0.7193119494709419
5.4978642716044863
3.3993567029365650
5.1213302001929204
3.6132780474733477
2.6560875674537439
1.8588097438442319
1.3322520804845897
1.9720757167027181
5.6588019686259061
1.4864773637853903
2.7408649254272563
2.5794142720436226
0.6380580913561325
3.6516351393394797
1.0356136784786576
0.2629082073983246
4.9995210207951235
0.8059556086035968
3.6478443333564359
6.0349917069640844
2.9032978969036733
3.6768226405444500
3.0849855426491963
3.2575106208912672
1.4842995031517721
1.9017679136358805
0.8549105482898489
1.7400709124949274
4.7218767247004738
1.6373225041409760
4.8855394567740618
1.9998442612232403
1.9140147614358571
5.4186220351883732
1.2705896042410141
2.3627553625494904
2.3042322369818327
2.7780579748574445
0.0309736322285071
1.3848819137447934
3.0434100190906319
5.6280167834825336
2.2088918584516155
5.0855572887688725
5.4094229890760177
1.1127641385110754
4.1574936388122978
5.2676545837704589
2.2570902231034555
3.8867265428427009
1.2896771329506620
0.7879762060228412
0.7606163415404749
2.7566458980022368
4.6969904743540907
4.9831784030498207
2.5557193436176244
5.7484519794634314
0.2449502647361357
0.6331399868731903
3.3018181151479684
4.0071031813536271
0.1464099354158022
5.8843154432276732
4.7555677019180873
4.0833715988796691
1.8920793040368982
1.9396171967357723
4.7857409542749068
3.6890173453777977
0.8415891562859048
3.7787086149441991
0.9305240354815579
4.7561077254817876
5.2755140655278145
5.6880261391423135
3.8412955219553502
1.9828963594192923
3.2893111889421873
0.1829411964958020
0.9242240723360839
1.8283933710124618
1.6564603732759731
4.8153516992119556
1.8813762146646382
1.2827905405019067
4.0040063429505572
0.9045309146593646
6.2787476460240779
2.1499106615910941
5.9267842976477851
3.2363786747014309
1.0536761053693811
2.7799410639499080
0.8133680536373487
2.2511830396039327
0.6042849592211229
1.3958275970697305
5.6800734072716033
2.5423896552787975
0.0860471154682284
3.8259864387050428
5.4045361551897031
4.5744256288217082
1.2840116137002189
5.5650980846273352
2.9237420170314676
1.2443324653809715
1.8621512212680147
0.8781170119628017
2.1167579589926557
5.6310016457617289
2.3118600737785711
4.8117978551317231
4.8950553368319074
0.1788966239423261
3.6105975698667661
3.1749105639504633
2.2328374713959036
2.7034211148493865
4.8822560555572077
2.4843808014289008
5.7076850028582067
3.9724327985979668
4.3806399072451141
5.8174136132417287
5.0597331744692875
3.2535533679640918
3.5155384174265101
0.9885460826931901
5.2475375009550334
2.2061295625607631
1.2106263799286507
4.1259608609501779
2.4438222678850194
3.6712508385328779
3.3339367395825872
0.4743215028281590
5.3251779245521638
1.7836144001907106
0.8610293487362264
1.7434707937913136
0.1466527997151903
3.3642278747149725
0.7393391792565360
4.1229507605718476
2.3189286248629579
3.5642942421674535
0.0994925009876195
2.9534395893983696
2.8669476506872482
1.9962976184577303
2.5314848901988785
3.9741354516670278
2.1551476989849569
5.0172028732252114
5.8322059205195220
3.2168128715553217
5.2380088932677316
6.2359371819356895
3.3757724101616913
2.0870079057078477
3.2649249156787437
0.0092379723384546
4.9447498908514467
2.0790611755546515
3.1002805951290471
0.5148538997498611
4.1881591785026657
1.1194483072375698
4.8320767336202612
3.5321099902715631
1.7261966497109114
3.7217925887483383
3.2370832718183840
5.5346210636565107
1.7172997700362866
1.6473981933530870
3.8016569739829369
5.5714732087162986
3.6941054450668180
4.3702548339482030
1.6292272674414296
1.0184215035338844
0.1633826421217539
3.5530081635434354
0.3573004713741003
5.6273745943084901
2.3251893951236471
5.2736676571852339
0.5866089534687188
2.1073982529386459
4.2466225660747190
5.0343661076171973
3.6478444450400094
0.8698263245098933
4.8974091728619973
1.8170759222752013
3.8049847076068706
2.1934972958666217
2.9524301164118896
2.9015890905503015
4.8386711630126342
3.5427820247988215
3.8304391393174191
1.4319183605670101
0.0509101912429127
4.2562483246526996
4.5575319763259907
5.7999730911219052
1.5404406747835482
0.1605487856336415
4.5123912009547116
1.7727703063380489
5.9937420318806618
2.4669398479096452
5.9670573344453963
3.6923260320649072
1.6905072923735960
1.7993708328368025
1.6676341260106053
4.5087070291604459
1.6266232796722293
1.0072571318249459
1.5077103501154210
0.2481992026164670
1.4504988180491887
1.7831738983621388
1.1478112908661748
5.5994043371073561
4.9447897698025125
5.9640936379021188
0.6513974716297314
4.6613427965155436
5.6369669106053708
1.3534789440347725
1.1150786610678005
4.9871260114444151
3.2855608641475462
5.6153812093557764
5.2129639861656702
4.2885382556187368
2.0047108799650077
4.4294386460028852
2.5999689551739329
3.4277257206428651
3.6213119485079455
3.0421359714509335
1.7523766064241344
5.2548367962855078
3.5760627963963016
4.4676652451816938
1.5532721772954385
4.0753020499761270
1.3032073585356461
1.4447775241678913
5.1846251603574149
3.8971182752995830
5.6191583364279820
3.8035164669999046
4.8815486301313742
1.2455789955190231
4.7882110719332562
4.9417984157598456
0.2087490182468052
6.0290784233827601
5.5689806110067481
1.9461862434190704
5.9363866032337214
3.3869966234533031
1.7761431695757572
0.3333121816455645
4.2498001642806944
3.8393512233399814
2.8427141544372336
5.8945040608538255
3.0495191944318978
4.3880799534675932
5.0767417988902155
1.8931666392118998
0.0657213381551701
3.6399275230091539
4.2608296245236303
5.0282289606264792
2.2368118918537232
3.3474531790417221
5.0361622871330178
6.0388390061330011
0.2848263636367449
5.6150338835862241
0.3161359711665434
1.6858282560053657
5.5172321523912107
2.5924187507310954
2.2664305283913193
2.1389143329245095
2.4733958047037365
5.2008240378914445
4.3333766060604599
3.3712827004832016
1.7810109544675079
5.6317742633624208
4.5174118153373231
0.3742384443003970
3.8116067202673154
3.7940318943281621
6.0313855235671046
0.9714503391778055
6.0602303406029581
2.7532604209596410
3.5029519203408044
4.4574518618802541
3.2182806536555515
4.9268203647410074
0.5770641835362931
6.1345957884615734
3.1968551447038034
3.2123751799075180
2.1392966008610568
2.9575565534024917
3.1726789648802773
4.3512460629275926
2.5653240030287967
3.5538061367005320
4.4183449249986539
4.9099053329861011
0.8893994330605294
5.5022456291548929
4.8012862322743945
1.4530407797732201
0.6072717252685650
4.5544784456631540
0.5656585899234966
3.9221030359691365
6.2049444219016943
3.8540667796920300
1.9532658097529163
2.7178058732551227
1.6052429601583909
0.2389373395822259
3.8384343939559287
1.8081501322831897
0.4501546097528811
6.2146829873678389
1.4315362843095785
5.1367350197107404
0.9502341892511629
4.6512171220392853
3.6361919527415161
1.0914362990822986
4.7052544385816333
3.6695815499399838
5.5985532161267137
3.8172298303436771
5.3607866062878884
3.4224384940553350
6.0097899453767960
0.6918610892273711
6.2774278207914511
3.1000489260209823
5.9232973095411641
4.9518867373053501
1.9944657871626497
0.6413757237308563
3.8773529291823001
0.3600697439643158
2.5663791101425488
3.7857568299687832
1.2837069473845679
0.0772993027715485
5.4829443220564160
0.4547931283915738
5.8479914732700982
4.4702405477562772
2.9746356216255547
0.5481461235936067
3.2451871320855243
3.5629160308944483
0.6167293575536171
4.7975753823277900
0.5503413755424005
5.4576635195694490
3.5407090736215934
0.3497850345312197
4.3435825374603141
3.9673469908402166
3.1259228433772814
0.8194848453410891
5.5166158106451642
1.6523676845152881
1.4357139025706229
3.1689380803388363
5.3288586247782419
4.5414495444948777
5.3602450158765240
2.4065043806656923
5.8194865198034229
4.0022682835743959
3.6064247165328851
2.4372903269373385
1.8827981464402139
4.6569867969000658
2.0142023775099731
0.6071842326893279
5.0226715322757638
4.6151228435935741
5.9628601328763891
5.0638622170594791
4.1929587254669025
5.1202965953744295
5.2636401210586765
1.8082255062816774
5.6820698751034451
0.4117552306110411
0.1918964774117794
0.0917737172785590
2.4274989305209744
0.2054369922267889
0.5229398834885304
2.6848409703261855
1.2090481007267562
4.6365872342067895
3.3219727666196515
2.8092222955475799
2.6774863586230930
4.5457886226000204
5.6359923240486554
4.5141672341711105
2.7953040100236417
4.9706541297012352
1.7391483329892867
1.7700199970503008
4.9481873383251136
5.2885646545994396
3.5476936515953712
3.3204225922068433
0.3714448789471723
5.1678373624231471
5.6896090814608975
0.4833629113810335
5.9960106432764748
4.9796818581193314
3.1778844964024651
5.1367462840747038
3.9091672631754477
2.0428018613876557
5.2090894113736290
0.2672965553896570
5.8527562581262726
0.1082022518329295
2.3657182902843266
3.8087768982217982
1.8835816024116814
2.4778432370008829
2.5131346623202737
1.7641357347498907
4.0120046253044714
2.6671960749334604
1.1018050277321454
5.8880859371590661
2.9220153472367234
1.0448642927614951
1.7843343599075132
1.3106065237758666
4.4861695293263004
3.1486973178774806
1.7402030588211665
4.2468141598921108
3.8273198370077588
2.5904153744753096
5.1903727673691398
1.7492536800357485
2.6677382028467891
5.7466580552968143
1.1481665391306679
0.9547637074449075
1.1182854593382880
5.4614008407085208
3.9934614938528221
1.6497267426329216
0.6960453970860317
1.1247216451828748
2.2377005294731513
3.7265445485816207
4.0845890044607112
4.1586488772281882
2.0428249647427639
1.3715108703176822
0.5126782405138050
1.5861479189799996
3.4747801272203729
4.7164045608788658
6.2414509009563730
4.6917252806115659
4.3780600705445369
2.4908739696560822
5.7767351378783554
1.2188253564947984
2.0891971751978402
5.5487821909398232
1.6616133554038588
3.5186929954423256
5.6719831455125140
1.4880819218181942
1.6212437423895456
4.1009171609971622
2.9099294071341091
4.5154138185775228
4.3802172731479097
2.0078676288200876
3.2797405101631525
2.9939891992299121
4.8756112808784335
3.4701218821444968
3.2062361013079266
5.8591613379949985
3.5323320803841791
2.8873698651722708
5.9940090898989178
2.3194997685188197
2.8084741189305147
3.7974655518571474
0.0554259945661173
2.7882653740829149
3.4243037172294106
2.1653629953833642
4.8769799044253634
1.0670534949674833
1.3717663849640065
0.6217317796990731
4.3961495283241829
6.1452928424835829
1.9961816265067791
5.8382807078174084
5.6994357900268966
3.3407180748744514
5.1384801385913050
4.0368450228596826
0.0255599820581493
1.4522742852552393
0.6370989967871805
4.6497716844431904
3.2529347998280036
2.7640637570614093
5.7321331123604518
4.5015122600309843
0.7646501692217289
2.1615329970734529
2.2496367303698102
0.2990273492894883
5.9078231614453136
6.0920704686431035
3.9646743501491164
1.5861059593498166
5.4523688162750634
0.9988780830639261
3.1063964782598332
4.1477380403457413
0.8671609148962409
4.7922841101835401
2.6960879090867560
4.2117348668781469
0.4180079945860362
3.8135876524740500
4.6588632539698756
4.4798794303189444
4.8094832902888323
0.4328649343888351
4.6534403978940801
3.1192435972580568
2.8493500396461018
2.7075601645977536
0.3315436860894046
1.9632492394200849
1.9488956222195815
1.9035012404310567
5.3670599525947011
1.7554409191103668
4.6565652157746689
3.1790471548295276
3.7820809799370387
0.6984682893241755
4.3632292579374097
1.6400810552067657
3.3219349496688895
4.7890030620260617
2.1794328009368789
5.9251852317338249
1.8958833324976514
1.0052154338141930
1.1917587160408538
2.6584113068542541
4.4330288879331334
1.8661739645983639
0.5036206720845158
2.5146688060474651
1.8158927150618400
3.9810137652036404
2.6365353721146878
3.1021185820522925
3.1797407615726621
4.1741456205441034
0.2318237303331657
5.8226978722449960
4.0710079365725145
2.1884783467786386
1.0693758155397366
3.7152462552865275
5.6379717149618944
1.4987271094853651
0.8024402445692654
4.4924565374413623
0.3096718957824741
3.7670220957102716
4.3151158226349766
0.2537580202404421
4.0020186342796089
3.4795122369277722
5.5550967189557490
2.7542046002100542
0.9654517250500773
4.3861318201175594
3.3457872907913639
4.9909817085112556
4.7297655647620758
6.1878557458705199
0.2242085597691240
5.8257015942656381
4.4386602720390940
4.3527694300865951
5.1925329590030502
3.3646036075212824
3.4462026086871886
5.0591326885109629
1.9807298057630327
2.9726136785498891
1.1443596838776711
6.0298031673913508
3.9751041745043092
1.7753130225973670
4.7213466998453404
5.7391459607204309
0.0767253956076431
3.3352167585111028
1.9841721460343038
1.5216972512238240
3.5013121280744173
0.3682474857158894
2.3085960752551489
6.0135586033401642
2.1906709419018711
5.5155326998403069
3.7106792348746040
5.4823228764418230
3.4790577779428324
3.9515157674964132
3.3053844355896560
0.4805478791128436
0.7143958116074068
3.5586721231835607
1.9084964191877303
3.6550862681985565
3.2876079608725131
1.7666121546836258
4.5355551661414619
6.1670045351606042
3.4284755299863190
5.0250938762702857
1.9918432502711505
3.1415847211260957
1.8980418119964551
2.8851039743916527
2.4026384031383179
1.0468536744867087
2.3533417271048265
2.2099583399922631
3.7724448992244497
0.7295680456021295
0.0178563558129719
5.7128256280987904
5.1007102937275386
0.1756123685404995
0.4422432536414158
3.9901697938943870
5.1644497845867194
6.1900525293019903
3.6056149033079530
5.9113802392858839
2.9316402203873837
2.3858697898903061
3.2179516503504688
3.2058464378914864
5.6802348912873644
4.7323853892605516
3.2396873375333155
2.1065943365524560
5.8889115662811928
0.8844993970808664
3.3118165050269135
0.0029307809885026
5.3955194538662834
4.1176085891919030
4.5986679663707832
4.5338409872283094
2.4803112107504366
5.6045994386297391
3.9164466710476309
4.4161164041141827
3.6529594306109714
1.2720018659280223
4.1104252245650743
4.5272215588406794
0.3774111186911265
3.0968639509977551
0.2509631324770486
4.7218042333768331
0.0204776993624358
0.6840128916570781
1.9125956084289293
5.5373421676245460
2.3311270835329432
0.4832970739503485
2.8150972099962370
2.5059453721175431
3.8478919318770055
4.2174768613312406
3.8308081251794106
2.0496958757423340
4.8524625264769110
4.4129839884765856
2.2614137783072414
2.3225215362085523
3.9634240662434430
2.4198483361225054
1.3006011240259765
4.4658008485689917
1.6034650601406579
1.2480879426844573
0.4491655607861991
0.2849783145107975
2.4226272956971218
4.0105596134125561
0.0883896823293824
1.8942226766723240
3.3433302816052595
3.0807914945337691
3.8960356866588985
0.1490631281563561
6.0694308680805769
5.4067592020513695
2.3257617356696016
2.5761484575625557
0.6956375559861954
1.2324852869166647
5.4868873433394079
0.3304545875374650
2.5193521688255638
0.0559937063621826
5.3334067136268706
0.2548390082730533
1.6741974304605507
2.0859580821648840
1.7341971927192530
3.1579826127799713
0.4083255799741359
5.0349187534191939
3.7124288357179958
4.9721756433394457
5.3721581132022989
5.7520723077393656
1.1952517762562491
5.8428271677757762
2.5211131012731158
4.9727648106509132
5.8883090887184135
5.8476174365481057
3.6440856389972436
2.4916260721281396
2.9833493903149231
4.3697925636949417
1.4267494545014316
5.7711042053549217
5.1693807268803802
4.8775698789206654
3.8472461200006687
3.0371628956580352
5.9821838389427562
5.6141229695622998
2.8065523115808970
2.3392095967285238
4.8090544351934348
2.2199196476557308
4.6654867203379959
4.8344427514838353
0.9285339301146768
4.2820719322337979
2.1133786814628790
2.8930298107718659
5.8105488867468988
1.8293664872659992
2.3831004131076501
2.5864803653645501
3.5417977212629399
2.7416705364318621
6.2437342207667692
2.3019333085345028
3.4598088289320668
4.2547791695366399
3.8880125026016934
3.8844692822431197
5.8247302504765921
0.1454994319215136
1.6606600426835425
1.5330186178611531
3.6793331028767011
2.5978529995335315
1.2146501843235040
4.9033522127966149
0.7160900389355493
4.6165614657785605
0.4685945705827315
4.4551776245659429
3.0494448902614835
1.3568573944847655
0.2411265993324481
6.1070808502729710
3.0649454477285500
3.8787353995086495
0.7586495454954406
5.0217306158957893
1.9099062235005186
3.4558334447962236
0.4762694506535217
5.4099023962325736
2.0245460204527168
4.6392680988247896
2.1186568929516016
3.2052833304268376
0.8669940508888053
0.6219248695443184
3.3425289015036896
3.7449055128991895
4.4840072986857065
1.1326165198789828
3.9387714991734781
4.7204411203262922
0.7471475579575039
5.8463860770455192
4.1744575586966155
1.9048312356129544
2.9138914887941518
3.8696451632921578
6.1133214745671172
0.8758031719151181
1.9216088632717270
2.2278006964959003
3.5093111389232217
1.8803407539705259
5.2937876507879178
5.1903112883564644
1.8221856379755488
2.9372489808928006
5.5629798305943137
0.8015496783419800
4.8270602953404929
3.8577766292555893
3.6058920106960488
3.5034373656076552
3.8207358515601868
0.7156187303871073
2.5375476949331479
4.6575267382325576
0.6440326943636623
2.6950835686962935
4.0842631651113752
5.0832875582399533
6.0634389016003789
4.5243864922542354
2.2695137102443135
4.5027556436913487
5.7975015832503409
3.8795457766632913
2.8769990756109252
4.2029907734555110
1.7654970111325288
2.3090975046396949
3.8465237991293515
4.3740408452690991
3.6956769223259123
2.1871901325541327
4.5805743009653543
2.1024097175366032
4.2065763299686232
6.2361961364561722
0.5838133234975580
0.4512390412503103
3.5374705264250146
4.0163703603672927
2.1055847744915472
3.7840468160489094
4.8298088121155098
3.2277268327013462
0.0826826557655386
4.7929708388346839
3.9691316437647668
3.8843020261922176
4.5299927009387071
4.4258196435513764
1.7935311621376706
2.9059945166521479
5.6134155663211898
5.0877631009212667
2.7290334043839035
4.5871953610684768
2.4761773828201314
2.2536375331252385
0.1703881222490699
1.7164811079258124
2.9471582813138886
6.2438820620882458
4.2657902413926756
0.3297908547777728
2.3834914474365312
2.7686182676327573
0.3383636859897781
0.5932514236432893
5.8724353011423052
2.9559182291205044
5.5878668540271015
5.5771560099863908
0.9890619699654214
1.0255105555799096
5.1521969731583965
4.2833263238032169
4.6685573104357285
0.7107090304467502
1.7672437739069111
1.6484666673791850
6.1527088244081165
1.8250656668829126
3.8554228880574852
0.9990976281840213
4.6149712045097573
1.2829583174743331
0.2458051939921665
0.5919410201244208
4.6287676712444830
4.8298298710677781
3.7482816945823627
0.2679927542415869
5.6776748158965074
4.5696335809204260
2.1846518303901665
5.0205855655501059
0.7210086500649519
5.5233014656629180
2.2725598434800287
1.4526395393009175
6.0343721535571433
5.0429132996325876
4.9096027404325637
4.8789015170930261
3.3858995483315901
2.4924372222822093
2.2497964466429003
2.9976149232480873
4.6539375432148100
5.9314311137841536
1.2676223972328164
5.9252916983471930
3.3107081251029071
4.2684389702105241
2.1577888238018601
4.5341014134861020
0.8337911940439240
2.8429424326442079
4.0758327243827104
0.3451548712975651
5.4662690094025210
4.6390935832573961
2.4528147218502516
1.7131745272250436
5.9580653013688947
3.1130174379685527
5.0758484601419180
1.9402151296691150
0.9650782313842493
5.8733413075631375
5.8283414930495550
4.3948154129743804
5.6113964012218016
5.6955241631425642
3.4366355730586653
1.5390448160064798
1.5875703848405278
0.3601052698904957
5.9363110945227566
0.7257817658156890
1.6643886518690387
0.5589303976950644
5.4800790008935474
0.7462870308108850
4.9028286815594884
1.5699503469284763
4.6516253168230408
0.8772383001921124
1.7367336714305741
1.2182546798768601
0.3981813671366199
3.4215573983226619
5.4142003845665752
3.3660390957997919
1.9979741302209229
5.8811193412841982
0.6467146884266531
1.0159712320281262
2.8006786490777849
3.0125347984348516
4.8090845742620214
3.5789483676007046
3.3473636275635448
5.4260714153039045
6.1870010710681154
2.2090151632483770
3.4042412529026809
3.9103422431412476
5.2292234550253180
4.1987320957104863
1.8225189050170785
4.9182811027028350
4.9362407238839063
2.7599875428062699
2.5376015767059492
4.3802206012636162
3.6690314291176360
2.0714562421031557
6.1485056872906423
3.9950287696133708
2.9506347107619928
3.7555378480795443
5.8194568732818217
5.2594720159159625
5.7652510930336582
4.5217833073371931
2.6687940542605735
2.6560156791886964
3.6762134901916745
5.1945625277494925
3.1366148981983328
0.2981362835207016
0.2259309795186309
2.7432532837659509
5.6040388443026057
5.6225678648613258
5.3104786745529102
6.0761050611987777
1.7104147837539416
0.2174362433509293
2.5795410109981116
5.1939121065693401
3.7242436813022595
5.4105113455565643
3.6642619296282466
0.2915549141000578
1.6431874733499507
2.0167230129686340
0.6378598820872736
0.8203854040346503
4.5334107135215307
3.7462852862103646
3.7909802009046905
3.9084232679999324
0.0445476105570840
4.1900164605769419
1.7717585131775275
4.3608734316820978
5.2368341179934701
5.1949335466876887
0.3496166267623256
2.2104801630593607
3.0075594274690007
1.1972112703132374
2.8984763457592280
0.4204322280884320
2.9646712779121001
0.1400709316596790
0.9946409297751782
5.4724474284722575
2.3502138106774582
2.9518092811141932
2.0765977293862163
3.4724493087432595
1.8380342893591790
3.5134950228698441
1.5051041034860075
1.4719616498017982
0.9633682577401489
4.5682806325647132
2.0870114141432676
4.8008612083031403
6.0135802347979288
0.2735901438411703
3.4816450119139049
2.8433026312114440
4.8195122649157947
0.8515553198187041
5.9712692948283044
0.1635459323392351
1.2172032357599420
4.0517710218006204
0.3191041856174981
5.5438847532549564
0.5072450832738842
2.5203019401740843
4.0373756695669671
0.3826939993338171
5.1131553349242349
1.3068027590259976
4.5628553735346582
0.5536267961633371
0.2294935655027077
3.9752653632348918
2.7143505712719187
1.7703494458202884
1.2732255513823831
4.6617357572551565
4.1792721249792706
1.0386066484207130
6.2410400609926233
0.1645830188055338
5.4284428552636674
0.8629918058827337
6.0671520855212409
2.7558695244849178
2.7518422107280660
0.1166329612625061
3.3838667795928572
1.4356503477873881
2.0013392055206833
1.2244729809438919
0.1082379486385599
2.3919471810925121
1.4634829548394983
3.7673942132157254
3.4504687941450909
6.2294441129753144
4.0529253726223837
2.6222824657494916
4.2048270238024283
0.4904927004486093
4.4818020740331148
0.3466051650496962
3.4033141083175664
1.5987868399166631
1.6908229725128294
1.0005928760117142
5.7374908489725485
4.2969037326670705
5.3676146564412681
5.3060155667129889
0.4392611045065629
3.0479548075000769
0.4426365681670054
4.7972713507367946
0.6925848534209841
3.6557796255587873
1.7700356981682293
6.2471756995097651
5.6764205213708125
3.6366649759170242
2.5641919474781880
3.8398447524784727
3.3440391348324270
4.6829956241943531
0.4269738104704159
5.7717040044214283
0.0220333949595374
4.3307484892935957
0.5247008081454445
1.0283319412265732
1.5898456754645776
1.1029436316112553
2.9072160599112684
5.0580157032401862
2.7254664767262855
0.3545012515221706
0.6095691773784326
3.7127631202044133
6.1792399157925182
5.0202384816249781
5.9286251213100130
1.2426735509911333
0.1592726546017863
6.2652941261066832
1.9635526965662193
6.1413457868687065
4.3304685918527328
3.2882705469324316
3.5587091715277506
2.0331625024838966
1.6980490980766054
2.2171018462350753
0.0433713973535300
5.4526309609136803
4.5308303954859408
1.3708743840565376
4.3808995161232023
3.1348456583499043
5.7089712203566370
0.4009063924064110
3.7473092820345935
2.4864640325462459
4.3784448804694263
1.2737815920900324
0.8860844461706693
2.4859073682782444
2.1197511428001783
0.7672503404525153
1.0860143085933220
0.0866149455485462
5.2757039691743373
4.5464213420100830
5.9478924778731921
3.8888827522176102
5.0906528017818751
5.0182358689577482
5.2410175288947283
1.0499133443566913
0.0633245925068630
0.0895718009871526
0.5546389270673386
5.9350774363562238
0.2149039793018042
2.8611144702181450
5.6729097576359155
0.0199382087501104
5.9974510286980660
4.0816490909248273
5.6791783169363708
0.2997200693053542
1.4966736376462533
2.8442672852294839
5.3499627906536924
5.0496162519603267
2.2660552445265174
4.6910728640607475
5.2467803197256098
2.2145190012258640
0.8578944715786450
2.7451345075436548
0.0777701281861503
5.5819787449390423
1.2450930814794972
1.5275927677973717
2.8918267122208978
4.9074041281984959
0.0457850404166902
3.2204822881564832
6.0727788191766123
0.8804883305099117
4.8813228493859455
3.5894343486804452
5.6826959205819119
2.0425402445158873
4.7697454673946682
3.9257940413068870
4.8591563729506424
1.5109041537062253
0.7053630852610828
4.9833288304746910
2.7763819255127551
1.3122722789507877
5.6355154747299974
0.8983044627808602
3.7870493877828268
3.8679149017565524
2.9703916128402015
3.3681267458182971
0.8778685175586752
4.8867579023239225
4.2657707928718649
5.8555802195845521
2.4233560224868653
5.9056158581425837
1.5283013127394391
2.6106471600245826
3.6687737438610335
2.6497407314302341
0.3198338520691645
3.7075484699484740
1.0962750740014215
4.3440557234556563
0.4409721611287628
2.2911719810776168
5.6783692972496542
2.3876626102028449
4.2478899555520515
3.7524394153775682
2.9349065688107503
5.6282054049937225
4.0716235695732053
6.1829905045545530
6.0767634460947573
2.9363481366053161
0.7288920742478223
0.9750756092723781
3.7703338466575431
2.6187120322303730
5.1102559849542208
5.8779449788397180
3.5637063471949015
2.0052882857589629
4.6754512511734347
4.2222130957039568
2.5599981065867627
1.2640957843450282
3.9053068779916971
0.2033569789137062
3.0204270410515868
2.0978550777251370
3.0621458367097705
3.2617130836054988
0.2813906016023945
1.9653037986537363
1.8831377402229628
0.2321966428444011
5.4687929542625549
2.4511079434365994
5.9493253218701980
3.3843838085668558
5.3905702184738056
2.5045425193900144
5.0057373765427373
1.6936515077486882
5.3577659283444463
3.3927885970421094
3.4324738998034157
3.7799975292408443
2.3370304541506983
2.9008282304022739
6.0323804838663806
1.2636520251639962
3.7403885512893358
0.4610745265778380
6.0435163196176882
0.0471716586536102
0.5752968668468675
4.8148596805601658
0.9759819238286140
3.9227832773357041
5.7658923877165726
3.3104559980483299
3.4954960923660425
2.5635605841821927
2.9531865720078745
0.3479606760785324
4.0894083705868942
4.1421730658694109
3.6513170421951968
1.0466124913849351
5.1363083771764169
3.1499918202733848
3.3721640899076921
1.3442528486973373
5.4800151475419261
4.7608154444660791
3.8486948250674029
2.4367618233519570
0.1463663818939195
2.4207205616828600
4.1724901900350702
6.0980817465283925
1.6349914592787531
1.1933294021996110
5.6283600060545087
6.1978206073486550
3.9976815743204157
4.3407869583605043
0.6587640014514975
5.6700666028159041
2.0994911722694507
4.9321252984679882
5.2147614024822877
3.7295076595008454
1.9404888076199529
5.8209565199004887
3.8041414262611797
1.5177744018787545
4.5347804339995097
2.1410717901709200
2.7720629564729786
1.5796265852432811
2.7685684613479227
5.6993124061604110
0.1751671820776199
5.5670364867218352
0.9200669000713736
0.8709817032365641
3.4790094470177886
2.9235439793953888
3.4649077797201149
1.0949940757551755
1.4339918000599545
0.8543943773969784
5.9732393776657045
2.3521014882842524
2.2109397915563269
3.0519072559909546
0.5659921480049389
4.1374676649998614
5.7293291849808234
0.6456693355845625
1.9764193815076121
4.9553710007716143
5.9961119387261732
6.1691183117168702
5.1774408837556081
1.7452855689631146
0.2002263281439091
2.9293271423412852
4.2127938211367892
4.8883664577992860
4.5034360605713273
3.1109181629466285
2.0289105959962197
4.1809772542718946
2.1605962078653702
1.3928474913896378
4.6098896091357098
6.2388741118773590
1.4710549949608231
1.9185802814657362
0.0060299495593972
3.6595736744090810
1.2879473233717527
2.3753713013738476
4.7857100933301178
1.6195130491490126
3.6633819146838040
4.9618958868055492
0.1689512965626084
5.4941022572953004
1.1108418130363067
4.1114920380626012
4.7155678485532189
5.7743883935632887
1.0465955458319174
2.5403798034982557
6.0609707162476365
0.0471887822500129
2.3529386865228359
3.4075665878795158
5.0842614373991752
0.4563367976916766
4.5808009619937602
2.7008384784255490
4.5415761665612759
2.5484479073437636
5.2384983277931010
4.3792440074605237
2.6285517047734404
4.7583952070067195
3.3037948911705728
0.8305008256159984
4.0396023501679812
2.3035415220905811
0.8396435833587470
0.6844271889541802
5.6179101189901415
5.9291720951514968
1.3205633429086361
3.6236713741919768
5.2893285960616092
2.1038724621005498
4.4554547236870317
0.7011646672034689
2.1771851602057315
4.9849769827930723
0.0336936879154386
2.2705832142413156
4.6351348755114801
5.4868989946052373
4.3565201509954896
5.4422263990321227
5.1515246479868457
0.9753523786516138
5.7039252478681508
3.5254270375754517
3.1495296816503107
0.5422282906754861
5.5213075465529471
4.9272767581287260
1.6457691208880803
0.9372299488179970
4.7408049055264971
4.4333874863367839
6.2700675159537180
1.2029708045092962
0.9885962827592879
4.5852862560923171
2.5099147100248675
3.4910162461257945
1.6188730431433185
4.6053264777644598
3.3099058835651896
3.6638284693194088
4.7248126362441676
1.4262805268275063
0.9757191665254581
6.2372084709615008
5.6385322085292389
5.3577415306969831
5.1402271448435828
3.5328677841926490
5.6412158462685298
3.3608601104471618
2.7053475506430420
6.1702787925533222
5.3133980578196658
1.6232142085090784
1.0617159742054021
5.3290724252857524
0.3481310883560549
4.4618638983240837
3.7706877262097853
0.9252376036301312
4.4457734563864308
5.2180223762474984
1.2488688658398066
2.5654820908209968
1.7316256008723041
0.9870478466312491
4.4898146726415318
5.8752811406135770
0.2172109845476688
4.9856331867789514
6.1880124566489858
5.3273601977438343
1.6593292821501973
0.9445723974512337
0.1200008064473238
0.3370461525834602
3.8594623190697734
5.1657966389783976
1.9477499941532508
1.8521622030917739
3.2892920750014398
5.5892659589816791
2.4025560997980766
0.0174109685129815
4.4053676867448734
0.3022673246495952
5.1815230326190402
4.8731356322262647
0.7445345705987358
3.0348194695828514
5.3287608012662684
2.9514962872871173
5.2386691858849943
5.8849483601824533
4.0724623830682880
0.9781885989362598
4.3024308549880956
3.4197653745697290
3.2225621914453986
2.0707935736339294
1.8352256885469258
1.2900002992091328
2.5238731092979734
2.0404904666162538
0.3799880686812175
0.7057565066546019
4.5479630894076246
5.4963512129286221
4.8297116427753970
0.4231212062294346
3.6363256774996731
0.7735101648273528
4.6186738140722001
3.6100508868002494
6.1503978477751122
4.9036055240487899
2.2969147920295958
5.2602811694439202
4.0884441568999828
4.7281964003593098
4.0057458196128817
3.2007426180243663
5.4727023830333668
3.4649414643511838
3.4495503630351680
1.9628706973273911
5.7089358078364327
5.7204741516931508
3.3293774937316516
2.0473012656645841
0.6410042624223600
1.4068105406733966
5.0805199703682957
1.2837986569611599
0.9474947713934169
1.7814428726890750
2.9065085553259649
2.7111558024543672
6.1909603993890476
5.3782737926633892
1.4951462147223653
1.7913672786086097
5.5181039111541317
0.9860313951708400
1.6051997634773074
5.3346876188520902
3.4838689072249598
5.2260129851663484
0.2354637062865038
6.0346267702469412
3.5494074030928049
3.0009099628964480
3.3964866317767375
4.4466266727340145
0.1638451009606297
0.8619962052843839
1.9571441408927996
4.3686422235937661
0.2616209681443610
3.2114629956836134
1.6032642111251667
5.9147774270046458
3.4491683733685035
3.3244002995331896
0.2093285445745956
4.1814002164809496
0.9982169592554287
6.2283876304839865
1.6153151591307311
2.4098264576256727
3.3541033560312505
1.8031507739758892
3.5445515021265974
4.5191841388349250
2.1549937631543243
4.7913226367592276
2.1413168554178541
5.6398629649560945
6.0578314407612801
4.0615529211396089
2.4580881444244955
2.2910699507464494
4.2840043393749285
1.1497602146560457
4.4879682325832180
1.9184398792158615
2.2263065740762995
4.3294149940697864
1.5254018497579811
0.9681671912530948
3.0384700495568548
1.7892720353266240
2.9998935660061483
0.2049267018567438
3.2277040981312548
2.9026385179590033
1.8056555396060137
4.4037517937454389
6.0480739592238963
3.1797148518682641
2.3313230965184997
5.8199340206550039
3.4489516487786256
3.2472969431248635
2.8712780305744641
4.0951136744382231
2.7344307097250020
5.5321507027074173
0.6654352254379461
4.9842536353560387
2.3922437428168348
0.8854750208956689
2.1494110796911148
0.9332550543427925
4.3012675727762524
6.1985308782436253
3.9172779788115792
3.3752930522459343
1.6383881984201132
0.8915261733137733
5.6337209992660906
4.9330302014882630
0.9992146461836032
5.3951065199661601
0.4075487071515511
3.4695328451806517
2.4046994273680409
4.7423546458239079
5.6909655334460689
1.3984449899068419
3.3768717319585044
6.1549823324932902
1.0954548691642652
6.1970904944805403
6.1430794964853908
2.6135895199101578
1.4741253500749494
4.2219779043306360
1.3544525022573377
2.2533326585335200
3.6263254029187992
3.4886848364313394
4.2834390013898824
0.7160182222768791
0.3587234159123360
3.4045316196721918
5.0820074570992553
4.0378753338525932
0.9547306401131607
1.6291502200612922
4.2361803241532554
3.1039445807146402
6.2000036527577924
5.3790336391153994
0.0134794527324696
0.4955965473182143
0.8342701669752762
3.1662889827543874
4.9518666782440350
3.7707639101087698
0.8824684002419700
5.9849069580094829
1.2322207831268808
4.6772181924229042
1.0281392399169305
2.8105467818258938
6.1508924010574555
2.0679323110776502
0.1541357838068925
2.8224144683377905
2.9431617712338540
5.7969065065686918
5.7696995291661999
4.5982454521745542
3.5355223868753622
1.7944610824678953
0.7311976734355035
5.7970218317423576
3.4160645217072498
3.5515738246128752
0.1677032201734266
5.1133178893325262
2.8366511504388630
5.1409567447308122
5.8411457506140501
0.9417952841225408
0.0413283490496673
4.1578140212988304
5.1405650649101444
6.1263076510909320
0.0334301696302749
5.6828219952025139
6.1367251522977053
1.2582557502278426
3.5049961780335428
3.8942594623310116
3.7850107376300417
0.6979099451915211
3.9137771533308072
5.9844543886775465
1.0149922588471489
3.4726122984753940
5.8316362870841933
5.3904164320597978
5.8764736087957994
5.7150553903613623
1.1255961205572951
0.6150261251872411
0.7036094106446044
3.7688617200461492
3.5207883400204931
5.3906395381383172
4.0971404511296905
1.0140774055559896
3.6849096481192580
5.0053358785153526
4.1180069864979556
1.2179577484366664
2.2606753181114154
0.2537566909118203
5.1741917420297208
2.4740782425875216
3.3052825932265057
3.7065115412686036
2.7608788696550786
5.7324973535718691
2.4122656679159555
4.3558134784408011
3.2435484905404097
0.2034452373785189
2.8863422898782840
0.9714087830723229
0.8804786597370440
0.6366466622681364
0.8480332051466533
2.5599429101392217
5.1532434609205398
0.7773001235994731
3.1616588615689283
2.7062215428155865
2.1515625505187095
5.8085814165671241
1.3592008397585547
3.8668528658396970
5.3791271658551532
3.2289373420897749
3.8853203467005750
2.0745201533908757
4.3506741230089609
2.4666793507388713
3.0132500128325064
4.4781803914581078
1.3177904110113572
3.5420570192035430
2.1025305342553766
0.2566156458007376
1.9231038601115023
1.7264359434654315
1.6516951688349915
4.4839679860409971
3.4787069075649573
1.1242129183981775
3.6083886849062128
2.9846653399672323
4.7880293998109433
5.7019468215944276
2.9469899324937554
5.9579227592277650
4.4424976224722332
0.1055840993216502
2.1652996022592417
5.2334822400027567
1.2898733714583499
3.9629173901358605
5.8393216076514758
4.5141046463939398
5.9035922504525171
1.8874681957497279
5.0851309419628059
1.2807474637698448
3.1447277206127078
3.2180700245084020
5.7405394314775782
5.3963434247172604
0.2476082631123506
2.0865892790631215
4.4436645069196405
6.0085392154236850
5.9173539931137524
1.1024196303425704
0.7206784857645568
1.1061834807408641
3.8681823257256522
2.8808342951757568
4.0925660209689996
3.9588645780421965
0.1075378687839605
1.3782195037316085
0.6976102177657011
1.3990461089901314
4.7368686051642825
5.7608808558901980
5.0981409838862248
3.2952031496711083
4.3676130889263023
3.4164020581797159
6.0907456201640313
5.5433808860168030
3.2964562427827060
5.8474967159229436
6.1661749536456147
4.1735033372536270
2.2825235119099325
2.5999846758849827
3.9800491668434761
0.8771696747620378
3.1254889219957418
2.0713103533770254
2.9754460312804731
4.1312700561820170
1.7139091406081650
0.6150719352368833
3.4078210884390940
4.4174685092542747
2.5816045504972367
4.0325679046799614
5.4080383303724906
5.0113794213201901
3.8185011069067105
3.6579565746365539
1.7259042073598476
0.0353911243060098
5.4066726548776805
1.8126279710034230
2.1692498565076090
1.8723116264789945
5.9438340895105650
5.7528996638269607
0.6781973916028601
1.1114894988453685
3.0952284918433639
2.5950994007889818
3.6972212028459666
2.8160502984391869
0.3233012321471069
2.3763303352431233
5.7941589770438862
1.0203706379413775
3.7827814667975206
5.7149390714357899
5.1502807871349487
0.2377194535216534
0.6503011059489560
3.5079145836515453
4.0821097575358491
0.1434548106767264
5.7727337790023130
4.0245562164697128
0.4600755211900661
2.3309410121060559
4.5401147394639505
1.1507910649671393
0.0363444397495178
0.5740168883154845
0.3884539541744439
1.8513053719523633
1.5616172249083906
1.5899375448188455
3.5263605794671729
1.6963449367320094
0.0145619842128761
3.2606409503210902
4.8776797970146335
3.7378679508760535
3.2808309368162458
5.3856271150987611
4.7257995747589918
5.5225742822009636
1.3624619279789980
4.4718618612214565
3.4148398065220231
3.3641388304180633
6.0967614276178264
4.8149570008765297
4.0386528730319462
0.8707610196518374
5.1621936980043621
0.6887428535562382
2.9391050846806666
0.5436424548348147
5.0517775729753209
2.6119750030597522
3.5748474952313640
0.9773242237498736
2.3952233984385263
4.5672776595725812
4.1009533886370750
2.2378904660500551
1.4962503452917992
2.2785868760640553
5.3630828270602686
0.7574613935533193
1.7038961283366969
0.9430803810015292
1.3449228330044571
1.3645881933941268
4.8833763960397425
5.8042073753932195
5.6353247120168009
1.7370916672636305
2.2917315121518431
1.7741418311612647
0.1971122758475077
5.8921554316546638
3.2692340847127102
5.1741126608983041
4.6101725181892297
5.3237397197774046
3.5070194845895180
2.3598390138907246
1.8152393811652703
4.1544937726804640
1.4219911154236624
4.6627503334164100
1.7290772519962128
5.0715045721157539
4.6191257413207039
4.9703496513412135
3.5802237252250624
1.3963937599811223
5.7636437822518722
1.9658749013908701
3.4377568234229150
3.2966607820302856
3.9488843166356311
5.5009392954223104
0.3742380445628891
5.6865912386544517
0.6158306963084771
5.7202406091215847
4.7539741236625011
0.3120138700371188
4.0605153794264703
2.6439757816106888
0.0366043032134800
6.0834969845883959
0.4192202208016326
3.5672762002173024
4.1699642832379693
0.1597234265182223
4.1762610428370719
2.5266346849665249
2.4136464276835810
3.7535324720604382
2.9934347847327003
3.9113024767839537
0.6498227641565522
3.5849066731890558
4.9198856958403612
4.4892775336634907
3.3018016735168070
5.1723201692951895
3.7196564556737668
2.2511191643919424
4.0671730189905038
6.1904450671495024
2.8853346291091655
0.0133636083323142
4.8175668099703675
3.3304262211412667
0.3652114329661252
5.4586087006520003
0.7321764448890989
3.7624016789116146
2.8463720283115452
2.0569391548503142
3.2729352426398584
1.6762190802332286
5.8283942261556669
5.1115347361214090
0.1443971042899045
4.7446358773162789
0.1941402216455077
1.9468344377082634
4.8508812886319355
0.9729895723304742
1.4908388750013026
4.1803620837848205
4.8453227050295880
5.3469953573354427
3.2850911113433643
1.9265538104139874
4.6684176008391871
0.6049388452144078
2.3882597455118488
2.7950066656968167
5.0391230574497206
2.5632818985214332
4.7990052291109100
1.5621968181498136
4.0091575534977411
1.7757678086742226
3.9984638540298820
0.2467905692638126
5.7841842818253948
2.3320089837946316
0.6246700984609542
5.3598288163615679
2.8069760158356210
1.8007599238144139
2.4188083273681151
4.4683143355355002
5.3427142032426875
5.1305279539841671
0.1130027141625493
5.0678098884907836
0.9775830518026055
2.1881697725207805
2.6249386590443402
4.7686271576444499
2.5037039288807081
0.4467338253637289
0.8055674303160418
5.1168035529400271
5.1494213278672438
3.9111320505007434
1.6176708058752338
2.0853249062692956
4.3153456324081700
3.7172730121438757
2.9505800062303158
4.3302960622696451
3.5235227814955281
2.5939454680631133
2.6512400497940471
3.6113329096768534
1.7079735285603297
3.8731236556377380
3.0330583833318965
4.7468615079664689
0.9077635916560333
2.1577811016848529
1.0198044356891713
5.4779235409032641
3.4230972414005398
5.3985154620317237
2.8383209895047727
1.6527319637715421
3.6449443320975519
5.5600544116594737
0.0607914201440282
6.2611420057346852
3.7821238325238107
1.2862046576639881
1.1760311920087474
5.1278270836533766
2.6427341471134538
3.5805423045862619
1.2475327802309228
1.6619753982796950
5.4957558160214832
0.5719219199480889
5.1941134230309007
0.9794034334868403
1.0313810890335995
0.2518731856457657
2.8351919362432594
3.9522011097232261
2.7679100687345524
2.4322775825801863
2.1234794093194047
1.4823081705631946
2.5356459877584063
5.5354908010338368
4.6385137031566650
0.5051336795875961
5.8802130387350475
1.4224518772428600
0.9484155158887576
2.6354580853865270
5.7267267592205329
4.6234079071857410
4.4193755841912434
3.0721105596723572
1.6049679556509309
0.2924050525630179
1.2171677296881780
1.8092625694612974
2.0417673567379682
2.4849607865769885
2.6916366144616219
0.8033887131040965
5.7408078197364718
2.1036603355334806
2.0571202172629350
2.9552578627843360
6.1903098360879447
2.4445841401817199
0.3410422029674789
5.4389591548163470
5.2352517879055771
4.7509277958806573
3.2712330718687483
4.2664354489569734
4.6074417056859662
0.9211233985335290
3.7321601508476996
3.3841704284323342
4.7308151364755746
3.5281897234833886
5.1276161734769135
3.3730896770683536
4.9977140673350853
4.5179612245026783
1.8119519087020790
1.9521932174967953
0.7718359845836994
1.1981977854711123
4.0847951118495756
2.4295179672590179
3.9827848524997647
0.4067321408076596
4.7915743696453577
0.2986504371879743
5.2771147721422933
0.7649856598297652
0.8889505531042362
0.5318363804389087
4.2020901059537614
0.7340489485106368
5.3739488344825022
6.2701947735265797
1.8546950453988349
2.9346690611886652
3.8082265776669204
1.4000107944036813
6.1741984226529407
2.3074981242656514
3.7657774118213898
4.1585795299740420
0.4383688223847400
2.0157472557992788
5.8048064946215163
3.1360802033947541
5.5489719470769767
1.1780456846731140
6.2275624740414006
1.3056455028949341
3.5461181127763024
0.9956714401299083
1.1825474803196681
3.5514003802180705
3.9254524118661296
2.4493257948849241
2.5568400476859843
5.9149997412292974
2.4700518256665087
0.3565929909606319
0.7716053983357197
4.2561600797369961
3.2272582419336149
2.5106899881960607
4.9250325018081895
2.1459118178476855
3.4847607437975063
0.0046922168634967
1.8573497355068844
4.2789663062995738
1.7858869026590067
3.4809105541729961
5.1497469612660485
3.0690788943863514
3.2364964151817146
3.3055644038637824
5.1855917136105782
2.2816557887795019
1.4861816481003201
3.4978561319767278
0.0548770943240033
3.9157485558547398
0.5296894014009619
3.9241861090223935
2.4147227158035611
5.2489105652147652
1.0824346174912602
0.2800627232702575
4.3512775223553817
3.6173535701972250
2.1685255967331045
0.4375327339308110
3.5611390390231832
6.0499543551643367
5.6060855601745114
5.1023881646415825
1.8965126729154684
2.1136728615595071
2.5409488490141148
1.0860813573149959
1.9622614392677304
1.2615271158343766
4.1162632148532738
2.2274232119503967
0.2570885840140010
2.5690540754467075
4.0104608822195669
0.8135484431183154
1.2410313110453970
4.6319701245941918
2.6637355916812995
2.5119878110506519
3.1442754123420458
3.2005557934589359
4.9285875570563480
4.5112101048225233
3.6679740116690365
3.6060251515250132
1.0123461056990042
2.3487717563396826
2.5840219932756501
5.0707949545978170
0.9325216171783655
0.4096547355545982
5.8993998388479598
5.0102543735605103
5.9025017241366662
6.1056544016095344
1.8529784890945831
1.1925343547058829
0.4937562652333556
4.7703479950154124
2.0156641451917823
4.5097563266865288
1.5967067292438317
4.0095161603951786
4.8781687072710875
5.2037502412691943
0.9776730581783555
1.1430534796687102
1.5881169694186181
2.0662890464013217
0.2108431160002178
0.0300028344516566
5.5773683535085929
1.7028283674719735
0.8119631735310124
0.2925951912161343
4.0750434333328052
2.5685657387771252
3.0670124489047250
2.0612908270460908
2.2925822495275439
0.5111275772791248
2.8571729337501748
2.1690414796527704
5.0541588292270649
0.5861862576447969
0.2711757935401132
2.9727707429089349
1.2267976161534171
5.2657481013905061
1.2949692747853523
4.0902076825912657
1.5421838132059971
4.7152674202232294
1.6790655430531398
5.8883169314192516
0.6505386503932679
2.3877458688334547
4.8317067958335187
2.7837839169030909
0.9565473165691454
4.1645822128732446
5.4432495009367381
3.3632661636064216
6.0691050701882547
4.5571100722950284
5.8642529877562417
5.8590583779666581
6.1092346390125183
1.4388539736540380
6.0814222383762040
2.7481011991338589
2.7633573769348518
5.2576470828176198
6.1424969980778306
4.5736321217011167
2.2467382728069496
2.8046569763205369
4.9308997069012444
4.5611782236854959
5.2786104414095556
4.4421545921667667
4.3700162491371470
2.0387569785587165
5.5980573493669761
2.8190138261566466
2.9417467877511716
5.2983485647759760
3.8884180024239665
4.7303572362427833
5.3260158710837313
6.1104272487075866
1.4390837443260625
1.1736206216740472
1.2427404458521898
3.4417761111784393
0.8274090291720249
2.6707976245038800
1.7487654308057419
1.7104157710860068
5.7061526960128575
0.0469902810613229
0.5366359900588062
6.2293929730538906
2.6360129515622446
4.1014600976769424
1.6609995854702548
0.6096802705563488
5.1361525534129848
4.3049911541570260
2.0226401027623986
4.6773276414654390
4.3003022265812252
0.9549063606490814
3.7994073310470142
4.9324471111975825
2.5032592273333321
2.5029770235058568
5.2519321989873191
5.0483675536804649
4.0373221831682038
1.7629523822735018
4.4406933404306601
5.7758166534230924
5.0551255208762260
2.8708407038895949
5.1247658178366366
4.0472120817931998
4.7998224579562052
0.3127121904194119
4.2747826032473926
1.1484617267191286
1.4058699691430423
6.1915400459235235
4.6047248625037467
4.0491574239514829
4.2011187001127324
2.7485710023395304
3.4586820952521826
3.1242749359636299
5.3872544995027578
2.6500725550011333
4.1080984338049173
5.1170989836667404
1.0098931909130826
0.7557806598219664
1.3409286775858049
4.5617708463499840
6.0399732788167233
0.5200299910401368
1.9621869385477599
1.3169728766058391
3.8625234443157059
0.7783404763103243
0.3118219047343228
2.3511067095860811
2.8963602505360595
1.2483267680012453
2.1590220215120919
6.1446020571454465
4.7341747690381819
3.5129587178476118
5.0766353752413469
5.3862731671854132
1.0760168938408725
0.4584505186013298
3.7398783435374989
1.9235907748999084
2.4902586671537223
5.8893913306011285
2.3185580829522499
3.7247904785675265
5.3929897856139339
1.1207074154780681
3.8777619950318725
4.6909354257716256
3.6597653962355490
3.3614693363974109
5.4955044475277637
0.6797518099014607
2.7676318219826048
5.4848499995992643
0.4828757689862073
2.3307284421664729
0.4295238775315049
5.2156478196427276
2.2769337270414556
3.1338291762266768
4.3516070398912943
3.4861844162221618
0.4046016395705150
6.2295157144885991
2.3651522188188179
2.4737097196983351
4.9706842231524879
1.6548918926292147
0.9366857043277386
0.0339705998175668
5.0624681672308673
2.4365664950200516
2.2212427190999127
5.8123401342500998
2.3179542129259767
5.3703331997162085
4.6538965682432440
4.8349249660447517
1.9435418658404293
5.8210549664766287
5.9510047988489418
3.7917787059123080
4.5763446857328756
0.6958590750041238
0.4410314959687003
1.1751177894626545
5.6490419121505138
0.1816744180298371
4.1016926957153288
4.3679350807402768
4.8812644178828606
1.6687251780292467
5.8701228663315925
0.3256167731991563
3.9503957617007610
1.1240714947576236
5.5536492706557388
5.8273312044986678
4.0434565708834738
0.7356259421957103
3.4323095149655454
2.5272875688709244
4.2471933123990224
1.0261178402847535
4.9753147088990648
3.9105885963719871
3.8954866695441268
2.4032987264350347
2.8536711216953523
4.5219041098710369
5.3311788115028653
1.7148817750880667
4.6690408644676227
3.7479022914261120
4.6720336630704402
4.9619904537644048
1.7846226063489874
0.0945264416092561
4.2475138296706580
4.7022089007138401
1.7147876900368348
4.3133891972703573
0.9545478525463994
0.6125476998593309
5.5971476504824924
3.0938002586004130
3.3184062301261483
2.2791764701555204
2.4051539231598800
2.2371061085775859
6.2352297905752812
6.1570001615357555
1.6103965540435579
4.5374131701726101
5.1345488722320214
5.9103992479866170
0.1171687482185086
1.1655318931107297
2.8356340115734815
0.8537136144474675
1.0273500703684573
0.8308454024007680
4.2629496673858576
0.0317085779516431
3.4253027912377378
3.2262268716681861
3.9865667995975724
2.0179241548823632
0.2862009320458120
5.8927156312620808
4.3478979226062693
4.7732028820667560
1.5337640256327030
0.8981065225689391
5.7798020081272972
0.8486119228100132
2.4363520569911699
1.7837887943853947
4.1651538142496154
3.3816673408493827
5.8835887726082507
0.2816672284346797
1.8438586349244046
3.5437552416750009
0.5182199725823815
5.7769420254768864
0.5629957893628967
2.1286781394566874
3.7532274697779306
1.6239127239210578
2.6450646211922670
1.5477213018028384
3.6658389958505477
0.4954541917088101
1.0261676010888250
3.3425535191694973
0.3782084141493291
1.1088592522645455
0.0651849849210772
1.3733278658172805
5.3861975036168239
2.8068059503594003
4.0743596031817217
0.0108486885192468
3.3160749137722734
3.4401158394460905
2.2651009816692622
4.4062674977872582
4.5921679670601012
1.7464732428505358
3.5679853836601190
2.7940572370145724
2.1686615282897099
1.5370974170875438
4.5854621258289860
3.5796316532009951
2.2249479700751311
4.1961592212894763
6.2470723687360072
2.9677622514438706
2.5006498459148858
0.6006964431401253
3.2102019529725889
6.2156486788779768
5.6453739704839911
0.0051237394924766
3.3917315764682310
1.2467199952519301
5.4718535001865272
2.3601304500490699
1.9045436860957208
5.1036058188149989
5.8581777603810528
1.4926283652935992
1.3814797634230336
6.1095938200254851
3.1947339228617495
5.7165819826621593
0.1299703578509402
5.2584957714860483
4.2577913673204870
2.6517325508689309
3.1177852209083450
1.1636030747867914
5.8362151867748455
1.5329161135655107
3.3065917799762619
4.4510389319919836
1.0486773233071243
4.1740151848919780
5.2227891549740502
3.4063134930533403
5.4164388814803948
1.3728497163181983
4.3014419463039832
2.8427927041544430
1.9392211461299982
5.6889245098264611
5.7923012769054987
5.1017921380781139
1.7697075847631785
6.1156302163337761
3.8347455578291019
5.5384900484013881
1.0774252757421712
4.8185014045077326
0.8766349180385985
2.7204306257053372
5.1335569952245859
5.4474434707476620
3.0718385609863099
3.9915018395640147
4.8494113443146425
1.3203066246550805
1.9028359224971854
2.9972082415402608
1.9305514419645466
5.2069887015463276
4.7014389799376248
2.0013768023540432
0.6482400655490926
4.6461798029120756
2.1578315110101784
3.2915653648608902
1.4625675577089383
2.2251810119897484
2.2741497022964672
2.4991323517907924
4.2285313610118926
5.6020246222021406
3.1791024448890082
4.6930056235862967
4.9466355529968435
2.6938785778665415
2.6665704638470733
1.0573227287979214
4.9696583194731208
1.3088074312107458
3.6678084917158835
4.7554221870689171
2.7515187545873836
1.7917759571317142
5.5295870489199856
6.0606907399786714
5.3819767078956717
2.0135105639996502
2.9580836405068043
3.1906749212640402
4.5456489505636632
5.2039800139520178
1.4744792241868552
2.8500810064054036
2.7438025778558375
5.2456916198376859
4.8697752182623564
5.4321079585745871
4.2873352205832607
2.8756691898282836
2.2236221972520451
5.3321412883600576
1.0635056119856239
1.9927829955479779
5.4213242029430058
0.0226626673946070
3.6882580170043986
2.2417725397343551
3.8694108934429874
6.0818510649677364
0.3871982494525323
1.8050574454662440
5.9275563607630808
5.6071415385488752
1.4913531930538970
2.8274035951443168
4.4073436388034883
1.5434965118925004
4.5997321134234630
3.7269047873197465
2.8413890988272033
5.0249017666135307
1.8006515023728706
0.4247417669417161
1.8234260918445477
4.0737841835458157
4.2266699962593259
3.7633251167288808
6.1819536141447147
4.7082867627351215
1.8454885429353292
1.4045225263226413
2.3944842793633274
5.0778111414847356
0.9961900514432734
3.4612263656116404
3.1803948042538353
3.4296433349069884
5.5608437186983641
0.1188590058149803
0.6570090899744216
5.1516505157290444
3.0955613840545002
2.3572897396286128
5.9724908106705046
4.9042456811894048
5.0331326830600469
4.4311365939651237
3.6773665309518568
3.7194181960756816
3.6587444889091785
1.5386982451909570
0.0898697981755315
1.2709278669234678
6.1921277822053344
3.5373646263187930
3.6568250308025818
1.6251986331965582
5.2888831370195684
