4.7154570608369086
4.7887451655293471
3.9070015680521495
5.8647098503506037
3.1305917123815168
2.8070552766576733
3.8392917968180091
5.4228466691091608
2.3533904304222291
5.2418842494758113
5.6720476376537370
5.9901314357596256
2.3254606180125390
1.8686125892641023
1.8798019228545482
0.9088276591354454
6.2143051234850581
0.2234809311526381
3.7995556651750366
3.3364746579219089
4.9397819484781458
5.7268906687575800
2.0621936548476878
0.0843134646792016
1.9707197716958651
4.1672821122595538
3.9785993558514998
0.6899212064893747
0.0686191624443802
4.3072977330912883
3.6623817713627553
4.1363881463893852
5.2612788985777010
0.5483365062296859
2.8861852478615635
3.2826168556234618
2.0581664536200086
2.7720814870721893
4.3045672158851804
5.0540558256836725
1.2898453319069560
5.2758142971423547
3.9844072673446287
3.0296515620964244
3.0032530619563551
1.5130563022227081
6.2407070650898246
0.7878074034094554
4.0132141630031803
1.6955465845087050
1.3430318729683202
1.7676224562717722
4.1114716896453478
3.2716382569846378
0.8895393585829832
3.5156812554441266
2.1171447471601406
5.8842874341146514
4.3233065604543102
2.4870316407542936
0.1133064692060659
4.8688585098167509
5.9602520430307369
0.8348659997604747
2.3664530022658417
2.4599252098011379
4.7650270479608290
6.0224472997050462
4.2435224543228074
3.3840026023915466
5.7802920999651537
3.5260773804378744
1.0293119570621021
4.3293351128895559
0.7019456936141030
2.5319496095949727
3.0302556790095472
6.1674394514075672
5.0576606400410258
5.1762955661760746
1.5576716536890818
2.5915863903447511
2.8560729070863116
5.9665355485045497
4.8058560291608909
5.9508656057793958
3.9899330194919806
0.9024146183776810
3.4328693409260524
2.1962547011635469
0.0541080149330684
3.4720459572662348
4.5879778517895016
4.9211149502269063
4.9275611993821755
5.4632749840731156
5.0877590231855736
3.5437864653111739
2.4050537615891203
1.3538988307285891
0.5462391139168101
1.3945082915720093
5.0753572073389108
2.7841534450275454
1.8598369627021998
4.9191169725646251
5.3320463191914360
2.0752874342686467
4.0096024679503115
3.2227358750531767
4.0634194984457395
4.9244417179876434
0.8263314788421209
5.2277571515744405
5.8835419231489396
0.7323957101033783
1.0194505612196592
2.9894619182733235
2.8824271366594418
5.6960894022521984
1.0822639505249314
3.7104808203587663
2.5624190828936451
3.3730048870392872
0.6306357750464298
5.1741903655224490
5.9053265931898924
3.5421890042717981
0.3134615252395266
4.7550574507342631
0.0839026014334604
5.3532230166789878
5.0268217035686362
4.6238327920498259
1.5889615186403103
5.4352961075401733
0.2371513397296588
3.2195130187166572
1.1117041074496419
3.3714505269894843
3.9970710753329426
1.1243981351818126
3.3158934085356639
5.2391106995780685
1.2536107313987159
1.0145768751297513
1.6138231696827696
3.5051921999553382
5.9652339128742318
4.7656417560903357
5.5235171785252515
2.9144444455807563
3.4780167443858310
0.5542349673129210
1.5419133519704129
1.5612548091465723
1.7021854241831917
0.6143909977705202
2.7998980764036352
2.6411985260289339
0.3690005848731889
2.4274664429749029
1.2734105917315903
2.6631216953109265
5.7618196719640862
5.9323885027493573
4.3632779464613227
1.5298401081911743
3.0032425992965130
0.8598141202734237
1.5665170495795453
5.1132497298302679
1.5202582140067258
2.7209975224005212
1.1938895517612949
3.1441781818168835
3.5246719036539891
2.1870329065556771
4.6817701894233057
5.7365041446847673
0.6763640343225341
1.3083204238594410
5.0600732330359985
5.4268711753061742
5.9628643899902229
6.0053414888894254
5.2376514661832596
5.1728204048133799
5.2174280690936463
3.6294472167521845
0.2068725570296496
2.7760003257619781
3.5064450846337127
2.7438956834150594
0.7448516220024922
2.8881691481195162
4.7102567572571754
2.8470059773307770
3.6548103372549310
1.5243552553272335
5.0409381669948754
3.6188921082101704
2.2110730312622517
3.9750081437543852
0.0984169507727709
1.9508859955130344
0.3907367601994421
1.2929304568222455
2.7680111485314938
4.9530751867427183
2.6666789951534189
5.7146649120832942
1.8817388797291024
4.1843867621109814
1.4891329447412265
0.3624227045319913
2.2290330766977986
4.0783950229029937
3.4925879934567705
6.1713380714711183
3.6958467557236521
3.8176141134061217
1.1620322108391086
5.6774547341622688
5.4616689251489978
5.7923878768440424
0.0952846296653011
5.9875619337735939
5.9580984336986456
1.0151525009420792
1.8783922634237822
1.0031652310578307
0.3570157659227085
2.2078823817801414
0.9846818519230588
3.3522441907198459
3.5891579028452436
1.7122035625054426
0.5651062925553055
2.9093888987967165
5.5568508705756328
3.9168756300602974
1.6394578433116225
4.6811787944423795
5.4729137307682878
1.9363093781767007
0.3732966501831720
2.2056831141448656
0.3302013001191562
5.5541391687521680
3.8741416528604109
6.2338348911166186
5.4371831292369386
5.0547311547351166
3.0150043792955024
4.0363965274288827
3.4884828935722516
5.2294583577351661
3.6425160727200256
1.1676882467328800
5.7551436890910166
1.2013516637856523
2.3609861611487388
5.6660759356274291
0.9934383940943670
5.5122365266963511
1.3635645583143341
5.4438971025388865
5.9410390472702490
1.7042477292937621
0.4969109815671203
0.7377897129081005
3.9476463536904216
3.7204908857300452
2.0641756673287088
1.5769867928019408
0.3175323062665063
2.8887521496248145
5.4736241464100477
3.9255946100713750
2.8094236148223253
5.2232036514867595
6.2830408261525035
2.2588239258632443
0.0470151682652969
5.8816726321237010
1.1115948571052470
3.7721149238207605
5.2005333884742022
2.9042612650413555
0.3863815387589185
2.5038243116318104
5.3828266101077560
0.4309495905971590
0.2666517175419949
3.8085014812634759
5.9820419403752068
4.9262405419025344
2.8635791245378397
4.2578022572171887
2.2374692978026229
0.4264247997436691
3.8300092477049272
0.5761057813033365
5.2940433233998068
3.9602464871493281
4.8412200439192388
3.0554264519653134
1.2527999408263746
2.7256090919756462
1.2878618459178013
1.4934632157413383
1.5618607982872212
0.9457065646555375
5.2923967227828825
2.2562910301153503
2.8781378918044518
5.4100354176506915
1.6588934135893765
2.4826700028236344
4.2028927767564861
0.5731666967818896
1.2725773203126041
5.1910616373793834
0.0397253897611702
4.2589697963887838
3.8727016403593573
4.5567054834948602
3.4107966615019683
3.5285997627958716
0.9249053999608813
5.5588245991968179
2.8969967069289808
5.4297205020918495
4.6268399472542816
3.9542200792039068
1.1699429475744536
5.8049481068710538
3.1824928068694502
0.4217577996378702
5.2050989703870210
6.0106454448118702
4.3818338532029069
3.0568429616784130
1.0293675528191037
5.4938153745345319
5.2623224732727030
3.5374155989731650
3.2731523832372051
0.6061339080037944
5.0303877664406977
3.2841824145048029
3.1992562254367281
5.3395904403922154
3.7517505611077664
3.9703684693267776
4.6121556391582752
2.6300683168980132
0.0610875117918451
5.4855032279946903
1.3637466011615440
3.8804030167848023
5.7408948646188742
2.1442483034016795
1.7809818615346484
1.9408108503726813
3.6374594222971353
6.2414983345221806
3.5207548758341023
0.0414861271279525
0.8059555541303031
5.3012983917098673
4.5630024839719416
1.9014221579437891
0.2419325716767730
5.2579764289503670
3.7524041111660362
5.6433363893767030
5.0714296282426448
0.7780787634221895
3.6467414043026518
2.8540208530064670
2.2557994292221850
2.6943743494603161
3.2253800355876145
0.2313140568915553
3.7722924237913285
3.5143979699295129
2.8817357486082416
4.3348485854790360
5.8445687829530666
3.6262575895878517
0.7524082063248844
4.4385365695135173
1.4102843519369070
1.7954870227483573
1.7405249598268928
0.8699933283690925
4.7792393135154638
0.1335996214469614
4.0088086542046266
5.1509992192318315
4.5527336861726377
5.8075634611101554
0.9507054352327361
0.2786620376275138
3.3483390178382875
5.4130149057344559
4.0809652866021642
0.3685812978970154
1.5803720116772220
2.3219975109081452
0.1981800601531720
4.8080142900563922
3.6500085131863687
0.8111872710684843
3.7756349650703362
5.8289862659401974
4.0627542211355125
3.0524266171191212
5.3407742543983892
4.7155546676717037
4.1800183875056254
5.5717423235012742
5.5235052492247689
2.2196731627905977
4.0823242760296363
1.2387966318356431
2.5800803229958067
2.7396934896275837
0.1599553093210582
6.0871370426412739
1.7898356775807993
6.1582061085246238
3.2827963616028351
1.9654396594006720
2.4340497403280250
2.9252874912548776
5.2344811360161172
1.2721314803455195
3.3675556148823267
5.5280659517533843
4.9342338782004544
2.8683445261182565
4.7114414835712042
4.1018206619270119
3.3246899210163248
1.5147833374761281
5.8184377250843360
2.7507740537849905
2.1353370475521993
5.4918659773687342
0.5345752948783122
2.4524705902346300
4.3952724931971554
5.2200867860203832
1.0086005963379889
4.3023227335708087
1.0851013958799132
2.8475267898214316
0.0008382967304047
5.7219426548729038
1.3815805912233983
3.2499383857792652
4.5068802075107959
5.2765704724020930
1.3780532533565371
3.4686872363289787
3.5612444051599521
4.6393308386147432
5.7112499454076424
0.3209933782317372
2.3108792368409734
0.2444640055834587
4.9223656015328672
4.0445414339261259
1.8843508261448410
3.3275695271087811
5.3283399362823065
0.5409995715907797
5.9861666371463347
2.1265551288805042
1.8428840259155002
3.7549696880881163
1.6812437680993639
0.9641438217843241
1.9876816575902243
0.1882379339280167
2.8150020801319542
0.3129292866019473
1.1272233451182088
5.9174582206628790
2.1581581628594004
5.5639477858962074
0.3099557881202009
5.5436999398656548
4.9871698258723338
1.8149025658801976
5.7608961154234439
1.9665441158047532
4.9995886114010917
1.8477307249021175
2.1648266458843004
4.8041839357327252
3.8228292892511044
0.0247886530150461
1.8953665642514195
3.9017938912527703
0.1948537130164563
5.3259211202360754
4.6104592944207079
1.1451825847891002
1.6162353262014730
4.3916884744388023
4.0138680914428733
1.8244992833320304
3.1807909169786663
3.2712429722450138
4.4831371302158267
3.9909565709373873
3.5435344826438344
3.2957340456599491
6.2434130938040084
0.7326211887762291
2.5904732039637639
6.1623875480650314
4.3985672685081552
2.3098821425724902
3.1992143617378748
2.5469026755068005
1.5400122676782353
4.4418991210161662
5.2682948364431974
2.9795504075051595
0.2604515950563098
3.1770827296492152
5.2449163567014185
3.4988047266355853
4.5269050020698804
5.4612891771650851
0.9538916921789978
6.0060733110947355
0.0824592549100605
0.7061179893052553
1.7015574170939427
0.5505141784182628
5.9249838330119848
2.2874822119443987
5.6561317335183272
3.7765641460660535
0.0804225164388310
2.4192036682140423
2.2720145856608025
0.3847632376587073
0.8712459055221227
2.2243434842445424
2.2452103574740767
3.4198570630835134
3.7035734061797503
1.3297099129604806
2.6786405136901532
2.4872116316748749
5.8334887568547611
1.0603396709525372
3.4764592374165710
3.8134295869045221
5.9054978619445242
3.7436184261162992
4.6847438964102963
1.9898339033397670
0.7594299634767669
1.4983939433840632
5.9475856758147785
5.7303968178373212
1.2562654570050089
5.0745333544905264
4.6881520121509972
0.4759720221866762
4.4862013030760037
1.2287666722697597
4.8872159358247558
1.6515946279864595
2.0735535492775781
0.3088761775494496
2.2637613243055745
0.7770790143249172
2.2720277470889121
4.7899102443067925
3.0516270189801946
2.6393279452662548
3.4306374413154801
3.6673076330840484
2.5097212471964006
3.7297892208649368
0.2839304173915640
6.2807754556290822
0.3935875800131595
3.2157456939919409
4.6388965889307086
0.3384634530428542
5.4382255369301795
6.2594220526217468
0.0905281757654587
5.2873117229987043
1.9001569905186881
6.1648857628121432
4.9900708327701473
0.0045355927549510
5.0472781624332361
5.8928528356443319
2.4394496454551162
5.9572865451052532
3.0887784638823983
2.9755709701900428
1.5958307810130254
1.8618345648556436
4.5067358736059679
0.5056567539767192
3.7455778929790391
3.3275806291203209
5.5085215816094015
4.1839662736784735
0.5661578201380643
5.7784479617865374
1.9310791477426419
4.5856020492926923
2.3318423859004711
6.0973097240397287
3.2499791965502816
2.2913515152973369
0.1607424894014715
3.1346419925294846
0.0591374020354206
2.8902184794233392
2.7551786447918278
4.5656524913230871
2.1856624396523787
3.1034093070908013
0.7758984492162817
2.6569992605591439
3.2962836086031513
3.8335558581530402
4.7775676314548416
3.5139383497210201
2.2970109495177300
1.3021447838831133
4.2824319717724748
3.8857121643345689
3.8262408766592557
4.0410832729296731
1.2681482730238913
2.4098149392423247
3.8802689938167299
4.4712934649136784
1.7979752433327600
0.3352908445259687
2.5686491975888610
4.4570494131686882
0.1813355911751353
2.9562731461194018
1.5716072420529121
2.1467848771292961
3.0577176609759067
3.2608169099216950
4.8104614760460249
5.7363348425684473
0.8776625129530558
2.0294379594208825
0.6681857429662328
2.6557013461025161
1.5399388620603336
2.7949335892012761
4.8404135131921615
2.2107287277726551
1.1079904668339227
0.7694771835127037
3.8725544399203793
2.2667870879067089
2.5280123542241388
1.0481459752063003
0.3337349623427447
3.3382019994581356
4.4367991983703838
4.4901973233987809
3.0445683545265481
1.8087147097204757
1.3170396752207751
5.3637378215209948
5.6516753834563938
2.0665833562681986
0.6066926233672755
3.7691009963197457
1.4898864307090480
2.7990885966372008
0.2684926049001927
3.8666728600875495
4.6148679953568550
2.4681163673888711
0.3715744224115669
1.4434208933573476
5.1298251962010939
3.5926641536437551
1.4013419936649936
2.7401182337659340
5.5263226626845565
0.3067097999308994
4.0784540728599881
5.1952815285405887
2.7725618704846990
3.0096984335287025
3.3141589758649794
3.0745071828813755
4.2518357131701752
2.7247394149294331
2.2388793642095495
0.4507227963510822
5.1352328404878449
3.5498083717551272
0.2535130273084663
5.7719662957608184
4.7385179458800488
0.3998382693387941
4.3495763887070460
3.5118042914678234
6.2426402278194200
3.9261475304180999
3.2420201954940295
2.7909228077873784
4.9384901988756882
5.4298716860138692
2.6596804432489805
3.5504655655431612
4.2163750089853567
5.5193558409330992
3.8811453694446629
1.4342838200155721
1.3227146620561898
4.3585175598738299
3.4213052423289878
1.0027767072034601
1.2084033310946245
2.6162769024276629
2.4364580000440967
5.6838396439058050
4.4267025474445987
5.4053944873905690
2.0994281151522789
1.4382240589756490
3.3382510950010889
0.5275901964900334
6.1168922745161147
5.1094428557273988
4.2768739838254453
1.5546937410881863
5.7077789458355488
1.2872226869454966
2.5353874593760950
3.4483491102110011
0.7096753564585860
4.6385680965878802
2.1009026064864331
5.9920581978531695
0.3312557045105905
6.1947054878523087
5.2105819351909703
4.0772635478498804
2.9828077830364310
6.0795684125664256
2.8093460909098584
4.7680276762786962
5.1533852241905835
3.6510767370711887
5.0753008572443070
6.2247308321738899
2.0433782835416840
2.7621864114002581
6.0908204776251615
1.5904090804292714
0.3586737519537381
1.7855769081985342
2.7220270609556563
4.1836482711958585
5.4129441469130013
3.9388037356664536
5.2035837049581666
4.9242545158721898
4.8089723636902946
5.0455799562634382
3.2088568006261373
4.6584853475633707
5.8124423865552881
3.4700079319104842
5.5838851158412890
0.2591622776465506
1.1236201100478449
3.8589224600780674
5.6503116374467002
2.0838836062186568
3.3590900677510076
5.9671128331931760
1.0935442766879706
1.5192556993422790
2.9826528322368104
2.4397840899441401
5.2774265736364114
1.3889286548063648
4.7443964775110175
3.9043154349041660
1.8873926408947461
5.7958090970623415
2.6117449422169834
4.9565780905860564
4.7477573406127069
0.9214502138706310
5.7537075605237211
5.8609174456606432
1.4473995140480742
0.0291003902877408
4.5464929174279085
2.8512756795504917
4.1782727879404087
4.7957320847504006
1.8160088483658536
0.4143123861152549
2.0053375675478731
1.2147212512529812
3.3601837637019956
4.9346197474733788
5.0785428454695349
1.5899276637097464
4.3971433686137091
3.1048111540752621
1.4520658269652371
0.4852145765289849
5.2242999504548742
3.8664134722787602
6.1621261459458934
0.3998613520925400
4.1189448853768793
5.1672516467138054
4.4409384556172862
3.1740413638274716
5.8616460417482577
3.3670887426785159
4.9987140587506476
4.5959879125439222
5.5042873287201672
3.5104635147617214
2.2577291349782720
3.8453038513528379
2.5074818776355814
5.7589208614495977
4.2370489490139747
6.0162525394004049
2.5103915426347281
4.7297521880865974
5.2824290903070201
2.2766456397721906
0.6122208771047861
3.4357081483603018
4.4751623737967723
6.0095188592902513
4.5184159203616714
5.7297643987787570
3.6762171337838598
5.2937543303809118
6.0738894237329868
2.4866448272598638
5.8461106463040053
2.2367329875508886
3.7093779465202181
4.5821509962124427
3.6284007577431283
3.5221250407988571
1.1683665190441765
0.8987424989758948
0.1015144602552672
0.9041714311054896
3.5929786313501015
2.0299886572897226
3.2773718583518550
4.5279999671593387
1.2972079361122923
5.1518030231154226
5.6442495906407606
0.7737833113251543
2.9092459408427223
2.6418550693927987
5.3974020340426216
1.2267012983144225
0.8847359636584921
1.6738962510004209
2.6670199526479093
5.8147103772321307
3.1115855819524918
1.1059376996360579
4.2316713303687381
5.2329474252298693
4.2400065505567843
0.7686617153626172
1.8343137386170671
3.7448953006820740
4.6114696506588562
2.3910330074485833
1.5942823754384721
0.7132799462648239
3.5685780257286379
5.7287965771539371
4.5401848469147659
1.3586377007850534
0.4803148586017282
3.7010061214706909
6.0160879626509480
3.3342337388708194
0.8812188185838049
4.6703610344262430
4.3258702579991706
5.0881078702368852
6.2806545436078762
3.4165790362202970
2.4914669980978035
5.6797361898505914
4.0674294280836190
0.0067615552555574
3.9166548994148975
6.1248972259193746
3.1700373040017999
4.6491229417550430
4.5667289150580928
4.9754092757274568
4.5197179378503582
0.6154833503355367
5.9390913341388991
3.5171883957936920
0.7475103412644275
3.1292242593394155
4.9598092979564656
1.4847220265123939
4.2483351946770620
2.7245275132641855
5.7491457186522883
3.4909120817410049
6.0711954947828302
4.0403825227064596
1.6975556246711567
1.7416495003867274
0.5450933942958190
1.9762999580790790
1.0797937527349648
5.8546542805538602
1.0609135211756822
3.5950808340313687
3.7586687622437016
2.8885870124010826
0.1237740903411415
0.8656997056896500
4.3931920126001058
3.3767540761580728
1.6451084030913847
1.3493888633672801
2.4748806886731729
5.3474803167096852
3.3628868687890767
2.3298086066387853
0.4289841791497040
2.5006563804134698
4.1704256759979010
3.7877221651319251
5.6616135323096728
2.6499378906444986
0.2897009826558764
2.3817616507746990
5.5206351069420858
5.8936044995104764
2.7652367808786038
0.5364031385863517
1.4197264126254603
3.7141333765515290
3.1751010256600947
5.0287150692981717
3.7723800653695956
1.1059137065799836
3.9690951474808385
5.1167460794679460
6.1415626203275053
5.6842721186679013
5.9522531624070005
2.1300136399738352
1.8933299773783252
1.8830934113335422
2.4190340959927301
0.8787157124020860
0.3521416914114280
2.6547220688325912
4.9057824340650447
1.8242338044249666
4.1280935154056815
4.3636408006490539
1.5109590751132003
1.5324367457305810
2.8049210808133727
3.5126771708478879
0.7994777966843295
5.1853773244701014
4.0575293779797663
0.2335479002008594
3.1406341270444513
1.6809381024343029
2.5904869743870673
5.5307461657374315
0.2937448448644978
4.4102866928994695
5.1540348459606919
0.0557113679820966
1.6008027210906790
2.8489552126134274
3.2631405033252463
1.8377516292919491
5.3403748320886422
3.7730699626097510
2.8041910429697241
1.4483355734640835
2.2979447931161521
0.4096490885622773
5.4917003358727436
5.9129144987861206
3.6519555002785853
3.2824988186266890
1.3870240236857889
1.0008494731383133
3.8249041307345637
0.8801433016280348
1.3894437584986195
4.2248470138273317
0.8466222491893610
3.0221012764047681
0.0169677838942339
3.6360192194781251
1.5090432184392106
4.1783947775250025
2.1617818406351486
3.8268135302135029
2.4193676936290323
0.8997416243635125
2.6536229778500919
3.0669285921961054
2.5306480768936530
5.3368346716285764
5.5175910162742579
2.9908187224315386
0.4571601433930874
1.9374705830647674
0.8068672396526483
6.1563479382743100
1.4547941145576999
2.3048567349471369
5.3294515341962860
4.2042925825054178
3.2334969813159842
4.2840359566043498
4.0565771997715050
4.3628391954689896
5.7901139688067085
4.3079060078410860
2.8532035666047753
6.0986066244208121
1.3542916471776589
5.0749922493115465
4.9200974202531249
5.0597228733348034
2.2455005929008118
1.2937815137255688
3.3220964081007236
3.3508574043196160
2.3349197147488021
0.5839928473760878
1.2651831074153348
1.0642397375762045
0.9904092465301848
1.0725704304589112
4.4458191855320788
5.2008683922226906
1.7897438036677995
3.7850975984521860
0.7404835451613981
5.7742130350382297
2.6297872271127702
4.9516276978112455
5.7238054645665510
5.0200003794180121
6.1618270537424831
2.5184288590110206
2.0298134663870679
2.3352765377390652
0.6125813087019680
4.9015340958948475
5.8021917572065886
4.0373914468777379
2.5661690118353251
6.1404956195645743
4.3424608535889266
4.3039045794090587
3.5344580668334578
4.7206417932199267
1.5484722065940977
1.5015042519531805
6.2533263482518082
3.2476498714186475
1.1855662770142621
0.3785190632640558
5.5120168352454231
2.0462215597474436
4.8181960211507695
6.0957902500455745
6.1793136193621905
3.1345564361321880
1.7903706274153475
1.6193892141169401
4.3968905503331630
4.8711580979688724
3.4007226310421887
1.3031936926189440
6.1783703534504664
5.8041556594568151
2.3605455919650087
2.7371094065489654
3.2115458533275141
5.8075141540773734
4.5572949840820627
4.0128103610991035
2.7143595069575635
6.2109903730096558
4.4673768224768509
0.6750645804989713
2.0172601289245931
5.2269463271201433
0.0878520823156370
5.6735546766541773
0.1732661841792194
2.8813379340369774
3.1371730805874622
0.4242090583898023
1.1326146148442455
3.9683242861194232
0.2930741184211957
0.4602878909085043
3.1495950386128895
4.8972850307494245
2.1300070568892968
1.8154830491839693
1.9575431269511778
5.9193236915008809
5.6836314503245289
6.1744648610889019
2.0035175813047967
2.8553447598790309
1.8369965360542535
4.2194208578123282
2.6138022707181947
0.9981888767246323
1.3370435430043319
3.6729322410920271
4.6181951299858284
5.4665009757565359
6.1019375992818814
0.8435810411463781
3.5084922498605939
4.4186140160748515
1.9940888999653001
3.5072067250184258
0.6646161551099293
4.9117288601620226
2.0979144489323205
1.3085593718291644
4.6289403981438833
0.2686672321406988
5.8360704810151480
5.0491713959356179
1.4627848256798368
3.4601383692990799
0.6114695657569080
1.8617112172055723
1.5103387035360916
5.4700382774916800
2.2164560665419639
1.8083758615298657
2.2882411629001456
1.6493880973012036
5.6089411087254319
3.6899673534157849
1.8031598286485955
2.8776774384084689
0.9777428700151108
1.7824537804348064
3.6213252356811427
2.6433412043990381
2.1926738312618337
2.4161837712183059
0.5368478415144521
5.8177359064472371
4.3675766490759775
4.3760246161377969
5.7697644329336564
0.7611266921914641
3.7592928508530705
1.1849074900633876
3.8717375222993851
1.7694344770075148
1.1289945782108555
5.8584156700516008
5.7748600675493034
5.0678206895493174
3.5153888047264936
1.2914680335369186
1.3678581090582698
1.2902315865385350
3.3890749086963092
5.7142951047222184
2.3154905396684891
0.2986683705626911
1.2059608252325207
4.7974881997594157
4.4606329823654800
3.1674584646134760
2.7664513054462039
4.3188217492823719
1.9712040943399149
2.8885060014992656
2.4502523610669731
2.6199933367091668
2.8162856880171558
2.0171749694758230
2.6420549516086020
1.1427081466878948
0.6227618947903627
0.1229772632281470
2.8587820932222159
2.4651610918131044
3.8491562075563430
4.8121151129442925
4.2172232178863140
1.4997732113222160
3.6116487630925174
2.2842296564809148
0.6488200260607951
3.5734587031289573
2.1149832521789516
2.5295032357518803
1.4561200355054957
4.5850097951040754
4.8869074491411340
3.3876310954972797
5.9947953093044921
5.5976955267733262
2.5515718423156568
0.2236068015600369
5.5388278850380823
1.5194239123913018
4.9093833946711873
5.1118194803084807
1.3630871147158616
3.0479080419110449
2.1507376650649856
1.2570597580654779
2.1621689689123427
2.1216391837839210
2.3640776489360253
0.2120251736975379
4.6364045568163066
3.2882355283890550
4.0561338270808278
0.4264731880068322
6.0450054250085827
4.6593340665706195
5.5080339246745940
2.2915043645406201
4.7665027989399071
2.0614377559482846
1.5485274874397328
0.7000083618228917
1.6206869568146351
3.0754880297011682
1.0122739551834063
4.1989742072659935
2.5575703260506133
4.9234273066000682
0.3277296338098586
3.7384744991212631
2.1119587328372891
3.6335336294744001
2.2630630298900178
2.9197624003900335
1.8395365789060723
5.8633923968753034
4.9542917353910951
5.7400136507560306
3.7559663482045051
2.2005814785827162
3.9707775707989792
0.2690887311391221
3.9499277680953511
3.6674803494663912
2.8598494580886817
4.4235454192439114
5.3206188374730745
3.8925454994523538
3.3728928495209836
3.1799169666881313
3.1321182252813515
2.4832514532809151
6.1721268681327794
3.9959741868557086
3.5164671083504646
0.0852532780549196
4.0426637919524548
4.3091542809329049
6.1887670259884420
6.2092421307711749
5.3442292219072778
3.3572107069454100
2.1936905729212519
2.3315455656534252
1.0172947542393358
3.7772744561494607
4.6074167872821015
1.5697236720193521
4.4829886718989966
2.6198944712789345
4.3925600113490022
2.6323743251509670
2.0402899818046252
3.0407127897331052
5.8811053041419612
4.7600735462345449
3.3521673397624254
4.9228037798292767
4.0845673528175981
4.0710321595807004
5.8032751530492916
4.6979154335531952
3.7455534830501707
3.7317968928911753
0.9293623951362190
0.3715367154331604
2.5412081784830161
5.4029811595282684
4.4376036003053079
0.2132868496017035
0.9263453282450277
4.7718336245756268
0.5469534020158082
4.5190271036802567
0.0459575527170373
0.3584189687549272
4.2967222939831329
1.5460600803806452
1.0763610449946497
2.0885054686169169
5.4774145070247693
6.1908415423825103
0.8796711829316971
4.1167998958043928
1.5377470271687010
4.9051716678435415
5.9465293871963452
4.5364118066044989
3.4182960814644252
5.4232025803903579
3.0761853672614876
3.6240933698473108
2.2956381457130322
2.8282156968507355
1.9413127405961470
0.3339005579565451
3.3135727179550116
0.8111834122331886
4.8223525951522923
4.5300038541201877
0.5816120261087764
5.9104986050860857
4.2013521866654999
4.0237016446555955
1.3309248254042312
4.3563491211610303
2.1342544650483051
5.0591799886506230
2.3922887556087495
5.3111875427514015
1.5124674416216464
5.1849639625459423
1.8131709465295878
5.2488309630600138
4.9743581855790149
0.5708901127529674
1.7451876662087389
1.9398022798675303
3.9284977278620419
0.1087532656214929
3.4674645005717073
4.4860466755890096
1.0586929661068731
1.9977954546823957
3.6301921022685284
3.6321755596343341
6.1990188946072484
2.9288052961643070
0.6541257901164903
1.8780725955971638
5.1028093415014029
1.9280439838433685
1.7181956248576642
4.2055978173644242
2.3026978822829820
1.0788912612051176
3.3504494205756608
4.9797820093627641
4.7883798435775304
6.0969616685898957
2.5244649217657860
0.9108056524520025
3.4472830891121666
4.2671230594083784
2.5625547078864672
3.6875555757814427
1.0099354373211069
1.8585575027309695
1.5929834166128647
0.4347828197069081
4.9142849066086018
4.1606558533135729
3.5958138441363374
1.7804410978301106
2.0031867115632234
3.2901663390155549
4.0804232098910989
0.3762066245647106
1.3198913920453532
4.2924552616801108
4.6648633166118794
2.1256020152190711
3.5197890535653098
2.2831262969478057
5.3446709312759513
2.6864686573105194
5.8173082915827097
5.5516983744903001
4.4624048327894812
2.4249223880689867
6.0081793867392745
0.9379742537771525
6.0207457795351962
2.4546545442817993
1.9717285118622232
4.4011567542880821
3.0259928784542334
0.1763949013030567
4.7886667185102638
5.8774914708388613
0.4940178384921252
1.4248561531757538
2.9369217086606105
2.1200018458637255
2.0492116110571152
2.5112273621372529
1.0642555183639317
2.0740799652669830
2.3321295686493686
1.1301366306949361
0.7040971236555615
1.6263915691074780
0.3926128073105170
1.3887225688082367
4.4453668702744631
1.2958990611293857
5.2262995606588714
2.5709538511465060
2.5811667499907447
3.1212445586513113
3.9351464623924417
0.4331954176007814
3.9663542403188954
0.8297166113505915
1.4827793817271724
2.1880334455385513
4.5171765998330429
3.2630787655745150
3.3568250415080039
4.7011262794942157
1.4719286446560611
3.6670122673149739
2.8592465917609498
5.2076759417877758
3.1647413514526472
1.2365460992210935
3.5732408310223689
2.1938209032803435
5.5096544208204827
1.4088448382733774
3.8509289740216182
4.6208187041225424
3.0287790878528442
5.1504488653902252
4.0272762368286399
1.5422294554883391
0.2161817648628380
0.1766273327198356
2.6802638356530606
0.9694457434385442
0.0796599577009207
4.6504173618821438
0.5629185607802092
1.6050580691263534
4.8041457126523728
5.7449550925669515
1.7972162851023998
5.7219164292409079
4.5898711171934590
0.4904432090304315
5.8514789562118512
5.4782551650199522
4.4099234425016824
5.3330245953949857
0.8724624594191458
0.9396013665044702
0.6077109979104736
3.5324685625329675
3.7168678349400657
3.8070576463932846
2.7774930940540430
2.3468662082995846
4.1251993749025226
4.2690223342174525
2.9504178855471901
1.3962501114132742
1.2648899830440361
0.3437298699756553
3.0466232111296248
4.1146776179670281
3.4331381339025473
1.3995564886103038
5.2605016134818605
3.6314637992320584
3.4561828615122030
3.1906277375802281
2.6270600877303307
3.8957456375145338
5.3822779166798735
0.1700547422790338
5.3052772783817952
4.4361825959299566
5.6414213101298882
2.3246218751893841
0.3822421970324623
2.9958794226818992
0.2930872829995079
5.9308062703072411
0.0650175845612781
0.2085682983599712
3.5022344612175980
4.2871813378656771
3.6578993124535755
4.6191803801724189
2.6642495666157529
0.8849662794792287
0.7649582077630126
4.2281781786072736
1.0351892797458997
5.7924783836482634
6.1890446127543521
0.4895687998592028
3.1510752684673218
4.1605967143934262
2.0831362755932497
2.5423021398119383
1.8483537940116357
2.4588758747821462
4.3285336503729548
3.3724669128796267
0.0861199625614387
4.7265402516592872
2.1593304535552305
0.4374677837434742
3.9369567593836003
1.1602215640729789
5.3549231326350917
3.4571999862011329
5.8994370126190150
1.3092693607784835
0.8775452636903546
5.5360346738721127
1.7296267996401034
0.3535040081825390
2.8895103390557377
0.6294825127567557
2.0054452332962605
2.6249892251524067
5.2319717174747895
3.5121404497856958
1.1104856866053650
2.1349300630904091
4.0579458996923297
4.6377273904030201
1.6393110179229675
0.2243230453129037
3.1351156508133498
4.3457881246354297
5.7495698639237220
0.3494558434423450
4.9620694577120679
3.8924587208370296
5.1631958088771999
2.9652426410373360
4.3273751935863718
4.2352958757994923
5.4885648477776963
4.5104638875175915
0.1865739748051098
4.4785514323383602
2.0340576323469786
4.8043040073063787
1.3036231756660588
2.6388297148021902
4.7464947748829633
4.5650913160457325
1.6902687123694462
3.1506594508167063
0.4681683232125350
2.1682097472715758
4.5586466798772065
3.6581280535155942
5.9998783340846042
0.7970177081256273
1.3090939135824420
5.9367365415045272
2.8610130312911721
3.2518151752569260
3.6816380567504683
4.1808476115547215
0.2441341385700269
2.3862251842647364
1.2377809464304135
1.7606553425110940
4.9163183861095794
5.3906458124022549
0.5846473274582022
2.3233715155354062
0.4813073290398944
1.3815907015167606
0.0776938062858957
0.3038937553906909
3.4176809457348951
1.5155267998837496
4.2973064801057550
4.4567314383681298
2.3792728502663012
2.4544088517956197
1.9403421058480410
4.9527128841424783
3.8037591543142151
1.1655686481554210
1.0980890793578859
2.6781514052540452
1.2663432742885690
3.0870884405123400
3.7591335784181021
0.8045911866823481
0.3179149581668694
0.7685242885052759
5.3541086991561961
0.5453672182352581
3.4075547946674809
2.8504869750980344
1.7830028055115712
2.2516913697488041
4.9542833112314737
6.0142179210154998
2.4033164343383104
3.4238483696251398
5.7706446425422051
5.7428366646794906
6.1680555548229901
5.8784442370656240
2.1749888935041133
1.9987736759691419
2.2429706051587956
2.9695987753972655
1.9808979757675065
3.4725076768553245
3.1630960375728465
5.6217486464810440
0.2304366135176857
4.6973112629975056
1.5381298836994539
2.7399787049947451
2.1207438511418824
5.2681720868978372
2.9330953817405523
3.5034932924159827
4.7390491472879415
3.3704450785846403
2.7130432590917675
2.0496804047882584
2.8789131276737336
1.1292171485430538
1.8712673595027476
5.8348379662672727
2.7671574974327369
0.7262196243838442
2.1251016580688358
5.5699155748415574
3.6263239445975373
3.8327845449050519
1.1931988549148171
0.5834629184453169
2.2438703324078033
1.9861189292413355
0.3331843023929310
1.0138919042970809
2.7729837467606693
0.0998010338210418
0.9799002035089144
2.6365805864343734
1.8954215842485873
3.6424107120456441
2.1925655531111947
3.2773497636926421
4.1628482142427101
2.4143534839405891
5.9379834606728217
0.9415473067746490
1.2089968278482650
1.4895142333344467
1.4920408328973254
1.2219906464283039
3.3891649735322718
1.3864348612189563
4.1499913943843927
5.1236196582088036
2.5202881197335727
5.5520684951040398
1.1405724142039073
0.4473476483107222
1.3597861604267085
4.5189834145929630
3.7521208412786389
3.2184596724455723
3.2008307299180987
5.4756324297441994
1.5820336960762131
3.5804791648256828
4.1131981041490544
2.5668387801360506
5.9772663138553375
2.4412976892328326
1.1767444821502502
2.4424862267581013
4.7680288137559605
5.0133828580923945
0.0484070161526393
2.7560903470839446
4.6429712649630428
3.2341334240911039
1.9517446187409822
4.9787148011410327
1.2051148098333333
0.1630282213028657
3.8548112079513706
2.1238596878014055
5.2865644941026710
6.0833629675157539
3.2073770691040995
0.4274434461909268
3.4335791387904351
1.1148317628382736
0.0728916188554439
2.8396884222957799
0.4846637007466988
1.7649556262058279
0.5575943588892665
6.2800909481550287
1.3146749088479099
0.6540288092574997
4.3411390903054796
4.7440679646557671
2.2452482966369796
3.2859501695841651
3.2857115369188001
1.9406070056867348
3.3304996547935684
4.5791981788569851
4.4653083287363531
4.5740242644715190
3.3177563617605412
1.4704943297301323
2.0125829768441674
3.8809516009386793
2.9201180299846881
1.7501692479983531
5.5464346904090815
6.2738317130674011
4.0377770386239202
5.1225965332511523
0.7388093566406240
2.6356825538668285
2.1326060539847029
4.0360120440994018
1.5616245804620732
1.7206429202410469
0.9700098969068506
3.5200042407828391
1.4863435421507496
2.1023448069478525
5.6310589726748281
3.6272537654542880
3.3850831984607415
4.7013208363979642
6.2277057865358216
2.2872429427705820
4.7190045409211097
5.2684389949382631
1.1176794504874508
4.4927928670234047
5.7333047313254708
2.3484797062777645
0.8275136823055503
5.3514465239809370
5.9777068673608289
0.5679497590981314
4.7149915470869317
0.7714790241493678
2.1239982953443834
4.1277497522395539
4.7740705567717407
4.8770367391025200
0.7638300730400103
0.3614202982270956
0.3135825754312193
5.1770966296472078
2.3362580239121606
4.3345912431767744
0.7171835646437038
0.4660798271847155
5.0745985346068077
4.1993860525583830
1.8209085685222455
5.1888719464772288
1.6289678652060804
0.7093407891548404
0.0185450990724191
5.5104648642034739
3.1907993613683070
2.0303574889100373
3.2059273165713971
6.1836375594258532
1.1194004015255505
1.9365443027610967
3.5373611536045546
1.3711208609056984
3.1935041170525338
3.0173625428027537
5.4342344287555679
3.4386139002456613
0.9091544868442304
4.2124960041653416
6.2483201274597313
2.3058763351402303
2.3169213040262275
4.7324024680655867
6.1954366698103165
5.3335457710413348
3.3402082027353264
0.3277319773815173
5.7533766665366146
1.7410332386383995
5.5171772511211001
2.4143862428839693
3.2050137921233683
5.8926224555096649
0.8077402962282797
4.3804814586434411
0.9694342719623114
2.5166335610555071
0.9130979323164965
1.5935946997656816
3.8349366285425557
1.6795760597045670
4.0763232126043247
4.9702220802633663
3.8246932718264097
1.3565205528930990
4.8171705668738403
1.6988952650939813
3.0858663741665668
5.5918081659970751
4.5759042493128925
0.8999500370025227
5.7099473144084421
3.3178940374391286
1.6650077367207980
0.1946497132314627
3.8558194909241466
2.0925243038333918
0.4236212307297514
2.5349161429804656
0.3940337161717166
3.9053376528050259
0.5404517629766524
0.3867034702838094
3.9900279268019010
5.0470148335449050
2.0069141680086049
3.0864485841270564
1.7871032304821222
4.6114423935486579
4.5509854130543888
2.1444318459591769
5.6483987745821942
1.9154474899485801
0.9588448595329355
1.4672911924640257
0.5243802529721678
5.1830766944383146
2.9958780627887029
3.8647982114729618
5.2859428262924384
3.9749187665991919
1.8432691686482150
0.8524854857682433
3.4718056707518485
4.8666603041106402
3.5276276731624243
6.1002932753273145
2.6439937915787906
5.4277450444171098
5.3062627065624426
1.1423981592224235
2.7146386670758575
3.0943364749435611
5.4555647344224845
5.8479629223770022
3.1359945816949040
3.9402943195559481
3.7224731955250090
0.1421222238381172
0.0413162540346735
2.3162038234751137
6.1816587989529195
2.3353778557017764
0.8545319286381901
3.1271691128104440
3.8375888233419033
0.7573677762004403
1.9016965065501983
0.7490462963472276
3.6592633966385240
0.6453064698438327
0.8628559736822892
2.7016361935983215
1.5038526437691151
6.1600024632256396
0.5378327619540374
5.3701181818222778
3.5435991211423650
3.3880758164051326
2.4902449875044939
1.4438333934385261
2.2688964045195728
0.3021784931003240
3.7779466745260581
5.0425141112945964
3.5685162301848403
5.5846657165219495
1.8243012119644075
5.7457622229758956
0.5378607297269412
5.1036457126059886
0.3538111731118348
5.4847547207662988
1.2830317539790228
0.0014797007178208
5.2407828041184166
5.2341498048361599
4.2249983806437266
0.8945956377661751
6.1670992158856937
1.9499831681894273
1.3986032632051648
1.6077896875228896
5.9381013986767996
3.7433582073453349
2.5794226769731434
0.3905007507087714
5.6763267665770600
0.6040801415290593
5.9786961268583871
0.8392857437312191
0.3262228933448924
4.8643964366387307
3.7091870707577490
5.9527591848822512
4.2114026188377034
5.4199526255957728
5.0517964560957598
2.9384788051749520
1.3669502588484890
3.2591485052578899
4.4571582009522146
0.9244019572813260
0.2610689911958051
3.8375225730368228
5.8801805147226140
0.7016118687352912
2.4307019410839410
5.3897512826818677
4.3608709844361000
4.0433664502970492
3.5618690381394407
1.0514916894578872
1.7472005570453910
1.8095378177012480
0.3341110691298058
2.8044480707758646
3.9096510722072826
0.9891388378463208
3.3889329740400309
3.3283253135335062
2.4510863628769752
0.0368301869956981
2.2392167554013489
0.2631085435197305
1.4461136035124154
5.8889245963768824
6.2646721210380365
4.6125210634539862
5.6360583088724265
5.6205744815250371
5.8152548588808841
3.8943978175998062
2.7420381346013545
1.0514737190856827
2.9702911689994442
5.3572234741657399
1.3910154138501705
3.7830465813745473
5.0608763717815899
2.5724354739811677
5.2594859909826344
0.4343919850204131
4.9949255420102885
3.7476470276138754
5.3596997473278147
2.4518589388172609
4.1368268790666303
6.0860402973556278
1.9279323387085716
2.1657900187979151
5.2803234980882108
1.1744580731495757
5.3082836819899306
2.9393430610946005
5.1900248994875300
0.8045826303635951
1.0034455056446181
1.3984621078208148
2.4484669919580431
4.8525445845628976
3.9007124709830263
2.7569302355240035
2.6256771927080389
0.3850291869491047
0.2447711140969866
5.5898975420691439
5.9375746289512339
2.5446970690063289
3.0067942468625142
4.1521191034499303
5.2313849424294112
4.3027535206407066
2.9869494532466465
3.1054054621765181
5.8792242963037573
2.6320795458481610
1.6889362613270920
3.8526761018733660
3.2002137422703849
6.2796021875953816
0.4571204105990210
5.8375239641186614
2.3311431900352160
4.8744473130332766
1.6436737751312798
4.1960123625447787
1.9671495651885293
4.6634037028564777
1.2349797605376853
5.3114596168918595
5.1225126378877706
5.3750169130244290
2.9572886770638220
2.6949350265951115
0.1720815575473497
3.3970572196001041
2.2981845241629966
5.2274824060975416
0.0218287930877841
4.8298479425662952
5.9515892588314330
3.4582594810542955
5.4379803551571122
3.6415128942521111
0.2734407928428988
1.2548199411827237
5.9361210297575688
4.6495546119968907
3.9679924590284807
4.2280822520897559
2.2704367179955858
5.0835256287448551
1.7794623543402810
0.3828540411406186
3.5244821823011163
4.4077333771145417
3.4183358767450112
5.8749373386295183
5.3330805396224656
3.2889266915059721
1.2284062109167428
4.6657598563392044
0.8363389345901131
5.8127713191358614
1.9415239094915178
2.7529764145909148
4.9440423743263855
5.2860502105976828
1.4754886888950425
1.3022375915168940
5.7697178014614297
0.4663766400226879
5.5170917359633176
1.2753156960229288
6.1915200840502314
0.2962712500338119
5.3414109422332112
2.9970253633013435
4.7745824292026633
0.7328294139227595
6.1476947655916616
3.4859846787497539
1.9326613309654024
2.3752210466315553
1.3061692550166162
2.0101374107204553
0.5517881750831432
4.7496901769185786
0.1786622536359991
1.8016159670920602
0.0001242546172458
3.5113075615483238
5.9829049423847396
5.1771412675115807
2.0262892021625638
2.6821900914729033
1.0183519245485115
0.7986186601025718
5.0966190897960351
1.3099201339717117
3.7467506697354751
6.2404974777220286
5.3869188321939303
3.3304151767075938
4.9343645959564775
3.1513087639807607
3.6316989772334498
3.7316679993201034
3.4194930113410722
2.8497246189447378
5.1788614409608922
2.7416844589947300
3.2234492879448777
4.5729368780097612
4.6451657016728749
4.5848997703318650
3.6601900416631570
5.8713268062982520
0.2805020134810955
1.5413264147512578
2.2358018972610436
3.7780476682490023
0.9337850112091677
1.6098025640023352
2.2385568248108192
3.9416565341593066
5.6102536425108394
5.0670097090966788
4.8068164222328349
3.6700229856448381
3.5257963705444157
5.7307733953701927
1.9375618444112666
4.6663956421050266
0.8627510723266623
4.2459884383940354
0.6047326230248959
3.1461284610989311
0.7343403230344407
1.5563520574186682
5.2458082693519472
4.1146420434339852
4.4147002467705905
2.7102564393847093
5.5956945814291332
0.1160925209373707
4.8881401153150268
3.5485991517172613
2.8143382573901601
3.3580169584227981
4.0097337770806201
4.6444414061638630
2.8483961277091705
4.4867077940694049
4.6008279223641519
4.4806822444040497
1.2166840603963045
1.7030712605592873
3.0962398358182655
1.5783873639539849
5.0754838987909086
0.3969288810453278
3.0789119766459234
5.2457764057776926
5.2060043845860662
3.2857378065933074
3.8613420835585881
0.4178304167481859
1.2935574084817170
0.8136659028349733
4.1474783721173862
1.3522269066354689
4.1152472705916274
1.5280476566852592
3.6329014308055743
1.3261221973083290
0.1809372482385652
0.7725518321749347
0.4276581249429290
3.0845075581514205
4.5743749906340483
1.2839163539672813
0.8770656798132519
3.6943944117521785
0.0991462755519770
3.3809247167243646
5.6163277093623059
4.5851811061279113
5.4646268849225779
0.2637449825272744
4.0986477654349978
2.5220531706130140
3.3806895176526797
3.4950733702911685
2.6634622209004646
4.3986983928636256
3.6433828554642940
2.4838627237030342
1.3538067736708894
2.7956332197706857
3.9982726102001385
4.7391807025685981
2.3183679471750520
2.5403510036524217
2.6839164286117350
0.1112566534867969
1.6094675194654584
1.6722571956490497
5.1708465966333561
4.6936064940940261
3.9799125361547105
3.6531873484125561
5.5843990127260987
1.2719330764994319
0.0984252866417525
5.8181169317926669
0.9952109522955231
5.9197002520583082
1.2985687352798820
0.7413747083924798
3.0104626886355774
0.7906225654931077
0.6297646280493370
0.2769161948191659
0.0284473167102439
2.2083522682915429
0.3328306450975835
0.4791678286569193
6.2253595939707189
2.9861549070079376
6.0504548927393360
3.4111052428415971
1.0500636171848909
2.8685742933835439
0.0152175288118864
1.1780281500886245
3.1421472177600487
5.9306228931853422
5.2638980663853863
1.7456924913428886
3.0927012786239843
5.4204513436614743
5.5610408148157866
0.5738422539889828
4.2376674805709369
2.3710561453746370
6.1841221474850974
1.9403753897352976
1.6029193961093628
4.0287829452542914
2.3669196637285808
1.3585313372324179
6.0415108126911505
2.9474906012179112
1.5408579469864587
4.6283039596582949
2.2065061014448490
4.9249126663880309
0.9934287253722376
1.0492873754674794
0.0919549787119077
4.2901349072159372
2.3989077065998736
0.8238122127305413
5.5648347014783370
3.8408736461213024
2.0006119973055041
2.6459854605075304
6.1856668853926653
5.6542915737837323
2.5867195431964243
0.0320406389577567
5.6060865699164513
4.7519102895641891
2.9855294912239145
0.0523057850078541
3.7630337760863282
1.9810272471990289
5.1438373640526756
5.9548370859326667
2.4338491950215175
4.2821995958147188
5.1212315893826705
1.2021866099360927
2.2727398432675847
2.3153778237125362
3.4476574918957965
5.4018793767610900
2.9451379272209839
2.3442986166622033
0.2734897523499549
0.3284757571497054
0.1963204452165430
2.4078310362194117
4.0212831776438316
3.7276569843770129
3.3193109663162392
0.8131608563847628
0.1834306060913231
0.6508965345198661
3.2401199455774474
0.3633538675941601
4.7444427386899299
5.3316186642183112
2.4007713970280231
4.5627092922022667
5.4194412402812118
1.3872276257807930
2.6077745660777594
5.9496563356486147
2.0361312358168071
5.1644947554951726
2.5866207033765587
2.2077468774204454
3.3570795981290424
2.8514378106572971
2.5711715783457927
1.0896140433359252
1.2298885669257280
1.6165710456740927
0.3027703898154379
3.5474775223472190
0.4271727084925575
2.2586248968906482
6.1526938229451771
3.0775331428860233
1.4883861969484087
1.1744618347858060
5.7662652714847802
2.3837937377919451
0.3416496585710185
5.5350189189356636
0.4001573190399213
3.5472725040782076
3.1095039712291710
3.6973673673846652
5.4266675168216985
3.8403362627859816
5.5589302550684998
4.8062024128662797
0.9400001415244597
2.3720952158825921
5.7561176235557978
5.7087532172832685
6.0853002176890572
5.1351739196685458
1.5463494273563880
3.2563043329278756
1.0528108052883922
5.9331834789546489
3.6201922485135931
4.2340977250553884
3.0094962996412975
0.5131077187628327
0.3870092791737789
0.2314149422238030
2.1908458185624462
2.9369434925091973
1.0068376101377765
0.8106740845615654
3.1389199555150151
4.7932885758756791
6.0695978239660162
0.8445251760100827
2.1779201523950968
1.0578727597762947
2.4471479420148454
0.8977418636286695
5.5163730640478681
5.4076178399026338
1.3933179829444164
5.2918960590405222
0.0009498727725476
5.8328461703368708
3.8901038638503866
3.5180714700894300
1.4238341630998095
3.6880876181127435
1.3774589340910137
1.5042640340314102
3.0178513498769948
3.8627220679989014
0.5136951080314887
2.3342554845199310
0.9076652090041826
2.0369549447576500
5.6641168559419084
2.8232056160069394
0.8089295835568678
4.2230030504326610
2.6479369835779254
3.2000342997781193
3.8783549853849077
2.5550541024682194
1.2499905079505340
0.9916893991571261
4.3755815508030889
1.5798537251739098
3.8523600359355994
0.7538788110296546
0.0249427101009870
0.1089172526897271
3.7089202667486818
0.0497783145177128
5.8977677420024959
3.9400372609666734
4.3603115740236955
3.6604823034936382
2.8661191954302612
0.3577496134815998
3.6523578981561395
5.6472119856754546
4.4678386642989816
5.0605857989400480
6.2018450923122002
3.6484898302643853
4.4067136128148636
2.9075086725891715
4.3964096851725314
5.4206903574747338
4.2133012410416075
1.4128349432953953
3.9189890377629095
1.7924409236923025
5.3996497562769576
2.2779829006462387
0.3460648524650506
1.9008817181860957
6.1212244312137836
1.8598117956632791
5.7808582381630487
4.8548503117288817
5.6833275143054864
5.3125738497838073
3.8239764393220135
3.2613473133954098
1.7123540220148874
5.4980724690615590
3.8725747633603844
5.3456261048202425
4.0458375060539105
5.7303934034710338
2.4488355664415109
2.7780812432999404
5.3529062164855263
6.0822645639350847
3.7072665353668501
4.0575243357212303
3.9896866421956401
0.9286217861279636
4.4247950237977669
0.2572763523924582
1.0576531645696503
4.9525394969190355
0.0742723823738032
2.0633787458985919
2.1385845174595519
3.9420443100526850
4.4180548419652768
3.8245357417064083
1.2058992486627431
0.0839758695041175
3.9388534665299644
4.6983525205540113
3.3108228784298541
4.4944845315390687
0.1305086268862290
6.0374637131610314
1.3729137595098302
1.4763369341968295
6.1484238175459947
2.6086850955014569
2.6584656744600905
3.7071204868036109
1.8254811561666580
5.7302235105150450
1.2795415538263377
6.0838774570144816
5.9464488138277964
6.0719199046637016
1.0796540783588839
0.8871885351225571
5.1721183703958893
6.0411198581130563
2.9522346091060054
1.5485263025285196
0.8008420489944835
4.6346261782341047
3.9891685026811738
1.2091213568197374
2.5242234985169425
1.6347894752211412
1.0327260740768942
1.5383659136603258
2.0740307045768764
0.6683910371605810
3.0334076548554463
2.6406212127243545
1.4703789953404565
2.5146920246617195
2.8897270569314282
5.0997996955097573
5.3847466986262544
3.0997730172202953
3.5302319403118920
5.9149093097290510
2.2955011029738963
3.2800645744851384
3.4260737968185979
6.0949847943862183
2.3216328388836609
3.1179567530323915
3.3611877236666423
0.7603330110479229
1.1593831591095949
2.2768358281274912
2.4810991534186080
5.1338355586095412
3.1309423844998192
6.2112841511119194
5.2145380487933988
1.3658207954761761
5.1014210367376265
2.3054007772924776
6.2232611585724449
2.9046721404622873
2.6751471338512078
5.5425134334231050
4.7010536667039533
1.5363055070664144
3.4954779475820490
3.8247268166869843
3.9359198141124798
5.7290161965693507
1.2163855555528527
2.4423058307173617
3.0604731829579586
2.1434103651555696
4.4099202778300768
3.8266440545120752
0.0580530349437050
2.7312174988636242
0.2980638796124368
0.6809299038612889
5.4971782977880581
0.1902294132019082
2.5680494040944750
2.6441651583061438
3.6055653105102210
5.8395918063979648
3.2396481061246361
1.2031357247111452
4.4812112228526821
2.2779943576953401
3.6219267092722709
2.1591704710570125
3.0961416205441439
3.7628518598869198
0.6602965949425027
5.0207276883671099
1.5559279583618242
5.5925205479610769
5.8062190659616366
1.0973928230419943
5.6276524479303118
3.3561008381190534
0.7927037934917416
2.3747587923659004
5.1823440320745862
0.6555120539360846
5.5144609945381120
3.5392733375778334
4.0435899191703371
4.3668632579438631
3.3023003237762882
2.7013957443833814
1.6243631352860817
4.0028819604821777
6.2621388653655714
1.5637465697703188
0.7656130328384337
1.2203317230730244
4.4183254107528667
3.1318539386847903
4.1719455400364884
2.1221699794552884
0.1683064256606314
3.2123665058148250
0.0558385856437361
4.5322349614424988
4.1160455291057012
2.8930052704801241
4.2369459186413634
0.0015629881614598
2.8076968306982399
3.0899792661379761
1.1848682643001036
2.5027927263951169
0.3164862110057594
4.9683797150545015
1.0836504374574989
2.8904128226360220
5.6716433596638103
2.2202913566640627
4.5611358129698720
4.7086018867326604
0.0679950035144578
4.4564699837521671
3.3369889010705456
2.8824483619464623
0.9503585138812609
1.9681232186440885
4.5244844125126393
2.4994172615670442
3.5579034554901625
1.5200553718280971
2.6636443399878651
5.4920927741018630
4.5514451796724797
4.5475226426206445
3.6123462495353373
0.2245601726128624
0.0630770468396813
5.1078764477439718
2.1730789017206629
1.2980471040948274
3.5857454723533402
3.3603072326564063
3.6529408305298854
5.2163611824275540
3.4357138786196577
2.5851474285832410
6.2737032697844537
1.3505820492289624
0.2458963379048370
0.4987421247131462
5.6805408032242495
3.9507265425395470
1.7006662385192575
4.0687280784610058
4.7276864169137314
0.3787198840572448
5.3931956690579730
3.4286656688423784
5.9044797479403970
5.0637986493296330
0.1602759476098241
5.2390841821592149
2.4853357374929113
6.1332360644321415
0.5183064699724997
6.0565509619186262
1.1194842958247535
4.0078619783343479
4.8077935437146975
2.7660480886613672
4.0523786246713680
0.6694055871215703
0.2705123658918264
3.7174663750979895
4.1350636346282190
4.3197188340332673
2.0701982232234237
5.4168912488324201
4.3292737341316920
3.7945935649533631
2.8396479246832356
2.8071978266636548
1.3395023748423747
2.9502366634305068
2.0791279498425843
2.6233922170619808
0.6059574350289548
0.7681659998314820
4.1187915683488923
2.5422104272711668
1.0267871504888173
4.2240319106140394
0.2296928545858412
4.9398573102655110
6.1696339702713487
4.4840930535308381
2.5149887839381138
2.0270265148408417
0.2223620188650804
5.8861132174104132
2.9549287437419651
0.8964338656415273
4.2506690986650852
2.3754321896166757
2.4240520505089727
2.9644233301230916
6.2191635733126684
1.1722789002271703
3.9137322308333067
5.2534763328362013
0.5420623510802383
5.3780002548796197
4.0933555746974459
3.8115059583430764
0.1692223406860198
6.1256305423294943
2.1784405100892066
0.7315409468338598
2.3093461894532745
2.0976095749443084
3.6255035796320296
3.4377939711121770
1.4361341381193884
5.4617400885684173
4.6660237577284196
0.2239774374142333
0.7391148040270338
5.9670341512819718
3.1012278714897370
5.8690042260061155
0.6117758469214332
0.9303178373965554
6.1520499077021134
0.3833896783823045
3.3850041117965732
5.8410459467405751
1.1305181309680505
2.5834049278241245
4.3770142695704841
0.4862434028614572
5.4198652954432029
2.7919330500334438
4.4270479572573320
0.2134392140089358
2.9398545802081228
1.8785205076313358
0.7026025175136117
0.3679826757716362
6.2757566568770997
3.3325352549853031
1.3241608445859023
1.6131742465270200
2.1317289487355104
5.3621991535356388
3.5520826916289501
0.8093513464004581
5.2701548553731872
4.7973335179630876
3.1498525763868717
5.7075824290629535
1.9088795913574703
6.0838883330632596
0.8603921903112702
2.6691646224508987
5.7524205509987354
2.5109882998883246
2.7350017947542788
5.7746606584784548
3.5726818099298208
4.7709318417381779
3.5372083935176786
2.9392133610617486
5.3321473969937525
5.1882834299601441
0.9491647683525058
0.8372782873177727
3.7705852194509455
3.9727889883362475
2.8095118266318466
1.4871145296026591
0.6128718546450954
5.8771896781255686
2.0874477425242630
4.9679458946518054
2.5426016259700774
0.6968451067450209
3.6621330614542367
3.2159962445070462
5.1632758731397832
2.2671760264407061
1.9622828418775240
3.8183274388006030
4.5830968092760553
0.8983486163133915
2.5127920267966779
2.8127213682052221
3.5644476717388658
0.9851431669633505
2.8899048367270219
0.1044228413850456
5.0984266597634553
6.1318129556508589
1.7314773773628078
4.3814794380598947
1.5035042447502367
2.7456730158791878
1.8640285103371905
2.3440746437361573
4.2193720593236010
2.3196498748650218
4.7995557246246472
4.1956433805931042
1.1408103143809820
4.3184037860116913
2.4594183227373172
6.0030035576812457
4.1655957480723389
6.2815633122915706
5.9749850574819119
4.3285615377797386
0.1775763997631433
2.6900457975862824
1.1882329657824968
3.1530758993292065
4.0256670333720601
4.6094024924066828
0.5809949299559348
0.6941490888784396
3.5067728043043234
2.2988575165487490
0.3228495096207610
3.4652001830717234
2.9976041921247614
5.8707517737619259
0.9760507615496338
0.5443020865794024
2.9465674573034466
5.0677507585729522
1.6966419418607546
4.2209896007640655
4.7534906834439434
2.9642936397050521
3.3172007260939766
4.4795942808022167
3.1126617573401854
2.3515670732510086
1.5475050591289485
3.4062157011374530
2.9422283363876454
3.7609776645592059
0.7602676458757494
3.6168858538169992
6.0639030952324600
5.7160922887368590
1.8055675760294212
4.3190764070920480
3.9399816159782755
5.7781820313617214
4.9803973429997974
1.8443386910105921
4.9538260663140603
4.7463386478570433
0.1135627943255716
1.6093480757446883
2.1337192818652513
6.2236166036170202
4.9943002762872997
3.7251617098248806
1.5639667245609465
3.8733540078811175
0.7030994824022745
1.8559652766892425
2.9934252062363349
2.2352325850202046
4.6598408136165883
5.4083260177534180
4.4939801648463122
0.6472656436057097
5.7251379033682568
3.6015008723852113
2.3156118380954047
2.0517298512420488
2.9381428751807568
5.5679258892295662
0.0160345306091074
0.6510054038172316
4.1728899459091728
2.2341885660657059
1.5870873968326575
5.5645393351064731
5.7006143390180375
1.0040739470251936
3.1601465514502727
4.6393756337239260
0.1307959463360008
3.8818943082118360
3.9104569300489533
4.0701726454605360
1.5258761683133109
0.4009968476652666
6.1353675881186707
5.1024680239249678
4.3954763302139392
1.6621747937891171
1.3005841462759307
1.1303272003937710
2.4028063018225136
5.9846642222582167
0.6259586485422305
4.7705796358184989
0.1758856984682937
2.8665948907323471
2.7615312953232602
0.0853809809973931
4.2295542042455239
5.7496502709224053
0.9999755587191556
1.0218576624141085
1.9098870319428516
1.7001737625138471
3.9004533030947153
1.9344743307325805
2.6967053036034820
5.4410634664304096
5.5638547190382432
3.2095931914205749
1.6415064827082928
6.2446964590430580
5.0398600681514596
0.1441898068311377
5.5352707957373779
0.5753796748306725
5.3095101234012070
2.3529804272080552
6.1814920397442998
3.8806130920332085
4.3627458508718044
5.2810837536015072
2.4896773701664512
5.7177882203373001
4.9601611143417959
0.9795294860669480
2.4170464570490444
5.5323639874081829
1.6162042002486574
2.4757755613563845
4.1456246871848599
5.8620333715828741
6.0983306943342495
1.1408200701918947
5.1381544711236344
1.4310659701850776
5.7174904209049853
6.2614090982788708
4.3941882538556456
1.6473726422688977
3.6837989826383786
4.3331317804286700
4.7902485931215200
4.1850074097226582
1.7541717522259415
4.3100040523409699
3.7766014531388765
4.6379724846490715
4.8408625974590915
1.8879988285550404
2.1025065998426213
1.3253415241582700
1.5069938568311751
5.3269845986364439
5.7990606156532536
0.6953401691811689
5.7419685857930132
2.5729599461557235
4.2248750602104543
5.5814436881517286
6.1925858495087009
1.2514044639564099
1.3049750922245946
5.1269551350810145
4.5150674520682337
5.6710180989211931
4.8257063825136175
1.6332290585096749
6.0794473698454787
1.0963283260793451
1.4107177445500669
1.3256041247633252
1.3573081413573946
2.6003844309531821
4.0249226959488285
0.6020614435053039
0.5139184348636289
5.9143244670709425
2.1461839798768594
3.0736113587285558
1.3669617534842307
3.2342335804799092
0.5111963043936435
6.0195696999320241
5.4952443922350165
2.6884308020997483
5.3000331265665981
4.3935749391208816
1.8739021572832368
1.3643794440023631
5.5860949058950498
2.8011758715641162
2.5751384168558098
1.0200405594492867
2.0167660491403634
5.3759720817461911
3.4673689102711411
2.1956537245269447
2.9656123928450802
1.4810351193625872
0.2232185869443371
0.8583165351381110
0.8665671283685157
4.5976906885761526
3.6858765849192907
4.8025169554869160
2.5333308122404445
3.1102269168247867
1.7704487597338046
1.3280085220234978
0.9302328051592419
3.2449325307424832
3.9169914122390628
0.4210115711659191
0.8019744355239475
3.3993105689737670
1.4581670887509453
2.0714246445530407
5.2408244899627077
5.6419381039384575
2.5947342053119073
5.9153471214084705
5.9094903544301527
4.4341945023315716
1.6880811209644866
0.5298187860714926
3.6005140004161813
5.4622017491933308
4.0486421222630806
2.1577109015443554
4.6220950168756758
2.6931769500868845
5.8613712807603529
4.4161851586295606
6.0285613287768918
0.8375273830414868
2.6553046412148462
4.8431432329351596
3.9210705279702367
2.3161292220953920
3.3686413450118522
2.5493572958875257
1.4949319894967403
3.9420382682340094
3.0873113184591903
3.4267896567863838
1.9866834120048817
4.3626628849471976
1.1653613902968467
3.4733813123779966
4.6116149870321488
2.3622419794637621
0.8482432998486699
3.4190743034748632
1.5920340773732677
2.7285745733949396
4.9291323847980522
5.2998962595136998
3.1600971198668604
5.2338181879232373
1.7024579629411318
5.3457401578335313
3.9724086255441318
2.7119289889988032
0.8892999866717762
5.8222688198684454
1.3137998189638422
5.2215507913087196
5.7864705378442869
5.6722547964535295
3.1067502478322955
5.3977911153925779
4.6464394912325098
0.6908585030238046
2.7282876805812077
1.8200187372964254
6.1740276477676668
1.2748666260027486
4.5484934923610405
0.8311617016690208
4.2759752546643934
0.8071064010234091
5.8654247925649186
0.9905704391237758
1.6799908806026791
5.2043121980341471
0.1692960558759234
0.2085023224276542
4.1937790056180795
4.7196547813879484
0.9201536809814844
3.4007000189691361
5.9864757950953935
0.2857572411327106
3.5756440492231061
3.1569797641234789
1.4654411621826999
4.9405273215161305
1.7577838457820134
3.4259050781305920
2.3751934239590380
1.1478787303590874
2.4209150951524951
5.0871704209804047
3.0107352716481848
1.3590794745674741
4.5989885922685021
3.4896687910091466
4.0473308238525378
4.1239042923087323
3.3027618857662353
2.1699843366144083
5.6501779386015505
2.4552799060640047
1.7236126716192568
4.5738741406200152
4.5769657778116057
4.6749086101274262
0.1616934271989034
1.8499618748049880
1.4475535855703259
1.5521882887536496
4.1248879972317711
1.7341325637542981
0.2430555011627624
2.1617059218073615
4.8209750770686615
4.6945909758273485
5.2072377841922517
2.8905042205983977
2.8950092175370417
0.5549051973218839
5.6892345222464646
5.6950329238624162
6.1783705754151770
5.8155134253573495
0.2649209608458213
4.2608487203258996
3.7090621520030269
1.6199545893878093
2.3100854629850831
2.3293647044190178
0.5979323518832820
3.1339922683913728
1.7402086901896734
0.5808788547301950
0.1082204947594096
5.2840007540153469
4.8514972112747445
3.7840292702675482
5.8382760587410880
6.2433321965428856
3.2047819154938839
6.1823490452338525
0.4237955297492330
4.2502757808533174
2.1378865589554925
0.6044579483514219
4.0142992128020341
6.1224411519098751
2.3784765002931354
0.2836516596203430
2.9837578325030987
3.8204339932043467
2.5483804530572436
4.5887525754270673
5.7241159657607357
6.1750378333636808
2.1833716957170854
5.2569919430054668
5.1743925517520637
5.4892226314678600
5.1024703680023320
1.5742094829027833
0.6038600379941687
5.0810232130088853
1.6494447284416827
2.5674560702242757
2.8757706007508452
1.8872598297115035
5.5952906542443435
1.8995198772809330
4.4484062671491937
3.2746002665001872
2.5024138681814541
3.8954253543313242
3.5863102894221943
2.6163624316998471
2.7268322548452559
2.7576158528738040
4.7623587144948232
1.0092173091547445
4.5455799763081206
1.1652375331299383
0.3163120504664433
1.0139895896105864
5.3824477667197801
0.1319384254609819
0.1702606851194451
1.9047616777056220
6.2276731392743701
0.0469926941652549
0.5755404196586926
4.2477450836576445
5.8150885839445099
1.2190886770542231
0.7086759574339551
3.0386244021415121
0.0464820157111637
4.3219885016632027
1.4705827111303957
3.7706797297766528
3.5150212683206261
3.8722680467948991
1.6740586927868111
1.2102817443021312
1.5363888165279440
0.4748369590721160
0.6019523819426076
1.5150844910423034
5.0827304843517114
0.6991880871282685
3.6810085199644584
2.3086019806540321
2.0363733383003249
5.0896034035413864
0.3243942108062120
5.1640250828199648
0.2255704607545266
1.3639627132350223
4.6243316409790456
0.0841974053172454
0.3804820447830757
3.7467760305812061
6.0716543421295084
3.1877580626488697
5.6278214794660917
0.6219540006860885
0.6093290566441557
1.3774357522441794
5.5132809812557193
4.3101829195775458
1.3898896765802340
5.7389496437165644
2.8437561250256689
2.6485851915730541
0.9548334316643532
4.4450714373338611
3.3100298446189069
4.7833693659877898
2.2168242494103221
5.5550739572422074
2.1515598362659234
1.6959636030106970
2.5410451290739324
0.0646274014700217
0.8325709090504456
0.2903988311774390
5.6404622731346237
3.2583139384180191
3.8812542278274855
0.0980408752355856
2.2763195786623167
5.1143006174461156
1.6136900773523186
0.4733684511680494
6.1626149400082779
4.6388277291211031
2.5848108697832428
2.9616622720443564
1.3282436274874065
1.8301070523749896
3.1959914991288438
4.8871877637884289
0.9164673736568881
3.4157765691491773
0.6225978004029232
2.4132587747337810
1.2957594846945595
2.7366761287755543
1.8351524901087108
3.8793542754048134
3.4208058954902101
0.6943279397830250
2.0074171559325511
3.4770282245560176
5.7026673215962713
2.1749071197466878
1.4604616836548241
2.2497884851706469
3.8253771804332710
2.0943840703973748
1.1290747249541027
4.9349520849770112
2.9160127255641100
5.4127003971888827
2.5410160453956872
0.5404417659706884
1.9711235883051008
4.7184170953622768
3.8416021884261258
4.9977276946266098
0.4545022514342678
4.1752948472260369
4.5736165654009149
4.8597342946680611
3.7926167958795021
0.5644918897769564
5.4446616944064807
2.2169087768624784
0.4091840542196545
5.4586851818088791
0.9879528597809800
2.3625881867331584
0.2921982203111351
4.0761880753575079
3.2326032515317160
0.4416516389481162
4.6328392623795835
5.8499914459086080
4.4456133452984297
3.0648193962250572
0.7329892682944111
5.2714322067441195
1.5296857124707555
2.3831258684609260
2.3483792148482947
0.7843406417946184
2.2895570795979978
0.0745402271369449
5.4832328040531984
1.6941761714192149
4.4745217150559204
3.2503110203896495
4.4138966549776733
5.5851909437134255
5.9254822581527149
1.6326382190526039
3.0628144338174605
4.5575558748995908
1.5698221767598250
5.4116506957077588
3.1581646074724161
0.6241997553335071
3.0734052296478489
4.5440781973367184
4.7901730136197198
6.2464852993522495
1.1074544982472889
0.0903126682308052
2.5398004332843942
6.1619564406068088
3.7382180898027975
2.7980856778179057
1.1742352341343323
5.6633056392600665
6.0969479393136723
3.7168121865937578
1.3413613173494798
0.1177122147735999
5.9252333033083442
4.9284556249793932
4.9434927149633516
0.4975664806997368
0.3902376662009250
0.4753660907653651
4.9349505291741504
5.8460127748297097
5.9170724359820630
4.4188534525672258
4.9829515407225529
2.9703408677312217
4.9050050319417533
1.2535020036444611
0.9386767854953186
1.8843697166668159
3.3476545277245777
0.5035140246056451
0.0944747851861518
5.1476607410441115
4.3960383573101351
0.6775607433521151
4.7149291390699970
0.2199751720671770
1.5764295806707580
4.1593801864174376
1.9306226251922276
4.8141500203773582
3.5175362623379267
2.5170165006810303
4.4111348133400643
1.9758014057504223
0.9530687132581962
1.6935270508561977
1.1162292995524725
3.4919909426342493
4.6270941926455018
3.6023413440933862
5.2808176895677121
0.7168586529684814
0.2736811064179692
0.3642630614342604
5.9395418734740142
0.7269090073773483
4.6498096240490892
0.1100543663293909
3.2906536166669529
0.5095756012765323
4.1546404163098201
5.2789760122368783
3.6506300357404267
4.9533078485331536
5.3159168988256216
2.5644100157228475
0.8309511025179331
4.7237051687518186
0.8129120649254057
1.5894325963308418
5.2291101669004085
4.7590608491348254
2.1365990300578050
4.3705431639551904
5.2001596262229901
3.3688911604320175
0.9824641332029518
0.5107962983059940
1.3606887526411626
6.2498316194512062
0.8052033745658647
0.9463791913763762
3.6126377206155054
5.9883564885324123
4.8150525430221762
4.1572643760000627
1.7494308524548838
0.2232681457720052
5.1223976901256281
5.7837856691647298
4.8332189492173541
4.5716539417285622
0.0322981553216913
5.6033211808799530
4.1978550590579600
0.6354674676462865
4.5480371269614377
2.1491012162942007
3.9210618572204941
1.4537816207502916
4.7805592554469003
4.7572452256169546
0.6446905927526572
5.8893662201700971
1.9165634616068685
5.2201692816250089
4.7578476627122432
3.3239820828419253
4.4352644891321455
4.8398978880166394
4.1195753901037211
4.8386366235635556
0.1722432079716567
6.0682677552500053
3.9997052919001406
0.3153808604383703
4.3545021571335187
1.4330415813349504
2.1650010408723541
3.1173000215140911
2.1295113102014946
4.6747491770994287
3.4868127778170748
1.8505152853971003
2.9937187643761720
5.0629631020818637
1.0169022671626162
2.9571942653151511
1.5115142485167075
3.6229434577466142
4.4283851408670873
1.2164841881859190
2.4675593320090652
3.7509467120142133
0.4527841440206070
0.5886669872826921
5.3670913772516951
2.5705633380575184
4.8538056779545400
1.4618568946554191
0.6339097519388728
5.3477983582842619
3.5805779517042975
1.2012676007636665
0.6655144495134945
1.0587123494877830
0.0710415824892266
5.6548612384079497
6.1205063613601300
4.1570233165911379
6.0266718708494835
1.8482640699040209
2.8338523858507183
2.0104568441280439
4.0224887926821493
0.9128786666742654
2.7845604548606149
2.1723189910817227
4.6164260619908006
1.9878107797694460
0.6671520004408967
2.6938555069578580
2.3909686913258246
5.0152728085833003
2.9289182244409813
5.4952572676164637
3.8266009490891055
5.4285060541978254
0.9476971285735531
5.1027023748798852
1.2654901815687296
0.8739076820080526
3.7860857692352328
4.8208605906041679
1.7857190118749744
4.0968725836329662
1.8539334645990577
1.2182656870748241
6.2781285651073153
2.7747236772460573
1.4844263914247366
4.7381932934326514
2.4044310592570435
3.1162557075174875
6.0503526597503665
4.0750722812199793
2.7207670109484701
3.2062379718644030
3.6953627625839420
5.9069604984327881
2.5381835512081286
3.5186547243298820
1.0173952864533353
2.6647587230979344
2.4865221643587643
0.0143864040714745
3.8417748076917451
1.1357331393736521
2.4301021188138070
1.2195649553124868
3.4802062151379065
2.0326642841784444
0.9570773442683237
0.4800819490494492
3.9763126953743941
4.0668141808217486
0.0911740792493497
0.7425414059265617
2.0826602512584222
6.1433073529734594
3.8093492740094668
2.8179227411376435
0.6931080294697176
5.1168247493892745
4.8302368948354593
3.1287026322907816
5.1737055869615354
3.1364990534480763
3.7063823892201264
2.6513032651358199
3.3969615159032642
2.8391616343146415
0.9529498361968948
5.5212585486607484
0.7112934351332515
2.8768051030594921
6.1565683214807061
2.6342023798159144
1.7782965285451946
5.1735670665162417
1.7437244228756272
2.4116427145218786
0.9973079931463930
4.9464717816521908
1.5248562719676673
2.8243485987907677
0.3685600725623077
2.2804865705158490
2.3052115714041159
5.6364781210634716
4.5047582518622153
3.8821270195816466
4.1359191722160205
1.0388571685318251
4.5584445598282564
2.0760247306984665
4.1625562414378798
1.2720643958845266
3.3491140637398056
5.0156940556330545
0.0875073350943164
6.0046416445193707
0.2824736173975045
0.2649872797656003
0.7378556666359435
0.0865597971547857
6.2527354242507647
2.0198294160465000
3.9407152361106226
2.2371990066394196
3.2547229425201096
5.5514746788896563
4.0591573021648300
1.8541272239474089
1.0499777826802130
4.7168037298051368
4.0805910000114096
2.2596942570184293
1.4205979510153706
3.3548760767340764
3.4439605576011902
5.9151129437573902
5.6099449858858597
5.7144803459907028
0.7755245845694666
2.9018625891288923
4.1335295111570423
3.8878604736954543
5.9437982899996191
0.7222730850072875
3.3289603054900523
4.2683457586405984
6.0579535453852706
1.4231338936025415
3.4697619763804970
2.7881743694949113
4.6325045305369557
0.0747162130282840
3.4733158761912488
3.4604654256814977
2.4943666721550031
5.5816092116389218
5.1983649984989144
5.1970174201996509
3.2819631559928331
5.6005234863820439
2.8065573643847692
3.6577944506707478
6.1763103290166033
0.6117604511925855
4.3995983880689833
1.9242838076337780
2.5824518827387641
5.7231909403599914
3.1954138354397270
4.1235282965418865
5.5797189004923435
5.6895882938305826
4.6621854494999733
3.5677055703995579
5.9717761328128329
5.3618618644625027
4.6081818640659016
2.0941255383226940
4.0153135365705923
2.1455800571309114
3.9933123678642963
5.9700699206233923
2.6997077267045713
1.4760805072660106
5.3035394120646959
0.7333758965117341
2.4654650722368037
3.4642623196936677
1.7557530090306954
0.0087291406858597
0.3641496638988985
5.3673177343916789
6.0909093677981927
4.2658245840877207
4.6757826161992142
0.7405921583663310
0.5336034248708930
2.0687683201044385
2.1714436821540053
0.7185682737180463
0.1808661936627318
3.9496825177980663
2.2055599583220920
2.9404016331007941
2.4240407473163064
1.5886298676813668
3.4974597077408234
2.2601580564936725
1.7362086783663904
4.3003074291784413
2.7148500037377903
4.4489726310601982
3.5123082130313996
4.3152089507729752
5.0442719150518895
5.9418145731653231
1.0793670330776670
6.0318040096950840
1.5065532072031846
4.3672479557590105
3.8837713651457579
2.2359675950561035
4.8381944020522125
6.2650350740778000
0.4345892604913416
4.6834954207980326
4.4893062711929748
6.2132265151928516
4.1283428333809820
5.3542621747647123
3.5875738633379619
4.7824964379572448
0.3346767322260954
1.5640788930363765
4.4807723881290107
2.8695800052765597
1.4937320966454024
6.1120994940662410
5.8018057903531162
1.3748350218323269
5.8759067411808532
2.3989408516507646
2.0243849427954022
5.8986899712870509
3.8602166244830243
1.9024939450024370
5.8584635281020505
0.5179916769222108
4.0043432868323618
1.4333926285986354
0.1013138962361674
2.7152318757343847
2.2685934588730268
1.6502425061703825
3.9022480460529656
2.4719469177360458
2.1484601962005354
1.7295026883637827
4.4874297719725877
4.4056191817383645
4.9620525034861229
4.4132305825714475
1.8237138507668726
5.7763063641035295
0.9898895955420273
0.9900811289805341
4.9872832761022092
1.7819139609844064
5.7159019361079784
3.9519902132775342
3.4399138565482921
3.8843393886049062
5.9078965421151031
3.8724195569553461
5.5839672212029843
0.5086978688345517
0.2548543525839130
5.5856397799302702
4.4485416407166065
4.1297245248954546
3.8804601246629864
4.9688164748691008
5.5418996823133497
4.5310458976273704
1.4945272730237340
0.4812569118066474
0.2881270206441880
4.4997309991972596
0.3224452834699874
5.9778801326788482
5.5411449561959509
3.2824982920681189
1.2558019455607512
4.8398206958671572
4.2526409963676635
5.3905926677731530
4.9150038876737128
4.1810038649948513
2.5246656561312024
4.9274432170836109
0.2405394710774935
3.0914270900175627
3.5871964040171704
0.2565729858119971
1.1321017664576718
3.4966919597938078
3.5562948644523971
3.8661035174287037
3.2406005265674573
2.1933000315079836
3.6391754334687678
1.6312662622776091
4.6324775047378282
3.4609999381159473
2.0334179170383182
2.6901749140069566
4.4603836071093674
2.9286879726215802
5.2704488343947107
4.9873448262932243
0.2034887758941466
6.2136057826570825
2.9972835244038647
3.8513784673178226
2.7746633780644219
1.9455942260264047
1.8495745727599713
2.8859426606267453
0.7049135988344315
2.2226431935998785
5.0879618625832173
2.7016214570695927
2.1096552239347313
5.7105658902675049
2.2977707591512129
0.0659679639213675
5.1234038964188828
1.2998070107803579
0.8398137398963653
3.0763799389535142
0.8385149997812423
0.6237810816753466
2.6943571950948311
1.1157725670465202
2.3944058472005705
0.4213780680850511
2.9965343755740546
1.9012957814887448
1.5279644066458400
1.2104602461207974
1.9779411906770286
1.7390791402112744
3.0645346240826172
4.9468865418525452
0.2766824527415797
0.6346852659749920
1.6965994977345789
2.5536178956670983
1.0889662118182528
1.2902002599337956
0.9521572878323721
4.2133653359886152
2.9862270907383284
4.7941250393460653
6.2054391351489890
3.8039072426291343
2.2859759360152112
4.8108776796119734
4.0721684069754387
4.9462670755939033
5.7552859233229121
4.1668686501563101
1.9481308311471084
2.6174873486470323
1.2821386930958336
5.4945377191512925
2.9441751745391125
4.0798185520986250
4.3325344765765452
1.4433643783982084
2.5803466016139436
2.6047724739522820
4.2999820514966007
0.6570073406592182
3.5665932413063941
1.2536994482594885
0.6034540049575596
3.1311717335599218
4.7490694721241757
2.8451505937926838
4.9646104496174228
0.5002512311089998
2.8351145238292630
4.6999176388667632
1.4396566306207350
0.7022283123314380
1.0984531976666447
3.3151174956525518
5.6673901742595580
5.1414651051718749
1.4442325550133022
5.2992880166423832
0.8982202233473369
4.7049915100578756
2.7175029436150200
1.7561587427465917
1.1769518947504549
4.3605313160789461
1.7608590412559806
4.7624686898309054
2.0691261965939578
1.6819471914222666
1.5416693840523727
2.5081895925714894
3.7134467193980174
4.6459902419193044
3.7127820939050724
6.1583396126927736
2.8667297784702246
0.6146312152040146
6.0456058697781128
5.2408796589930748
4.0267110957923862
0.8408596203123365
5.4957907403178696
1.7304898370052162
0.5677828442956880
1.2282562426780999
0.3844884938542565
1.0267200330403718
0.7880411808134239
1.2117211762224396
5.9123253957344444
6.2082405742378084
1.3685203175630323
2.2699934875468708
4.4252606600344375
2.0151431597048424
3.2527534945273540
5.9489381644106256
2.6723175254338938
0.8772494873034813
4.6957273868763343
5.2251890059493329
2.7844874073954498
0.7413788696364010
0.1825092000264897
4.8567977190696414
4.6287937424904477
5.8949912324148919
4.6058070102919348
3.6733069968198482
5.1878176511916978
4.7076144860360447
0.2928917207998373
5.1439223921351553
5.8292246972091144
6.2329043227267871
0.3669181472370266
2.2257333600650928
4.5007001422568713
5.4741860917927827
1.1948089041318071
0.5810070036700232
6.1609863068242481
4.7895173947044167
5.8448893339297685
0.7808127093018781
2.1937162028284889
4.0035046613090728
0.0617694868641491
3.2538173453922723
3.9799620004341119
6.1961310877226303
4.9506133145721680
1.3969216766731534
3.6446772158693737
5.5425851438465674
4.4846227920439725
2.8061850334009404
6.1621896413163126
3.5802743649803266
1.3252215589681229
3.5322193680971390
2.0540758468464202
4.5814055023569731
0.7436845550252521
2.9903895204411266
4.1130119506427043
0.6467825596105893
6.1926834974158158
4.7013457495223010
3.5850215396583698
3.1832763551742818
3.6166471048755202
5.1498631716014991
5.3745955636458564
4.2572385883419734
4.6468898283553344
2.0286688018121470
5.8691709875976441
1.3911224834719669
3.6656125740988759
1.1268557253462472
2.9159585945186142
2.3960710983534361
1.4084745802176075
5.0707796896947537
4.1754525213997109
0.8555155020040450
1.8914555035464271
4.2084407539709510
2.5476778524736168
1.8721887010043965
4.5110769330788214
4.7283987013453821
5.4574902234298417
0.9115320934970808
4.2611864978852871
0.7483759240568052
2.7494542230078767
6.0309291953954496
1.7532412154056791
0.6022419064580078
3.5212346879591925
3.3147408928708404
6.1615333386737943
5.2380222891089865
2.6393639078512030
4.0879229800118502
6.1899867938038575
4.5790007740151308
6.1004140623569381
2.5755276154335474
3.8818370719138211
0.2543869381194755
5.1755930544882194
0.9816217689604919
5.0736615322683436
6.1100292238061034
4.6243741473887914
4.6207638778347428
5.5631016620561766
0.1662741035575187
4.4798820614011428
2.1075886048150032
0.9537221172556730
6.2794837038309614
3.4868706058092460
3.4738935901703001
0.6469649775653387
2.6111720440567452
0.0304187810579864
2.6709630576899199
5.8994599787818869
5.2228851954789874
0.7403965168503472
4.1349298269647363
4.0821493035275198
3.6815858148611218
0.1476672049182643
6.0179215109660040
0.7849647062919347
6.2666173784586814
2.7912112214375151
1.5789171386732994
4.8346368166695486
3.6293130739863546
5.6600112766407813
1.7936625318200674
6.0138220906697795
4.3286658512901663
1.5773091313199712
4.5268014920903497
5.4143866485715462
0.8171560898673323
2.4739123715744875
0.8814595300713393
5.5485499513567067
1.1346721769990675
1.1804328050404971
6.2341780822348829
4.0879782278583736
2.9442379574879056
3.8699889769848439
0.6104954179399352
1.4588404565249131
4.9050700192346692
2.1717284142523581
4.5575287792378365
4.6781293699775306
0.9834384491053008
4.2154542749423110
0.3834058325205799
1.6919804701253509
5.3871245053565149
1.5966379921136127
5.7464994220970906
3.8804977748825809
0.2851899622847066
2.1275594162923661
2.7400748159412536
4.3331402772231584
0.1890467724686666
0.5951159667892640
3.2314793564365027
3.9555092057037733
1.7331581031371719
1.6799936997153004
0.7136961242820165
5.5755799220782380
2.0472234906514828
2.1430522389522864
1.8555754572767906
2.5753570251503897
4.1778601702706082
5.6583155141756230
6.1674610298378800
2.0581021967649655
5.2491580977575687
5.6258538405776219
1.7237305175548281
5.9641160568211271
6.0666310297415933
4.7001858700083021
6.0577191759683560
2.3630122252918220
0.5521928077210210
1.9856746869474824
1.9074720099153029
2.8182271825940957
0.7744432571734715
3.5979892703143017
6.0575412727035554
1.7523810325951121
0.5708484830640355
2.8086367114203945
4.4681751694711904
4.8763663284602128
2.2912638956713542
1.4197667694013885
0.1998819822871020
5.6742981742366778
5.6909983308792560
3.6126769965565773
2.8251415512500833
1.7394179639360949
3.3786124964141280
1.4749174317819702
4.6099741760221074
6.2066180112617522
1.4584268221341605
4.6511845743288545
3.8303628120952866
1.8097154173871643
0.0127822811548976
0.9800899214340022
4.1045793366380083
0.1493868357524219
6.2799579063769215
3.2535168576017170
3.0616979354987084
3.6138116418977511
3.9055327921852352
2.9108565985311312
1.2375169051253843
1.7078539555152135
0.8579787238598702
1.1481989388497349
0.3595451391374169
3.9429302690688721
3.4132200654032490
5.1108389536126904
5.4406019319661247
1.8171104137043583
4.0470976429911403
1.3416277040875804
1.6052422388067387
2.1386456161854088
3.5543259984429736
2.5933710271542125
4.9733686665392387
2.2380999742257788
3.3236379125684925
3.8185767130562880
1.4102206499350478
3.9057652463176762
5.0154690961565862
3.7118814054681697
2.4314011602478529
5.5988697557836797
6.1902388807219211
2.6906352435569616
2.1414520632521357
5.9624549512120106
6.0557613196464386
5.8518975313998629
1.0038654262440072
1.9732372466945598
3.6755320978154606
1.3375707035825388
2.8394311644206183
0.4114036886923218
4.2341869263317351
4.0809248691263180
4.6415335416110635
4.3077363552325876
5.3424697827757850
5.8523354801138883
2.9131426406270462
4.1255561241409779
0.6841977234388448
2.1357084090782403
3.5914831738749364
5.7462199089785218
1.5085838429506082
0.9493011795160466
0.9921134683957387
0.6050506902974371
2.6586787396601590
5.5949679806227302
1.3211477593231735
0.9366942921635144
3.8797439223921795
2.5085375320939147
1.5608356629301328
4.8889346218942888
1.3934623787656333
4.2581997790383079
1.2126486431956012
3.9843452870187552
3.0337651560701411
6.0917543643086987
0.9694470527750595
0.8471536234915008
1.2182570267676951
2.6461140606540852
5.4881748376373904
5.3271808592936809
3.0113331782709500
0.1215736779737481
1.3180660835964340
0.1399741032263491
4.5961350291705863
2.2141375255829048
3.6717220705801417
1.2393385967376809
0.5445515937666290
2.1002027362514717
5.6558049001867889
5.9586300870387383
4.2089088502607472
3.2315823613877921
4.3060354097697440
3.1862177103551259
4.0165182803753092
0.9814700448352536
0.6388287276724441
5.3196246867291315
5.8558026377834409
3.7644604599559659
2.6647494223458050
5.0621930024729735
1.8246046987764115
2.8267812144877436
4.3413190072876482
1.1161961032492562
1.1642244497641927
6.0142295877319691
1.4268866122439192
4.6403810470180966
5.0660699385285817
5.8184617418745166
0.0536717621096678
5.9420077303344048
2.1547325901025443
1.6218378167496872
2.0137943109991321
2.6703062391077279
3.8040972532288713
2.0391758194250906
4.4455800180658089
4.6312119824720046
4.0630321022709586
2.7688486220894553
1.7086826589910504
5.2428323125732401
4.7682991450653143
4.8286835036324840
4.7556303805342282
0.3684348131238495
2.8459599339838633
2.6815927145343266
2.2137952413859199
2.5645693174057436
5.2398309784830461
5.0274000257356208
6.0639374304961571
1.8240557449473940
1.8690394390193683
1.7446032758807033
1.6172359303013379
3.6405622789155183
5.5902425009542007
5.0824496190866313
5.9485093335902981
5.9196503216666692
4.9530169252712453
5.8342826821297074
0.6767594447505068
0.6206304827684870
1.5273481624683702
4.5689708304729182
3.9723930878271489
4.1900877331985367
6.0587583421251976
1.5835815612291746
3.9808297358733826
4.0745378019714709
0.1992101884050294
5.8827873570631439
2.0416683807061147
5.0728487428247462
2.1336076167631086
1.9822076171196896
5.6714917523412725
2.7571312860078314
5.6360752141463468
0.2717797246777131
6.2015920572588783
2.7170522643397659
3.7666263753192180
2.1971356971388794
5.6410015935113007
1.7739373256097966
4.1130677003749030
5.0396388079402037
0.6696860734217948
3.9136618504354774
2.5548436860320400
0.9869739314657507
6.0564142436768327
3.1161167843295932
0.5808210342458685
1.5492883178811019
2.7419168991843330
3.1078831615220541
2.3212064611907945
5.9920017508930954
4.2526273493998650
2.8386852701427023
0.9829915540277160
3.2215165733288620
3.9891210547025171
3.1076354086236448
3.3490904318175820
5.5319959419113225
2.3597092119477354
1.9757483377874565
5.6611517474043263
1.2922972099852834
3.5823971957111596
4.6859520194119941
0.5841397731770976
0.9173571721354743
3.2793994651028693
1.8617323624024269
5.7145546976898327
4.2579361150119368
0.6605595453704791
2.4147334859659719
1.4498459849728320
5.9508190374255516
0.2494874906211326
2.8119748946066889
5.2477069489411825
1.3816457722466262
3.9618560114224608
4.8014104690444359
3.9737871739089696
5.4812324794796101
4.8278592481667451
1.8401197351978220
2.6803834255396533
1.1206044435725977
5.7648253501934921
2.1412074504613012
4.2847047798256455
4.5452970482055859
0.3220736124845639
2.2163299284788911
2.5837970068104212
0.7018487993624337
5.1095479956192840
4.8864934075057525
0.9741736322931304
1.0722012427561787
2.0954444495912639
5.0395852758941491
1.6306443812448226
4.0507117216204360
3.1213354316096931
2.0813141654774898
4.7568834103526472
5.5320605483683662
4.6594805839857649
5.7982135869994025
3.0247206363749890
1.2344022084182740
2.9986831921865398
5.6818337030563395
5.8040403208504827
4.6479744583593483
1.6794714961601638
3.7640277564915361
1.3143543716377746
3.6551005567575499
0.7604044510404850
3.2809457224334615
5.8959235602598943
3.1283402454420921
4.3671825798364505
3.8971276092594169
5.4679166806369821
1.0578504817683199
5.7573842967250473
4.3367480249402837
4.1298705170499037
3.6906334847558937
0.0437325598700449
5.6288847657256973
2.2529295770488798
0.8384360066071583
3.6224834631741727
3.1534575714094579
0.4981926437959875
0.1344221492887059
5.4114055120727471
2.6270411339918498
4.4615911488144873
5.6967343256850649
0.2766693686384988
5.2933381594151641
5.3288088732769889
0.6163451072926713
3.6140165457346076
3.1419429861949233
2.1374745937494533
0.4316994282127763
3.0211289339117764
3.5334119441935883
5.5393817705633328
1.2031256242903294
4.2217591702527573
5.9269207699480990
1.9951975228668948
5.1563509272988783
0.4976244181701667
1.3279305608049925
3.6833723873696940
1.9324927036119104
0.4049484315385555
6.1439611345155960
3.2173671603075551
5.8548484236376721
1.6310028370854981
0.2574575382163544
5.9446840925787958
2.9609919912101312
1.3862351993509610
1.6676788291373987
2.7604824423534629
2.6227406808075324
0.1362690918277186
0.8037400711254613
5.8648028174820039
1.0556259227031464
1.9770406126588405
5.7480505118130161
6.1339629307924772
3.2377583499636744
4.8685561483148811
3.4385651785336102
1.7387419034281921
5.3245104406695125
3.7740333961400636
4.0803351444392488
2.1861058996680667
3.4669222686167389
1.6433594516689503
1.1383853286740326
0.3351056792924775
3.4601881588870924
4.2195746664192022
5.2255323154122975
5.9823722831822490
5.7127832663994269
1.9686828027590342
3.0550881156100922
5.2597622348506494
2.7864292250289426
3.5632917300915965
3.0651172130305095
1.0387382882820726
3.9529465455272512
5.7438150844337930
3.2881350003820495
0.1345470711658663
5.5628544633126378
5.7105236277337994
0.3500932126404264
5.6045456150686013
1.5149816015243194
3.9182243132386065
1.3457575006292579
1.4289510438082287
2.3947706070773083
1.0154460653660535
0.9438231638947853
4.7950178074686569
5.7378371464214757
4.8260572010002498
4.0183003951329326
3.2936508596872383
4.3432195503999322
0.0750698773711942
5.8428741279837002
4.9233251562932212
4.1356495630947707
2.7772661040025226
1.4033122846812198
3.3664333776000519
4.9518655690747204
3.8927275770914900
0.1780317598650225
4.4426454176475900
6.0383020198813471
5.2858229656950488
3.8942851281876587
1.8418971189917601
4.6281758923704208
2.7172385772618393
1.1763861926468466
0.1196428934346814
1.2347466045664737
4.6137609137645406
2.4901980045253485
0.5780239913139340
5.7749354631626044
6.0134872216180408
3.3313487737910168
3.9892056307670378
0.8164121268010418
5.6642024530591142
1.6610911536356165
3.9961557333669093
4.1973020026442800
5.9974519915552369
2.5669132622924287
4.3282536274035239
2.7892696439375810
2.4724277942507440
2.1149310821105614
1.9035751174838360
0.3808526908453487
4.5547836446608478
1.4248413256107866
5.8077642224650168
1.7389129922421511
2.5861985452329090
5.9892301164490611
1.7891564723427484
1.5561056317227877
2.9130386164414270
3.1598894423506083
1.3985228905631761
4.0786656093096374
6.1115308761991667
2.6738563804720332
0.6781709491201069
0.7753522497573748
0.0205607114890892
3.8659218312253341
0.3469214350074195
1.9596477206792209
5.0103213640397302
2.8464390329546014
2.8891082985514638
5.6075031999732134
1.3245146734806605
1.2781085623640793
1.6543374894354135
2.9188437602600383
4.9439767153389367
2.1878415766156007
2.0440890429753189
1.6230811110623711
4.1490611580773473
2.8492330264421706
2.3064927947766427
5.2355270252000965
4.9829567334982938
1.7921439635782093
3.0314565418020814
4.8287780164580107
5.2260687571479618
2.0233117999894232
3.1249300827622584
1.8030522574176837
0.2787497644603716
4.6193245895296284
4.4522303739461293
4.5709784092941925
1.3990445636375470
5.6953531279571870
6.0786250652659533
1.7478901659901394
2.5603778708008305
2.0351281113369222
3.2396399279591526
0.7763538811126657
4.4022895217143470
4.2170030882436622
0.5589731518862382
3.8857502535901629
1.0902232240942344
3.5265507413104173
1.3135081482584698
2.4560708930975457
5.3070113425446577
2.8688876001233639
5.6060896053034996
2.6356566722568693
6.1698099166046863
0.0431567081254168
0.7563080422767871
5.9852587584785555
1.7137287087130453
1.4873888203385934
4.3236768219509001
5.4776873958165382
3.5466449028675981
1.4279046972609726
2.9165544134617174
2.0645896246493760
4.0440516936068924
5.6549864083310473
5.6160809402004928
1.0694978224433938
2.0462445520294752
3.3493247078334769
1.2880506861278724
0.7303527661677951
4.6131354949456469
1.3558169441604775
0.9399837650639375
0.6433665259596321
1.5236780766823916
5.9633135748476240
1.3849013794867964
0.4869346611214742
3.7899300314310116
6.2725678455443310
4.4278720172527875
3.8950266918775402
4.9917563844940682
1.5036620225879698
1.5228253038643993
0.2669021228640411
5.7530430128336949
0.7556307624805052
3.0085431683257462
5.8631340582810161
4.6759720773176987
4.5632288089716599
2.9357879928205737
5.4059144139147364
1.8655294452528246
1.9016518518729149
0.3617110528430390
3.1071083818673153
1.9403543648914570
5.6039663881893977
3.1561730458799127
1.4032916723219098
5.8870340087932709
1.8315702778145797
1.8398554820358033
2.5135303451509858
0.9809517294456357
2.6981059999372068
4.7608596937657808
4.5104454846508153
4.6906416412485763
0.1127125741946882
1.0589799303149854
2.3916779370519543
2.2224031298991296
1.9798099575173695
4.2518024203377109
3.0450171042221776
0.6678640390741775
3.4645968451780149
1.4033422570689682
2.7424045880061230
3.1795616633585908
0.3472483437892564
0.1762755015859422
4.7170096410491622
3.3942753242411898
5.7021363030485119
4.0450096838810277
0.6703695598651610
1.6748137644450651
0.8521555474461047
0.4676380702693497
3.4578663210502230
5.1015429915956680
3.3530305567915666
2.1940288811728568
5.5945934829935080
2.4023011051325556
5.9564474771407694
3.4938668609602392
5.7189950617994576
1.6879694557944362
2.3287220291298021
2.2063236165119418
3.4427814356631106
0.2283888443046489
0.6129399205207302
3.1545905420190716
3.8095855005229553
6.2560194885176239
3.4185821951373141
1.6607258989488312
2.2635445007807671
3.0667354799395210
2.6533643566726055
6.0831069336440704
1.8814648173265343
0.8193391487449636
1.7188632215895696
3.9832033491436385
2.3900403608333947
3.9232850904853698
3.6231969937153967
3.0628582652634826
2.4612276762399081
0.2810502585774156
4.7027791477870968
2.8374955246386420
4.3360497624058052
1.0604177044540870
0.0454993608764941
1.9564891306860230
2.5449312939405893
4.9828996105233943
0.7549331325971067
0.0476402265400537
2.2014229109948467
5.6792952220926161
2.5466366944911201
5.9967080882508768
1.8897716400573523
1.8321533151954261
4.5065491047897455
6.0740226624596820
4.9211142213777421
4.2885897029909019
3.6955536729584075
1.1906687412950336
0.5869485358007179
3.8690189335927725
3.1524360433110510
5.9555156810746643
4.4654503093097198
4.0174279629368934
1.9015125258511525
5.6726724181225405
0.1755479732702462
4.9359252457504406
2.2081911348088057
0.9141285181707240
1.5721467995859959
6.1996927518365768
3.9351211224544769
1.8797907382658972
3.6761889194100430
3.7960655027278167
4.1138780648201081
1.0404312681394716
0.3397543706166850
3.8592733967382697
0.1527360050215401
5.0365979827692611
0.7331444639220389
1.2942139864137905
1.1522380028261789
5.6958340248957242
5.5460862820981180
6.1531988579079862
5.8548065734003369
5.5638224320712846
1.9048043376037602
0.5223518641258242
5.9053799562732250
2.2502881088644910
0.8895564568000628
4.9773107766094133
5.6464332248539835
1.6595183200472006
3.8598824591740994
0.4811114737400965
4.2111597152913118
1.5863419203019866
1.5594527088141292
0.6482680588912214
5.6887537740570746
4.5424349536737649
5.4186146229191197
5.6091255864136791
6.1792973301683212
5.6630684768426640
0.1979281030414848
3.4236242567939268
0.6713357640291407
1.9580610528338562
1.8765696686200610
0.1012561230101620
2.1912535021085087
3.5436679141185325
6.1847744778246287
3.7896127067021390
4.9143714502875113
4.4863582041331052
4.3299361196315767
5.2332732453974273
2.8966255014152158
4.4922800573926231
0.4417094752396133
5.8111883640121382
2.1638960195195138
0.9711215065326191
0.0419018035495201
5.5028041406435060
1.4458963620258447
0.6981754575668406
5.6706227393880679
0.3240260005023651
4.5084213895620211
5.5267022879828174
5.8258845281534413
2.2010881223652978
6.1961585358451581
0.2573695474066409
0.2604344141674063
4.3766145036590096
3.6048583330594632
3.8533101798232718
0.1802236361450399
5.9233006537684636
6.1726233232353751
6.0660998655809841
1.9062473686080466
1.9218162484249843
3.1314920228361482
0.6152639383917157
4.6250974179327358
5.0210699943877435
4.0230441430109316
0.5459813873898071
4.1295336074097788
5.9578450158318690
3.6718473285030400
5.7086660381499081
2.3462825712222735
0.7373323589754512
1.1709896535499571
0.9381718194158959
1.4870711005460187
6.2013904327447857
5.8661592589253955
1.8419284137232681
3.2169710177395907
2.7234733260373316
5.4979572979182718
5.4513477253367224
3.7201670919998935
3.2797681908052789
3.1612791526280151
2.6515044880498109
4.0166578885667512
3.1811592502204480
2.6040332021165988
5.7375311062898966
2.1405234516916769
4.5185132653194309
2.7292648769845353
6.2081183206777917
1.9097673855751289
4.7028211581564738
0.7006616764689569
4.6248108808893669
2.1323140095311874
1.0310150322555272
6.1571846260320866
5.5882099503397589
5.2619221583188960
4.9539363752936660
5.1719778482207257
2.3262816244517373
4.0691161817682149
4.5662239122912611
0.2236903149440882
3.0664418674387717
3.1016140513130876
0.3927495799621530
4.2356245131115218
2.2331830260062571
0.6695973461227094
3.8873372017906958
0.4754644027669634
0.6947440705509035
6.0761218285649665
4.0605608850337944
1.7670789265242293
3.2355117326369514
5.0120892145868137
0.0491362364804069
3.9892744944682756
1.4448901680657549
2.3081761430351140
3.4345352146542352
2.0509999142366682
3.6844963331964045
3.2783457735443964
6.1693817312959496
0.5567644493555757
5.1704788827273997
6.0884358508821368
2.6720571181935133
5.5058532384194061
1.1314627815941825
3.2527536731640931
2.6205512394504793
2.9800914362459689
1.6369855872283869
