49.7160000000000011 2.1079451336638977 50.3601999999999990 2.1561506805303359 3.5356000000000001 3.7824669160739841 3.5356000000000001 2.2903671750091235
54.7192000000000007 2.1336498898297429 55.3699999999999974 2.1779919030487576 3.5352000000000001 4.0366623699063222 3.5352000000000001 2.2693150768863357
59.8284000000000020 2.1009131841276658 60.4951999999999970 2.1505585182431277 3.4476000000000000 4.1908156995083248 3.4476000000000000 2.3087486446256578
64.8292000000000002 2.0908614732545217 65.4856000000000051 2.1423142958278607 3.4849999999999999 4.3140801681864360 3.4849999999999999 2.3029623807490709
69.9391999999999996 2.0148238789166193 70.6059999999999945 2.0718162284567851 3.4643999999999999 4.5067800449183952 3.4643999999999999 2.2989975463109111
74.9523999999999972 2.0696354553842657 75.6196000000000055 2.1102100457744624 3.5068000000000001 4.6049364912035005 3.5068000000000001 2.2744204443487432
79.9788000000000068 2.0590285281403800 80.6411999999999978 2.1088745885912896 3.5289999999999999 4.7572979533305828 3.5289999999999999 2.2928171322808137
84.9996000000000009 2.0354921974051239 85.6606000000000023 2.0848685750893461 3.4916000000000000 4.8572295082381212 3.4916000000000000 2.2764371006409632
90.0356000000000023 2.0471372191816628 90.6933999999999969 2.1026365963074141 3.5150000000000001 5.0483365359647010 3.5150000000000001 2.2861365409915506
95.0271999999999935 2.0286160840936192 95.6919999999999931 2.0868174240676347 3.5076000000000001 5.1224455145574677 3.5076000000000001 2.2692227996437206
100.0943999999999932 2.0738246767164172 100.7630000000000052 2.1401278067923610 3.5520000000000000 5.3330464349052287 3.5520000000000000 2.3117017093385104
105.1008000000000067 2.0104347115850119 105.7642000000000024 2.0625831401041674 3.5272000000000001 5.2768416360101522 3.5272000000000001 2.3045004457497704
110.1239999999999952 2.0206535101599248 110.7905999999999977 2.0728750570645689 3.5289999999999999 5.4558999449075092 3.5289999999999999 2.3069077494934498
115.1860000000000070 2.0111223042332651 115.8366000000000042 2.0563915457027750 3.4965999999999999 5.5676667664870649 3.4965999999999999 2.2917763607685537
120.1735999999999933 2.0114353617362126 120.8336000000000041 2.0572694309453734 3.4603999999999999 5.6934120198775018 3.4603999999999999 2.2916985439719788
125.1667999999999950 2.0607345984908112 125.8294000000000068 2.1076964005338539 3.4965999999999999 5.9399202461401872 3.4965999999999999 2.2945678129638396
130.2144000000000119 2.0217938000780413 130.8814000000000135 2.0849468675935454 3.5173999999999999 5.8611031099898918 3.5173999999999999 2.2979889883718188
135.2119999999999891 1.9739896978113671 135.8736000000000104 2.0191182252858639 3.5331999999999999 6.0610710568736357 3.5331999999999999 2.2621054759309627
140.2127999999999872 2.0416536998144408 140.8745999999999867 2.0913511397940767 3.5339999999999998 6.1165498801601634 3.5339999999999998 2.3000656643696247
145.2471999999999923 2.0271443024127711 145.9133999999999958 2.0745026276749918 3.4567999999999999 6.2217276490527773 3.4567999999999999 2.2749876645324378
150.1991999999999905 1.9878404518301731 150.8755999999999915 2.0429780693581554 3.5377999999999998 6.4429196209985831 3.5377999999999998 2.3059997152942988
